ls
ls
<CR>
         TIME          Size       File name 
----A 2021/10/15 14:51      6328  1015
----A 2021/10/15 11:30    128640  10151115
----A 2021/10/15 11:46    128000  10151131
----A 2021/10/15 12:02    128000  10151147
----A 2021/10/15 12:18    128000  10151203
----A 2021/10/15 12:34    128000  10151219
----A 2021/10/15 12:50    128000  10151235
----A 2021/10/15 13:06    128000  10151251
----A 2021/10/15 13:22    128000  10151307
----A 2021/10/15 13:23      2560  10151323
----A 2021/10/15 14:23    128000  10151408
----A 2021/10/15 14:39    128000  10151424
----A 2021/10/15 14:40      2560  10151440
----A 2021/10/16 14:41      8712  1016
----A 2021/10/16 10:11    128000  10160953
----A 2021/10/16 10:27    128000  10161009
----A 2021/10/16 10:43    128000  10161025
----A 2021/10/16 10:59    128000  10161041
----A 2021/10/16 11:15    128000  10161057
----A 2021/10/16 11:31    128000  10161113
----A 2021/10/16 11:47    128000  10161129
----A 2021/10/16 12:03    128000  10161145
----A 2021/10/16 12:19    128000  10161201
----A 2021/10/16 12:35    128000  10161217
----A 2021/10/16 12:51    128000  10161233
----A 2021/10/16 13:07    128000  10161249
----A 2021/10/16 13:28    129280  10161305
----A 2021/10/16 13:39    146560  10161329
----A 2021/10/16 13:53    128000  10161338
----A 2021/10/16 14:09    128000  10161354
----A 2021/10/16 14:25    128000  10161410
----A 2021/10/16 14:41     48000  10161426

  32 File(s),   3544640 bytes total
   0 Dir(s),     996992K bytes free

/> 
read 1016
read 1016
<CR>Time:2021/10/16 14:41
Hours Minutes Seconds  Nb_Samples    Aver. Current 
9 38 35 25 14196 
9 38 50 25 17700 
9 39 5 25 20600 
9 39 20 25 22473 
9 39 35 25 22473 
9 39 50 25 22050 
9 40 5 25 22050 
9 40 20 25 22050 
9 40 35 25 22050 
9 40 50 25 22050 
9 41 5 25 22050 
9 41 20 25 22050 
9 41 35 25 22050 
9 41 50 25 22050 
9 42 5 25 22050 
9 42 20 25 22050 
9 42 35 25 22050 
9 42 50 25 22050 
9 43 5 25 21990 
9 43 20 25 21990 
9 43 35 25 21990 
9 43 50 25 21990 
9 44 5 25 21990 
9 44 20 25 21990 
9 44 35 25 21990 
9 44 50 25 21990 
9 45 5 25 21990 
9 45 20 25 21990 
9 45 35 25 21990 
9 45 50 25 21990 
9 46 5 25 21990 
9 46 20 25 21990 
9 46 35 25 21990 
9 46 50 25 21990 
9 47 5 25 21990 
9 47 20 25 21990 
9 47 35 25 21990 
9 47 50 25 21990 
9 48 5 25 21990 
9 48 20 25 21990 
9 48 35 25 21990 
9 48 50 25 21990 
9 49 5 25 21990 
9 49 20 25 21990 
9 49 35 25 21990 
9 49 50 25 21990 
9 50 5 25 21990 
9 50 20 25 21990 
9 50 35 25 21990 
9 50 50 25 21990 
9 51 5 25 21990 
9 51 20 25 21929 
9 51 35 25 21990 
9 51 50 25 21990 
9 52 5 25 21990 
9 52 20 25 21990 
9 52 35 25 21990 
9 52 50 25 21990 
9 54 21 25 21929 
9 54 36 25 21929 
9 54 51 25 21929 
9 55 6 25 21929 
9 55 21 25 21929 
9 55 36 25 21929 
9 55 51 25 21929 
9 56 6 25 21929 
9 56 21 25 21929 
9 56 36 25 21929 
9 56 51 25 21929 
9 57 6 25 21929 
9 57 21 25 21929 
9 57 36 25 21929 
9 57 51 25 21929 
9 58 6 25 21929 
9 58 21 25 21929 
9 58 36 25 21929 
9 58 51 25 21929 
9 59 6 25 21929 
9 59 21 25 21929 
9 59 36 25 21929 
9 59 51 25 21929 
10 0 6 25 21929 
10 0 21 25 21929 
10 0 36 25 21929 
10 0 51 25 21929 
10 1 6 25 21929 
10 1 21 25 21929 
10 1 36 25 21929 
10 1 51 25 21929 
10 2 6 25 21929 
10 2 21 25 21929 
10 2 36 25 21929 
10 2 51 25 21929 
10 3 6 25 21929 
10 3 21 25 21929 
10 3 36 25 21929 
10 3 51 25 21929 
10 4 6 25 21929 
10 4 21 25 21929 
10 4 36 25 21929 
10 4 51 25 21929 
10 5 6 25 21929 
10 5 21 25 21929 
10 5 36 25 21929 
10 5 51 25 21929 
10 6 6 25 21929 
10 6 21 25 21929 
10 6 36 25 21929 
10 6 51 25 21929 
10 7 6 25 21929 
10 7 21 25 21929 
10 7 36 25 21929 
10 7 51 25 21929 
10 8 6 25 21929 
10 8 21 25 21929 
10 8 36 25 21929 
10 8 51 25 21929 
10 10 21 25 21929 
10 10 36 25 21929 
10 10 51 25 21929 
10 11 6 25 21929 
10 11 21 25 21929 
10 11 36 25 21929 
10 11 51 25 21929 
10 12 6 25 21929 
10 12 21 25 21929 
10 12 36 25 21929 
10 12 51 25 21929 
10 13 6 25 21929 
10 13 21 25 21929 
10 13 36 25 21929 
10 13 51 25 21929 
10 14 6 25 21929 
10 14 21 25 21929 
10 14 36 25 21929 
10 14 51 25 21929 
10 15 6 25 21929 
10 15 21 25 21929 
10 15 36 25 21929 
10 15 51 25 21929 
10 16 6 25 21929 
10 16 21 25 21929 
10 16 36 25 21929 
10 16 51 25 21929 
10 17 6 25 21929 
10 17 21 25 21929 
10 17 36 25 21929 
10 17 51 25 21929 
10 18 6 25 21929 
10 18 21 25 21929 
10 18 36 25 21929 
10 18 51 25 21929 
10 19 6 25 21929 
10 19 21 25 21929 
10 19 36 25 21929 
10 19 51 25 21929 
10 20 6 25 21929 
10 20 21 25 21929 
10 20 36 25 21929 
10 20 51 25 21929 
10 21 6 25 21929 
10 21 21 25 21929 
10 21 36 25 21929 
10 21 51 25 21929 
10 22 6 25 21929 
10 22 21 25 21929 
10 22 36 25 21929 
10 22 51 25 21929 
10 23 6 25 21929 
10 23 21 25 21929 
10 23 36 25 21929 
10 23 51 25 21929 
10 24 6 25 21929 
10 24 21 25 21929 
10 24 36 25 21929 
10 24 51 25 21929 
10 26 21 25 21929 
10 26 36 25 21929 
10 26 51 25 21929 
10 27 6 25 21929 
10 27 21 25 21929 
10 27 36 25 21929 
10 27 51 25 21929 
10 28 6 25 21929 
10 28 21 25 21929 
10 28 36 25 21929 
10 28 51 25 21929 
10 29 6 25 21929 
10 29 21 25 21929 
10 29 36 25 21929 
10 29 51 25 21929 
10 30 6 25 21929 
10 30 21 25 21929 
10 30 36 25 21929 
10 30 51 25 21929 
10 31 6 25 21929 
10 31 21 25 21929 
10 31 36 25 21929 
10 31 51 25 21929 
10 32 6 25 21929 
10 32 21 25 21929 
10 32 36 25 21929 
10 32 51 25 21929 
10 33 6 25 21929 
10 33 21 25 21929 
10 33 36 25 21929 
10 33 51 25 21929 
10 34 6 25 21929 
10 34 21 25 21929 
10 34 36 25 21929 
10 34 51 25 21929 
10 35 6 25 21929 
10 35 21 25 21929 
10 35 36 25 21929 
10 35 51 25 21929 
10 36 6 25 21929 
10 36 21 25 21929 
10 36 36 25 21929 
10 36 51 25 21929 
10 37 6 25 21929 
10 37 21 25 21929 
10 37 36 25 21929 
10 37 51 25 21929 
10 38 6 25 21929 
10 38 21 25 21929 
10 38 36 25 21929 
10 38 51 25 21929 
10 39 6 25 21929 
10 39 21 25 21929 
10 39 36 25 21929 
10 39 51 25 21929 
10 40 6 25 21929 
10 40 21 25 21929 
10 40 36 25 21929 
10 40 51 25 21929 
10 42 21 25 21929 
10 42 36 25 21929 
10 42 51 25 21929 
10 43 6 25 21929 
10 43 21 25 21929 
10 43 36 25 21929 
10 43 51 25 21929 
10 44 6 25 21929 
10 44 21 25 21929 
10 44 36 25 21929 
10 44 51 25 21929 
10 45 6 25 21929 
10 45 21 25 21929 
10 45 36 25 21929 
10 45 51 25 21929 
10 46 6 25 21929 
10 46 21 25 21929 
10 46 36 25 21929 
10 46 51 25 21929 
10 47 6 25 21929 
10 47 21 25 21929 
10 47 36 25 21929 
10 47 51 25 21929 
10 48 6 25 21929 
10 48 21 25 21929 
10 48 36 25 21929 
10 48 51 25 21929 
10 49 6 25 21929 
10 49 21 25 21929 
10 49 36 25 21929 
10 49 51 25 21929 
10 50 6 25 21929 
10 50 21 25 21929 
10 50 36 25 21929 
10 50 51 25 21929 
10 51 6 25 21929 
10 51 21 25 21929 
10 51 36 25 21929 
10 51 51 25 21929 
10 52 6 25 21929 
10 52 21 25 21929 
10 52 36 25 21929 
10 52 51 25 21929 
10 53 6 25 21929 
10 53 21 25 21929 
10 53 36 25 21929 
10 53 51 25 21929 
10 54 6 25 21929 
10 54 21 25 21929 
10 54 36 25 21929 
10 54 51 25 21929 
10 55 6 25 21929 
10 55 21 25 21929 
10 55 36 25 21929 
10 55 51 25 21929 
10 56 6 25 21929 
10 56 21 25 21929 
10 56 36 25 21929 
10 56 51 25 21929 
10 58 21 25 21929 
10 58 36 25 21929 
10 58 51 25 21929 
10 59 6 25 21929 
10 59 21 25 21929 
10 59 36 25 21929 
10 59 51 25 21929 
11 0 6 25 21929 
11 0 21 25 21929 
11 0 36 25 21929 
11 0 51 25 21929 
11 1 6 25 21929 
11 1 21 25 21929 
11 1 36 25 21929 
11 1 51 25 21929 
11 2 6 25 21929 
11 2 21 25 21929 
11 2 36 25 21929 
11 2 51 25 21929 
11 3 6 25 21929 
11 3 21 25 21929 
11 3 36 25 21929 
11 3 51 25 21929 
11 4 6 25 21929 
11 4 21 25 21929 
11 4 36 25 21929 
11 4 51 25 21929 
11 5 6 25 21929 
11 5 21 25 21929 
11 5 36 25 21929 
11 5 51 25 21929 
11 6 6 25 21929 
11 6 21 25 21929 
11 6 36 25 21929 
11 6 51 25 21929 
11 7 6 25 21929 
11 7 21 25 21929 
11 7 36 25 21929 
11 7 51 25 21929 
11 8 6 25 21929 
11 8 21 25 21929 
11 8 36 25 21929 
11 8 51 25 21929 
11 9 6 25 21929 
11 9 21 25 21929 
11 9 36 25 21929 
11 9 51 25 21929 
11 10 6 25 21929 
11 10 21 25 21929 
11 10 36 25 21929 
11 10 51 25 21929 
11 11 6 25 21929 
11 11 21 25 21929 
11 11 36 25 21929 
11 11 51 25 21929 
11 12 6 25 21929 
11 12 21 25 21929 
11 12 36 25 21929 
11 12 51 25 21929 
11 14 21 25 21929 
11 14 36 25 21929 
11 14 51 25 21929 
11 15 6 25 21929 
11 15 21 25 21929 
11 15 36 25 21929 
11 15 51 25 21929 
11 16 6 25 21929 
11 16 21 25 21929 
11 16 36 25 21929 
11 16 51 25 21929 
11 17 6 25 21929 
11 17 21 25 21929 
11 17 36 25 21929 
11 17 51 25 21929 
11 18 6 25 21929 
11 18 21 25 21929 
11 18 36 25 21929 
11 18 51 25 21929 
11 19 6 25 21929 
11 19 21 25 21929 
11 19 36 25 21929 
11 19 51 25 21929 
11 20 6 25 21929 
11 20 21 25 21929 
11 20 36 25 21929 
11 20 51 25 21929 
11 21 6 25 21929 
11 21 21 25 21929 
11 21 36 25 21929 
11 21 51 25 21929 
11 22 6 25 21929 
11 22 21 25 21929 
11 22 36 25 21929 
11 22 51 25 21929 
11 23 6 25 21929 
11 23 21 25 21929 
11 23 36 25 21929 
11 23 51 25 21929 
11 24 6 25 21929 
11 24 21 25 21929 
11 24 36 25 21929 
11 24 51 25 21929 
11 25 6 25 21929 
11 25 21 25 21929 
11 25 36 25 21929 
11 25 51 25 21929 
11 26 6 25 21929 
11 26 21 25 21929 
11 26 36 25 21929 
11 26 51 25 21929 
11 27 6 25 21929 
11 27 21 25 21929 
11 27 36 25 21929 
11 27 51 25 21929 
11 28 6 25 21929 
11 28 21 25 21929 
11 28 36 25 21929 
11 28 51 25 21929 
11 30 21 25 21929 
11 30 36 25 21929 
11 30 51 25 21929 
11 31 6 25 21929 
11 31 21 25 21929 
11 31 36 25 21929 
11 31 51 25 21929 
11 32 6 25 21929 
11 32 21 25 21929 
11 32 36 25 21929 
11 32 51 25 21929 
11 33 6 25 21929 
11 33 21 25 21929 
11 33 36 25 21929 
11 33 51 25 21929 
11 34 6 25 21929 
11 34 21 25 21929 
11 34 36 25 21929 
11 34 51 25 21929 
11 35 6 25 21929 
11 35 21 25 21929 
11 35 36 25 21929 
11 35 51 25 21929 
11 36 6 25 21929 
11 36 21 25 21929 
11 36 36 25 21929 
11 36 51 25 21929 
11 37 6 25 21929 
11 37 21 25 21929 
11 37 36 25 21929 
11 37 51 25 21929 
11 38 6 25 21929 
11 38 21 25 21929 
11 38 36 25 21929 
11 38 51 25 21929 
11 39 6 25 21929 
11 39 22 26 21929 
11 39 37 25 21929 
11 39 52 25 21929 
11 40 7 25 21929 
11 40 22 25 21929 
11 40 37 25 21929 
11 40 52 25 21929 
11 41 7 25 21929 
11 41 22 25 21929 
11 41 37 25 21929 
11 41 52 25 21929 
11 42 7 25 21929 
11 42 22 25 21929 
11 42 37 25 21929 
11 42 52 25 21929 
11 43 7 25 21929 
11 43 22 25 21929 
11 43 37 25 21929 
11 43 52 25 21929 
11 44 7 25 21929 
11 44 22 25 21929 
11 44 37 25 21929 
11 44 52 25 21929 
11 46 22 25 21929 
11 46 37 25 21929 
11 46 52 25 21929 
11 47 7 25 21929 
11 47 22 25 21929 
11 47 37 25 21929 
11 47 52 25 21929 
11 48 7 25 21929 
11 48 22 25 21929 
11 48 37 25 21929 
11 48 52 25 21929 
11 49 7 25 21929 
11 49 22 25 21929 
11 49 37 25 21929 
11 49 52 25 21929 
11 50 7 25 21929 
11 50 22 25 21929 
11 50 37 25 21929 
11 50 52 25 21929 
11 51 7 25 21929 
11 51 22 25 21929 
11 51 37 25 21929 
11 51 52 25 21929 
11 52 7 25 21929 
11 52 22 25 21929 
11 52 37 25 21929 
11 52 52 25 21929 
11 53 7 25 21929 
11 53 22 25 21929 
11 53 37 25 21929 
11 53 52 25 21929 
11 54 7 25 21929 
11 54 22 25 21929 
11 54 37 25 21929 
11 54 52 25 21929 
11 55 7 25 21929 
11 55 22 25 21929 
11 55 37 25 21929 
11 55 52 25 21929 
11 56 7 25 21929 
11 56 22 25 21929 
11 56 37 25 21929 
11 56 52 25 21929 
11 57 7 25 21929 
11 57 22 25 21929 
11 57 37 25 21929 
11 57 52 25 21929 
11 58 7 25 21929 
11 58 22 25 21929 
11 58 37 25 21929 
11 58 52 25 21929 
11 59 7 25 21929 
11 59 22 25 21929 
11 59 37 25 21929 
11 59 52 25 21929 
12 0 7 25 21929 
12 0 22 25 21929 
12 0 37 25 21929 
12 0 52 25 21929 
12 2 22 25 21929 
12 2 37 25 21929 
12 2 52 25 21929 
12 3 7 25 21929 
12 3 22 25 21929 
12 3 37 25 21929 
12 3 52 25 21929 
12 4 7 25 21929 
12 4 22 25 21929 
12 4 37 25 21929 
12 4 52 25 21929 
12 5 7 25 21929 
12 5 22 25 21929 
12 5 37 25 21929 
12 5 52 25 21929 
12 6 7 25 21929 
12 6 22 25 21929 
12 6 37 25 21929 
12 6 52 25 21929 
12 7 7 25 21929 
12 7 22 25 21929 
12 7 37 25 21929 
12 7 52 25 21929 
12 8 7 25 21929 
12 8 22 25 21929 
12 8 37 25 21929 
12 8 52 25 21929 
12 9 7 25 21929 
12 9 22 25 21929 
12 9 37 25 21929 
12 9 52 25 21929 
12 10 7 25 21929 
12 10 22 25 21929 
12 10 37 25 21929 
12 10 52 25 21929 
12 11 7 25 21929 
12 11 22 25 21929 
12 11 37 25 21929 
12 11 52 25 21929 
12 12 7 25 21929 
12 12 22 25 21929 
12 12 37 25 21929 
12 12 52 25 21929 
12 13 7 25 21929 
12 13 22 25 21929 
12 13 37 25 21929 
12 13 52 25 21929 
12 14 7 25 21929 
12 14 22 25 21929 
12 14 37 25 21929 
12 14 52 25 21929 
12 15 7 25 21929 
12 15 22 25 21929 
12 15 37 25 21929 
12 15 52 25 21929 
12 16 7 25 21929 
12 16 22 25 21929 
12 16 37 25 21929 
12 16 52 25 21929 
12 18 22 25 21929 
12 18 37 25 21929 
12 18 52 25 21929 
12 19 7 25 21929 
12 19 22 25 21929 
12 19 37 25 21929 
12 19 52 25 21929 
12 20 7 25 21929 
12 20 22 25 21929 
12 20 37 25 21929 
12 20 52 25 21929 
12 21 7 25 21929 
12 21 22 25 21929 
12 21 37 25 21929 
12 21 52 25 21929 
12 22 7 25 21929 
12 22 22 25 21929 
12 22 37 25 21929 
12 22 52 25 21929 
12 23 7 25 21929 
12 23 22 25 21929 
12 23 37 25 21929 
12 23 52 25 21929 
12 24 7 25 21929 
12 24 22 25 21929 
12 24 37 25 21929 
12 24 52 25 21929 
12 25 7 25 21929 
12 25 22 25 21929 
12 25 37 25 21929 
12 25 52 25 21929 
12 26 7 25 21929 
12 26 22 25 21929 
12 26 37 25 21929 
12 26 52 25 21929 
12 27 7 25 21929 
12 27 22 25 21929 
12 27 37 25 21929 
12 27 52 25 21929 
12 28 7 25 21929 
12 28 22 25 21929 
12 28 37 25 21929 
12 28 52 25 21929 
12 29 7 25 21929 
12 29 22 25 21929 
12 29 37 25 21929 
12 29 52 25 21929 
12 30 7 25 21929 
12 30 22 25 21929 
12 30 37 25 21929 
12 30 52 25 21929 
12 31 7 25 21929 
12 31 22 25 21929 
12 31 37 25 21929 
12 31 52 25 21929 
12 32 7 25 21929 
12 32 22 25 21929 
12 32 37 25 21929 
12 32 52 25 21929 
12 34 22 25 21929 
12 34 37 25 21929 
12 34 52 25 21929 
12 35 7 25 21929 
12 35 22 25 21929 
12 35 37 25 21929 
12 35 52 25 21929 
12 36 7 25 21929 
12 36 22 25 21929 
12 36 37 25 21929 
12 36 52 25 21929 
12 37 7 25 21929 
12 37 22 25 21929 
12 37 37 25 21929 
12 37 52 25 21929 
12 38 7 25 21929 
12 38 22 25 21929 
12 38 37 25 21929 
12 38 52 25 21929 
12 39 7 25 21929 
12 39 22 25 21929 
12 39 37 25 21929 
12 39 52 25 21929 
12 40 7 25 21929 
12 40 22 25 21929 
12 40 37 25 21929 
12 40 52 25 21929 
12 41 7 25 21929 
12 41 22 25 21929 
12 41 37 25 21929 
12 41 52 25 21929 
12 42 7 25 21929 
12 42 22 25 21929 
12 42 37 25 21929 
12 42 52 25 21929 
12 43 7 25 21929 
12 43 22 25 21929 
12 43 37 25 21929 
12 43 52 25 21929 
12 44 7 25 21929 
12 44 22 25 21929 
12 44 37 25 21929 
12 44 52 25 21929 
12 45 7 25 21929 
12 45 22 25 21929 
12 45 37 25 21929 
12 45 52 25 21929 
12 46 7 25 21929 
12 46 22 25 21929 
12 46 37 25 21929 
12 46 52 25 21929 
12 47 7 25 21929 
12 47 22 25 21929 
12 47 37 25 21929 
12 47 52 25 21929 
12 48 7 25 21929 
12 48 22 25 21929 
12 48 37 25 21929 
12 48 52 25 21929 
12 50 22 25 21929 
12 50 37 25 21929 
12 50 52 25 21929 
12 51 7 25 21929 
12 51 22 25 21929 
12 51 37 25 21929 
12 51 52 25 21929 
12 52 7 25 21929 
12 52 22 25 21929 
12 52 37 25 21929 
12 52 52 25 21929 
12 53 7 25 21929 
12 53 22 25 21929 
12 53 37 25 21929 
12 53 52 25 21929 
12 54 7 25 21929 
12 54 22 25 21929 
12 54 37 25 21929 
12 54 52 25 21929 
12 55 7 25 21929 
12 55 22 25 21929 
12 55 37 25 21929 
12 55 52 25 21929 
12 56 7 25 21929 
12 56 22 25 21929 
12 56 37 25 21929 
12 56 52 25 21929 
12 57 7 25 21929 
12 57 22 25 21929 
12 57 37 25 21929 
12 57 52 25 21929 
12 58 7 25 21929 
12 58 22 25 21929 
12 58 37 25 21929 
12 58 52 25 21929 
12 59 7 25 21929 
12 59 22 25 21929 
12 59 37 25 21929 
12 59 52 25 21929 
13 0 7 25 21929 
13 0 22 25 21929 
13 0 37 25 21929 
13 0 52 25 21929 
13 1 7 25 21929 
13 1 22 25 21929 
13 1 37 25 21929 
13 1 52 25 21929 
13 2 7 25 21929 
13 2 22 25 21929 
13 2 37 25 21929 
13 2 52 25 21929 
13 3 7 25 21929 
13 3 22 25 21929 
13 3 37 25 21929 
13 3 52 25 21929 
13 4 7 25 21929 
13 4 22 25 21929 
13 4 37 25 21929 
13 4 52 25 21929 
13 6 22 25 21929 
13 6 37 25 21929 
13 6 52 25 21929 
13 7 7 25 21929 
13 7 22 25 21929 
13 7 37 25 21929 
13 7 52 25 21929 
13 8 7 25 21929 
13 8 22 25 21929 
13 8 37 25 21929 
13 8 52 25 21929 
13 9 7 25 21929 
13 9 22 25 21929 
13 9 37 25 21929 
13 9 52 25 21929 
13 10 7 25 21929 
13 10 22 25 21929 
13 10 37 25 21929 
13 10 52 25 21929 
13 11 7 25 21929 
13 11 22 25 21929 
13 11 37 25 21929 
13 11 52 25 21929 
13 12 7 25 21929 
13 12 22 25 21929 
13 12 37 25 21929 
13 12 52 25 21929 
13 13 7 25 21929 
13 13 22 25 21929 
13 13 37 25 21929 
13 13 52 25 21929 
13 14 7 25 21929 
13 14 22 25 21929 
13 14 37 25 21929 
13 14 52 25 21929 
13 15 7 25 21929 
13 15 22 25 21929 
13 15 37 25 21929 
13 15 52 25 21929 
13 16 7 25 21929 
13 16 22 25 21929 
13 16 37 25 21929 
13 16 52 25 21929 
13 17 7 25 21929 
13 17 22 25 21929 
13 17 37 25 21929 
13 17 52 25 21929 
13 18 7 25 21929 
13 18 22 25 21929 
13 18 37 25 21929 
13 18 52 25 21929 
13 19 7 25 21929 
13 19 22 25 21929 
13 19 37 25 21929 
13 19 52 25 21929 
13 20 7 25 21929 
13 28 7 20 20902 
13 29 38 25 20721 
13 29 53 25 21567 
13 30 8 25 21869 
13 30 23 25 22050 
13 30 38 25 22050 
13 30 53 25 22050 
13 31 8 25 22050 
13 31 23 25 22050 
13 31 38 25 22050 
13 31 53 25 22050 
13 32 8 25 22050 
13 32 23 25 22050 
13 32 38 25 22050 
13 32 53 25 22050 
13 33 8 25 22050 
13 33 23 25 22050 
13 33 38 25 21990 
13 33 53 25 22050 
13 34 8 25 21990 
13 34 23 25 21990 
13 34 38 25 22050 
13 34 53 25 22050 
13 35 8 25 21990 
13 35 23 25 21990 
13 35 38 25 21990 
13 35 53 25 21990 
13 36 8 25 21990 
13 36 23 25 21990 
13 36 38 25 21990 
13 36 53 25 21990 
13 38 32 25 21990 
13 38 47 25 21990 
13 39 2 25 21990 
13 39 17 25 21990 
13 39 32 25 21990 
13 39 47 25 21990 
13 40 2 25 21990 
13 40 17 25 21990 
13 40 32 25 21990 
13 40 47 25 21990 
13 41 2 25 21990 
13 41 17 25 21990 
13 41 32 25 21990 
13 41 47 25 21990 
13 42 2 25 21990 
13 42 17 25 21990 
13 42 32 25 21990 
13 42 47 25 21990 
13 43 2 25 21990 
13 43 17 25 21990 
13 43 32 26 21990 
13 43 47 25 21990 
13 44 2 25 21990 
13 44 17 25 21990 
13 44 32 25 21990 
13 44 47 25 21990 
13 45 2 25 21990 
13 45 17 25 21990 
13 45 32 25 21990 
13 45 47 25 21990 
13 46 2 25 21990 
13 46 17 25 21990 
13 46 32 25 21990 
13 46 47 25 21990 
13 47 2 25 21990 
13 47 17 25 21990 
13 47 32 25 21990 
13 47 47 25 21990 
13 48 2 25 21990 
13 48 17 25 21990 
13 48 32 25 21990 
13 48 47 25 21990 
13 49 2 25 21990 
13 49 17 25 21990 
13 49 32 25 21990 
13 49 47 25 21990 
13 50 2 25 21990 
13 50 17 25 21990 
13 50 32 25 21990 
13 50 47 25 21990 
13 51 2 25 21990 
13 51 17 25 21990 
13 51 32 25 21990 
13 51 47 25 21990 
13 52 2 25 21990 
13 52 17 25 21990 
13 52 32 25 21990 
13 52 47 25 21990 
13 53 2 25 21990 
13 54 32 25 21990 
13 54 47 25 21990 
13 55 2 25 21990 
13 55 17 25 21990 
13 55 32 25 21990 
13 55 47 25 21990 
13 56 2 25 21990 
13 56 17 25 21990 
13 56 32 25 21990 
13 56 47 25 21990 
13 57 2 25 21990 
13 57 17 25 21990 
13 57 32 25 21990 
13 57 47 25 21990 
13 58 2 25 21990 
13 58 17 25 21990 
13 58 32 25 21990 
13 58 47 25 21990 
13 59 2 25 21990 
13 59 17 25 21990 
13 59 32 25 21990 
13 59 47 25 21990 
14 0 2 25 21990 
14 0 17 25 21990 
14 0 32 25 21990 
14 0 47 25 21990 
14 1 2 25 21990 
14 1 17 25 21990 
14 1 32 25 21990 
14 1 47 25 21990 
14 2 2 25 21990 
14 2 17 25 21990 
14 2 32 25 21990 
14 2 47 25 21990 
14 3 2 25 21990 
14 3 17 25 21990 
14 3 32 25 21990 
14 3 47 25 21990 
14 4 2 25 21990 
14 4 17 25 21990 
14 4 32 25 21990 
14 4 47 25 21990 
14 5 2 25 21990 
14 5 17 25 21990 
14 5 32 25 21990 
14 5 47 25 21990 
14 6 2 25 21990 
14 6 17 25 21990 
14 6 32 25 21990 
14 6 47 25 21990 
14 7 2 25 21990 
14 7 17 25 21990 
14 7 32 25 21990 
14 7 47 25 21990 
14 8 2 25 21990 
14 8 17 25 21990 
14 8 32 25 21990 
14 8 47 25 21990 
14 9 2 25 21990 
14 10 32 25 21990 
14 10 47 25 21990 
14 11 2 25 21990 
14 11 17 25 21990 
14 11 32 25 21990 
14 11 47 25 21990 
14 12 2 25 21990 
14 12 17 25 21990 
14 12 32 25 21990 
14 12 47 25 21990 
14 13 2 25 21990 
14 13 17 25 21990 
14 13 32 25 21990 
14 13 47 25 21990 
14 14 2 25 21990 
14 14 17 25 21990 
14 14 32 25 21990 
14 14 47 25 21990 
14 15 2 25 21990 
14 15 17 25 21990 
14 15 32 25 21990 
14 15 47 25 21990 
14 16 2 25 21990 
14 16 17 25 21990 
14 16 32 25 21990 
14 16 47 25 21990 
14 17 2 25 21990 
14 17 17 25 21990 
14 17 32 25 21990 
14 17 47 25 21990 
14 18 2 25 21990 
14 18 17 25 21990 
14 18 32 25 21990 
14 18 47 25 21990 
14 19 2 25 21990 
14 19 17 25 21990 
14 19 32 25 21990 
14 19 47 25 21990 
14 20 2 25 21990 
14 20 17 25 21990 
14 20 32 25 21990 
14 20 47 25 21990 
14 21 2 25 21990 
14 21 17 25 21990 
14 21 32 25 21990 
14 21 47 25 21990 
14 22 2 25 21990 
14 22 17 25 21990 
14 22 32 25 21990 
14 22 47 25 21990 
14 23 2 25 21990 
14 23 17 25 21990 
14 23 32 25 21990 
14 23 47 25 21990 
14 24 2 25 21990 
14 24 17 25 21990 
14 24 32 25 21990 
14 24 47 25 21990 
14 25 2 25 21990 
14 26 32 25 21990 
14 26 47 25 21990 
14 27 2 25 21990 
14 27 17 25 21990 
14 27 32 25 21990 
14 27 47 25 21990 
14 28 2 25 21990 
14 28 17 25 21990 
14 28 32 25 21990 
14 28 47 25 21990 
14 29 2 25 21990 
14 29 17 25 21990 
14 29 32 25 21990 
14 29 47 25 21990 
14 30 2 25 21990 
14 30 17 25 21990 
14 30 32 25 21990 
14 30 47 25 21990 
14 31 2 25 21990 
14 31 17 25 21990 
14 31 32 25 21990 
14 31 47 25 21990 
14 32 2 25 21990 
14 32 17 25 21990 
14 32 32 25 21990 
14 32 47 25 21990 
14 33 2 25 21990 
14 33 17 25 21990 
14 33 32 25 21990 
14 33 47 25 21990 
14 34 2 25 21990 
14 34 17 25 21990 
14 34 32 25 21990 
14 34 47 25 21990 
14 35 2 25 21990 
14 35 17 25 21990 
14 35 32 25 21990 
14 35 47 25 21990 
14 36 2 25 21990 
14 36 17 25 21990 
14 36 32 25 21990 
14 36 47 25 21990 
14 37 2 25 21990 
14 37 17 25 21990 
14 37 32 25 21990 
14 37 47 25 21990 
14 38 2 25 21990 
14 38 17 25 21990 
14 38 32 25 21990 
14 38 47 25 21990 
14 39 2 25 21990 
14 39 17 25 21990 
14 39 32 25 21990 
14 39 47 25 21990 
14 40 2 25 21990 
14 40 17 25 21990 
14 40 32 25 21990 
14 40 47 25 21990 
14 41 2 25 21990 

/> 
read_ramp 10161233
read_ramp 10161233
<CR>Time:2021/10/16 14:41Ramp data first polarity: ta first polarity: 
875 874 874 874 874 875 874 874 874 874 874 874 874 875 875 875 874 874 874 874 874 874 874 874 874 874 874 875 873 874 874 874 874 874 875 876 874 875 874 874 874 874 875 874 874 874 874 874 874 874 873 874 873 874 873 874 874 875 874 875 875 874 875 875 874 873 870 868 867 862 861 855 851 849 846 842 839 837 836 835 833 831 829 826 823 822 820 818 816 813 811 809 807 805 803 800 798 796 794 792 790 789 786 785 783 779 778 775 774 772 769 767 765 763 761 758 757 754 752 750 748 746 743 742 740 739 736 733 731 729 728 725 722 721 719 717 715 713 710 709 706 703 702 700 697 697 694 693 691 688 686 684 683 680 678 676 674 672 669 668 666 663 661 660 657 656 653 651 650 648 646 644 642 639 638 636 634 632 630 627 626 624 622 621 618 616 613 612 610 608 606 604 603 601 598 596 594 593 591 589 587 585 583 581 579 577 575 573 571 569 566 565 564 562 560 558 556 554 554 551 549 547 545 543 541 540 537 536 534 531 529 528 526 524 522 521 519 517 515 513 511 510 510 509 509 508 509 508 508 508 508 509 509 508 508 508 509 509 509 509 509 508 508 510 509 509 509 509 509 509 508 509 508 508 508 508 508 509 509 509 510 509 509 508 507 509 508 508 509 508 508 509 509 509 508 508 509 508 508 509 509 509 509 509 508 509 508 509 509 508 509 508 508 509 508 508 509 509 509 507 
ramp data second polarity
147 146 147 147 147 148 146 146 147 148 146 147 148 147 148 147 148 147 148 147 147 147 148 147 147 147 147 147 147 147 147 147 147 147 147 147 147 147 147 147 147 146 146 146 147 147 147 147 147 147 148 147 147 146 147 147 147 147 147 147 147 147 147 148 147 147 151 152 152 155 160 164 167 170 174 176 179 182 183 186 186 190 192 194 195 197 200 202 204 205 208 210 214 214 216 219 220 222 225 227 229 231 233 236 237 239 242 244 246 248 250 252 254 256 260 261 264 266 267 269 272 274 275 277 279 282 283 285 287 290 292 295 297 298 299 302 304 307 309 311 313 315 316 319 321 323 324 326 329 331 333 335 338 339 341 343 345 347 350 351 354 356 358 360 361 363 367 367 369 372 373 375 377 379 381 383 385 387 389 392 393 395 397 400 402 403 405 407 409 410 413 414 416 418 420 422 424 426 428 430 432 436 435 438 440 443 444 446 447 449 450 453 455 456 459 460 462 464 466 467 469 471 473 475 476 478 481 483 484 487 488 490 490 493 495 497 499 501 502 505 507 508 509 510 512 511 511 512 512 513 513 513 512 513 512 513 512 512 511 511 511 512 511 511 512 512 512 510 512 511 511 513 512 512 512 512 511 512 512 513 512 511 512 511 511 512 512 511 512 512 512 512 512 513 512 513 513 512 512 511 512 511 511 512 511 512 511 512 511 512 511 512 511 511 511 512 512 513 513 512 
Oscillation data first polarity :
152 152 158 161 164 170 173 174 178 181 183 185 187 189 191 193 195 196 199 201 203 205 207 209 211 214 215 217 220 222 224 226 227 230 232 234 236 238 240 243 246 247 250 252 254 255 258 260 262 264 266 268 270 272 274 277 278 280 283 284 287 289 291 293 296 298 299 301 303 306 308 310 311 314 316 317 320 322 324 326 328 330 332 335 337 340 342 343 344 347 349 351 352 354 356 358 360 363 364 367 368 371 372 374 376 378 380 383 385 387 388 390 392 395 396 398 400 402 406 406 407 409 412 413 415 417 419 421 424 426 428 430 431 433 435 438 439 441 442 445 446 448 450 452 453 456 457 459 462 462 466 468 469 471 473 474 477 478 480 482 484 486 487 489 491 493 494 496 499 499 502 504 506 507 509 511 511 511 513 513 513 513 512 513 512 513 513 511 512 512 512 512 511 511 512 512 514 513 512 512 513 512 512 512 512 512 512 511 512 511 512 511 511 512 512 511 512 512 513 512 513 512 512 512 512 512 512 512 511 512 511 513 512 512 511 513 512 512 511 513 512 512 512 512 511 512 512 512 512 512 512 512 512 512 512 512 511 512 510 511 512 512 512 513 513 512 511 511 512 512 512 512 513 513 514 512 512 512 511 511 511 512 511 512 513 513 512 511 511 512 513 512 511 512 512 512 511 511 512 511 511 511 511 511 511 511 512 512 512 513 512 513 513 514 512 513 512 512 511 512 
Oscillation data second polarity :
869 867 865 861 858 853 851 845 844 841 838 836 835 833 831 828 826 825 823 820 818 816 813 812 810 807 805 803 801 798 797 795 793 791 789 786 785 782 780 779 777 776 772 770 767 765 764 761 759 757 755 754 751 749 747 745 743 741 738 737 734 732 731 729 726 725 722 720 718 716 714 711 709 708 705 703 702 699 697 695 694 691 689 687 686 684 681 680 676 674 672 671 668 666 665 662 660 658 656 654 652 650 648 646 644 643 641 638 637 635 633 630 629 627 625 623 620 619 617 616 613 610 609 607 605 603 601 599 598 596 594 591 589 587 585 584 582 580 578 576 574 572 570 568 566 564 562 560 559 557 556 554 552 550 549 546 544 542 540 538 536 534 532 531 529 527 525 523 521 520 518 516 515 513 512 511 510 508 508 508 508 507 509 507 508 507 508 508 508 508 508 508 508 508 509 509 509 509 509 508 508 509 508 508 508 508 508 508 509 508 508 508 508 508 508 508 508 509 509 509 508 507 508 508 508 508 508 508 508 508 508 508 508 508 508 509 509 508 509 509 509 509 509 509 509 508 509 509 508 508 508 508 509 508 509 509 508 508 508 508 509 509 509 509 509 508 509 510 509 508 508 510 508 508 508 508 508 508 509 509 509 508 510 509 509 509 509 509 508 509 508 508 509 508 507 508 508 509 508 508 509 508 509 508 509 509 510 509 509 509 509 509 509 508 509 508 508 509 508 508 
/> 