ls

ls
<CR>
         TIME          Size       File name 
----A 2021/10/15 14:51      6328  1015
----A 2021/10/15 11:30    128640  10151115
----A 2021/10/15 11:46    128000  10151131
----A 2021/10/15 12:02    128000  10151147
----A 2021/10/15 12:18    128000  10151203
----A 2021/10/15 12:34    128000  10151219
----A 2021/10/15 12:50    128000  10151235
----A 2021/10/15 13:06    128000  10151251
----A 2021/10/15 13:22    128000  10151307
----A 2021/10/15 13:23      2560  10151323
----A 2021/10/15 14:23    128000  10151408
----A 2021/10/15 14:39    128000  10151424
----A 2021/10/15 14:40      2560  10151440
----A 2021/10/16 14:41      8712  1016
----A 2021/10/16 10:11    128000  10160953
----A 2021/10/16 10:27    128000  10161009
----A 2021/10/16 10:43    128000  10161025
----A 2021/10/16 10:59    128000  10161041
----A 2021/10/16 11:15    128000  10161057
----A 2021/10/16 11:31    128000  10161113
----A 2021/10/16 11:47    128000  10161129
----A 2021/10/16 12:03    128000  10161145
----A 2021/10/16 12:19    128000  10161201
----A 2021/10/16 12:35    128000  10161217
----A 2021/10/16 12:51    128000  10161233
----A 2021/10/16 13:07    128000  10161249
----A 2021/10/16 13:28    129280  10161305
----A 2021/10/16 13:39    146560  10161329
----A 2021/10/16 13:53    128000  10161338
----A 2021/10/16 14:09    128000  10161354
----A 2021/10/16 14:25    128000  10161410
----A 2021/10/16 14:41     48000  10161426
----A 2021/10/17 15:14      9800  1017
----A 2021/10/17 10:11    128000  10170956
----A 2021/10/17 10:27    128000  10171012
----A 2021/10/17 10:43    128000  10171028
----A 2021/10/17 10:59    128000  10171044
----A 2021/10/17 11:15    128000  10171100
----A 2021/10/17 11:31    128000  10171116
----A 2021/10/17 11:47    128000  10171132
----A 2021/10/17 12:03    128000  10171148
----A 2021/10/17 12:19    128000  10171204
----A 2021/10/17 12:35    128000  10171220
----A 2021/10/17 12:51    128000  10171236
----A 2021/10/17 13:07    128000  10171252
----A 2021/10/17 13:23    128000  10171308
----A 2021/10/17 13:39    128000  10171324
----A 2021/10/17 13:55    128000  10171340
----A 2021/10/17 14:11    128000  10171356
----A 2021/10/17 14:27    128000  10171412
----A 2021/10/17 14:43    128000  10171428
----A 2021/10/17 14:59    128000  10171444
----A 2021/10/17 15:03      2560  10171500

  53 File(s),   5989000 bytes total
   0 Dir(s),     994528K bytes free

/> 
read 1017
read 1017
<CR>Time:2021/10/17 15:03
Hours Minutes Seconds  Nb_Samples    Aver. Current 
9 41 43 25 12142 
9 41 58 25 15828 
9 42 13 25 18304 
9 42 28 25 20238 
9 42 43 25 21688 
9 42 58 25 22050 
9 43 13 25 22050 
9 43 28 25 22050 
9 43 43 25 22050 
9 43 58 25 22050 
9 44 13 25 22050 
9 44 28 25 22050 
9 44 43 25 22050 
9 44 58 25 22050 
9 45 13 25 22050 
9 45 28 25 22050 
9 45 43 25 22050 
9 45 58 25 22050 
9 46 13 25 22050 
9 46 28 25 22050 
9 46 43 25 22050 
9 46 58 25 22050 
9 47 13 25 22050 
9 47 28 25 22050 
9 47 43 25 22050 
9 47 58 25 22050 
9 48 13 25 22050 
9 48 28 25 22050 
9 48 43 25 21990 
9 48 58 25 21990 
9 49 13 25 21990 
9 49 28 25 21990 
9 49 43 25 21990 
9 49 58 25 21990 
9 50 13 25 21990 
9 50 28 25 21990 
9 50 43 25 21990 
9 50 58 25 21990 
9 51 13 25 21990 
9 51 28 25 21990 
9 51 43 25 21990 
9 51 58 25 21990 
9 52 13 25 21990 
9 52 28 25 21990 
9 52 43 25 21990 
9 52 58 25 21990 
9 53 13 25 21990 
9 53 28 25 21990 
9 53 43 25 21990 
9 53 58 25 21990 
9 54 13 25 21990 
9 54 28 25 21990 
9 54 43 25 21990 
9 54 58 25 21990 
9 55 13 25 21990 
9 55 28 25 21990 
9 55 43 25 21990 
9 55 58 25 21990 
9 57 28 25 21990 
9 57 43 25 21990 
9 57 58 25 21990 
9 58 13 25 21990 
9 58 28 25 21990 
9 58 43 25 21990 
9 58 58 25 21990 
9 59 13 25 21990 
9 59 28 25 21990 
9 59 43 25 21990 
9 59 58 25 21990 
10 0 13 25 21990 
10 0 28 25 21990 
10 0 43 25 21990 
10 0 58 25 21990 
10 1 13 25 21990 
10 1 28 25 21990 
10 1 43 25 21990 
10 1 58 25 21990 
10 2 13 25 21990 
10 2 28 25 21990 
10 2 43 25 21990 
10 2 58 25 21990 
10 3 13 25 21990 
10 3 28 25 21990 
10 3 43 25 21990 
10 3 58 25 21990 
10 4 13 25 21990 
10 4 28 25 21929 
10 4 43 25 21990 
10 4 58 25 21929 
10 5 13 25 21929 
10 5 28 25 21990 
10 5 43 25 21929 
10 5 58 25 21929 
10 6 13 25 21929 
10 6 28 25 21990 
10 6 43 25 21990 
10 6 58 25 21929 
10 7 13 25 21929 
10 7 28 25 21990 
10 7 43 25 21929 
10 7 58 25 21990 
10 8 13 25 21990 
10 8 28 25 21929 
10 8 43 25 21929 
10 8 58 25 21929 
10 9 13 25 21929 
10 9 28 25 21929 
10 9 43 25 21990 
10 9 58 25 21929 
10 10 13 25 21929 
10 10 28 25 21929 
10 10 43 25 21929 
10 10 58 25 21929 
10 11 13 25 21929 
10 11 28 25 21929 
10 11 43 25 21929 
10 11 58 25 21929 
10 13 28 25 21929 
10 13 43 25 21929 
10 13 58 25 21929 
10 14 13 25 21929 
10 14 28 25 21929 
10 14 43 25 21929 
10 14 58 25 21929 
10 15 13 25 21929 
10 15 28 25 21929 
10 15 43 25 21929 
10 15 58 25 21929 
10 16 13 25 21929 
10 16 28 25 21929 
10 16 43 25 21929 
10 16 58 25 21929 
10 17 13 25 21929 
10 17 28 25 21929 
10 17 43 26 21929 
10 17 58 25 21929 
10 18 13 25 21929 
10 18 28 25 21929 
10 18 43 25 21929 
10 18 58 25 21929 
10 19 13 25 21929 
10 19 28 25 21929 
10 19 43 25 21929 
10 19 58 25 21929 
10 20 13 25 21929 
10 20 28 25 21929 
10 20 43 25 21929 
10 20 58 25 21929 
10 21 13 25 21929 
10 21 28 25 21929 
10 21 43 25 21929 
10 21 58 25 21990 
10 22 13 25 21929 
10 22 28 25 21929 
10 22 43 25 21929 
10 22 58 25 21929 
10 23 13 25 21929 
10 23 28 25 21929 
10 23 43 25 21929 
10 23 58 25 21929 
10 24 13 25 21929 
10 24 28 25 21929 
10 24 43 25 21929 
10 24 58 25 21929 
10 25 13 25 21929 
10 25 28 25 21929 
10 25 43 25 21929 
10 25 58 25 21929 
10 26 13 25 21929 
10 26 28 25 21929 
10 26 43 25 21990 
10 26 58 25 21929 
10 27 13 25 21929 
10 27 28 25 21929 
10 27 43 25 21929 
10 27 58 25 21929 
10 29 28 25 21990 
10 29 43 25 21929 
10 29 58 25 21929 
10 30 13 25 21929 
10 30 28 25 21929 
10 30 43 25 21929 
10 30 58 25 21929 
10 31 13 25 21929 
10 31 28 25 21929 
10 31 43 25 21990 
10 31 58 25 21929 
10 32 13 25 21929 
10 32 28 25 21929 
10 32 43 25 21929 
10 32 58 25 21929 
10 33 13 25 21929 
10 33 28 25 21929 
10 33 43 25 21929 
10 33 58 25 21929 
10 34 13 25 21929 
10 34 28 25 21929 
10 34 43 25 21929 
10 34 58 25 21929 
10 35 13 25 21929 
10 35 28 25 21929 
10 35 43 25 21929 
10 35 58 25 21929 
10 36 13 25 21929 
10 36 28 25 21929 
10 36 43 25 21929 
10 36 58 25 21929 
10 37 13 25 21929 
10 37 28 25 21929 
10 37 43 25 21929 
10 37 58 25 21929 
10 38 13 25 21929 
10 38 28 25 21929 
10 38 43 25 21929 
10 38 58 25 21929 
10 39 13 25 21929 
10 39 28 25 21929 
10 39 43 25 21929 
10 39 58 25 21929 
10 40 13 25 21929 
10 40 28 25 21990 
10 40 43 25 21929 
10 40 58 25 21929 
10 41 13 25 21929 
10 41 28 25 21929 
10 41 43 25 21929 
10 41 58 25 21929 
10 42 13 25 21929 
10 42 28 25 21929 
10 42 43 25 21929 
10 42 58 25 21929 
10 43 13 25 21929 
10 43 28 25 21929 
10 43 43 25 21929 
10 43 58 25 21929 
10 45 28 25 21929 
10 45 43 25 21929 
10 45 58 25 21929 
10 46 13 25 21929 
10 46 28 25 21929 
10 46 43 25 21929 
10 46 58 25 21929 
10 47 13 25 21929 
10 47 28 25 21929 
10 47 43 25 21929 
10 47 58 25 21929 
10 48 13 25 21929 
10 48 28 25 21929 
10 48 43 25 21929 
10 48 58 25 21929 
10 49 13 25 21929 
10 49 28 25 21929 
10 49 43 25 21929 
10 49 58 25 21929 
10 50 13 25 21929 
10 50 28 25 21929 
10 50 43 25 21929 
10 50 58 25 21929 
10 51 13 25 21929 
10 51 28 25 21929 
10 51 43 25 21929 
10 51 58 25 21929 
10 52 13 25 21929 
10 52 28 25 21929 
10 52 43 25 21929 
10 52 58 25 21929 
10 53 13 25 21929 
10 53 28 25 21929 
10 53 43 25 21929 
10 53 58 25 21929 
10 54 13 25 21929 
10 54 28 25 21929 
10 54 43 25 21929 
10 54 58 25 21929 
10 55 13 25 21929 
10 55 28 25 21929 
10 55 43 25 21929 
10 55 58 25 21929 
10 56 13 25 21929 
10 56 28 25 21929 
10 56 43 25 21929 
10 56 58 25 21929 
10 57 13 25 21929 
10 57 28 25 21929 
10 57 43 25 21929 
10 57 58 25 21929 
10 58 13 25 21929 
10 58 28 25 21929 
10 58 43 25 21929 
10 58 58 25 21929 
10 59 13 25 21929 
10 59 28 25 21929 
10 59 43 25 21929 
10 59 58 25 21929 
11 1 28 25 21929 
11 1 43 25 21929 
11 1 58 25 21929 
11 2 13 25 21929 
11 2 28 25 21929 
11 2 43 25 21929 
11 2 58 25 21929 
11 3 13 25 21990 
11 3 28 25 21929 
11 3 43 25 21929 
11 3 58 25 21929 
11 4 13 25 21929 
11 4 28 25 21929 
11 4 43 25 21929 
11 4 58 25 21929 
11 5 13 25 21929 
11 5 28 25 21929 
11 5 43 25 21929 
11 5 58 25 21929 
11 6 13 25 21929 
11 6 28 25 21929 
11 6 43 25 21929 
11 6 58 25 21929 
11 7 13 25 21929 
11 7 28 25 21929 
11 7 43 25 21929 
11 7 58 25 21929 
11 8 13 25 21929 
11 8 28 25 21929 
11 8 43 25 21929 
11 8 58 25 21929 
11 9 13 25 21929 
11 9 28 25 21929 
11 9 43 25 21929 
11 9 58 25 21929 
11 10 13 25 21929 
11 10 28 25 21929 
11 10 43 25 21929 
11 10 58 25 21929 
11 11 13 25 21929 
11 11 28 25 21929 
11 11 43 25 21929 
11 11 58 25 21929 
11 12 13 25 21929 
11 12 28 25 21929 
11 12 43 25 21990 
11 12 58 25 21929 
11 13 13 25 21929 
11 13 28 25 21929 
11 13 43 25 21929 
11 13 58 25 21929 
11 14 13 25 21929 
11 14 28 25 21929 
11 14 43 25 21929 
11 14 58 25 21929 
11 15 13 25 21929 
11 15 28 25 21929 
11 15 43 25 21929 
11 15 58 25 21929 
11 17 28 25 21929 
11 17 43 25 21929 
11 17 58 25 21929 
11 18 13 25 21929 
11 18 28 25 21929 
11 18 43 25 21929 
11 18 58 25 21929 
11 19 13 25 21929 
11 19 28 25 21929 
11 19 43 25 21929 
11 19 58 25 21929 
11 20 13 25 21929 
11 20 28 25 21929 
11 20 43 25 21929 
11 20 58 25 21929 
11 21 13 25 21929 
11 21 28 25 21929 
11 21 43 25 21929 
11 21 58 25 21929 
11 22 13 25 21929 
11 22 28 25 21929 
11 22 43 25 21929 
11 22 58 25 21929 
11 23 13 25 21929 
11 23 28 25 21929 
11 23 43 25 21929 
11 23 58 25 21929 
11 24 13 25 21929 
11 24 28 25 21929 
11 24 43 25 21929 
11 24 58 25 21929 
11 25 13 25 21929 
11 25 28 25 21929 
11 25 43 25 21929 
11 25 58 25 21929 
11 26 13 25 21929 
11 26 28 25 21929 
11 26 43 25 21929 
11 26 58 25 21929 
11 27 13 25 21929 
11 27 28 25 21929 
11 27 43 25 21929 
11 27 58 25 21929 
11 28 13 25 21929 
11 28 28 25 21929 
11 28 43 25 21929 
11 28 58 25 21929 
11 29 13 25 21929 
11 29 28 25 21929 
11 29 43 25 21929 
11 29 58 25 21929 
11 30 13 25 21929 
11 30 28 25 21929 
11 30 43 25 21929 
11 30 58 25 21929 
11 31 13 25 21929 
11 31 28 25 21929 
11 31 43 25 21929 
11 31 58 25 21929 
11 33 28 25 21929 
11 33 43 25 21929 
11 33 58 25 21929 
11 34 13 25 21929 
11 34 28 25 21929 
11 34 43 25 21929 
11 34 58 25 21929 
11 35 13 25 21929 
11 35 28 25 21929 
11 35 43 25 21929 
11 35 58 25 21929 
11 36 13 25 21929 
11 36 28 25 21929 
11 36 43 25 21929 
11 36 58 25 21929 
11 37 13 25 21929 
11 37 28 25 21929 
11 37 43 25 21929 
11 37 58 25 21929 
11 38 13 25 21929 
11 38 28 25 21929 
11 38 43 25 21929 
11 38 58 25 21929 
11 39 13 25 21929 
11 39 28 25 21929 
11 39 43 25 21929 
11 39 58 25 21929 
11 40 13 25 21929 
11 40 28 25 21929 
11 40 43 25 21929 
11 40 58 25 21929 
11 41 13 25 21929 
11 41 28 25 21929 
11 41 43 25 21929 
11 41 58 25 21929 
11 42 13 25 21929 
11 42 28 25 21929 
11 42 43 25 21929 
11 42 58 25 21929 
11 43 13 25 21929 
11 43 28 25 21929 
11 43 43 25 21929 
11 43 58 25 21929 
11 44 13 25 21929 
11 44 28 25 21929 
11 44 43 25 21929 
11 44 58 25 21929 
11 45 13 25 21929 
11 45 28 25 21929 
11 45 43 25 21929 
11 45 58 25 21929 
11 46 13 25 21929 
11 46 28 25 21929 
11 46 43 25 21929 
11 46 58 25 21929 
11 47 13 25 21929 
11 47 28 25 21929 
11 47 43 25 21929 
11 47 58 25 21929 
11 49 28 25 21929 
11 49 43 25 21929 
11 49 58 25 21929 
11 50 13 25 21929 
11 50 28 25 21929 
11 50 43 25 21929 
11 50 58 25 21929 
11 51 13 25 21929 
11 51 28 25 21929 
11 51 43 25 21929 
11 51 58 25 21929 
11 52 13 25 21929 
11 52 28 25 21929 
11 52 43 25 21929 
11 52 58 25 21929 
11 53 13 25 21929 
11 53 28 25 21929 
11 53 43 25 21929 
11 53 58 25 21929 
11 54 13 25 21929 
11 54 28 25 21929 
11 54 43 25 21929 
11 54 58 25 21929 
11 55 13 25 21929 
11 55 28 25 21929 
11 55 43 25 21929 
11 55 58 25 21929 
11 56 13 25 21929 
11 56 28 25 21929 
11 56 43 25 21929 
11 56 58 25 21929 
11 57 13 25 21929 
11 57 28 25 21929 
11 57 43 25 21929 
11 57 58 25 21929 
11 58 13 25 21929 
11 58 28 25 21929 
11 58 43 25 21929 
11 58 58 25 21929 
11 59 13 25 21929 
11 59 28 25 21929 
11 59 43 25 21929 
11 59 58 25 21929 
12 0 13 25 21929 
12 0 28 25 21929 
12 0 43 25 21929 
12 0 58 25 21929 
12 1 13 25 21929 
12 1 28 25 21929 
12 1 43 25 21929 
12 1 58 25 21929 
12 2 13 25 21929 
12 2 28 25 21929 
12 2 43 25 21929 
12 2 58 25 21929 
12 3 13 25 21929 
12 3 28 25 21929 
12 3 43 25 21929 
12 3 58 25 21929 
12 5 28 25 21929 
12 5 43 25 21929 
12 5 58 25 21929 
12 6 13 25 21929 
12 6 28 25 21929 
12 6 43 25 21929 
12 6 58 25 21929 
12 7 13 25 21929 
12 7 28 25 21929 
12 7 43 25 21929 
12 7 58 25 21929 
12 8 13 25 21929 
12 8 28 25 21929 
12 8 43 25 21929 
12 8 58 25 21929 
12 9 13 25 21929 
12 9 28 25 21929 
12 9 43 25 21929 
12 9 58 25 21929 
12 10 13 25 21929 
12 10 28 25 21929 
12 10 43 25 21929 
12 10 58 25 21929 
12 11 13 25 21929 
12 11 28 25 21929 
12 11 43 25 21929 
12 11 58 25 21929 
12 12 13 25 21929 
12 12 28 25 21929 
12 12 43 25 21929 
12 12 58 25 21929 
12 13 13 25 21929 
12 13 28 25 21929 
12 13 43 25 21929 
12 13 58 25 21929 
12 14 13 25 21929 
12 14 28 25 21929 
12 14 43 25 21929 
12 14 58 25 21929 
12 15 13 25 21929 
12 15 28 25 21929 
12 15 43 25 21929 
12 15 58 25 21929 
12 16 13 25 21929 
12 16 28 25 21929 
12 16 43 25 21929 
12 16 58 25 21929 
12 17 13 25 21929 
12 17 28 25 21929 
12 17 43 25 21929 
12 17 58 25 21929 
12 18 13 25 21929 
12 18 28 25 21929 
12 18 43 25 21929 
12 18 58 25 21929 
12 19 13 25 21929 
12 19 28 25 21929 
12 19 43 25 21929 
12 19 58 25 21929 
12 21 28 25 21929 
12 21 43 25 21929 
12 21 58 25 21929 
12 22 13 25 21929 
12 22 28 25 21929 
12 22 43 25 21929 
12 22 58 25 21929 
12 23 13 25 21929 
12 23 28 25 21929 
12 23 43 25 21929 
12 23 58 25 21929 
12 24 13 25 21929 
12 24 28 25 21929 
12 24 43 25 21929 
12 24 58 25 21929 
12 25 13 25 21929 
12 25 28 25 21929 
12 25 43 25 21929 
12 25 58 25 21929 
12 26 13 25 21929 
12 26 28 25 21929 
12 26 43 25 21929 
12 26 58 25 21929 
12 27 13 25 21929 
12 27 28 25 21929 
12 27 43 25 21929 
12 27 58 25 21929 
12 28 13 25 21929 
12 28 28 25 21929 
12 28 43 25 21929 
12 28 58 25 21929 
12 29 13 25 21929 
12 29 28 25 21929 
12 29 43 25 21929 
12 29 58 25 21929 
12 30 13 25 21929 
12 30 28 25 21929 
12 30 43 25 21929 
12 30 58 25 21929 
12 31 13 25 21929 
12 31 28 25 21929 
12 31 43 25 21929 
12 31 58 25 21929 
12 32 13 25 21929 
12 32 28 25 21929 
12 32 43 25 21929 
12 32 58 25 21929 
12 33 13 25 21929 
12 33 28 25 21929 
12 33 43 25 21929 
12 33 58 25 21929 
12 34 13 25 21929 
12 34 28 25 21929 
12 34 43 25 21929 
12 34 58 25 21929 
12 35 13 25 21929 
12 35 28 25 21929 
12 35 43 25 21929 
12 35 58 25 21929 
12 37 28 25 21929 
12 37 43 25 21929 
12 37 58 25 21929 
12 38 13 25 21929 
12 38 28 25 21929 
12 38 43 25 21929 
12 38 58 25 21929 
12 39 14 26 21929 
12 39 28 24 21929 
12 39 43 25 21929 
12 39 58 25 21929 
12 40 13 25 21929 
12 40 28 25 21929 
12 40 43 25 21929 
12 40 58 25 21929 
12 41 13 25 21929 
12 41 28 25 21929 
12 41 43 25 21929 
12 41 58 25 21929 
12 42 13 25 21929 
12 42 28 25 21929 
12 42 43 25 21929 
12 42 58 25 21929 
12 43 13 25 21929 
12 43 28 25 21929 
12 43 43 25 21929 
12 43 58 25 21929 
12 44 13 25 21929 
12 44 28 25 21929 
12 44 43 25 21929 
12 44 58 25 21929 
12 45 13 25 21929 
12 45 28 25 21929 
12 45 43 25 21929 
12 45 58 25 21929 
12 46 13 25 21929 
12 46 28 25 21929 
12 46 43 25 21929 
12 46 58 25 21929 
12 47 13 25 21929 
12 47 28 25 21929 
12 47 43 25 21929 
12 47 58 25 21929 
12 48 13 25 21929 
12 48 28 25 21929 
12 48 43 25 21929 
12 48 58 25 21929 
12 49 13 25 21929 
12 49 28 25 21929 
12 49 44 26 21929 
12 49 59 25 21929 
12 50 14 25 21929 
12 50 29 25 21929 
12 50 44 25 21929 
12 50 59 25 21929 
12 51 14 25 21929 
12 51 29 25 21929 
12 51 44 25 21929 
12 51 59 25 21929 
12 53 29 25 21929 
12 53 44 25 21929 
12 53 59 25 21929 
12 54 14 25 21929 
12 54 29 25 21929 
12 54 44 25 21929 
12 54 59 25 21929 
12 55 14 25 21929 
12 55 29 25 21929 
12 55 44 25 21929 
12 55 59 25 21929 
12 56 14 25 21929 
12 56 29 25 21929 
12 56 44 25 21929 
12 56 59 25 21929 
12 57 14 25 21929 
12 57 29 25 21929 
12 57 44 25 21929 
12 57 59 25 21929 
12 58 14 25 21929 
12 58 29 25 21929 
12 58 44 25 21929 
12 58 59 25 21929 
12 59 14 25 21929 
12 59 29 25 21929 
12 59 44 25 21929 
12 59 59 25 21929 
13 0 14 25 21929 
13 0 29 25 21929 
13 0 44 25 21929 
13 0 59 25 21929 
13 1 14 25 21929 
13 1 29 25 21929 
13 1 44 25 21929 
13 1 59 25 21929 
13 2 14 25 21929 
13 2 29 25 21929 
13 2 44 25 21929 
13 2 59 25 21929 
13 3 14 25 21929 
13 3 29 25 21929 
13 3 44 25 21929 
13 3 59 25 21929 
13 4 14 25 21929 
13 4 29 25 21929 
13 4 44 25 21929 
13 4 59 25 21929 
13 5 14 25 21929 
13 5 29 25 21929 
13 5 44 25 21929 
13 5 59 25 21929 
13 6 14 25 21929 
13 6 29 25 21929 
13 6 44 25 21929 
13 6 59 25 21929 
13 7 14 25 21929 
13 7 29 25 21929 
13 7 44 25 21929 
13 7 59 25 21929 
13 9 29 25 21929 
13 9 44 25 21929 
13 9 59 25 21929 
13 10 14 25 21929 
13 10 29 25 21929 
13 10 44 25 21929 
13 10 59 25 21929 
13 11 14 25 21929 
13 11 29 25 21929 
13 11 44 25 21929 
13 11 59 25 21929 
13 12 14 25 21929 
13 12 29 25 21929 
13 12 44 25 21929 
13 12 59 25 21929 
13 13 14 25 21929 
13 13 29 25 21929 
13 13 44 25 21929 
13 13 59 25 21929 
13 14 14 25 21929 
13 14 29 25 21929 
13 14 44 25 21929 
13 14 59 25 21929 
13 15 14 25 21929 
13 15 29 25 21929 
13 15 44 25 21929 
13 15 59 25 21929 
13 16 14 25 21929 
13 16 29 25 21929 
13 16 44 25 21929 
13 16 59 25 21929 
13 17 14 25 21929 
13 17 29 25 21929 
13 17 44 25 21929 
13 17 59 25 21929 
13 18 14 25 21929 
13 18 29 25 21929 
13 18 44 25 21929 
13 18 59 25 21929 
13 19 14 25 21929 
13 19 29 25 21929 
13 19 44 25 21929 
13 19 59 25 21929 
13 20 14 25 21929 
13 20 29 25 21929 
13 20 44 25 21929 
13 20 59 25 21929 
13 21 14 25 21929 
13 21 29 25 21929 
13 21 44 25 21929 
13 21 59 25 21929 
13 22 14 25 21929 
13 22 29 25 21929 
13 22 44 25 21929 
13 22 59 25 21929 
13 23 14 25 21929 
13 23 29 25 21929 
13 23 44 25 21929 
13 23 59 25 21929 
13 25 29 25 21929 
13 25 44 25 21929 
13 25 59 25 21929 
13 26 14 25 21929 
13 26 29 25 21929 
13 26 44 25 21929 
13 26 59 25 21929 
13 27 14 25 21929 
13 27 29 25 21929 
13 27 44 25 21929 
13 27 59 25 21929 
13 28 14 25 21929 
13 28 29 25 21929 
13 28 44 25 21929 
13 28 59 25 21929 
13 29 14 25 21929 
13 29 29 25 21929 
13 29 44 25 21929 
13 29 59 25 21929 
13 30 14 25 21929 
13 30 29 25 21929 
13 30 44 25 21929 
13 30 59 25 21929 
13 31 14 25 21929 
13 31 29 25 21929 
13 31 44 25 21929 
13 31 59 25 21929 
13 32 14 25 21929 
13 32 29 25 21929 
13 32 44 25 21929 
13 32 59 25 21929 
13 33 14 25 21929 
13 33 29 25 21929 
13 33 44 25 21929 
13 33 59 25 21929 
13 34 14 25 21929 
13 34 29 25 21929 
13 34 44 25 21929 
13 34 59 25 21929 
13 35 14 25 21929 
13 35 29 25 21929 
13 35 44 25 21929 
13 35 59 25 21929 
13 36 14 25 21929 
13 36 29 25 21929 
13 36 44 25 21929 
13 36 59 25 21929 
13 37 14 25 21929 
13 37 29 25 21929 
13 37 44 25 21929 
13 37 59 25 21929 
13 38 14 25 21929 
13 38 29 25 21929 
13 38 44 25 21929 
13 38 59 25 21929 
13 39 14 25 21929 
13 39 29 25 21929 
13 39 44 25 21929 
13 39 59 25 21929 
13 41 29 25 21929 
13 41 44 25 21929 
13 41 59 25 21929 
13 42 14 25 21929 
13 42 29 25 21929 
13 42 44 25 21929 
13 42 59 25 21929 
13 43 14 25 21929 
13 43 29 25 21929 
13 43 44 25 21929 
13 43 59 25 21929 
13 44 14 25 21929 
13 44 29 25 21929 
13 44 44 25 21929 
13 44 59 25 21929 
13 45 14 25 21929 
13 45 29 25 21929 
13 45 44 25 21929 
13 45 59 25 21929 
13 46 14 25 21929 
13 46 29 25 21929 
13 46 44 25 21929 
13 46 59 25 21929 
13 47 14 25 21929 
13 47 29 25 21929 
13 47 44 25 21929 
13 47 59 25 21929 
13 48 14 25 21929 
13 48 29 25 21929 
13 48 44 25 21929 
13 48 59 25 21929 
13 49 14 25 21929 
13 49 29 25 21929 
13 49 44 25 21929 
13 49 59 25 21929 
13 50 14 25 21929 
13 50 29 25 21929 
13 50 44 25 21929 
13 50 59 25 21929 
13 51 14 25 21929 
13 51 29 25 21929 
13 51 44 25 21929 
13 51 59 25 21929 
13 52 14 25 21929 
13 52 29 25 21929 
13 52 44 25 21929 
13 52 59 25 21929 
13 53 14 25 21929 
13 53 29 25 21929 
13 53 44 25 21929 
13 53 59 25 21929 
13 54 14 25 21929 
13 54 29 25 21929 
13 54 44 25 21929 
13 54 59 25 21929 
13 55 14 25 21929 
13 55 29 25 21929 
13 55 44 25 21929 
13 55 59 25 21929 
13 57 29 25 21929 
13 57 44 25 21929 
13 57 59 25 21929 
13 58 14 25 21929 
13 58 29 25 21929 
13 58 44 25 21929 
13 58 59 25 21929 
13 59 14 25 21929 
13 59 29 25 21929 
13 59 44 25 21929 
13 59 59 25 21929 
14 0 14 25 21929 
14 0 29 25 21929 
14 0 44 25 21929 
14 0 59 25 21929 
14 1 14 25 21929 
14 1 29 25 21929 
14 1 44 25 21929 
14 1 59 25 21929 
14 2 14 25 21929 
14 2 29 25 21929 
14 2 44 25 21929 
14 2 59 25 21929 
14 3 14 25 21929 
14 3 29 25 21929 
14 3 44 25 21929 
14 3 59 25 21929 
14 4 14 25 21929 
14 4 29 25 21929 
14 4 44 25 21929 
14 4 59 25 21929 
14 5 14 25 21929 
14 5 29 25 21929 
14 5 44 25 21929 
14 5 59 25 21929 
14 6 14 25 21929 
14 6 29 25 21929 
14 6 44 25 21929 
14 6 59 25 21929 
14 7 14 25 21929 
14 7 29 25 21929 
14 7 44 25 21929 
14 7 59 25 21929 
14 8 14 25 21929 
14 8 29 25 21929 
14 8 44 25 21929 
14 8 59 25 21929 
14 9 14 25 21929 
14 9 29 25 21929 
14 9 44 25 21929 
14 9 59 25 21929 
14 10 14 25 21929 
14 10 29 25 21929 
14 10 44 25 21929 
14 10 59 25 21929 
14 11 14 25 21929 
14 11 29 25 21929 
14 11 44 25 21929 
14 11 59 25 21929 
14 13 29 25 21929 
14 13 44 25 21929 
14 13 59 25 21929 
14 14 14 25 21929 
14 14 29 25 21929 
14 14 44 25 21929 
14 14 59 25 21929 
14 15 14 25 21929 
14 15 29 25 21929 
14 15 44 25 21929 
14 15 59 25 21929 
14 16 14 25 21929 
14 16 29 25 21929 
14 16 44 25 21929 
14 16 59 25 21929 
14 17 14 25 21929 
14 17 29 25 21929 
14 17 44 25 21929 
14 17 59 25 21929 
14 18 14 25 21929 
14 18 29 25 21929 
14 18 44 25 21929 
14 18 59 25 21929 
14 19 14 25 21929 
14 19 29 25 21929 
14 19 44 25 21929 
14 19 59 25 21929 
14 20 14 25 21929 
14 20 29 25 21929 
14 20 44 25 21929 
14 20 59 25 21929 
14 21 14 25 21929 
14 21 29 25 21929 
14 21 44 25 21929 
14 21 59 25 21929 
14 22 14 25 21929 
14 22 29 25 21929 
14 22 44 25 21929 
14 22 59 25 21929 
14 23 14 25 21929 
14 23 29 25 21929 
14 23 44 25 21929 
14 23 59 25 21929 
14 24 14 25 21929 
14 24 29 25 21929 
14 24 44 25 21929 
14 24 59 25 21929 
14 25 14 25 21929 
14 25 29 25 21929 
14 25 44 25 21929 
14 25 59 25 21929 
14 26 14 25 21929 
14 26 29 25 21929 
14 26 44 25 21929 
14 26 59 25 21929 
14 27 14 25 21929 
14 27 29 25 21929 
14 27 44 25 21929 
14 27 59 25 21929 
14 29 29 25 21929 
14 29 44 25 21929 
14 29 59 25 21929 
14 30 14 25 21929 
14 30 29 25 21929 
14 30 44 25 21929 
14 30 59 25 21929 
14 31 14 25 21929 
14 31 29 25 21929 
14 31 44 25 21929 
14 31 59 25 21929 
14 32 14 25 21929 
14 32 29 25 21929 
14 32 44 25 21929 
14 32 59 25 21929 
14 33 14 25 21929 
14 33 29 25 21929 
14 33 44 25 21929 
14 33 59 25 21929 
14 34 14 25 21929 
14 34 29 25 21929 
14 34 44 25 21929 
14 34 59 25 21929 
14 35 14 25 21929 
14 35 29 25 21929 
14 35 44 25 21929 
14 35 59 25 21929 
14 36 14 25 21929 
14 36 29 25 21929 
14 36 44 25 21929 
14 36 59 25 21929 
14 37 14 25 21929 
14 37 29 25 21929 
14 37 44 25 21929 
14 37 59 25 21929 
14 38 14 25 21929 
14 38 29 25 21929 
14 38 44 25 21929 
14 38 59 25 21929 
14 39 14 25 21929 
14 39 29 25 21929 
14 39 44 25 21929 
14 39 59 25 21929 
14 40 14 25 21929 
14 40 29 25 21929 
14 40 44 25 21929 
14 40 59 25 21929 
14 41 14 25 21929 
14 41 29 25 21929 
14 41 44 25 21929 
14 41 59 25 21929 
14 42 14 25 21929 
14 42 29 25 21929 
14 42 44 25 21929 
14 42 59 25 21929 
14 43 14 25 21929 
14 43 29 25 21929 
14 43 44 25 21929 
14 43 59 25 21929 
14 45 29 25 21929 
14 45 44 25 21929 
14 45 59 25 21929 
14 46 14 25 21929 
14 46 29 25 21929 
14 46 44 25 21929 
14 46 59 25 21929 
14 47 14 25 21929 
14 47 29 25 21929 
14 47 44 25 21929 
14 47 59 25 21929 
14 48 14 25 21929 
14 48 29 25 21929 
14 48 44 25 21929 
14 48 59 25 21929 
14 49 14 25 21929 
14 49 29 25 21929 
14 49 44 25 21929 
14 49 59 25 21929 
14 50 14 25 21929 
14 50 29 25 21929 
14 50 44 25 21929 
14 50 59 25 21929 
14 51 14 25 21929 
14 51 29 25 21929 
14 51 44 25 21929 
14 51 59 25 21929 
14 52 14 25 21929 
14 52 29 25 21929 
14 52 44 25 21929 
14 52 59 25 21929 
14 53 14 25 21929 
14 53 29 25 21929 
14 53 44 25 21929 
14 53 59 25 21929 
14 54 14 25 21929 
14 54 29 25 21929 
14 54 44 25 21929 
14 54 59 25 21929 
14 55 14 25 21929 
14 55 29 25 21929 
14 55 44 25 21929 
14 55 59 25 21929 
14 56 14 25 21929 
14 56 29 25 21929 
14 56 44 25 21929 
14 56 59 25 21929 
14 57 14 25 21929 
14 57 29 25 21929 
14 57 44 25 21929 
14 57 59 25 21929 
14 58 14 25 21929 
14 58 29 25 21929 
14 58 44 25 21929 
14 58 59 25 21929 
14 59 14 25 21929 
14 59 29 25 21929 
14 59 44 25 21929 
14 59 59 25 21929 
15 1 29 25 21929 
15 1 44 25 21929 
15 1 59 25 21929 
15 2 14 25 21929 
15 2 29 25 21929 
15 2 44 25 21929 
15 2 59 25 21929 
15 3 14 25 21929 
15 3 29 25 21929 
15 3 44 25 21929 
15 3 59 25 21929 
15 4 14 25 21929 
15 4 29 25 21929 
15 4 44 25 21929 
15 4 59 25 21929 
15 5 14 25 21929 
15 5 29 25 21929 
15 5 44 25 21929 
15 5 59 25 21929 
15 6 14 25 21929 
15 6 29 25 21929 
15 6 44 25 21929 
15 6 59 25 21929 
15 7 14 25 21929 
15 7 29 25 21929 
15 7 44 25 21929 
15 7 59 25 21929 
15 8 14 25 21929 
15 8 29 25 21929 
15 8 44 25 21929 
15 8 59 25 21929 
15 9 14 25 21929 
15 9 29 25 21929 
15 9 44 25 21929 
15 9 59 25 21929 
15 10 14 25 21929 
15 10 29 25 21929 
15 10 44 25 21929 
15 10 59 25 21929 
15 11 14 25 21929 
15 11 29 25 21929 
15 11 44 25 21929 
15 11 59 25 21929 
15 12 14 25 21929 
15 12 29 25 21929 
15 12 44 25 21929 

/> 
read_ramp 10171324
read_ramp 10171324
<CR>Time:2021/10/17 15:03Ramp data first polarity: 
874 875 874 874 875 875 875 875 875 874 875 874 875 874 874 874 875 874 876 875 876 875 875 875 875 875 875 874 874 874 874 875 875 875 874 875 875 873 874 875 875 875 875 875 873 874 874 875 874 874 874 874 875 874 874 875 874 874 873 874 874 875 875 875 875 873 870 868 864 860 857 853 849 846 843 841 838 836 834 833 830 828 826 825 823 821 818 816 814 811 810 808 806 802 801 800 797 795 794 791 788 786 785 783 781 778 777 775 772 770 767 765 764 761 758 758 755 753 751 749 746 744 743 740 738 736 735 733 731 729 726 724 722 720 718 715 714 712 710 707 706 703 701 699 697 695 693 692 690 687 685 683 681 679 677 675 672 671 669 667 664 662 660 657 656 654 652 650 649 647 645 643 641 639 637 635 633 630 628 626 624 622 621 619 617 614 613 611 609 607 605 604 602 599 597 595 593 591 589 587 585 584 582 580 578 575 573 572 569 567 566 565 562 561 559 556 554 554 551 548 547 545 543 542 540 538 535 534 532 530 528 527 526 523 522 520 517 516 514 514 510 510 509 509 509 509 508 509 508 508 509 509 508 509 509 510 509 508 510 509 509 508 509 508 509 509 508 509 507 508 508 508 508 508 509 509 508 509 509 508 509 509 508 509 509 509 509 509 509 509 509 509 509 508 509 509 509 509 510 509 509 509 509 508 509 509 509 509 509 509 509 509 509 509 508 509 509 509 509 509 
ramp data second polarity
147 147 147 146 147 147 146 147 147 147 146 148 148 148 147 147 147 146 147 147 148 147 147 147 145 147 147 147 147 147 146 146 148 147 147 147 147 147 148 147 147 147 147 146 147 147 147 147 146 146 146 147 148 147 148 147 147 147 147 147 147 147 147 147 147 148 148 151 153 157 161 164 169 171 176 179 182 183 185 187 188 191 193 195 197 199 201 203 206 208 210 211 213 216 217 220 222 225 226 228 230 233 234 236 238 240 242 245 246 249 251 253 255 257 259 262 264 267 268 271 273 274 275 279 281 283 285 287 289 291 293 295 297 300 301 304 304 308 310 312 314 316 318 320 322 324 326 328 330 332 334 336 338 341 342 344 347 347 351 353 355 357 359 361 362 364 367 368 370 372 375 375 379 380 382 384 386 388 389 392 395 397 399 401 402 404 407 407 410 412 414 416 418 420 421 423 426 427 429 430 433 435 438 439 441 442 444 447 449 450 452 454 456 457 459 461 463 465 467 468 469 472 475 477 478 481 482 482 485 488 490 491 493 494 496 498 500 502 503 506 507 508 510 511 512 512 513 513 512 512 512 513 514 512 511 512 512 512 512 511 512 512 510 511 511 512 511 513 513 512 512 511 512 512 511 511 511 511 512 511 512 512 511 512 512 512 512 512 513 513 511 512 513 512 512 511 512 512 512 512 512 511 512 512 512 512 512 511 513 513 512 512 512 512 512 512 512 511 510 512 
Oscillation data first polarity :
151 152 157 161 164 168 171 173 179 181 184 185 187 189 190 193 194 196 198 200 203 205 207 209 211 213 215 217 219 221 224 226 228 230 232 234 236 238 240 242 244 247 249 251 252 255 257 259 262 264 266 269 270 273 274 276 278 280 283 285 286 289 291 294 296 297 299 302 303 305 307 309 311 314 317 318 321 322 323 326 329 330 331 334 337 338 341 342 344 346 347 350 352 354 355 359 361 363 365 366 368 370 372 374 376 379 380 381 384 386 388 390 392 394 396 397 400 402 405 406 408 410 411 413 415 417 419 421 423 425 427 428 431 433 434 436 437 440 443 445 447 449 450 451 453 456 457 459 461 463 464 466 468 470 473 474 476 478 479 481 484 486 488 490 491 492 494 497 498 500 502 504 506 507 508 511 511 511 512 511 512 513 513 513 513 514 512 511 513 513 512 512 512 511 512 511 512 511 512 511 511 511 512 513 512 512 512 511 512 511 512 512 512 512 512 511 512 513 512 512 512 512 512 512 514 513 512 513 512 511 511 512 511 512 511 512 511 512 513 511 511 511 511 511 511 511 512 512 513 512 511 511 511 511 511 512 511 511 511 511 512 512 512 511 512 511 513 511 513 513 512 512 512 514 512 513 512 512 512 512 514 512 511 512 512 511 511 512 511 512 512 512 512 512 511 511 512 512 511 511 511 511 511 511 511 511 511 511 513 511 511 512 512 513 512 513 512 511 512 512 
Oscillation data second polarity :
869 868 865 861 858 854 850 847 844 841 838 836 835 833 830 829 826 825 823 821 819 815 814 812 811 808 805 804 802 799 797 795 793 790 789 785 785 782 781 779 777 775 771 770 767 765 764 761 759 757 755 753 751 749 747 745 742 741 739 736 734 733 731 729 727 724 722 719 719 716 713 711 709 708 706 703 701 698 697 694 693 691 689 687 684 683 681 679 677 675 673 671 668 667 664 662 660 658 656 654 652 650 648 646 645 642 641 639 636 634 632 631 628 626 624 623 621 619 616 615 613 610 609 607 605 603 601 599 597 596 593 591 590 587 586 583 581 580 578 576 573 572 570 568 566 564 562 560 559 558 555 553 551 549 546 546 543 541 539 538 536 533 532 531 528 527 525 523 521 519 518 517 515 513 511 510 509 509 508 509 508 509 509 509 509 509 509 509 509 509 508 509 510 509 509 509 509 508 509 509 509 509 508 508 509 508 508 508 508 508 508 508 508 508 509 509 509 508 509 509 508 509 508 508 509 509 509 509 508 508 508 509 509 509 508 508 509 509 508 509 509 508 508 509 508 508 508 509 509 508 509 508 506 508 507 509 509 508 509 508 509 509 508 508 509 510 509 509 509 509 508 509 508 508 509 509 509 509 509 509 509 509 509 509 509 509 510 508 509 509 509 509 509 509 507 509 509 509 509 509 508 509 509 509 509 509 509 509 507 508 509 509 508 509 509 507 508 509 509 508 
/> 