ls
ls
<CR>
         TIME          Size       File name 
----A 2021/10/15 14:51      6312  1015
----A 2021/10/15 11:31    129280  10151115
----A 2021/10/15 11:47    128000  10151131
----A 2021/10/15 12:03    128640  10151147
----A 2021/10/15 12:19    128000  10151203
----A 2021/10/15 12:35    128000  10151219
----A 2021/10/15 12:51    128000  10151235
----A 2021/10/15 13:07    128000  10151251
----A 2021/10/15 13:23    128000  10151307
----A 2021/10/15 13:23      2560  10151323
----A 2021/10/15 14:23    128000  10151408
----A 2021/10/15 14:39    128000  10151424
----A 2021/10/15 14:40      2560  10151440
----A 2021/10/16 14:41      8744  1016
----A 2021/10/16 10:11    128000  10160953
----A 2021/10/16 10:27    128000  10161009
----A 2021/10/16 10:43    128000  10161025
----A 2021/10/16 10:59    128000  10161041
----A 2021/10/16 11:15    128000  10161057
----A 2021/10/16 11:31    128000  10161113
----A 2021/10/16 11:47    128000  10161129
----A 2021/10/16 12:03    128000  10161145
----A 2021/10/16 12:19    128000  10161201
----A 2021/10/16 12:35    128000  10161217
----A 2021/10/16 12:51    128000  10161233
----A 2021/10/16 13:07    128000  10161249
----A 2021/10/16 13:07      2560  10161305
----A 2021/10/16 13:59    128000  10161343
----A 2021/10/16 14:15    128000  10161359
----A 2021/10/16 14:31    128000  10161415
----A 2021/10/16 14:31      2560  10161431
----A 2021/10/17 15:13      9800  1017
----A 2021/10/17 10:12    128000  10170957
----A 2021/10/17 10:28    128000  10171013
----A 2021/10/17 10:44    128000  10171029
----A 2021/10/17 11:00    128000  10171045
----A 2021/10/17 11:16    128000  10171101
----A 2021/10/17 11:32    128000  10171117
----A 2021/10/17 11:48    128000  10171133
----A 2021/10/17 12:04    128000  10171149
----A 2021/10/17 12:20    128000  10171205
----A 2021/10/17 12:36    128000  10171221
----A 2021/10/17 12:52    128000  10171237
----A 2021/10/17 13:08    128000  10171253
----A 2021/10/17 13:24    128000  10171309
----A 2021/10/17 13:40    128000  10171325
----A 2021/10/17 13:56    128000  10171341
----A 2021/10/17 14:12    128000  10171357
----A 2021/10/17 14:28    128000  10171413
----A 2021/10/17 14:44    128000  10171429
----A 2021/10/17 15:00    128000  10171445
----A 2021/10/17 15:01      2560  10171501

  52 File(s),   5671576 bytes total
   0 Dir(s),     994816K bytes free

/> 
read 1017
read 1017
<CR>Time:2021/10/17 15:01/10/17 15:01
Hours Minutes Seconds  Nb_Samples    Aver. Current 
9 42 2 25 15352 
9 42 17 25 18054 
9 42 32 25 20080 
9 42 47 25 21554 
9 43 2 25 22045 
9 43 17 25 22045 
9 43 32 25 22045 
9 43 47 25 22045 
9 44 2 25 22045 
9 44 17 25 22045 
9 44 32 25 22045 
9 44 47 25 22045 
9 45 2 25 22045 
9 45 17 25 22045 
9 45 32 25 22045 
9 45 47 25 22045 
9 46 2 25 22045 
9 46 17 25 22045 
9 46 32 25 22045 
9 46 47 25 22045 
9 47 2 25 22045 
9 47 17 25 22045 
9 47 32 25 22045 
9 47 47 25 22045 
9 48 2 25 22045 
9 48 17 25 22045 
9 48 32 25 22045 
9 48 47 25 22045 
9 49 2 25 22045 
9 49 17 25 22045 
9 49 32 25 22045 
9 49 47 25 22045 
9 50 2 25 22045 
9 50 17 25 22045 
9 50 32 25 22045 
9 50 47 25 22045 
9 51 2 25 21984 
9 51 17 25 21984 
9 51 32 25 22045 
9 51 47 25 21984 
9 52 2 25 22045 
9 52 17 25 21984 
9 52 32 25 21984 
9 52 47 25 21984 
9 53 2 25 21984 
9 53 17 25 21984 
9 53 32 25 21984 
9 53 47 25 21984 
9 54 2 25 21984 
9 54 17 25 21984 
9 54 32 25 21984 
9 54 47 25 21984 
9 55 2 25 21984 
9 55 17 25 21984 
9 55 32 25 21984 
9 55 47 25 21984 
9 56 2 25 21984 
9 57 33 25 21984 
9 57 48 25 21984 
9 58 3 25 21984 
9 58 18 25 21984 
9 58 33 25 21984 
9 58 48 25 21984 
9 59 3 25 21984 
9 59 18 25 21984 
9 59 33 25 21984 
9 59 48 25 21984 
10 0 3 25 21984 
10 0 18 25 21984 
10 0 33 25 21984 
10 0 48 25 21984 
10 1 3 25 21984 
10 1 18 25 21984 
10 1 33 25 21984 
10 1 48 25 21984 
10 2 3 25 21984 
10 2 18 25 21984 
10 2 33 25 21984 
10 2 48 26 21984 
10 3 3 25 21984 
10 3 18 25 21984 
10 3 33 25 21984 
10 3 48 25 21984 
10 4 3 25 21984 
10 4 18 25 21984 
10 4 33 25 21984 
10 4 48 25 21984 
10 5 3 25 21984 
10 5 18 25 21984 
10 5 33 25 21984 
10 5 48 25 21984 
10 6 3 25 21984 
10 6 18 25 21984 
10 6 33 25 21984 
10 6 48 25 21984 
10 7 3 25 21984 
10 7 18 25 21984 
10 7 33 25 21984 
10 7 48 25 21984 
10 8 3 25 21984 
10 8 18 25 21984 
10 8 33 25 21984 
10 8 48 25 21984 
10 9 3 25 21984 
10 9 18 25 21984 
10 9 33 25 21984 
10 9 48 25 21984 
10 10 3 25 21984 
10 10 18 25 21984 
10 10 33 25 21984 
10 10 48 25 21984 
10 11 3 25 21984 
10 11 18 25 21984 
10 11 33 25 21984 
10 11 48 25 21984 
10 12 3 25 21984 
10 13 33 25 21984 
10 13 48 25 21984 
10 14 3 25 21984 
10 14 18 25 21922 
10 14 33 25 21984 
10 14 48 25 21984 
10 15 3 25 21984 
10 15 18 25 21984 
10 15 33 25 21984 
10 15 48 25 21984 
10 16 3 25 21984 
10 16 18 25 21984 
10 16 33 25 21984 
10 16 48 25 21984 
10 17 3 25 21984 
10 17 18 25 21984 
10 17 33 25 21984 
10 17 48 25 21984 
10 18 3 25 21984 
10 18 18 25 21984 
10 18 33 25 21984 
10 18 48 25 21984 
10 19 3 25 21984 
10 19 18 25 21984 
10 19 33 25 21922 
10 19 48 25 21984 
10 20 3 25 21984 
10 20 18 25 21922 
10 20 33 25 21984 
10 20 48 25 21984 
10 21 3 25 21984 
10 21 18 25 21984 
10 21 33 25 21984 
10 21 48 25 21984 
10 22 3 25 21984 
10 22 18 25 21984 
10 22 33 25 21984 
10 22 48 25 21984 
10 23 3 25 21984 
10 23 18 25 21984 
10 23 33 25 21984 
10 23 48 25 21984 
10 24 3 25 21984 
10 24 18 25 21984 
10 24 33 25 21984 
10 24 48 25 21984 
10 25 3 25 21984 
10 25 18 25 21984 
10 25 33 25 21984 
10 25 48 25 21984 
10 26 3 25 21984 
10 26 18 25 21922 
10 26 33 25 21984 
10 26 48 25 21984 
10 27 3 25 21984 
10 27 18 25 21984 
10 27 33 25 21984 
10 27 48 25 21922 
10 28 3 25 21984 
10 29 33 25 21984 
10 29 48 25 21984 
10 30 3 25 21984 
10 30 18 25 21984 
10 30 33 25 21984 
10 30 48 25 21984 
10 31 3 25 21984 
10 31 18 25 21984 
10 31 33 25 21922 
10 31 48 25 21984 
10 32 3 25 21984 
10 32 18 25 21984 
10 32 33 25 21984 
10 32 48 25 21922 
10 33 3 25 21984 
10 33 18 25 21984 
10 33 33 25 21984 
10 33 48 25 21984 
10 34 3 25 21984 
10 34 18 25 21984 
10 34 33 25 21984 
10 34 48 25 21984 
10 35 3 25 21984 
10 35 18 25 21984 
10 35 33 25 21984 
10 35 48 25 21984 
10 36 3 25 21984 
10 36 18 25 21984 
10 36 33 25 21984 
10 36 48 25 21984 
10 37 3 25 21984 
10 37 18 25 21984 
10 37 33 25 21984 
10 37 48 25 21984 
10 38 3 25 21922 
10 38 18 25 21984 
10 38 33 25 21984 
10 38 48 25 21984 
10 39 3 25 21984 
10 39 18 25 21984 
10 39 33 25 21984 
10 39 48 25 21984 
10 40 3 25 21984 
10 40 18 25 21984 
10 40 33 25 21984 
10 40 48 25 21922 
10 41 3 25 21922 
10 41 18 25 21922 
10 41 33 25 21984 
10 41 48 25 21984 
10 42 3 25 21984 
10 42 18 25 21922 
10 42 33 25 21922 
10 42 48 25 21922 
10 43 3 25 21922 
10 43 18 25 21922 
10 43 33 25 21922 
10 43 48 25 21984 
10 44 3 25 21922 
10 45 33 25 21984 
10 45 48 25 21984 
10 46 3 25 21984 
10 46 18 25 21922 
10 46 33 25 21984 
10 46 48 25 21922 
10 47 3 25 21922 
10 47 18 25 21922 
10 47 33 25 21984 
10 47 48 25 21922 
10 48 3 25 21984 
10 48 18 25 21984 
10 48 33 25 21984 
10 48 48 25 21922 
10 49 3 25 21984 
10 49 18 25 21984 
10 49 33 25 21984 
10 49 48 25 21984 
10 50 3 25 21984 
10 50 18 25 21984 
10 50 33 25 21922 
10 50 48 25 21984 
10 51 3 25 21922 
10 51 18 25 21984 
10 51 33 25 21984 
10 51 48 25 21984 
10 52 3 25 21984 
10 52 18 25 21922 
10 52 33 25 21984 
10 52 48 25 21922 
10 53 3 25 21922 
10 53 18 25 21922 
10 53 33 25 21984 
10 53 48 25 21984 
10 54 3 25 21984 
10 54 18 25 21984 
10 54 33 25 21984 
10 54 48 25 21984 
10 55 3 25 21984 
10 55 18 25 21984 
10 55 33 25 21984 
10 55 48 25 21984 
10 56 3 25 21984 
10 56 18 25 21922 
10 56 33 25 21984 
10 56 48 25 21984 
10 57 3 25 21922 
10 57 18 25 21984 
10 57 33 25 21984 
10 57 48 25 21984 
10 58 3 25 21984 
10 58 18 25 21984 
10 58 33 25 21984 
10 58 48 25 21984 
10 59 3 25 21922 
10 59 18 25 21984 
10 59 33 25 21984 
10 59 48 25 21984 
11 0 3 25 21984 
11 1 33 25 21984 
11 1 48 25 21922 
11 2 3 25 21984 
11 2 18 25 21984 
11 2 33 25 21922 
11 2 48 25 21922 
11 3 3 25 21984 
11 3 18 25 21922 
11 3 33 25 21984 
11 3 48 25 21984 
11 4 3 25 21984 
11 4 18 25 21984 
11 4 33 25 21984 
11 4 48 25 21984 
11 5 3 25 21984 
11 5 18 25 21984 
11 5 33 25 21984 
11 5 48 25 21984 
11 6 3 25 21984 
11 6 18 25 21922 
11 6 33 25 21984 
11 6 48 25 21984 
11 7 3 25 21984 
11 7 18 25 21922 
11 7 33 25 21922 
11 7 48 25 21984 
11 8 3 25 21922 
11 8 18 25 21922 
11 8 33 25 21984 
11 8 48 25 21984 
11 9 3 25 21922 
11 9 18 25 21922 
11 9 33 25 21922 
11 9 48 25 21984 
11 10 3 25 21922 
11 10 18 25 21984 
11 10 33 25 21984 
11 10 48 25 21922 
11 11 3 25 21984 
11 11 18 25 21984 
11 11 33 25 21984 
11 11 48 25 21984 
11 12 3 25 21984 
11 12 18 25 21984 
11 12 33 25 21984 
11 12 48 25 21984 
11 13 3 25 21984 
11 13 18 25 21984 
11 13 33 25 21984 
11 13 48 25 21984 
11 14 3 25 21984 
11 14 18 25 21984 
11 14 33 25 21922 
11 14 48 25 21984 
11 15 3 25 21922 
11 15 18 25 21984 
11 15 33 25 21984 
11 15 48 25 21984 
11 16 3 25 21984 
11 17 33 25 21984 
11 17 48 25 21984 
11 18 3 25 21984 
11 18 18 25 21922 
11 18 33 25 21922 
11 18 48 25 21922 
11 19 3 25 21922 
11 19 18 25 21922 
11 19 33 25 21984 
11 19 48 25 21984 
11 20 3 25 21984 
11 20 18 25 21984 
11 20 33 25 21922 
11 20 48 25 21984 
11 21 3 25 21984 
11 21 18 25 21984 
11 21 33 25 21984 
11 21 48 25 21984 
11 22 3 25 21922 
11 22 18 25 21984 
11 22 33 25 21922 
11 22 48 25 21984 
11 23 3 25 21984 
11 23 18 25 21922 
11 23 33 25 21984 
11 23 48 25 21984 
11 24 3 25 21984 
11 24 18 25 21922 
11 24 33 25 21922 
11 24 48 25 21984 
11 25 3 25 21922 
11 25 18 25 21984 
11 25 33 25 21984 
11 25 48 25 21922 
11 26 3 25 21922 
11 26 18 25 21984 
11 26 33 25 21922 
11 26 48 25 21984 
11 27 3 25 21922 
11 27 18 25 21984 
11 27 33 25 21922 
11 27 48 25 21984 
11 28 3 25 21984 
11 28 18 25 21922 
11 28 33 25 21984 
11 28 48 25 21922 
11 29 3 25 21984 
11 29 18 25 21984 
11 29 33 25 21922 
11 29 48 25 21984 
11 30 3 25 21984 
11 30 18 25 21984 
11 30 33 25 21984 
11 30 48 25 21984 
11 31 3 25 21922 
11 31 18 25 21984 
11 31 33 25 21984 
11 31 48 25 21984 
11 32 3 25 21984 
11 33 33 25 21984 
11 33 48 25 21984 
11 34 3 25 21922 
11 34 18 25 21922 
11 34 33 25 21984 
11 34 48 25 21984 
11 35 3 25 21922 
11 35 18 25 21984 
11 35 33 25 21922 
11 35 48 25 21922 
11 36 3 25 21984 
11 36 18 25 21922 
11 36 33 25 21922 
11 36 48 25 21922 
11 37 3 25 21984 
11 37 18 25 21984 
11 37 33 25 21984 
11 37 48 25 21922 
11 38 3 25 21984 
11 38 18 25 21984 
11 38 33 25 21984 
11 38 48 25 21922 
11 39 3 25 21984 
11 39 18 25 21984 
11 39 33 25 21984 
11 39 48 25 21922 
11 40 3 25 21984 
11 40 18 25 21984 
11 40 33 25 21984 
11 40 48 25 21922 
11 41 3 25 21984 
11 41 18 25 21984 
11 41 33 25 21922 
11 41 48 25 21984 
11 42 3 25 21922 
11 42 18 25 21922 
11 42 33 25 21922 
11 42 48 25 21984 
11 43 3 25 21922 
11 43 18 25 21922 
11 43 33 25 21984 
11 43 48 25 21922 
11 44 3 25 21984 
11 44 18 25 21922 
11 44 33 25 21984 
11 44 48 25 21922 
11 45 3 25 21984 
11 45 18 25 21922 
11 45 33 25 21984 
11 45 48 25 21984 
11 46 3 25 21984 
11 46 18 25 21922 
11 46 33 25 21922 
11 46 48 25 21922 
11 47 3 25 21922 
11 47 18 25 21922 
11 47 33 25 21984 
11 47 48 25 21984 
11 48 3 25 21922 
11 49 33 25 21984 
11 49 48 25 21984 
11 50 3 25 21984 
11 50 18 25 21984 
11 50 33 25 21984 
11 50 48 25 21922 
11 51 3 25 21984 
11 51 18 25 21984 
11 51 33 25 21984 
11 51 48 25 21984 
11 52 3 25 21984 
11 52 18 25 21984 
11 52 33 25 21922 
11 52 48 25 21922 
11 53 3 25 21984 
11 53 18 25 21984 
11 53 33 25 21922 
11 53 48 25 21922 
11 54 3 25 21922 
11 54 18 25 21984 
11 54 33 25 21922 
11 54 48 25 21922 
11 55 3 25 21922 
11 55 18 25 21922 
11 55 33 25 21922 
11 55 48 25 21984 
11 56 3 25 21984 
11 56 18 25 21922 
11 56 33 25 21922 
11 56 48 25 21922 
11 57 3 25 21984 
11 57 18 25 21922 
11 57 33 25 21922 
11 57 48 25 21984 
11 58 3 25 21922 
11 58 18 25 21922 
11 58 33 25 21922 
11 58 48 25 21922 
11 59 3 25 21922 
11 59 18 25 21922 
11 59 33 25 21922 
11 59 48 25 21922 
12 0 3 25 21922 
12 0 18 25 21984 
12 0 33 25 21922 
12 0 48 25 21922 
12 1 3 25 21984 
12 1 18 25 21984 
12 1 33 25 21922 
12 1 48 25 21922 
12 2 3 25 21984 
12 2 18 25 21922 
12 2 33 25 21984 
12 2 48 25 21984 
12 3 3 25 21984 
12 3 18 25 21984 
12 3 33 25 21984 
12 3 48 25 21984 
12 4 3 25 21984 
12 5 33 25 21922 
12 5 48 25 21984 
12 6 3 25 21922 
12 6 18 25 21984 
12 6 33 25 21922 
12 6 48 25 21984 
12 7 3 25 21922 
12 7 18 25 21922 
12 7 33 25 21922 
12 7 48 25 21922 
12 8 3 25 21984 
12 8 18 25 21984 
12 8 33 25 21984 
12 8 48 25 21922 
12 9 3 25 21922 
12 9 18 25 21922 
12 9 33 25 21984 
12 9 48 25 21922 
12 10 3 25 21922 
12 10 18 25 21922 
12 10 33 25 21984 
12 10 48 25 21922 
12 11 3 25 21984 
12 11 18 25 21984 
12 11 33 25 21922 
12 11 48 25 21922 
12 12 3 25 21984 
12 12 18 25 21984 
12 12 33 25 21922 
12 12 48 25 21984 
12 13 3 25 21984 
12 13 18 25 21984 
12 13 33 25 21984 
12 13 48 25 21922 
12 14 3 25 21984 
12 14 18 25 21984 
12 14 33 25 21984 
12 14 48 25 21984 
12 15 3 25 21922 
12 15 18 25 21922 
12 15 33 25 21922 
12 15 48 25 21922 
12 16 3 25 21922 
12 16 18 25 21984 
12 16 33 25 21984 
12 16 48 25 21984 
12 17 3 25 21984 
12 17 18 25 21984 
12 17 33 25 21984 
12 17 48 25 21922 
12 18 3 25 21922 
12 18 18 25 21984 
12 18 33 25 21922 
12 18 48 25 21922 
12 19 3 25 21984 
12 19 18 25 21922 
12 19 33 25 21922 
12 19 48 25 21922 
12 20 3 25 21984 
12 21 33 25 21922 
12 21 48 25 21922 
12 22 3 25 21922 
12 22 18 25 21984 
12 22 33 25 21984 
12 22 49 26 21922 
12 23 4 25 21984 
12 23 19 25 21922 
12 23 34 25 21984 
12 23 49 25 21984 
12 24 4 25 21984 
12 24 19 25 21984 
12 24 34 25 21984 
12 24 49 25 21984 
12 25 4 25 21984 
12 25 19 25 21922 
12 25 34 25 21922 
12 25 49 25 21922 
12 26 4 25 21922 
12 26 19 25 21922 
12 26 34 25 21984 
12 26 49 25 21922 
12 27 4 25 21984 
12 27 19 25 21984 
12 27 34 25 21984 
12 27 49 25 21922 
12 28 4 25 21984 
12 28 19 25 21984 
12 28 34 25 21984 
12 28 49 25 21922 
12 29 4 25 21984 
12 29 19 25 21984 
12 29 34 25 21922 
12 29 49 25 21984 
12 30 4 25 21984 
12 30 19 25 21984 
12 30 34 25 21984 
12 30 49 25 21984 
12 31 4 25 21984 
12 31 19 25 21922 
12 31 34 25 21922 
12 31 49 25 21922 
12 32 4 25 21984 
12 32 19 25 21922 
12 32 34 25 21984 
12 32 49 25 21984 
12 33 4 25 21922 
12 33 19 25 21984 
12 33 34 25 21922 
12 33 49 25 21984 
12 34 4 25 21922 
12 34 19 25 21984 
12 34 34 25 21984 
12 34 49 25 21984 
12 35 4 25 21984 
12 35 19 25 21922 
12 35 34 25 21922 
12 35 49 25 21984 
12 36 4 25 21984 
12 37 34 25 21984 
12 37 49 25 21984 
12 38 4 25 21984 
12 38 19 25 21922 
12 38 34 25 21922 
12 38 49 25 21984 
12 39 4 25 21984 
12 39 19 25 21984 
12 39 34 25 21922 
12 39 49 25 21984 
12 40 4 25 21922 
12 40 19 25 21922 
12 40 34 25 21984 
12 40 49 25 21984 
12 41 4 25 21984 
12 41 19 25 21984 
12 41 34 25 21984 
12 41 49 25 21984 
12 42 4 25 21984 
12 42 19 25 21984 
12 42 34 25 21984 
12 42 49 25 21984 
12 43 4 25 21984 
12 43 19 25 21984 
12 43 34 25 21984 
12 43 49 25 21984 
12 44 4 25 21984 
12 44 19 25 21984 
12 44 34 25 21984 
12 44 49 25 21984 
12 45 4 25 21922 
12 45 19 25 21922 
12 45 34 25 21922 
12 45 49 25 21984 
12 46 4 25 21984 
12 46 19 25 21984 
12 46 34 25 21984 
12 46 49 25 21984 
12 47 4 25 21922 
12 47 19 25 21922 
12 47 34 25 21984 
12 47 49 25 21922 
12 48 4 25 21984 
12 48 19 25 21922 
12 48 34 25 21922 
12 48 49 25 21984 
12 49 4 25 21984 
12 49 19 25 21984 
12 49 34 25 21984 
12 49 49 25 21984 
12 50 4 25 21984 
12 50 19 25 21984 
12 50 34 25 21984 
12 50 49 25 21984 
12 51 4 25 21922 
12 51 19 25 21984 
12 51 34 25 21922 
12 51 49 25 21984 
12 52 4 25 21984 
12 53 34 25 21984 
12 53 49 25 21922 
12 54 4 25 21984 
12 54 19 25 21984 
12 54 34 25 21922 
12 54 49 25 21984 
12 55 4 25 21984 
12 55 19 25 21984 
12 55 34 25 21922 
12 55 49 25 21984 
12 56 4 25 21922 
12 56 19 25 21922 
12 56 34 25 21984 
12 56 49 25 21984 
12 57 4 25 21984 
12 57 19 25 21984 
12 57 34 25 21984 
12 57 49 25 21922 
12 58 4 25 21984 
12 58 19 25 21922 
12 58 34 25 21984 
12 58 49 25 21984 
12 59 4 25 21984 
12 59 19 25 21984 
12 59 34 25 21984 
12 59 49 25 21984 
13 0 4 25 21984 
13 0 19 25 21922 
13 0 34 25 21922 
13 0 49 25 21984 
13 1 4 25 21984 
13 1 19 25 21922 
13 1 34 25 21922 
13 1 49 25 21922 
13 2 4 25 21984 
13 2 19 25 21922 
13 2 34 25 21922 
13 2 49 25 21922 
13 3 4 25 21922 
13 3 19 25 21984 
13 3 34 25 21922 
13 3 49 25 21984 
13 4 4 25 21922 
13 4 19 25 21922 
13 4 34 25 21984 
13 4 49 25 21984 
13 5 4 25 21984 
13 5 19 25 21922 
13 5 34 25 21922 
13 5 49 25 21922 
13 6 4 25 21984 
13 6 19 25 21922 
13 6 34 25 21922 
13 6 49 25 21922 
13 7 4 25 21984 
13 7 19 25 21922 
13 7 34 25 21922 
13 7 49 25 21922 
13 8 4 25 21922 
13 9 34 25 21984 
13 9 49 25 21922 
13 10 4 25 21922 
13 10 19 25 21922 
13 10 34 25 21922 
13 10 49 25 21922 
13 11 4 25 21922 
13 11 19 25 21922 
13 11 34 25 21922 
13 11 49 25 21922 
13 12 4 25 21922 
13 12 19 25 21922 
13 12 34 25 21922 
13 12 49 25 21922 
13 13 4 25 21984 
13 13 19 25 21922 
13 13 34 25 21922 
13 13 49 25 21984 
13 14 4 25 21922 
13 14 19 25 21922 
13 14 34 25 21984 
13 14 49 25 21984 
13 15 4 25 21922 
13 15 19 25 21922 
13 15 34 25 21984 
13 15 49 25 21922 
13 16 4 25 21922 
13 16 19 25 21984 
13 16 34 25 21922 
13 16 49 25 21984 
13 17 4 25 21922 
13 17 19 25 21922 
13 17 34 25 21922 
13 17 49 25 21984 
13 18 4 25 21922 
13 18 19 25 21922 
13 18 34 25 21922 
13 18 49 25 21922 
13 19 4 25 21922 
13 19 19 25 21922 
13 19 34 25 21984 
13 19 49 25 21922 
13 20 4 25 21922 
13 20 19 25 21922 
13 20 34 25 21922 
13 20 49 25 21984 
13 21 4 25 21922 
13 21 19 25 21922 
13 21 34 25 21922 
13 21 49 25 21922 
13 22 4 25 21922 
13 22 19 25 21922 
13 22 34 25 21922 
13 22 49 25 21922 
13 23 4 25 21984 
13 23 19 25 21922 
13 23 34 25 21922 
13 23 49 25 21922 
13 24 4 25 21922 
13 25 34 25 21922 
13 25 49 25 21922 
13 26 4 25 21922 
13 26 19 25 21922 
13 26 34 25 21922 
13 26 49 25 21922 
13 27 4 25 21922 
13 27 19 25 21922 
13 27 34 25 21922 
13 27 49 25 21922 
13 28 4 25 21922 
13 28 19 25 21922 
13 28 34 25 21922 
13 28 49 25 21922 
13 29 4 25 21922 
13 29 19 25 21922 
13 29 34 25 21922 
13 29 49 25 21922 
13 30 4 25 21922 
13 30 19 25 21984 
13 30 34 25 21922 
13 30 49 25 21922 
13 31 4 25 21922 
13 31 19 25 21922 
13 31 34 25 21922 
13 31 49 25 21922 
13 32 4 25 21922 
13 32 19 25 21922 
13 32 34 25 21922 
13 32 49 25 21922 
13 33 4 25 21922 
13 33 19 25 21922 
13 33 34 25 21922 
13 33 49 25 21922 
13 34 4 25 21922 
13 34 19 25 21922 
13 34 34 25 21922 
13 34 49 25 21922 
13 35 4 25 21922 
13 35 19 25 21922 
13 35 34 25 21922 
13 35 49 25 21922 
13 36 4 25 21922 
13 36 19 25 21922 
13 36 34 25 21922 
13 36 49 25 21922 
13 37 4 25 21922 
13 37 19 25 21922 
13 37 34 25 21922 
13 37 49 25 21922 
13 38 4 25 21922 
13 38 19 25 21922 
13 38 34 25 21922 
13 38 49 25 21922 
13 39 4 25 21922 
13 39 19 25 21922 
13 39 34 25 21922 
13 39 49 25 21922 
13 40 4 25 21922 
13 41 34 25 21922 
13 41 49 25 21922 
13 42 4 25 21922 
13 42 19 25 21922 
13 42 34 25 21922 
13 42 49 25 21922 
13 43 4 25 21922 
13 43 19 25 21922 
13 43 34 25 21922 
13 43 49 25 21922 
13 44 4 25 21922 
13 44 19 25 21922 
13 44 34 25 21922 
13 44 49 25 21922 
13 45 4 25 21922 
13 45 19 25 21922 
13 45 34 25 21922 
13 45 49 25 21922 
13 46 4 25 21922 
13 46 19 25 21922 
13 46 34 25 21922 
13 46 49 25 21922 
13 47 4 25 21922 
13 47 19 25 21922 
13 47 34 25 21922 
13 47 49 25 21922 
13 48 4 25 21984 
13 48 19 25 21922 
13 48 34 25 21922 
13 48 49 25 21922 
13 49 4 25 21922 
13 49 19 25 21922 
13 49 34 25 21922 
13 49 49 25 21922 
13 50 4 25 21984 
13 50 19 25 21922 
13 50 34 25 21984 
13 50 49 25 21922 
13 51 4 25 21922 
13 51 19 25 21922 
13 51 34 25 21922 
13 51 49 25 21922 
13 52 4 25 21922 
13 52 19 25 21984 
13 52 34 25 21922 
13 52 49 25 21922 
13 53 4 25 21922 
13 53 19 25 21922 
13 53 34 25 21922 
13 53 49 25 21922 
13 54 4 25 21984 
13 54 19 25 21922 
13 54 34 25 21922 
13 54 49 25 21922 
13 55 4 25 21922 
13 55 19 25 21922 
13 55 34 25 21922 
13 55 49 25 21922 
13 56 4 25 21922 
13 57 34 25 21922 
13 57 49 25 21922 
13 58 4 25 21922 
13 58 19 25 21922 
13 58 34 25 21922 
13 58 49 25 21922 
13 59 4 25 21922 
13 59 19 25 21922 
13 59 34 25 21922 
13 59 49 25 21922 
14 0 4 25 21922 
14 0 19 25 21922 
14 0 34 25 21922 
14 0 49 25 21922 
14 1 4 25 21922 
14 1 19 25 21922 
14 1 34 25 21922 
14 1 49 25 21922 
14 2 4 25 21922 
14 2 19 25 21922 
14 2 34 25 21922 
14 2 49 25 21922 
14 3 4 25 21922 
14 3 19 25 21922 
14 3 34 25 21922 
14 3 49 25 21922 
14 4 4 25 21922 
14 4 19 25 21922 
14 4 34 25 21922 
14 4 49 25 21922 
14 5 4 25 21922 
14 5 19 25 21922 
14 5 34 25 21922 
14 5 49 25 21984 
14 6 4 25 21922 
14 6 19 25 21922 
14 6 34 25 21922 
14 6 49 25 21922 
14 7 4 25 21922 
14 7 19 25 21922 
14 7 34 25 21922 
14 7 49 25 21922 
14 8 4 25 21922 
14 8 19 25 21922 
14 8 34 25 21922 
14 8 49 25 21922 
14 9 4 25 21922 
14 9 19 25 21922 
14 9 34 25 21922 
14 9 49 25 21922 
14 10 4 25 21922 
14 10 19 25 21922 
14 10 34 25 21922 
14 10 49 25 21922 
14 11 4 25 21922 
14 11 19 25 21922 
14 11 34 25 21922 
14 11 49 25 21922 
14 12 4 25 21922 
14 13 34 25 21922 
14 13 49 25 21922 
14 14 4 25 21922 
14 14 19 25 21922 
14 14 34 25 21922 
14 14 49 25 21922 
14 15 4 25 21922 
14 15 19 25 21922 
14 15 34 25 21922 
14 15 49 25 21922 
14 16 4 25 21922 
14 16 19 25 21922 
14 16 34 25 21922 
14 16 49 25 21922 
14 17 4 25 21922 
14 17 19 25 21922 
14 17 34 25 21922 
14 17 49 25 21922 
14 18 4 25 21922 
14 18 19 25 21922 
14 18 34 25 21922 
14 18 49 25 21922 
14 19 4 25 21922 
14 19 19 25 21922 
14 19 34 25 21922 
14 19 49 25 21922 
14 20 4 25 21922 
14 20 19 25 21922 
14 20 34 25 21922 
14 20 49 25 21922 
14 21 4 25 21922 
14 21 19 25 21922 
14 21 34 25 21922 
14 21 49 25 21922 
14 22 4 25 21922 
14 22 19 25 21922 
14 22 34 25 21922 
14 22 49 25 21922 
14 23 4 25 21922 
14 23 19 25 21922 
14 23 34 25 21922 
14 23 49 25 21922 
14 24 4 25 21922 
14 24 19 25 21922 
14 24 34 25 21922 
14 24 49 25 21922 
14 25 4 25 21922 
14 25 19 25 21922 
14 25 34 25 21922 
14 25 49 25 21922 
14 26 4 25 21922 
14 26 19 25 21922 
14 26 34 25 21922 
14 26 49 25 21922 
14 27 4 25 21922 
14 27 19 25 21922 
14 27 34 25 21922 
14 27 49 25 21922 
14 28 4 25 21922 
14 29 34 25 21922 
14 29 49 25 21922 
14 30 4 25 21922 
14 30 19 25 21922 
14 30 34 25 21922 
14 30 49 25 21922 
14 31 4 25 21922 
14 31 19 25 21922 
14 31 34 25 21922 
14 31 49 25 21922 
14 32 4 25 21922 
14 32 19 25 21922 
14 32 34 25 21922 
14 32 49 25 21922 
14 33 4 25 21922 
14 33 19 25 21922 
14 33 34 25 21922 
14 33 49 25 21922 
14 34 4 25 21922 
14 34 19 25 21922 
14 34 34 25 21922 
14 34 49 25 21922 
14 35 4 25 21922 
14 35 19 25 21922 
14 35 34 25 21922 
14 35 49 25 21922 
14 36 4 25 21922 
14 36 19 25 21922 
14 36 34 25 21922 
14 36 49 25 21922 
14 37 4 25 21922 
14 37 19 25 21922 
14 37 34 25 21922 
14 37 49 25 21922 
14 38 4 25 21922 
14 38 19 25 21922 
14 38 34 25 21922 
14 38 49 25 21922 
14 39 5 26 21922 
14 39 20 25 21922 
14 39 35 25 21922 
14 39 50 25 21922 
14 40 5 25 21922 
14 40 20 25 21922 
14 40 35 25 21922 
14 40 50 25 21922 
14 41 5 25 21922 
14 41 20 25 21922 
14 41 35 25 21922 
14 41 50 25 21922 
14 42 5 25 21922 
14 42 20 25 21922 
14 42 35 25 21922 
14 42 50 25 21922 
14 43 5 25 21922 
14 43 20 25 21922 
14 43 35 25 21922 
14 43 50 25 21922 
14 44 5 25 21922 
14 45 35 25 21922 
14 45 50 25 21922 
14 46 5 25 21922 
14 46 20 25 21922 
14 46 35 25 21922 
14 46 50 25 21922 
14 47 5 25 21922 
14 47 20 25 21922 
14 47 35 25 21922 
14 47 50 25 21922 
14 48 5 25 21922 
14 48 20 25 21922 
14 48 35 25 21922 
14 48 50 25 21922 
14 49 5 25 21922 
14 49 20 25 21922 
14 49 35 25 21922 
14 49 50 25 21922 
14 50 5 25 21922 
14 50 20 25 21922 
14 50 35 25 21922 
14 50 50 25 21922 
14 51 5 25 21922 
14 51 20 25 21922 
14 51 35 25 21922 
14 51 50 25 21922 
14 52 5 25 21922 
14 52 20 25 21922 
14 52 35 25 21922 
14 52 50 25 21922 
14 53 5 25 21922 
14 53 20 25 21922 
14 53 35 25 21922 
14 53 50 25 21922 
14 54 5 25 21922 
14 54 20 25 21922 
14 54 35 25 21922 
14 54 50 25 21984 
14 55 5 25 21922 
14 55 20 25 21922 
14 55 35 25 21922 
14 55 50 25 21922 
14 56 5 25 21922 
14 56 20 25 21922 
14 56 35 25 21922 
14 56 50 25 21922 
14 57 5 25 21922 
14 57 20 25 21922 
14 57 35 25 21922 
14 57 50 25 21922 
14 58 5 25 21984 
14 58 20 25 21922 
14 58 35 25 21922 
14 58 50 25 21922 
14 59 5 25 21922 
14 59 20 25 21922 
14 59 35 25 21922 
14 59 50 25 21922 
15 0 5 25 21922 
15 1 35 25 21922 
15 1 50 25 21922 
15 2 5 25 21922 
15 2 20 25 21922 
15 2 35 25 21922 
15 2 50 25 21922 
15 3 5 25 21922 
15 3 20 25 21922 
15 3 35 25 21922 
15 3 50 25 21922 
15 4 5 25 21922 
15 4 20 25 21922 
15 4 35 25 21922 
15 4 50 25 21922 
15 5 5 25 21922 
15 5 20 25 21922 
15 5 35 25 21922 
15 5 50 25 21922 
15 6 5 25 21922 
15 6 20 25 21922 
15 6 35 25 21922 
15 6 50 25 21984 
15 7 5 25 21922 
15 7 20 25 21922 
15 7 35 25 21984 
15 7 50 25 21922 
15 8 5 25 21922 
15 8 20 25 21922 
15 8 35 25 21984 
15 8 50 25 21922 
15 9 5 25 21922 
15 9 20 25 21922 
15 9 35 25 21922 
15 9 50 25 21984 
15 10 5 25 21922 
15 10 20 25 21922 
15 10 35 25 21922 
15 10 50 25 21984 
15 11 5 25 21922 
15 11 20 25 21984 
15 11 35 25 21922 
15 11 50 25 21984 
15 12 5 25 21984 
15 12 20 25 21922 
15 12 35 25 21984 
15 12 50 25 21984 
15 13 15 3 18299 

/> 
read_ramp 10171309
read_ramp 10171309
<CR>Time:2021/10/17 15:01Ramp data first polarity: 
864 865 865 865 864 863 864 864 865 865 865 864 864 864 865 865 864 865 864 864 864 864 864 865 864 864 864 865 864 865 865 864 864 864 863 863 864 864 864 865 864 864 864 864 865 865 864 864 864 863 865 865 864 864 863 864 864 865 865 865 864 864 864 864 864 865 863 858 860 856 852 851 845 841 838 835 834 829 828 827 826 822 820 819 816 814 813 811 807 806 804 802 801 799 796 794 791 790 787 786 784 781 779 777 776 773 771 770 767 764 762 761 759 757 755 753 750 748 746 744 742 741 738 736 733 732 730 728 726 725 722 720 718 715 714 713 709 707 705 702 701 700 697 696 693 691 690 687 685 683 682 678 678 675 673 672 669 668 665 663 661 659 658 656 654 652 650 648 646 644 642 640 637 636 633 631 630 628 626 624 622 620 618 616 614 613 610 609 607 605 603 602 599 597 595 594 591 590 588 586 584 582 581 579 577 574 574 570 569 566 564 563 561 560 557 556 554 552 550 549 547 544 543 541 539 537 535 534 532 529 528 527 524 522 521 520 517 516 513 512 510 509 508 506 505 504 505 505 505 505 504 504 505 503 505 505 505 504 504 505 505 506 505 505 504 504 505 504 505 505 506 504 505 506 505 505 505 505 505 505 505 505 505 504 505 505 504 504 505 504 505 505 504 505 505 504 505 505 505 505 505 505 504 505 505 505 504 505 505 505 505 505 505 504 505 504 505 505 505 505 
ramp data second polarity
149 149 149 149 149 149 149 148 149 148 149 149 149 149 149 150 148 149 149 149 149 148 150 149 149 149 149 149 148 150 149 149 149 149 149 149 149 149 149 149 149 149 149 150 149 149 149 149 149 149 150 148 149 150 149 149 149 150 149 149 149 149 149 149 151 151 153 154 154 159 163 167 170 174 177 179 183 185 187 187 190 192 194 197 198 201 202 204 206 208 211 213 215 217 219 221 223 225 227 229 231 233 235 238 239 242 245 245 248 250 252 254 257 259 260 262 264 267 268 272 273 274 277 279 281 283 286 287 289 291 294 295 297 301 301 303 306 308 309 311 314 316 318 320 322 324 325 329 331 332 335 336 338 340 343 345 346 348 350 352 354 357 359 360 362 364 366 369 370 372 374 376 378 380 382 384 386 387 390 392 393 396 398 400 401 403 405 407 409 411 413 414 416 418 420 423 425 427 427 430 432 433 435 438 439 441 443 445 447 449 450 453 454 456 458 460 462 464 466 467 469 471 473 475 476 479 480 482 483 485 488 489 492 493 494 496 498 500 502 504 505 506 506 507 508 508 508 508 507 508 508 509 508 509 507 507 508 508 508 507 508 507 507 507 507 508 508 508 508 507 508 508 507 507 509 507 507 508 508 507 507 508 508 507 507 507 508 507 508 508 507 507 507 507 507 508 508 507 508 507 508 507 508 508 507 507 507 507 507 508 508 507 507 507 507 507 508 509 507 507 
Oscillation data first polarity :
152 154 158 161 164 168 172 175 179 181 182 184 186 189 191 193 195 197 199 201 203 205 208 209 211 213 215 217 219 222 223 226 227 229 232 234 236 238 239 242 244 246 248 251 253 254 256 258 261 263 266 266 269 271 273 276 277 280 282 283 285 288 290 291 295 295 298 301 302 305 307 308 310 312 315 316 318 321 323 324 327 328 330 332 335 338 339 340 342 345 346 350 352 353 355 357 359 361 363 364 366 368 370 373 374 377 378 380 382 384 387 388 391 392 394 396 398 400 402 404 405 407 409 410 413 415 418 419 420 422 424 427 429 431 431 433 436 438 439 442 444 445 447 448 451 453 456 457 458 459 462 464 466 468 469 471 473 475 477 478 481 482 483 485 488 490 491 494 495 496 499 500 502 503 505 506 506 506 507 507 507 509 508 507 507 505 508 507 508 507 507 507 507 508 508 507 507 507 507 507 507 508 508 507 507 508 507 507 507 508 507 507 507 508 508 507 508 508 508 507 507 507 508 507 507 507 507 507 508 508 508 506 507 507 507 509 508 508 507 507 507 507 508 507 507 507 507 507 508 508 508 508 507 507 508 507 507 508 508 507 508 507 507 508 507 508 508 507 507 507 507 507 508 507 507 508 507 507 508 507 507 507 507 508 507 508 507 507 507 507 508 507 507 507 507 507 507 507 507 508 507 507 507 507 507 507 508 507 507 507 507 507 507 509 507 507 507 507 507 507 
Oscillation data second polarity :
858 858 854 850 847 843 839 835 833 831 829 829 825 823 821 819 818 815 813 811 809 806 804 802 800 799 797 794 792 791 787 786 785 783 780 777 776 774 772 770 768 765 763 761 759 757 756 753 750 749 747 745 743 741 738 736 735 732 731 728 726 724 722 720 718 716 714 714 710 708 706 704 702 700 699 695 694 692 689 688 686 684 682 680 677 676 674 672 671 667 666 664 662 660 658 656 653 652 650 648 646 643 643 640 638 636 635 632 630 629 626 625 623 620 619 616 616 612 611 609 607 606 603 602 600 597 596 594 593 590 589 586 584 583 581 579 577 576 573 571 569 567 565 563 563 560 558 556 554 552 551 549 547 545 543 541 540 538 537 534 533 531 528 527 525 524 521 519 517 516 514 512 511 509 507 506 506 505 505 505 505 504 505 504 505 504 504 504 504 504 504 505 504 506 505 504 504 504 504 505 505 505 504 504 504 505 504 505 504 505 504 505 505 505 505 504 504 505 505 505 505 505 504 505 504 504 505 505 505 504 504 504 505 505 505 506 505 505 504 504 504 506 505 504 504 503 505 505 505 505 504 505 505 505 505 505 505 506 504 505 505 505 505 505 505 505 504 504 505 506 505 505 505 505 505 504 505 504 505 505 504 505 505 505 503 504 505 505 505 505 506 505 504 505 505 504 506 506 504 505 504 505 505 505 506 504 504 505 505 505 505 505 504 505 505 505 505 505 505 505 
/> 