ls

ls
<CR>
         TIME          Size       File name 
----A 2021/10/15 14:51      6312  1015
----A 2021/10/15 11:31    129280  10151115
----A 2021/10/15 11:47    128000  10151131
----A 2021/10/15 12:03    128640  10151147
----A 2021/10/15 12:19    128000  10151203
----A 2021/10/15 12:35    128000  10151219
----A 2021/10/15 12:51    128000  10151235
----A 2021/10/15 13:07    128000  10151251
----A 2021/10/15 13:23    128000  10151307
----A 2021/10/15 13:23      2560  10151323
----A 2021/10/15 14:23    128000  10151408
----A 2021/10/15 14:39    128000  10151424
----A 2021/10/15 14:40      2560  10151440
----A 2021/10/16 14:41      8744  1016
----A 2021/10/16 10:11    128000  10160953
----A 2021/10/16 10:27    128000  10161009
----A 2021/10/16 10:43    128000  10161025
----A 2021/10/16 10:59    128000  10161041
----A 2021/10/16 11:15    128000  10161057
----A 2021/10/16 11:31    128000  10161113
----A 2021/10/16 11:47    128000  10161129
----A 2021/10/16 12:03    128000  10161145
----A 2021/10/16 12:19    128000  10161201
----A 2021/10/16 12:35    128000  10161217
----A 2021/10/16 12:51    128000  10161233
----A 2021/10/16 13:07    128000  10161249
----A 2021/10/16 13:07      2560  10161305
----A 2021/10/16 13:59    128000  10161343
----A 2021/10/16 14:15    128000  10161359
----A 2021/10/16 14:31    128000  10161415
----A 2021/10/16 14:31      2560  10161431
----A 2021/10/17 15:13      9800  1017
----A 2021/10/17 10:12    128000  10170957
----A 2021/10/17 10:28    128000  10171013
----A 2021/10/17 10:44    128000  10171029
----A 2021/10/17 11:00    128000  10171045
----A 2021/10/17 11:16    128000  10171101
----A 2021/10/17 11:32    128000  10171117
----A 2021/10/17 11:48    128000  10171133
----A 2021/10/17 12:04    128000  10171149
----A 2021/10/17 12:20    128000  10171205
----A 2021/10/17 12:36    128000  10171221
----A 2021/10/17 12:52    128000  10171237
----A 2021/10/17 13:08    128000  10171253
----A 2021/10/17 13:24    128000  10171309
----A 2021/10/17 13:40    128000  10171325
----A 2021/10/17 13:56    128000  10171341
----A 2021/10/17 14:12    128000  10171357
----A 2021/10/17 14:28    128000  10171413
----A 2021/10/17 14:44    128000  10171429
----A 2021/10/17 15:00    128000  10171445
----A 2021/10/17 15:01      2560  10171501
----A 2021/10/18 15:03      9896  1018
----A 2021/10/18 09:59    128000  10180942
----A 2021/10/18 10:15    128000  10180958
----A 2021/10/18 10:31    128000  10181014
----A 2021/10/18 10:47    128000  10181030
----A 2021/10/18 11:03    128000  10181046
----A 2021/10/18 11:19    128000  10181102
----A 2021/10/18 11:35    128000  10181118
----A 2021/10/18 11:51    128000  10181134
----A 2021/10/18 12:07    128000  10181150
----A 2021/10/18 12:23    128000  10181206
----A 2021/10/18 12:39    128000  10181222
----A 2021/10/18 12:55    128000  10181238
----A 2021/10/18 13:11    128000  10181254
----A 2021/10/18 13:27    128000  10181310
----A 2021/10/18 13:43    128000  10181326
----A 2021/10/18 13:59    128000  10181342
----A 2021/10/18 14:15    128000  10181358
----A 2021/10/18 14:31    128000  10181414
----A 2021/10/18 14:47    128000  10181430
----A 2021/10/18 15:03    103040  10181446

  73 File(s),   8216512 bytes total
   0 Dir(s),     992256K bytes free

/> 
read 1018
read 1018
<CR>Time:2021/10/18 15:03
Hours Minutes Seconds  Nb_Samples    Aver. Current 
9 27 54 25 15413 
9 28 9 24 17747 
9 28 24 25 19712 
9 28 39 25 20878 
9 28 54 25 21063 
9 29 9 25 21063 
9 29 24 25 21001 
9 29 39 25 21063 
9 29 54 25 21063 
9 30 9 25 21001 
9 30 24 25 21063 
9 30 39 25 21001 
9 30 54 25 21001 
9 31 9 25 21001 
9 31 24 25 21001 
9 31 39 25 21001 
9 31 54 25 21001 
9 32 9 25 21001 
9 32 24 25 21001 
9 32 39 25 21001 
9 32 54 25 21001 
9 33 9 25 21001 
9 33 24 25 21001 
9 33 39 25 21001 
9 33 54 25 21001 
9 34 9 25 21001 
9 34 24 25 21001 
9 34 39 25 21001 
9 34 54 25 21001 
9 35 9 25 21001 
9 35 24 25 21001 
9 35 39 25 21001 
9 35 54 25 21001 
9 36 9 25 21001 
9 36 24 25 21001 
9 36 39 25 21001 
9 36 54 25 20940 
9 37 9 25 20940 
9 37 24 25 21001 
9 37 39 25 20940 
9 37 54 25 20940 
9 38 9 25 20940 
9 38 24 25 21001 
9 38 39 25 20940 
9 38 54 25 20940 
9 39 9 25 20940 
9 39 24 25 20940 
9 39 39 25 20940 
9 39 54 25 20940 
9 40 9 25 20940 
9 40 24 25 20940 
9 40 39 25 20940 
9 40 54 25 20940 
9 41 9 25 20940 
9 41 24 25 20940 
9 41 39 25 20940 
9 41 54 25 20940 
9 43 25 25 20940 
9 43 40 25 20940 
9 43 55 25 20940 
9 44 10 25 20940 
9 44 25 25 20940 
9 44 40 25 20940 
9 44 55 25 20940 
9 45 10 25 20940 
9 45 25 25 20940 
9 45 40 25 20940 
9 45 55 25 20940 
9 46 10 25 20940 
9 46 25 25 20940 
9 46 40 25 20940 
9 46 55 25 20940 
9 47 10 25 20940 
9 47 25 25 20940 
9 47 40 25 20940 
9 47 55 25 20940 
9 48 10 25 20940 
9 48 25 25 20940 
9 48 40 25 20940 
9 48 55 25 20940 
9 49 10 25 20940 
9 49 25 25 20940 
9 49 40 25 20940 
9 49 55 25 20940 
9 50 10 25 20940 
9 50 25 25 20940 
9 50 40 25 20940 
9 50 55 25 20940 
9 51 10 25 20940 
9 51 25 25 20940 
9 51 40 25 20940 
9 51 55 25 20940 
9 52 10 25 20940 
9 52 25 25 20940 
9 52 40 25 20940 
9 52 55 25 20940 
9 53 10 25 20940 
9 53 25 25 20940 
9 53 40 25 20940 
9 53 55 25 20940 
9 54 10 25 20940 
9 54 25 25 20940 
9 54 40 25 20940 
9 54 55 25 20940 
9 55 10 25 20940 
9 55 25 25 20940 
9 55 40 25 20940 
9 55 55 25 20940 
9 56 10 25 20940 
9 56 25 25 20940 
9 56 40 25 20940 
9 56 55 25 20940 
9 57 10 25 20940 
9 57 25 25 20940 
9 57 40 25 20940 
9 57 55 25 20940 
9 59 25 25 20940 
9 59 40 25 20940 
9 59 55 25 20940 
10 0 10 25 20940 
10 0 25 25 20940 
10 0 40 25 20940 
10 0 55 25 20940 
10 1 10 25 20940 
10 1 25 25 20940 
10 1 40 25 20940 
10 1 55 25 20940 
10 2 10 25 20940 
10 2 25 25 20940 
10 2 40 25 20940 
10 2 55 25 20940 
10 3 10 25 20940 
10 3 25 25 20940 
10 3 40 25 20940 
10 3 55 25 20940 
10 4 10 25 20940 
10 4 25 25 20940 
10 4 40 25 20940 
10 4 55 25 20940 
10 5 10 25 20940 
10 5 25 25 20940 
10 5 40 25 20940 
10 5 55 25 20940 
10 6 10 25 20940 
10 6 25 25 20940 
10 6 40 25 20940 
10 6 55 25 20940 
10 7 10 25 20940 
10 7 25 25 20940 
10 7 40 25 20940 
10 7 55 25 20940 
10 8 10 25 20940 
10 8 25 25 20940 
10 8 40 25 20940 
10 8 55 25 20940 
10 9 10 25 20940 
10 9 25 25 20940 
10 9 40 25 20940 
10 9 55 25 20940 
10 10 10 25 20940 
10 10 25 25 20940 
10 10 40 25 20940 
10 10 55 25 20940 
10 11 10 25 20940 
10 11 25 25 20940 
10 11 40 25 20940 
10 11 55 25 20940 
10 12 10 25 20940 
10 12 25 25 20940 
10 12 40 25 20940 
10 12 55 25 20940 
10 13 10 25 20940 
10 13 25 25 20940 
10 13 40 25 20940 
10 13 55 25 20940 
10 15 25 25 20940 
10 15 40 25 20940 
10 15 55 25 20940 
10 16 10 25 20940 
10 16 25 25 20940 
10 16 40 25 20940 
10 16 55 25 20940 
10 17 10 25 20940 
10 17 25 25 20940 
10 17 40 25 20940 
10 17 55 25 20940 
10 18 10 25 20940 
10 18 25 25 20940 
10 18 40 25 20940 
10 18 55 25 20940 
10 19 10 25 20940 
10 19 25 25 20940 
10 19 40 25 20940 
10 19 55 25 20940 
10 20 10 25 20940 
10 20 25 25 20940 
10 20 40 25 20940 
10 20 55 25 20940 
10 21 10 25 20940 
10 21 25 25 20940 
10 21 40 25 20940 
10 21 55 25 20940 
10 22 10 25 20940 
10 22 25 25 20940 
10 22 40 25 20940 
10 22 55 25 20940 
10 23 10 25 20940 
10 23 25 25 20940 
10 23 40 25 20940 
10 23 55 25 20940 
10 24 10 25 20940 
10 24 25 25 20940 
10 24 40 25 20940 
10 24 55 25 20940 
10 25 10 25 20940 
10 25 25 25 20940 
10 25 40 25 20940 
10 25 55 25 20940 
10 26 10 25 20940 
10 26 25 25 20940 
10 26 40 25 20940 
10 26 55 25 20940 
10 27 10 25 20940 
10 27 25 25 20940 
10 27 40 25 20940 
10 27 55 25 20940 
10 28 10 25 20940 
10 28 25 25 20940 
10 28 40 25 20940 
10 28 55 25 20940 
10 29 10 25 20940 
10 29 25 25 20940 
10 29 40 25 20940 
10 29 55 25 20940 
10 31 25 25 20940 
10 31 40 25 20940 
10 31 55 25 20940 
10 32 10 25 20940 
10 32 25 25 20940 
10 32 40 25 20940 
10 32 55 25 20940 
10 33 10 25 20940 
10 33 25 25 20940 
10 33 40 25 20940 
10 33 55 25 20940 
10 34 10 25 20940 
10 34 25 25 20940 
10 34 40 25 20940 
10 34 55 25 20940 
10 35 10 25 20940 
10 35 25 25 20940 
10 35 40 25 20940 
10 35 55 25 20940 
10 36 10 25 20940 
10 36 25 25 20940 
10 36 40 25 20940 
10 36 55 25 20940 
10 37 10 25 20940 
10 37 25 25 20940 
10 37 40 25 20940 
10 37 55 25 20940 
10 38 10 25 20940 
10 38 25 25 20940 
10 38 40 25 20940 
10 38 55 25 20940 
10 39 10 25 20940 
10 39 25 25 20940 
10 39 40 25 20940 
10 39 55 25 20940 
10 40 10 25 20940 
10 40 25 25 20940 
10 40 40 25 20940 
10 40 55 25 20940 
10 41 10 25 20940 
10 41 25 25 20940 
10 41 40 25 20940 
10 41 55 25 20940 
10 42 10 25 20940 
10 42 25 25 20940 
10 42 40 25 20940 
10 42 55 25 20940 
10 43 10 25 20940 
10 43 25 25 20940 
10 43 40 25 20940 
10 43 55 25 20940 
10 44 10 25 20940 
10 44 25 25 20940 
10 44 40 25 20940 
10 44 55 25 20940 
10 45 10 25 20940 
10 45 25 25 20940 
10 45 40 25 20940 
10 45 55 25 20940 
10 47 25 25 20940 
10 47 40 25 20940 
10 47 55 25 20940 
10 48 10 25 20940 
10 48 25 25 20940 
10 48 40 25 20940 
10 48 55 25 20940 
10 49 10 25 20940 
10 49 25 25 20940 
10 49 40 25 20940 
10 49 55 25 20940 
10 50 10 25 20940 
10 50 25 25 20940 
10 50 40 25 20940 
10 50 55 25 20940 
10 51 10 25 20940 
10 51 25 25 20940 
10 51 40 25 20940 
10 51 55 25 20940 
10 52 10 25 20940 
10 52 25 25 20940 
10 52 40 25 20940 
10 52 55 25 20940 
10 53 10 25 20940 
10 53 25 25 20940 
10 53 40 25 20940 
10 53 55 25 20940 
10 54 10 25 20940 
10 54 25 25 20940 
10 54 40 25 20940 
10 54 55 25 20940 
10 55 10 25 20940 
10 55 25 25 20940 
10 55 40 25 20940 
10 55 55 25 20940 
10 56 10 25 20940 
10 56 25 25 20940 
10 56 40 25 20940 
10 56 55 25 20940 
10 57 10 25 20940 
10 57 25 25 20940 
10 57 40 25 20940 
10 57 55 25 20940 
10 58 10 25 20940 
10 58 25 25 20940 
10 58 40 25 20940 
10 58 55 25 20940 
10 59 10 25 20940 
10 59 25 25 20940 
10 59 40 25 20940 
10 59 55 25 20940 
11 0 10 25 20940 
11 0 25 25 20940 
11 0 40 25 20940 
11 0 55 25 20940 
11 1 10 25 20940 
11 1 25 25 20940 
11 1 40 25 20940 
11 1 55 25 20940 
11 3 26 25 20940 
11 3 41 25 20940 
11 3 56 25 20940 
11 4 11 25 20940 
11 4 26 25 20940 
11 4 41 25 20940 
11 4 56 25 20940 
11 5 11 25 20940 
11 5 26 25 20940 
11 5 41 25 20940 
11 5 56 25 20940 
11 6 11 25 20940 
11 6 26 25 20940 
11 6 41 25 20940 
11 6 56 25 20940 
11 7 11 25 20940 
11 7 26 25 20940 
11 7 41 25 20940 
11 7 56 25 20940 
11 8 11 25 20940 
11 8 26 25 20940 
11 8 41 25 20940 
11 8 56 25 20940 
11 9 11 25 20940 
11 9 26 25 20940 
11 9 41 25 20940 
11 9 56 25 20940 
11 10 11 25 20940 
11 10 26 25 20940 
11 10 41 25 20940 
11 10 56 25 20940 
11 11 11 25 20940 
11 11 26 25 20940 
11 11 41 25 20940 
11 11 56 25 20940 
11 12 11 25 20940 
11 12 26 25 20940 
11 12 41 25 20940 
11 12 56 25 20940 
11 13 11 25 20940 
11 13 26 25 20940 
11 13 41 25 20940 
11 13 56 25 20940 
11 14 11 25 20940 
11 14 26 25 20940 
11 14 41 25 20940 
11 14 56 25 20940 
11 15 11 25 20940 
11 15 26 25 20940 
11 15 41 25 20940 
11 15 56 25 20940 
11 16 11 25 20940 
11 16 26 25 20940 
11 16 41 25 20940 
11 16 56 25 20940 
11 17 11 25 20940 
11 17 26 25 20940 
11 17 41 25 20940 
11 17 56 25 20940 
11 19 26 25 20940 
11 19 41 25 20940 
11 19 56 25 20940 
11 20 11 25 20940 
11 20 26 25 20940 
11 20 41 25 20940 
11 20 56 25 20940 
11 21 11 25 20940 
11 21 26 25 20940 
11 21 41 25 20940 
11 21 56 25 20940 
11 22 11 25 20940 
11 22 26 25 20940 
11 22 41 25 20940 
11 22 56 25 20940 
11 23 11 25 20940 
11 23 26 25 20940 
11 23 41 25 20940 
11 23 56 25 20940 
11 24 11 25 20940 
11 24 26 25 20940 
11 24 41 25 20940 
11 24 56 25 20940 
11 25 11 25 20940 
11 25 26 25 20940 
11 25 41 25 20940 
11 25 56 25 20940 
11 26 11 25 20940 
11 26 26 25 20940 
11 26 41 25 20940 
11 26 56 25 20940 
11 27 11 25 20940 
11 27 26 25 20940 
11 27 41 25 20940 
11 27 56 25 20940 
11 28 11 25 20940 
11 28 26 25 20940 
11 28 41 25 20940 
11 28 56 25 20940 
11 29 11 25 20940 
11 29 26 25 20940 
11 29 41 25 20940 
11 29 56 25 20940 
11 30 11 25 20940 
11 30 26 25 20940 
11 30 41 25 20940 
11 30 56 25 20940 
11 31 11 25 20940 
11 31 26 25 20940 
11 31 41 25 20940 
11 31 56 25 20940 
11 32 11 25 20940 
11 32 26 25 20940 
11 32 41 25 20940 
11 32 56 25 20940 
11 33 11 25 20940 
11 33 26 25 20940 
11 33 41 25 20940 
11 33 56 25 20940 
11 35 26 25 20940 
11 35 41 25 20940 
11 35 56 25 20940 
11 36 11 25 20940 
11 36 26 25 20940 
11 36 41 25 20940 
11 36 56 25 20940 
11 37 11 25 20940 
11 37 26 25 20940 
11 37 41 25 20940 
11 37 56 25 20940 
11 38 11 25 20940 
11 38 26 25 20940 
11 38 41 25 20940 
11 38 56 25 20940 
11 39 11 25 20940 
11 39 26 25 20940 
11 39 41 25 20940 
11 39 56 25 20940 
11 40 11 25 20940 
11 40 26 25 20940 
11 40 41 25 20940 
11 40 56 25 20940 
11 41 11 25 20940 
11 41 26 25 20940 
11 41 41 25 20940 
11 41 56 25 20940 
11 42 11 25 20940 
11 42 26 25 20940 
11 42 41 25 20940 
11 42 56 25 20940 
11 43 11 25 20940 
11 43 26 25 20940 
11 43 41 25 20940 
11 43 56 25 20940 
11 44 11 25 20940 
11 44 26 25 20940 
11 44 41 25 20940 
11 44 56 25 20940 
11 45 11 25 20940 
11 45 26 25 20940 
11 45 41 25 20940 
11 45 56 25 20940 
11 46 11 25 20940 
11 46 26 25 20940 
11 46 41 25 20940 
11 46 56 25 20940 
11 47 11 25 20940 
11 47 26 25 20940 
11 47 41 25 20940 
11 47 56 25 20940 
11 48 11 25 20940 
11 48 26 25 20940 
11 48 41 25 20940 
11 48 56 25 20940 
11 49 11 25 20940 
11 49 26 25 20940 
11 49 41 25 20940 
11 49 56 25 20940 
11 51 26 25 20940 
11 51 41 25 20940 
11 51 56 25 20940 
11 52 11 25 20940 
11 52 26 25 20940 
11 52 41 25 20940 
11 52 56 25 20940 
11 53 11 25 20940 
11 53 26 25 20940 
11 53 41 25 20940 
11 53 56 25 20940 
11 54 11 25 20940 
11 54 26 25 20940 
11 54 41 25 20940 
11 54 56 25 20940 
11 55 11 25 20940 
11 55 26 25 20940 
11 55 41 25 20940 
11 55 56 25 20940 
11 56 11 25 20940 
11 56 26 25 20940 
11 56 41 25 20940 
11 56 56 25 20940 
11 57 11 25 20940 
11 57 26 25 20940 
11 57 41 25 20940 
11 57 56 25 20940 
11 58 11 25 20940 
11 58 26 25 20940 
11 58 41 25 20940 
11 58 56 25 20940 
11 59 11 25 20940 
11 59 26 25 20940 
11 59 41 25 20940 
11 59 56 25 20940 
12 0 11 25 20940 
12 0 26 25 20940 
12 0 41 25 20940 
12 0 56 25 20940 
12 1 11 25 20940 
12 1 26 25 20940 
12 1 41 25 20940 
12 1 56 25 20940 
12 2 11 25 20940 
12 2 26 25 20940 
12 2 41 25 20940 
12 2 56 25 20940 
12 3 11 25 20940 
12 3 26 25 20940 
12 3 41 25 20940 
12 3 56 25 20940 
12 4 11 25 20940 
12 4 26 25 20940 
12 4 41 25 20940 
12 4 56 25 20940 
12 5 11 25 20940 
12 5 26 25 20940 
12 5 41 25 20940 
12 5 56 25 20940 
12 7 26 25 20940 
12 7 41 25 20940 
12 7 56 25 20940 
12 8 11 25 20940 
12 8 26 25 20940 
12 8 41 25 20940 
12 8 56 25 20940 
12 9 11 25 20940 
12 9 26 25 20940 
12 9 41 25 20940 
12 9 56 25 20940 
12 10 11 25 20940 
12 10 26 25 20940 
12 10 41 25 20940 
12 10 56 25 20940 
12 11 11 25 20940 
12 11 26 25 20940 
12 11 41 25 20940 
12 11 56 25 20940 
12 12 11 25 20940 
12 12 26 25 20940 
12 12 41 25 20940 
12 12 56 25 20940 
12 13 11 25 20940 
12 13 26 25 20940 
12 13 41 25 20940 
12 13 56 25 20940 
12 14 11 25 20940 
12 14 26 25 20940 
12 14 41 25 20940 
12 14 56 25 20940 
12 15 11 25 20940 
12 15 26 25 20940 
12 15 41 25 20940 
12 15 56 25 20940 
12 16 11 25 20940 
12 16 26 25 20940 
12 16 41 25 20940 
12 16 56 25 20940 
12 17 11 25 20940 
12 17 26 25 20940 
12 17 41 25 20940 
12 17 56 25 20940 
12 18 11 25 20940 
12 18 26 25 20940 
12 18 41 25 20940 
12 18 56 25 20940 
12 19 11 25 20940 
12 19 26 25 20940 
12 19 41 25 20940 
12 19 56 25 20940 
12 20 11 25 20940 
12 20 26 25 20940 
12 20 41 25 20940 
12 20 56 25 20940 
12 21 11 25 20940 
12 21 26 25 20940 
12 21 41 25 20940 
12 21 56 25 20940 
12 23 26 25 20940 
12 23 41 25 20940 
12 23 56 25 20940 
12 24 11 25 20940 
12 24 26 25 20940 
12 24 41 25 20940 
12 24 56 25 20940 
12 25 11 25 20940 
12 25 26 25 20940 
12 25 41 25 20940 
12 25 56 25 20940 
12 26 11 25 20940 
12 26 26 25 20940 
12 26 41 25 20940 
12 26 56 25 20940 
12 27 11 25 20940 
12 27 26 25 20940 
12 27 41 25 20940 
12 27 56 25 20940 
12 28 11 25 20940 
12 28 26 25 20940 
12 28 41 25 20940 
12 28 56 25 20940 
12 29 11 25 20940 
12 29 26 25 20940 
12 29 41 25 20940 
12 29 56 25 20940 
12 30 11 25 20940 
12 30 26 25 20940 
12 30 41 25 20940 
12 30 56 25 20940 
12 31 11 25 20940 
12 31 26 25 20940 
12 31 41 25 20940 
12 31 56 25 20940 
12 32 11 25 20940 
12 32 26 25 20940 
12 32 41 25 20940 
12 32 56 25 20940 
12 33 11 25 20940 
12 33 26 25 20940 
12 33 41 25 20940 
12 33 56 25 20940 
12 34 11 25 20940 
12 34 26 25 20940 
12 34 41 25 20940 
12 34 56 25 20940 
12 35 11 25 20940 
12 35 26 25 20940 
12 35 41 25 20940 
12 35 56 25 20940 
12 36 11 25 20940 
12 36 26 25 20940 
12 36 41 25 20940 
12 36 56 25 20940 
12 37 11 25 20940 
12 37 26 25 20940 
12 37 41 25 20940 
12 37 56 25 20940 
12 39 26 25 20940 
12 39 41 25 20940 
12 39 56 25 20940 
12 40 11 25 20940 
12 40 26 25 20940 
12 40 41 25 20940 
12 40 56 25 20940 
12 41 11 25 20940 
12 41 26 25 20940 
12 41 41 25 20940 
12 41 56 25 20940 
12 42 11 25 20940 
12 42 26 25 20940 
12 42 41 25 20940 
12 42 56 25 20940 
12 43 11 25 20940 
12 43 26 25 20940 
12 43 41 25 20940 
12 43 56 25 20940 
12 44 11 25 20940 
12 44 26 25 20878 
12 44 41 25 20940 
12 44 56 25 20940 
12 45 11 25 20940 
12 45 26 25 20940 
12 45 41 25 20940 
12 45 56 25 20940 
12 46 11 25 20940 
12 46 26 25 20940 
12 46 41 25 20940 
12 46 56 25 20940 
12 47 11 25 20940 
12 47 26 25 20878 
12 47 41 25 20940 
12 47 56 25 20940 
12 48 11 25 20940 
12 48 26 25 20940 
12 48 41 25 20940 
12 48 56 25 20940 
12 49 11 25 20940 
12 49 26 25 20878 
12 49 41 25 20940 
12 49 56 25 20940 
12 50 11 25 20940 
12 50 26 25 20940 
12 50 41 25 20940 
12 50 56 25 20940 
12 51 11 25 20940 
12 51 26 25 20940 
12 51 41 25 20940 
12 51 56 25 20940 
12 52 11 25 20940 
12 52 26 25 20940 
12 52 41 25 20940 
12 52 56 25 20940 
12 53 11 25 20940 
12 53 26 25 20940 
12 53 41 25 20940 
12 53 56 25 20940 
12 55 26 25 20940 
12 55 41 25 20940 
12 55 56 25 20940 
12 56 11 25 20940 
12 56 26 25 20940 
12 56 41 25 20940 
12 56 56 25 20940 
12 57 11 25 20940 
12 57 26 25 20940 
12 57 41 25 20940 
12 57 56 25 20940 
12 58 11 25 20940 
12 58 26 25 20940 
12 58 41 25 20940 
12 58 56 25 20940 
12 59 11 25 20878 
12 59 26 25 20940 
12 59 41 25 20940 
12 59 56 25 20878 
13 0 11 25 20940 
13 0 26 25 20878 
13 0 41 25 20940 
13 0 56 25 20878 
13 1 11 25 20940 
13 1 26 25 20940 
13 1 41 25 20940 
13 1 56 25 20940 
13 2 11 25 20940 
13 2 26 25 20878 
13 2 41 25 20940 
13 2 56 25 20878 
13 3 11 25 20878 
13 3 26 25 20878 
13 3 41 25 20878 
13 3 56 25 20940 
13 4 11 25 20940 
13 4 26 25 20940 
13 4 41 25 20940 
13 4 56 25 20940 
13 5 11 25 20878 
13 5 26 25 20940 
13 5 41 25 20878 
13 5 56 25 20940 
13 6 11 25 20878 
13 6 26 25 20878 
13 6 41 25 20940 
13 6 56 25 20878 
13 7 11 25 20878 
13 7 26 25 20940 
13 7 41 25 20878 
13 7 56 25 20878 
13 8 11 25 20878 
13 8 26 25 20878 
13 8 41 25 20878 
13 8 56 25 20878 
13 9 11 25 20940 
13 9 26 25 20878 
13 9 41 25 20878 
13 9 56 25 20878 
13 11 26 25 20878 
13 11 41 25 20878 
13 11 56 25 20878 
13 12 11 25 20878 
13 12 26 25 20940 
13 12 41 25 20878 
13 12 56 25 20878 
13 13 11 25 20878 
13 13 26 25 20878 
13 13 41 25 20878 
13 13 56 25 20878 
13 14 11 25 20878 
13 14 26 25 20878 
13 14 41 25 20878 
13 14 56 25 20878 
13 15 11 25 20878 
13 15 26 25 20878 
13 15 41 25 20878 
13 15 56 25 20878 
13 16 11 25 20878 
13 16 26 25 20878 
13 16 41 25 20878 
13 16 56 25 20878 
13 17 11 25 20878 
13 17 26 25 20878 
13 17 41 25 20878 
13 17 56 25 20878 
13 18 11 25 20878 
13 18 26 25 20878 
13 18 41 25 20878 
13 18 56 25 20878 
13 19 11 25 20878 
13 19 26 25 20878 
13 19 41 25 20878 
13 19 56 25 20878 
13 20 11 26 20878 
13 20 26 25 20878 
13 20 41 25 20878 
13 20 56 25 20878 
13 21 11 25 20878 
13 21 26 25 20878 
13 21 41 25 20878 
13 21 56 25 20878 
13 22 11 25 20878 
13 22 26 25 20878 
13 22 41 25 20878 
13 22 56 25 20878 
13 23 11 25 20878 
13 23 26 25 20878 
13 23 41 25 20878 
13 23 56 25 20878 
13 24 11 25 20878 
13 24 26 25 20878 
13 24 41 25 20878 
13 24 56 25 20878 
13 25 11 25 20878 
13 25 26 25 20878 
13 25 41 25 20878 
13 25 56 25 20878 
13 27 26 25 20878 
13 27 41 25 20878 
13 27 56 25 20878 
13 28 11 25 20878 
13 28 26 25 20878 
13 28 41 25 20878 
13 28 56 25 20878 
13 29 11 25 20878 
13 29 26 25 20878 
13 29 41 25 20878 
13 29 56 25 20878 
13 30 11 25 20878 
13 30 26 25 20878 
13 30 41 25 20878 
13 30 56 25 20878 
13 31 11 25 20878 
13 31 26 25 20878 
13 31 41 25 20878 
13 31 56 25 20878 
13 32 11 25 20878 
13 32 26 25 20878 
13 32 41 25 20878 
13 32 56 25 20878 
13 33 11 25 20878 
13 33 26 25 20878 
13 33 41 25 20878 
13 33 56 25 20878 
13 34 11 25 20878 
13 34 26 25 20878 
13 34 41 25 20878 
13 34 56 25 20878 
13 35 11 25 20878 
13 35 26 25 20878 
13 35 41 25 20878 
13 35 56 25 20878 
13 36 11 25 20878 
13 36 26 25 20878 
13 36 41 25 20878 
13 36 56 25 20878 
13 37 11 25 20878 
13 37 26 25 20878 
13 37 41 25 20878 
13 37 56 25 20878 
13 38 11 25 20878 
13 38 26 25 20878 
13 38 41 25 20878 
13 38 56 25 20878 
13 39 11 25 20878 
13 39 26 25 20878 
13 39 41 25 20878 
13 39 56 25 20878 
13 40 11 25 20878 
13 40 26 25 20878 
13 40 41 25 20878 
13 40 56 25 20878 
13 41 11 25 20878 
13 41 26 25 20878 
13 41 41 25 20878 
13 41 56 25 20878 
13 43 26 25 20878 
13 43 41 25 20878 
13 43 56 25 20878 
13 44 11 25 20878 
13 44 26 25 20878 
13 44 41 25 20878 
13 44 56 25 20878 
13 45 11 25 20878 
13 45 26 25 20878 
13 45 41 25 20878 
13 45 56 25 20878 
13 46 11 25 20878 
13 46 26 25 20878 
13 46 41 25 20878 
13 46 56 25 20878 
13 47 11 25 20878 
13 47 26 25 20878 
13 47 41 25 20878 
13 47 56 25 20878 
13 48 11 25 20878 
13 48 26 25 20878 
13 48 41 25 20878 
13 48 56 25 20878 
13 49 11 25 20878 
13 49 26 25 20878 
13 49 41 25 20878 
13 49 56 25 20878 
13 50 11 25 20878 
13 50 26 25 20878 
13 50 41 25 20878 
13 50 56 25 20878 
13 51 11 25 20878 
13 51 26 25 20878 
13 51 41 25 20878 
13 51 56 25 20878 
13 52 11 25 20878 
13 52 26 25 20878 
13 52 41 25 20878 
13 52 56 25 20878 
13 53 11 25 20878 
13 53 26 25 20878 
13 53 41 25 20878 
13 53 56 25 20878 
13 54 11 25 20878 
13 54 26 25 20878 
13 54 41 25 20878 
13 54 56 25 20878 
13 55 11 25 20878 
13 55 26 25 20878 
13 55 41 25 20878 
13 55 56 25 20878 
13 56 11 25 20878 
13 56 26 25 20878 
13 56 41 25 20878 
13 56 56 25 20878 
13 57 11 25 20878 
13 57 26 25 20878 
13 57 41 25 20878 
13 57 56 25 20878 
13 59 26 25 20878 
13 59 41 25 20878 
13 59 56 25 20878 
14 0 11 25 20878 
14 0 26 25 20878 
14 0 41 25 20878 
14 0 56 25 20878 
14 1 11 25 20878 
14 1 26 25 20878 
14 1 41 25 20878 
14 1 56 25 20878 
14 2 11 25 20878 
14 2 26 25 20878 
14 2 41 25 20878 
14 2 56 25 20878 
14 3 11 25 20878 
14 3 26 25 20878 
14 3 41 25 20878 
14 3 56 25 20878 
14 4 11 25 20878 
14 4 26 25 20878 
14 4 41 25 20878 
14 4 56 25 20878 
14 5 11 25 20878 
14 5 26 25 20878 
14 5 41 25 20878 
14 5 56 25 20878 
14 6 11 25 20878 
14 6 26 25 20878 
14 6 41 25 20878 
14 6 56 25 20878 
14 7 11 25 20878 
14 7 26 25 20878 
14 7 41 25 20878 
14 7 56 25 20878 
14 8 11 25 20878 
14 8 26 25 20878 
14 8 41 25 20878 
14 8 56 25 20878 
14 9 11 25 20878 
14 9 26 25 20878 
14 9 41 25 20878 
14 9 56 25 20878 
14 10 11 25 20878 
14 10 26 25 20878 
14 10 41 25 20878 
14 10 56 25 20878 
14 11 11 25 20878 
14 11 26 25 20878 
14 11 41 25 20878 
14 11 56 25 20878 
14 12 11 25 20878 
14 12 26 25 20878 
14 12 41 25 20878 
14 12 56 25 20878 
14 13 11 25 20878 
14 13 26 25 20878 
14 13 41 25 20878 
14 13 56 25 20878 
14 15 26 25 20878 
14 15 41 25 20878 
14 15 56 25 20878 
14 16 11 25 20878 
14 16 26 25 20878 
14 16 41 25 20878 
14 16 56 25 20878 
14 17 11 25 20878 
14 17 26 25 20878 
14 17 41 25 20878 
14 17 56 25 20878 
14 18 11 25 20878 
14 18 26 25 20878 
14 18 41 25 20878 
14 18 56 25 20878 
14 19 11 25 20878 
14 19 26 25 20878 
14 19 41 25 20878 
14 19 56 25 20878 
14 20 11 25 20878 
14 20 26 25 20878 
14 20 41 25 20878 
14 20 56 25 20878 
14 21 11 25 20878 
14 21 26 25 20878 
14 21 41 25 20878 
14 21 56 25 20878 
14 22 11 25 20878 
14 22 26 25 20878 
14 22 41 25 20878 
14 22 56 25 20878 
14 23 11 25 20878 
14 23 26 25 20878 
14 23 41 25 20878 
14 23 56 25 20878 
14 24 11 25 20878 
14 24 26 25 20878 
14 24 41 25 20878 
14 24 56 25 20878 
14 25 11 25 20878 
14 25 26 25 20878 
14 25 41 25 20878 
14 25 56 25 20878 
14 26 11 25 20878 
14 26 26 25 20878 
14 26 41 25 20878 
14 26 56 25 20878 
14 27 11 25 20878 
14 27 26 25 20878 
14 27 41 25 20878 
14 27 56 25 20878 
14 28 11 25 20878 
14 28 26 25 20878 
14 28 41 25 20878 
14 28 56 25 20878 
14 29 11 25 20878 
14 29 26 25 20878 
14 29 41 25 20878 
14 29 56 25 20878 
14 31 26 25 20878 
14 31 41 25 20878 
14 31 56 25 20878 
14 32 11 25 20878 
14 32 26 25 20878 
14 32 41 25 20878 
14 32 56 25 20878 
14 33 11 25 20878 
14 33 26 25 20878 
14 33 41 25 20878 
14 33 56 25 20878 
14 34 11 25 20878 
14 34 26 25 20878 
14 34 41 25 20878 
14 34 56 25 20878 
14 35 11 25 20878 
14 35 26 25 20878 
14 35 41 25 20878 
14 35 56 25 20878 
14 36 11 25 20878 
14 36 26 25 20878 
14 36 41 25 20878 
14 36 56 25 20878 
14 37 11 25 20878 
14 37 26 25 20878 
14 37 41 25 20878 
14 37 56 25 20878 
14 38 11 25 20878 
14 38 26 25 20878 
14 38 41 25 20878 
14 38 56 25 20878 
14 39 11 25 20878 
14 39 26 25 20878 
14 39 41 25 20878 
14 39 56 25 20878 
14 40 11 25 20878 
14 40 26 25 20878 
14 40 41 25 20878 
14 40 56 25 20878 
14 41 11 25 20878 
14 41 26 25 20878 
14 41 41 25 20878 
14 41 56 25 20878 
14 42 11 25 20878 
14 42 26 25 20878 
14 42 41 25 20878 
14 42 56 25 20878 
14 43 11 25 20878 
14 43 26 25 20878 
14 43 41 25 20878 
14 43 56 25 20878 
14 44 11 25 20878 
14 44 26 25 20878 
14 44 41 25 20878 
14 44 56 25 20878 
14 45 11 25 20878 
14 45 26 25 20878 
14 45 41 25 20878 
14 45 56 25 20878 
14 47 26 25 20878 
14 47 41 25 20878 
14 47 56 25 20878 
14 48 11 25 20878 
14 48 26 25 20878 
14 48 41 25 20878 
14 48 56 25 20878 
14 49 11 25 20878 
14 49 26 25 20878 
14 49 41 25 20878 
14 49 56 25 20878 
14 50 11 25 20878 
14 50 26 25 20878 
14 50 41 25 20878 
14 50 56 25 20878 
14 51 11 25 20878 
14 51 26 25 20878 
14 51 41 25 20878 
14 51 56 25 20878 
14 52 11 25 20878 
14 52 26 25 20878 
14 52 41 25 20878 
14 52 56 25 20878 
14 53 11 25 20878 
14 53 26 25 20878 
14 53 41 25 20878 
14 53 56 25 20878 
14 54 11 25 20878 
14 54 26 25 20878 
14 54 41 25 20878 
14 54 56 25 20878 
14 55 11 25 20878 
14 55 26 25 20878 
14 55 41 25 20878 
14 55 56 25 20878 
14 56 11 25 20878 
14 56 26 25 20878 
14 56 41 25 20878 
14 56 56 25 20878 
14 57 11 25 20878 
14 57 26 25 20878 
14 57 41 25 20878 
14 57 56 25 20878 
14 58 11 25 20878 
14 58 26 25 20878 
14 58 41 25 20878 
14 58 56 25 20878 
14 59 11 25 20878 
14 59 26 25 20878 
14 59 41 25 20878 
14 59 56 25 20878 
15 0 11 25 20878 
15 0 26 25 20878 
15 0 41 25 20878 
15 0 56 25 20878 
15 1 11 25 20878 
15 1 26 25 20878 
15 1 41 25 20878 
15 1 56 25 20878 

/> 
read_ramp 10181222
read_ramp 10181222
<CR>Time:2021/10/18 15:03Ramp data first polarity: 
847 847 847 847 847 848 849 847 847 847 848 848 848 849 847 849 847 848 848 848 848 848 847 847 847 847 847 848 848 848 847 847 847 847 848 848 848 848 848 847 848 849 847 849 847 847 848 847 847 848 848 848 847 848 848 847 848 847 849 848 848 847 847 849 846 842 844 840 837 834 829 826 824 820 817 815 813 811 810 808 805 805 802 801 797 796 795 792 791 789 786 785 783 780 779 777 775 773 770 769 766 765 762 761 759 756 755 753 751 749 747 746 742 741 739 737 735 733 732 729 727 725 723 722 719 718 716 713 712 709 707 706 703 703 700 697 697 694 692 691 689 687 685 683 681 678 676 675 675 671 669 667 665 664 662 660 659 656 655 653 651 649 647 645 643 641 639 637 634 633 633 630 629 626 624 622 621 619 617 615 613 611 610 608 606 604 602 600 598 596 595 593 592 590 588 586 584 583 580 579 578 575 574 571 569 568 566 565 563 560 559 557 555 554 552 550 549 547 545 543 541 539 539 537 534 532 531 529 528 526 525 522 520 518 517 515 513 512 510 508 508 506 505 505 505 506 504 505 504 504 504 506 505 505 504 504 503 505 505 505 505 504 504 505 505 505 505 505 505 504 504 505 505 505 505 505 505 505 504 505 505 505 506 506 505 505 505 505 504 505 505 505 505 505 505 505 504 506 506 505 504 504 505 504 504 506 504 505 505 504 505 504 505 505 505 505 505 505 504 505 
ramp data second polarity
165 165 165 165 165 165 166 164 165 165 165 165 165 166 165 164 165 165 165 164 165 165 165 165 165 165 165 165 165 165 164 165 165 165 165 165 166 165 164 165 165 165 165 165 164 164 165 165 164 165 166 165 164 165 165 165 165 165 165 164 165 165 165 164 170 169 171 173 177 180 184 187 190 193 195 197 199 201 202 205 208 209 210 213 214 217 218 221 223 223 226 228 229 232 233 236 238 239 241 244 246 248 250 252 254 256 258 260 262 263 266 268 269 272 273 275 277 280 282 284 285 287 289 291 293 296 297 299 300 303 306 307 309 311 313 314 317 319 321 323 325 327 328 330 332 334 335 338 341 341 343 346 347 350 352 354 355 357 358 361 363 364 367 369 370 372 373 376 378 379 382 383 385 387 389 391 393 395 397 398 400 401 404 406 408 410 411 413 415 416 419 420 423 424 426 428 430 431 433 435 438 438 440 442 444 446 447 450 451 452 455 456 458 460 462 464 465 467 469 470 472 474 476 478 479 481 482 484 486 489 490 491 493 495 495 498 500 502 503 504 505 506 507 508 508 508 507 507 507 507 507 507 508 507 507 507 508 507 508 508 508 507 508 507 507 508 507 508 508 507 507 507 508 508 509 508 507 507 507 507 507 507 508 507 507 507 508 507 507 508 508 507 507 507 507 508 508 508 507 508 507 508 507 507 508 508 507 507 507 507 507 507 508 508 507 507 507 507 508 508 
Oscillation data first polarity :
170 172 173 177 180 185 188 191 194 195 198 200 202 203 205 209 209 211 214 215 217 220 221 224 225 227 229 231 234 235 237 239 241 243 244 246 248 251 253 254 257 259 261 263 265 267 269 270 272 274 276 278 281 283 284 286 287 290 292 294 297 298 299 302 304 306 308 310 312 313 315 318 319 321 323 326 327 329 331 333 335 337 339 342 342 344 346 348 350 352 355 356 358 360 362 364 365 367 370 370 373 375 377 379 381 383 385 385 388 390 392 394 396 397 399 402 402 404 407 408 411 413 413 416 418 419 421 423 425 427 427 430 432 434 435 438 439 440 443 444 447 448 450 452 454 455 457 458 461 463 463 467 467 469 471 473 475 477 479 481 482 484 485 487 488 490 493 494 495 498 499 500 503 504 506 506 506 507 508 507 508 508 508 508 504 508 508 507 508 509 507 507 507 507 507 508 508 507 507 507 507 508 507 508 507 507 508 507 507 508 506 508 507 507 508 507 507 508 509 508 507 507 507 507 507 507 508 508 507 508 507 507 507 508 508 507 507 507 507 507 507 509 507 507 507 507 508 508 508 509 507 507 507 507 507 507 507 508 507 507 508 508 507 508 508 507 507 507 507 508 507 508 507 507 507 507 507 508 507 509 507 507 507 507 508 507 509 508 507 508 507 508 507 507 508 508 507 507 507 507 508 508 508 507 507 507 507 507 507 508 507 507 507 507 508 507 508 508 507 507 
Oscillation data second polarity :
842 841 838 833 831 826 826 821 817 815 814 813 811 808 807 804 802 801 798 797 795 793 791 789 787 786 783 782 778 777 775 773 771 769 767 766 763 761 759 757 756 753 752 750 747 745 743 741 741 738 736 734 732 730 728 726 724 722 721 718 716 714 713 710 709 708 705 703 701 699 697 695 694 690 689 687 685 684 681 680 678 675 674 671 670 668 666 665 662 661 659 656 655 654 651 649 647 645 643 642 639 637 637 634 632 630 628 627 625 623 621 619 617 616 614 612 610 609 606 605 602 601 599 597 596 594 591 590 588 586 585 583 581 579 577 575 574 572 570 568 568 564 563 561 559 558 555 555 552 550 549 547 545 544 542 540 538 537 534 533 531 530 529 525 523 522 520 519 517 516 514 511 510 509 507 506 505 505 506 505 505 504 504 505 505 505 504 504 505 504 504 505 505 505 504 504 504 505 505 505 505 505 505 505 504 505 504 505 505 505 505 504 504 505 505 505 505 504 505 505 505 505 505 505 504 505 505 504 504 505 505 506 505 505 505 505 506 505 505 504 504 505 505 505 505 506 505 504 505 505 505 505 504 506 505 504 505 505 505 505 505 505 505 504 504 505 505 504 506 506 505 504 505 505 505 505 506 504 505 505 504 505 505 505 505 505 505 505 505 505 506 505 504 505 505 505 505 504 506 505 505 504 505 505 505 506 505 505 505 504 505 505 505 505 504 505 505 505 505 505 
/> 