ls
ls
<CR>
         TIME          Size       File name 
----A 2021/10/15 14:51      6328  1015
----A 2021/10/15 11:30    128640  10151115
----A 2021/10/15 11:46    128000  10151131
----A 2021/10/15 12:02    128000  10151147
----A 2021/10/15 12:18    128000  10151203
----A 2021/10/15 12:34    128000  10151219
----A 2021/10/15 12:50    128000  10151235
----A 2021/10/15 13:06    128000  10151251
----A 2021/10/15 13:22    128000  10151307
----A 2021/10/15 13:23      2560  10151323
----A 2021/10/15 14:23    128000  10151408
----A 2021/10/15 14:39    128000  10151424
----A 2021/10/15 14:40      2560  10151440
----A 2021/10/16 14:41      8712  1016
----A 2021/10/16 10:11    128000  10160953
----A 2021/10/16 10:27    128000  10161009
----A 2021/10/16 10:43    128000  10161025
----A 2021/10/16 10:59    128000  10161041
----A 2021/10/16 11:15    128000  10161057
----A 2021/10/16 11:31    128000  10161113
----A 2021/10/16 11:47    128000  10161129
----A 2021/10/16 12:03    128000  10161145
----A 2021/10/16 12:19    128000  10161201
----A 2021/10/16 12:35    128000  10161217
----A 2021/10/16 12:51    128000  10161233
----A 2021/10/16 13:07    128000  10161249
----A 2021/10/16 13:28    129280  10161305
----A 2021/10/16 13:39    146560  10161329
----A 2021/10/16 13:53    128000  10161338
----A 2021/10/16 14:09    128000  10161354
----A 2021/10/16 14:25    128000  10161410
----A 2021/10/16 14:41     48000  10161426
----A 2021/10/17 15:14      9800  1017
----A 2021/10/17 10:11    128000  10170956
----A 2021/10/17 10:27    128000  10171012
----A 2021/10/17 10:43    128000  10171028
----A 2021/10/17 10:59    128000  10171044
----A 2021/10/17 11:15    128000  10171100
----A 2021/10/17 11:31    128000  10171116
----A 2021/10/17 11:47    128000  10171132
----A 2021/10/17 12:03    128000  10171148
----A 2021/10/17 12:19    128000  10171204
----A 2021/10/17 12:35    128000  10171220
----A 2021/10/17 12:51    128000  10171236
----A 2021/10/17 13:07    128000  10171252
----A 2021/10/17 13:23    128000  10171308
----A 2021/10/17 13:39    128000  10171324
----A 2021/10/17 13:55    128000  10171340
----A 2021/10/17 14:11    128000  10171356
----A 2021/10/17 14:27    128000  10171412
----A 2021/10/17 14:43    128000  10171428
----A 2021/10/17 14:59    128000  10171444
----A 2021/10/17 15:03      2560  10171500
----A 2021/10/18 15:02      9896  1018
----A 2021/10/18 09:58    128000  10180943
----A 2021/10/18 10:14    128000  10180959
----A 2021/10/18 10:30    128000  10181015
----A 2021/10/18 10:46    128000  10181031
----A 2021/10/18 11:02    128000  10181047
----A 2021/10/18 11:18    128000  10181103
----A 2021/10/18 11:34    128000  10181119
----A 2021/10/18 11:50    128000  10181135
----A 2021/10/18 12:06    128000  10181151
----A 2021/10/18 12:22    128000  10181207
----A 2021/10/18 12:38    128000  10181223
----A 2021/10/18 12:54    128000  10181239
----A 2021/10/18 13:10    128000  10181255
----A 2021/10/18 13:26    128000  10181311
----A 2021/10/18 13:42    128000  10181327
----A 2021/10/18 13:58    128000  10181343
----A 2021/10/18 14:14    128000  10181359
----A 2021/10/18 14:30    128000  10181415
----A 2021/10/18 14:46    128000  10181431
----A 2021/10/18 15:02     49920  10181447

  74 File(s),   8480816 bytes total
   0 Dir(s),     992016K bytes free

/> 
read 1018
read 1018
<CR>Time:2021/10/18 15:02
Hours Minutes Seconds  Nb_Samples    Aver. Current 
9 27 36 25 12988 
9 27 52 25 15948 
9 28 7 25 18486 
9 28 22 25 20117 
9 29 10 24 21023 
9 29 25 25 21023 
9 29 40 25 21023 
9 29 55 25 21023 
9 30 10 25 21023 
9 30 25 25 21023 
9 30 40 25 21023 
9 30 56 26 21023 
9 31 11 25 21023 
9 31 26 25 21023 
9 31 41 25 21023 
9 31 56 25 21023 
9 32 11 25 21023 
9 32 26 25 21023 
9 32 41 25 21023 
9 32 56 25 21023 
9 33 11 25 21023 
9 33 26 25 21023 
9 33 41 25 21023 
9 33 56 25 20963 
9 34 11 25 20963 
9 34 26 25 20963 
9 34 41 25 20963 
9 34 56 25 20963 
9 35 11 25 20963 
9 35 26 25 20963 
9 35 41 25 20963 
9 35 56 25 20963 
9 36 11 25 20963 
9 36 26 25 20963 
9 36 41 25 20963 
9 36 56 25 20963 
9 37 11 25 20963 
9 37 26 25 20963 
9 37 41 25 20963 
9 37 56 25 20963 
9 38 11 25 20963 
9 38 26 25 20963 
9 38 41 25 20963 
9 38 56 25 20963 
9 39 11 25 20963 
9 39 26 25 20963 
9 39 41 25 20963 
9 39 56 25 20963 
9 40 11 25 20963 
9 40 26 25 20963 
9 40 41 25 20963 
9 40 56 25 20963 
9 41 11 25 20963 
9 41 26 25 20963 
9 41 41 25 20963 
9 41 56 25 20963 
9 42 11 25 20963 
9 43 43 25 20963 
9 43 58 25 20963 
9 44 13 25 20963 
9 44 28 25 20963 
9 44 43 25 20963 
9 44 58 25 20963 
9 45 13 25 20963 
9 45 28 25 20963 
9 45 43 25 20963 
9 45 58 25 20963 
9 46 13 25 20963 
9 46 28 25 20963 
9 46 43 25 20963 
9 46 58 25 20963 
9 47 13 25 20963 
9 47 28 25 20963 
9 47 43 25 20963 
9 47 58 25 20963 
9 48 13 25 20963 
9 48 28 25 20963 
9 48 43 25 20963 
9 48 58 25 20963 
9 49 13 25 20963 
9 49 28 25 20963 
9 49 43 25 20963 
9 49 58 25 20963 
9 50 13 25 20963 
9 50 28 25 20963 
9 50 43 25 20963 
9 50 58 25 20963 
9 51 13 25 20963 
9 51 28 25 20963 
9 51 43 25 20963 
9 51 58 25 20963 
9 52 13 25 20963 
9 52 28 25 20963 
9 52 43 25 20963 
9 52 58 25 20963 
9 53 13 25 20963 
9 53 28 25 20963 
9 53 43 25 20963 
9 53 58 25 20963 
9 54 13 25 20963 
9 54 28 25 20963 
9 54 43 25 20963 
9 54 58 25 20963 
9 55 13 25 20963 
9 55 28 25 20963 
9 55 43 25 20963 
9 55 58 25 20963 
9 56 13 25 20963 
9 56 28 25 20963 
9 56 43 25 20963 
9 56 58 25 20963 
9 57 13 25 20963 
9 57 28 25 20963 
9 57 43 25 20963 
9 57 58 25 20963 
9 58 13 25 20963 
9 59 43 25 20963 
9 59 58 25 20963 
10 0 13 25 20963 
10 0 28 25 20963 
10 0 43 25 20963 
10 0 58 25 20963 
10 1 13 25 20963 
10 1 28 25 20963 
10 1 43 25 20963 
10 1 58 25 20963 
10 2 13 25 20963 
10 2 28 25 20963 
10 2 43 25 20963 
10 2 58 25 20963 
10 3 13 25 20963 
10 3 28 25 20963 
10 3 43 25 20963 
10 3 58 25 20963 
10 4 13 25 20963 
10 4 28 25 20963 
10 4 43 25 20963 
10 4 58 25 20963 
10 5 13 25 20963 
10 5 28 25 20963 
10 5 43 25 20963 
10 5 58 25 20963 
10 6 13 25 20963 
10 6 28 25 20963 
10 6 43 25 20963 
10 6 58 25 20963 
10 7 13 25 20963 
10 7 28 25 20902 
10 7 43 25 20963 
10 7 58 25 20963 
10 8 13 25 20963 
10 8 28 25 20963 
10 8 43 25 20963 
10 8 58 25 20963 
10 9 13 25 20963 
10 9 28 25 20963 
10 9 43 25 20963 
10 9 58 25 20963 
10 10 13 25 20963 
10 10 28 25 20963 
10 10 43 25 20963 
10 10 58 25 20963 
10 11 13 25 20963 
10 11 28 25 20963 
10 11 43 25 20963 
10 11 58 25 20963 
10 12 13 25 20963 
10 12 28 25 20963 
10 12 43 25 20963 
10 12 58 25 20963 
10 13 13 25 20963 
10 13 28 25 20963 
10 13 43 25 20963 
10 13 58 25 20963 
10 14 13 25 20902 
10 15 43 25 20963 
10 15 58 25 20963 
10 16 13 25 20963 
10 16 28 25 20963 
10 16 43 25 20963 
10 16 58 25 20963 
10 17 13 25 20963 
10 17 28 25 20963 
10 17 43 25 20963 
10 17 58 25 20963 
10 18 13 25 20963 
10 18 28 25 20963 
10 18 43 25 20963 
10 18 58 25 20963 
10 19 13 25 20963 
10 19 28 25 20963 
10 19 43 25 20963 
10 19 58 25 20963 
10 20 13 25 20963 
10 20 28 25 20963 
10 20 43 25 20963 
10 20 58 25 20902 
10 21 13 25 20963 
10 21 28 25 20963 
10 21 43 25 20963 
10 21 58 25 20963 
10 22 13 25 20963 
10 22 28 25 20963 
10 22 43 25 20963 
10 22 58 25 20963 
10 23 13 25 20963 
10 23 28 25 20963 
10 23 43 25 20963 
10 23 58 25 20963 
10 24 13 25 20963 
10 24 28 25 20963 
10 24 43 25 20963 
10 24 58 25 20963 
10 25 13 25 20963 
10 25 28 25 20963 
10 25 43 25 20963 
10 25 58 25 20902 
10 26 13 25 20963 
10 26 28 25 20963 
10 26 43 25 20963 
10 26 58 25 20963 
10 27 13 25 20963 
10 27 28 25 20963 
10 27 43 25 20963 
10 27 58 25 20963 
10 28 13 25 20963 
10 28 28 25 20963 
10 28 43 25 20963 
10 28 58 25 20963 
10 29 13 25 20963 
10 29 28 25 20963 
10 29 43 25 20963 
10 29 58 25 20902 
10 30 13 25 20963 
10 31 43 25 20963 
10 31 58 25 20963 
10 32 13 25 20963 
10 32 28 25 20963 
10 32 43 25 20963 
10 32 58 25 20963 
10 33 13 25 20963 
10 33 28 25 20963 
10 33 43 25 20963 
10 33 58 25 20963 
10 34 13 25 20963 
10 34 28 25 20963 
10 34 43 25 20963 
10 34 58 25 20963 
10 35 13 25 20963 
10 35 28 25 20963 
10 35 43 25 20963 
10 35 58 25 20963 
10 36 13 25 20963 
10 36 28 25 20963 
10 36 43 25 20963 
10 36 58 25 20963 
10 37 13 25 20963 
10 37 28 25 20963 
10 37 43 25 20963 
10 37 58 25 20963 
10 38 13 25 20902 
10 38 28 25 20963 
10 38 43 25 20963 
10 38 58 25 20963 
10 39 13 25 20963 
10 39 28 25 20963 
10 39 43 25 20963 
10 39 58 25 20963 
10 40 13 25 20963 
10 40 28 25 20963 
10 40 43 25 20963 
10 40 58 25 20963 
10 41 13 25 20963 
10 41 28 25 20963 
10 41 43 25 20963 
10 41 58 25 20963 
10 42 13 25 20963 
10 42 28 25 20963 
10 42 43 25 20963 
10 42 58 25 20963 
10 43 13 25 20963 
10 43 28 25 20963 
10 43 43 25 20963 
10 43 58 25 20963 
10 44 13 25 20963 
10 44 28 25 20963 
10 44 43 25 20963 
10 44 58 25 20963 
10 45 13 25 20963 
10 45 28 25 20963 
10 45 43 25 20963 
10 45 58 25 20963 
10 46 13 25 20963 
10 47 43 25 20963 
10 47 58 25 20963 
10 48 13 25 20963 
10 48 28 25 20963 
10 48 43 25 20963 
10 48 58 25 20963 
10 49 13 25 20963 
10 49 28 25 20963 
10 49 43 25 20963 
10 49 58 25 20963 
10 50 13 25 20902 
10 50 28 25 20963 
10 50 43 25 20963 
10 50 58 25 20963 
10 51 13 25 20963 
10 51 28 25 20963 
10 51 43 25 20963 
10 51 58 25 20963 
10 52 13 25 20963 
10 52 28 25 20963 
10 52 43 25 20963 
10 52 58 25 20963 
10 53 13 25 20963 
10 53 28 25 20963 
10 53 43 25 20963 
10 53 58 25 20963 
10 54 13 25 20963 
10 54 28 25 20963 
10 54 43 25 20902 
10 54 58 25 20963 
10 55 13 25 20963 
10 55 28 25 20963 
10 55 43 25 20963 
10 55 58 25 20963 
10 56 13 25 20963 
10 56 28 25 20963 
10 56 43 25 20963 
10 56 58 25 20963 
10 57 13 25 20963 
10 57 28 25 20963 
10 57 43 25 20963 
10 57 58 25 20963 
10 58 13 25 20963 
10 58 28 25 20963 
10 58 43 25 20902 
10 58 58 25 20963 
10 59 13 25 20963 
10 59 28 25 20963 
10 59 43 25 20963 
10 59 58 25 20963 
11 0 13 25 20963 
11 0 28 25 20963 
11 0 43 25 20963 
11 0 58 25 20963 
11 1 13 25 20963 
11 1 28 25 20963 
11 1 43 25 20963 
11 1 58 25 20963 
11 2 13 25 20963 
11 3 43 25 20963 
11 3 58 25 20963 
11 4 13 25 20963 
11 4 28 25 20963 
11 4 43 25 20902 
11 4 58 25 20963 
11 5 13 25 20963 
11 5 28 25 20963 
11 5 43 25 20902 
11 5 58 25 20963 
11 6 13 25 20963 
11 6 28 25 20963 
11 6 43 25 20963 
11 6 58 25 20963 
11 7 13 25 20963 
11 7 28 25 20963 
11 7 43 25 20963 
11 7 58 25 20963 
11 8 13 25 20902 
11 8 28 25 20963 
11 8 43 25 20963 
11 8 58 25 20963 
11 9 13 25 20963 
11 9 28 25 20963 
11 9 43 25 20963 
11 9 58 25 20963 
11 10 13 25 20902 
11 10 28 25 20963 
11 10 43 25 20963 
11 10 58 25 20902 
11 11 13 25 20963 
11 11 28 25 20963 
11 11 43 25 20902 
11 11 58 25 20963 
11 12 13 25 20963 
11 12 28 25 20963 
11 12 43 25 20963 
11 12 58 25 20963 
11 13 13 25 20963 
11 13 28 25 20963 
11 13 43 25 20963 
11 13 58 25 20963 
11 14 13 25 20963 
11 14 28 25 20963 
11 14 43 26 20963 
11 14 58 25 20963 
11 15 13 25 20902 
11 15 28 25 20963 
11 15 43 25 20963 
11 15 58 25 20902 
11 16 13 25 20963 
11 16 28 25 20963 
11 16 43 25 20963 
11 16 58 25 20963 
11 17 13 25 20963 
11 17 28 25 20902 
11 17 43 25 20902 
11 17 58 25 20902 
11 18 13 25 20963 
11 19 43 25 20902 
11 19 58 25 20902 
11 20 13 25 20902 
11 20 28 25 20902 
11 20 43 25 20963 
11 20 58 25 20902 
11 21 13 25 20902 
11 21 28 25 20902 
11 21 43 25 20902 
11 21 58 25 20902 
11 22 13 25 20963 
11 22 28 25 20902 
11 22 43 25 20902 
11 22 58 25 20902 
11 23 13 25 20902 
11 23 28 25 20902 
11 23 43 25 20902 
11 23 58 25 20902 
11 24 13 25 20902 
11 24 28 25 20902 
11 24 43 25 20902 
11 24 58 25 20902 
11 25 13 25 20902 
11 25 28 25 20902 
11 25 43 25 20902 
11 25 58 25 20902 
11 26 13 25 20902 
11 26 28 25 20902 
11 26 43 25 20963 
11 26 58 25 20902 
11 27 13 25 20902 
11 27 28 25 20902 
11 27 43 25 20902 
11 27 58 25 20902 
11 28 13 25 20902 
11 28 28 25 20902 
11 28 43 25 20902 
11 28 58 25 20902 
11 29 13 25 20902 
11 29 28 25 20902 
11 29 43 25 20902 
11 29 58 25 20902 
11 30 13 25 20902 
11 30 28 25 20902 
11 30 43 25 20902 
11 30 58 25 20902 
11 31 13 25 20902 
11 31 28 25 20902 
11 31 43 25 20902 
11 31 58 25 20902 
11 32 13 25 20902 
11 32 28 25 20902 
11 32 43 25 20902 
11 32 58 25 20902 
11 33 13 25 20902 
11 33 28 25 20902 
11 33 43 25 20902 
11 33 58 25 20902 
11 34 13 25 20902 
11 35 43 25 20902 
11 35 58 25 20902 
11 36 13 25 20902 
11 36 28 25 20902 
11 36 43 25 20902 
11 36 58 25 20902 
11 37 13 25 20902 
11 37 28 25 20902 
11 37 43 25 20902 
11 37 58 25 20902 
11 38 13 25 20902 
11 38 28 25 20963 
11 38 43 25 20902 
11 38 58 25 20902 
11 39 13 25 20902 
11 39 28 25 20902 
11 39 43 25 20902 
11 39 58 25 20902 
11 40 13 25 20902 
11 40 28 25 20902 
11 40 43 25 20902 
11 40 58 25 20902 
11 41 13 25 20902 
11 41 28 25 20902 
11 41 43 25 20902 
11 41 58 25 20902 
11 42 13 25 20902 
11 42 28 25 20902 
11 42 43 25 20902 
11 42 58 25 20902 
11 43 13 25 20902 
11 43 28 25 20902 
11 43 43 25 20902 
11 43 58 25 20902 
11 44 13 25 20902 
11 44 28 25 20902 
11 44 43 25 20902 
11 44 58 25 20902 
11 45 13 25 20902 
11 45 28 25 20902 
11 45 43 25 20902 
11 45 58 25 20902 
11 46 13 25 20902 
11 46 28 25 20902 
11 46 43 25 20902 
11 46 58 25 20902 
11 47 13 25 20902 
11 47 28 25 20902 
11 47 43 25 20902 
11 47 58 25 20902 
11 48 13 25 20902 
11 48 28 25 20902 
11 48 43 25 20902 
11 48 58 25 20902 
11 49 13 25 20902 
11 49 28 25 20902 
11 49 43 25 20963 
11 49 58 25 20902 
11 50 13 25 20902 
11 51 43 25 20902 
11 51 58 25 20902 
11 52 13 25 20902 
11 52 28 25 20902 
11 52 43 25 20902 
11 52 58 25 20902 
11 53 13 25 20902 
11 53 28 25 20902 
11 53 43 25 20902 
11 53 58 25 20902 
11 54 13 25 20902 
11 54 28 25 20963 
11 54 43 25 20902 
11 54 58 25 20902 
11 55 13 25 20902 
11 55 28 25 20902 
11 55 43 25 20902 
11 55 58 25 20902 
11 56 13 25 20902 
11 56 28 25 20902 
11 56 43 25 20902 
11 56 58 25 20902 
11 57 13 25 20902 
11 57 28 25 20902 
11 57 43 25 20902 
11 57 58 25 20902 
11 58 13 25 20902 
11 58 28 25 20902 
11 58 43 25 20902 
11 58 58 25 20902 
11 59 13 25 20902 
11 59 28 25 20902 
11 59 43 25 20902 
11 59 58 25 20902 
12 0 13 25 20902 
12 0 28 25 20902 
12 0 43 25 20902 
12 0 58 25 20902 
12 1 13 25 20902 
12 1 28 25 20902 
12 1 43 25 20902 
12 1 58 25 20902 
12 2 13 25 20902 
12 2 28 25 20902 
12 2 43 25 20902 
12 2 58 25 20902 
12 3 13 25 20902 
12 3 28 25 20902 
12 3 43 25 20902 
12 3 58 25 20902 
12 4 13 25 20902 
12 4 28 25 20902 
12 4 43 25 20902 
12 4 58 25 20902 
12 5 13 25 20902 
12 5 28 25 20902 
12 5 43 25 20902 
12 5 58 25 20902 
12 6 13 25 20902 
12 7 43 25 20902 
12 7 58 25 20902 
12 8 13 25 20902 
12 8 28 25 20902 
12 8 43 25 20902 
12 8 58 25 20902 
12 9 13 25 20902 
12 9 28 25 20902 
12 9 43 25 20902 
12 9 58 25 20902 
12 10 13 25 20902 
12 10 28 25 20902 
12 10 43 25 20902 
12 10 58 25 20902 
12 11 13 25 20902 
12 11 28 25 20902 
12 11 43 25 20902 
12 11 58 25 20902 
12 12 13 25 20902 
12 12 28 25 20902 
12 12 43 25 20902 
12 12 58 25 20902 
12 13 13 25 20902 
12 13 28 25 20902 
12 13 43 25 20902 
12 13 58 25 20902 
12 14 13 25 20902 
12 14 28 25 20902 
12 14 43 25 20902 
12 14 58 25 20902 
12 15 13 25 20902 
12 15 28 25 20902 
12 15 43 25 20902 
12 15 58 25 20902 
12 16 13 25 20963 
12 16 28 25 20902 
12 16 43 25 20902 
12 16 58 25 20902 
12 17 13 25 20902 
12 17 28 25 20902 
12 17 43 25 20902 
12 17 58 25 20902 
12 18 13 25 20902 
12 18 28 25 20902 
12 18 43 25 20902 
12 18 58 25 20902 
12 19 13 25 20902 
12 19 28 25 20902 
12 19 43 25 20902 
12 19 58 25 20902 
12 20 13 25 20902 
12 20 28 25 20902 
12 20 43 25 20902 
12 20 58 25 20902 
12 21 13 25 20902 
12 21 28 25 20902 
12 21 43 25 20902 
12 21 58 25 20902 
12 22 13 25 20902 
12 23 43 25 20902 
12 23 58 25 20902 
12 24 13 25 20902 
12 24 28 25 20902 
12 24 43 25 20902 
12 24 58 25 20902 
12 25 13 25 20902 
12 25 28 25 20902 
12 25 43 25 20902 
12 25 58 25 20902 
12 26 13 25 20902 
12 26 28 25 20902 
12 26 43 25 20902 
12 26 58 25 20902 
12 27 13 25 20902 
12 27 28 25 20902 
12 27 43 25 20902 
12 27 58 25 20902 
12 28 13 25 20902 
12 28 28 25 20902 
12 28 43 25 20902 
12 28 58 25 20902 
12 29 13 25 20902 
12 29 28 25 20902 
12 29 43 25 20902 
12 29 58 25 20902 
12 30 13 25 20902 
12 30 28 25 20902 
12 30 43 25 20902 
12 30 58 25 20902 
12 31 13 25 20902 
12 31 28 25 20902 
12 31 43 25 20902 
12 31 58 25 20902 
12 32 13 25 20902 
12 32 28 25 20902 
12 32 43 25 20902 
12 32 58 25 20902 
12 33 13 25 20902 
12 33 28 25 20902 
12 33 43 25 20902 
12 33 58 25 20902 
12 34 13 25 20902 
12 34 28 25 20902 
12 34 43 25 20902 
12 34 58 25 20902 
12 35 13 25 20902 
12 35 28 25 20902 
12 35 43 25 20902 
12 35 58 25 20902 
12 36 13 25 20902 
12 36 28 25 20902 
12 36 43 25 20902 
12 36 58 25 20902 
12 37 13 25 20902 
12 37 28 25 20902 
12 37 43 25 20902 
12 37 58 25 20902 
12 38 13 25 20902 
12 39 43 25 20902 
12 39 58 25 20902 
12 40 13 25 20902 
12 40 28 25 20902 
12 40 43 25 20902 
12 40 58 25 20902 
12 41 13 25 20902 
12 41 28 25 20902 
12 41 43 25 20902 
12 41 58 25 20902 
12 42 13 25 20902 
12 42 28 25 20902 
12 42 43 25 20902 
12 42 58 25 20902 
12 43 13 25 20902 
12 43 28 25 20902 
12 43 43 25 20902 
12 43 58 25 20902 
12 44 13 25 20902 
12 44 28 25 20902 
12 44 43 25 20902 
12 44 58 25 20902 
12 45 13 25 20902 
12 45 28 25 20902 
12 45 43 25 20902 
12 45 58 25 20902 
12 46 13 25 20902 
12 46 28 25 20902 
12 46 43 25 20902 
12 46 58 25 20902 
12 47 13 25 20902 
12 47 28 25 20902 
12 47 43 25 20902 
12 47 58 25 20902 
12 48 13 25 20902 
12 48 28 25 20902 
12 48 43 25 20902 
12 48 58 25 20902 
12 49 13 25 20902 
12 49 28 25 20902 
12 49 43 25 20902 
12 49 58 25 20902 
12 50 13 25 20902 
12 50 28 25 20902 
12 50 43 25 20902 
12 50 58 25 20902 
12 51 13 25 20902 
12 51 28 25 20902 
12 51 43 25 20902 
12 51 58 25 20902 
12 52 13 25 20902 
12 52 28 25 20902 
12 52 43 25 20902 
12 52 58 25 20902 
12 53 13 25 20902 
12 53 28 25 20902 
12 53 43 25 20902 
12 53 58 25 20902 
12 54 13 25 20902 
12 55 43 25 20902 
12 55 58 25 20902 
12 56 13 25 20902 
12 56 28 25 20902 
12 56 43 25 20902 
12 56 58 25 20902 
12 57 13 25 20902 
12 57 28 25 20902 
12 57 43 25 20902 
12 57 58 25 20902 
12 58 13 25 20902 
12 58 28 25 20902 
12 58 43 25 20902 
12 58 58 25 20902 
12 59 13 25 20902 
12 59 28 25 20902 
12 59 43 25 20902 
12 59 58 25 20902 
13 0 13 25 20902 
13 0 28 25 20902 
13 0 43 25 20902 
13 0 58 25 20902 
13 1 13 25 20902 
13 1 28 25 20902 
13 1 43 25 20902 
13 1 58 25 20902 
13 2 13 25 20902 
13 2 28 25 20902 
13 2 43 25 20902 
13 2 58 25 20902 
13 3 13 25 20902 
13 3 28 25 20902 
13 3 43 25 20902 
13 3 58 25 20902 
13 4 13 25 20902 
13 4 28 25 20902 
13 4 43 25 20902 
13 4 58 25 20902 
13 5 13 25 20902 
13 5 28 25 20902 
13 5 43 25 20902 
13 5 58 25 20902 
13 6 13 25 20902 
13 6 28 25 20902 
13 6 43 25 20902 
13 6 58 25 20902 
13 7 13 25 20902 
13 7 28 25 20902 
13 7 43 25 20902 
13 7 58 25 20902 
13 8 13 25 20902 
13 8 28 25 20902 
13 8 43 25 20902 
13 8 58 25 20902 
13 9 13 25 20902 
13 9 28 25 20902 
13 9 43 25 20902 
13 9 58 25 20902 
13 10 13 25 20902 
13 11 43 25 20902 
13 11 58 25 20902 
13 12 13 25 20902 
13 12 28 25 20902 
13 12 43 25 20902 
13 12 58 25 20902 
13 13 13 25 20902 
13 13 28 25 20902 
13 13 43 25 20902 
13 13 58 25 20902 
13 14 13 25 20902 
13 14 28 25 20902 
13 14 43 25 20902 
13 14 58 25 20902 
13 15 13 25 20902 
13 15 28 25 20902 
13 15 43 25 20902 
13 15 58 25 20902 
13 16 13 25 20902 
13 16 28 25 20902 
13 16 43 25 20902 
13 16 58 25 20902 
13 17 13 25 20902 
13 17 28 25 20902 
13 17 43 25 20902 
13 17 58 25 20902 
13 18 13 25 20902 
13 18 28 25 20902 
13 18 43 25 20902 
13 18 58 25 20902 
13 19 13 25 20902 
13 19 28 25 20902 
13 19 43 25 20902 
13 19 58 25 20902 
13 20 13 25 20902 
13 20 28 25 20902 
13 20 43 25 20902 
13 20 58 25 20902 
13 21 13 25 20902 
13 21 28 25 20902 
13 21 43 25 20902 
13 21 58 25 20902 
13 22 13 25 20902 
13 22 28 25 20902 
13 22 43 25 20902 
13 22 58 25 20902 
13 23 13 25 20902 
13 23 28 25 20902 
13 23 43 25 20902 
13 23 58 25 20902 
13 24 13 25 20902 
13 24 28 25 20902 
13 24 43 25 20902 
13 24 58 25 20902 
13 25 13 25 20902 
13 25 28 25 20902 
13 25 43 25 20902 
13 25 58 25 20902 
13 26 13 25 20902 
13 27 43 25 20902 
13 27 58 25 20902 
13 28 13 25 20902 
13 28 28 25 20902 
13 28 43 25 20902 
13 28 58 25 20902 
13 29 13 25 20902 
13 29 28 25 20902 
13 29 43 25 20902 
13 29 58 25 20902 
13 30 13 25 20902 
13 30 28 25 20902 
13 30 43 25 20902 
13 30 58 25 20902 
13 31 13 25 20902 
13 31 28 25 20902 
13 31 43 25 20902 
13 31 58 25 20902 
13 32 13 25 20902 
13 32 28 25 20902 
13 32 43 25 20902 
13 32 58 25 20902 
13 33 13 25 20902 
13 33 28 25 20902 
13 33 43 25 20902 
13 33 58 25 20902 
13 34 13 25 20902 
13 34 28 25 20902 
13 34 43 25 20902 
13 34 58 25 20902 
13 35 13 25 20902 
13 35 28 25 20902 
13 35 43 25 20902 
13 35 58 25 20902 
13 36 13 25 20902 
13 36 28 25 20902 
13 36 43 25 20902 
13 36 58 25 20902 
13 37 13 25 20902 
13 37 28 25 20902 
13 37 43 25 20902 
13 37 58 25 20902 
13 38 13 25 20902 
13 38 28 25 20902 
13 38 43 25 20902 
13 38 58 25 20902 
13 39 13 25 20902 
13 39 28 25 20902 
13 39 43 25 20902 
13 39 58 25 20902 
13 40 13 25 20902 
13 40 28 25 20902 
13 40 43 25 20902 
13 40 58 25 20902 
13 41 13 25 20902 
13 41 28 25 20902 
13 41 43 25 20902 
13 41 58 25 20902 
13 42 13 25 20902 
13 43 43 25 20902 
13 43 58 25 20902 
13 44 13 25 20902 
13 44 28 25 20902 
13 44 43 25 20902 
13 44 58 25 20902 
13 45 13 25 20902 
13 45 28 25 20902 
13 45 43 25 20902 
13 45 58 25 20902 
13 46 13 25 20902 
13 46 29 26 20902 
13 46 44 25 20902 
13 46 59 25 20902 
13 47 14 25 20902 
13 47 29 25 20902 
13 47 44 25 20902 
13 47 59 25 20902 
13 48 14 25 20902 
13 48 29 25 20902 
13 48 44 25 20902 
13 48 59 25 20902 
13 49 14 25 20902 
13 49 29 25 20902 
13 49 44 25 20902 
13 49 59 25 20902 
13 50 14 25 20902 
13 50 29 25 20902 
13 50 44 25 20902 
13 50 59 25 20902 
13 51 14 25 20902 
13 51 29 25 20902 
13 51 44 25 20902 
13 51 59 25 20902 
13 52 14 25 20902 
13 52 29 25 20902 
13 52 44 25 20902 
13 52 59 25 20902 
13 53 14 25 20902 
13 53 29 25 20902 
13 53 44 25 20902 
13 53 59 25 20902 
13 54 14 25 20902 
13 54 29 25 20902 
13 54 44 25 20902 
13 54 59 25 20902 
13 55 14 25 20902 
13 55 29 25 20902 
13 55 44 25 20902 
13 55 59 25 20902 
13 56 14 25 20902 
13 56 29 25 20902 
13 56 44 25 20902 
13 56 59 25 20902 
13 57 14 25 20902 
13 57 29 25 20902 
13 57 44 25 20902 
13 57 59 25 20902 
13 58 14 25 20902 
13 59 44 25 20902 
13 59 59 25 20902 
14 0 14 25 20902 
14 0 29 25 20902 
14 0 44 25 20902 
14 0 59 25 20902 
14 1 14 25 20902 
14 1 29 25 20902 
14 1 44 25 20902 
14 1 59 25 20902 
14 2 14 25 20902 
14 2 29 25 20902 
14 2 44 25 20902 
14 2 59 25 20902 
14 3 14 25 20902 
14 3 29 25 20902 
14 3 44 25 20902 
14 3 59 25 20902 
14 4 14 25 20902 
14 4 29 25 20902 
14 4 44 25 20902 
14 4 59 25 20902 
14 5 14 25 20902 
14 5 29 25 20902 
14 5 44 25 20902 
14 5 59 25 20902 
14 6 14 25 20902 
14 6 29 25 20902 
14 6 44 25 20902 
14 6 59 25 20902 
14 7 14 25 20902 
14 7 29 25 20902 
14 7 44 25 20902 
14 7 59 25 20902 
14 8 14 25 20902 
14 8 29 25 20902 
14 8 44 25 20902 
14 8 59 25 20902 
14 9 14 25 20902 
14 9 29 25 20902 
14 9 44 25 20902 
14 9 59 25 20902 
14 10 14 25 20902 
14 10 29 25 20902 
14 10 44 25 20902 
14 10 59 25 20902 
14 11 14 25 20902 
14 11 29 25 20902 
14 11 44 25 20902 
14 11 59 25 20902 
14 12 14 25 20902 
14 12 29 25 20902 
14 12 44 25 20902 
14 12 59 25 20902 
14 13 14 25 20902 
14 13 29 25 20902 
14 13 44 25 20902 
14 13 59 25 20902 
14 14 14 25 20902 
14 15 44 25 20902 
14 15 59 25 20902 
14 16 14 25 20902 
14 16 29 25 20902 
14 16 44 25 20902 
14 16 59 25 20902 
14 17 14 25 20902 
14 17 29 25 20902 
14 17 44 25 20902 
14 17 59 25 20902 
14 18 14 25 20902 
14 18 29 25 20902 
14 18 44 25 20902 
14 18 59 25 20902 
14 19 14 25 20902 
14 19 29 25 20902 
14 19 44 25 20902 
14 19 59 25 20902 
14 20 14 25 20902 
14 20 29 25 20902 
14 20 44 25 20902 
14 20 59 25 20902 
14 21 14 25 20902 
14 21 29 25 20902 
14 21 44 25 20902 
14 21 59 25 20902 
14 22 14 25 20902 
14 22 29 25 20902 
14 22 44 25 20902 
14 22 59 25 20902 
14 23 14 25 20902 
14 23 29 25 20902 
14 23 44 25 20902 
14 23 59 25 20902 
14 24 14 25 20902 
14 24 29 25 20902 
14 24 44 25 20902 
14 24 59 25 20902 
14 25 14 25 20902 
14 25 29 25 20902 
14 25 44 25 20902 
14 25 59 25 20902 
14 26 14 25 20902 
14 26 29 25 20902 
14 26 44 25 20902 
14 26 59 25 20902 
14 27 14 25 20902 
14 27 29 25 20902 
14 27 44 25 20902 
14 27 59 25 20902 
14 28 14 25 20902 
14 28 29 25 20902 
14 28 44 25 20902 
14 28 59 25 20902 
14 29 14 25 20902 
14 29 29 25 20902 
14 29 44 25 20902 
14 29 59 25 20902 
14 30 14 25 20902 
14 31 44 25 20902 
14 31 59 25 20902 
14 32 14 25 20902 
14 32 29 25 20902 
14 32 44 25 20902 
14 32 59 25 20902 
14 33 14 25 20902 
14 33 29 25 20902 
14 33 44 25 20902 
14 33 59 25 20902 
14 34 14 25 20902 
14 34 29 25 20902 
14 34 44 25 20902 
14 34 59 25 20902 
14 35 14 25 20902 
14 35 29 25 20902 
14 35 44 25 20902 
14 35 59 25 20902 
14 36 14 25 20902 
14 36 29 25 20902 
14 36 44 25 20902 
14 36 59 25 20902 
14 37 14 25 20902 
14 37 29 25 20902 
14 37 44 25 20902 
14 37 59 25 20902 
14 38 14 25 20902 
14 38 29 25 20902 
14 38 44 25 20902 
14 38 59 25 20902 
14 39 14 25 20902 
14 39 29 25 20902 
14 39 44 25 20902 
14 39 59 25 20902 
14 40 14 25 20902 
14 40 29 25 20902 
14 40 44 25 20902 
14 40 59 25 20902 
14 41 14 25 20902 
14 41 29 25 20902 
14 41 44 25 20902 
14 41 59 25 20902 
14 42 14 25 20902 
14 42 29 25 20902 
14 42 44 25 20902 
14 42 59 25 20902 
14 43 14 25 20902 
14 43 29 25 20902 
14 43 44 25 20842 
14 43 59 25 20902 
14 44 14 25 20902 
14 44 29 25 20902 
14 44 44 25 20902 
14 44 59 25 20902 
14 45 14 25 20902 
14 45 29 25 20902 
14 45 44 25 20902 
14 45 59 25 20902 
14 46 14 25 20902 
14 47 44 25 20902 
14 47 59 25 20902 
14 48 14 25 20902 
14 48 29 25 20902 
14 48 44 25 20902 
14 48 59 25 20902 
14 49 14 25 20902 
14 49 29 25 20902 
14 49 44 25 20902 
14 49 59 25 20902 
14 50 14 25 20902 
14 50 29 25 20902 
14 50 44 25 20902 
14 50 59 25 20902 
14 51 14 25 20902 
14 51 29 25 20902 
14 51 44 25 20902 
14 51 59 25 20902 
14 52 14 25 20902 
14 52 29 25 20902 
14 52 44 25 20902 
14 52 59 25 20902 
14 53 14 25 20902 
14 53 29 25 20902 
14 53 44 25 20902 
14 53 59 25 20902 
14 54 14 25 20902 
14 54 29 25 20902 
14 54 44 25 20902 
14 54 59 25 20902 
14 55 14 25 20902 
14 55 29 25 20902 
14 55 44 25 20902 
14 55 59 25 20902 
14 56 14 25 20902 
14 56 29 25 20902 
14 56 44 25 20902 
14 56 59 25 20902 
14 57 14 25 20902 
14 57 29 25 20902 
14 57 44 25 20902 
14 57 59 25 20902 
14 58 14 25 20902 
14 58 29 25 20902 
14 58 44 25 20902 
14 58 59 25 20902 
14 59 14 25 20902 
14 59 29 25 20902 
14 59 44 25 20902 
14 59 59 25 20902 
15 0 14 25 20902 
15 0 29 25 20902 
15 0 44 25 20902 
15 0 59 25 20902 
15 1 14 25 20902 
15 1 29 25 20902 
15 1 44 25 20902 
15 1 59 25 20902 
15 2 14 25 20902 

/> 
read_ramp 10181223
read_ramp 10181223
<CR>Time:2021/10/18 15:02Ramp data first polarity: 
856 857 857 857 857 858 857 857 857 856 857 857 858 858 858 858 857 856 857 857 857 857 858 858 857 857 857 858 857 857 857 857 856 857 857 857 858 858 857 858 858 858 858 857 857 857 857 858 857 857 857 857 857 857 858 858 858 858 858 857 858 858 858 858 858 857 855 853 852 851 847 845 839 835 832 831 828 826 823 821 819 817 815 814 811 809 807 805 803 801 799 797 797 793 791 789 787 786 785 782 780 778 775 773 772 770 767 765 763 761 758 757 755 753 751 749 747 745 744 742 740 738 736 733 731 730 729 725 724 721 719 718 715 713 711 710 708 705 704 701 700 698 697 695 692 689 687 687 684 682 680 678 676 675 673 670 669 667 665 663 660 659 657 656 654 651 649 647 645 644 643 640 638 636 633 632 630 628 626 624 621 620 619 618 616 613 611 609 607 606 603 602 599 598 596 594 592 591 589 587 585 582 581 580 578 577 574 572 571 568 567 565 562 561 559 557 555 554 552 551 549 548 545 543 541 540 539 537 534 532 531 530 528 525 524 522 520 518 517 515 513 511 511 509 509 509 509 509 509 509 509 509 507 509 509 509 509 508 508 509 509 509 509 509 509 509 509 509 510 509 510 509 508 509 509 508 509 509 509 509 509 509 509 508 509 508 509 509 509 510 509 509 508 508 509 509 508 509 509 508 509 509 509 509 509 509 509 508 508 509 509 510 509 509 509 509 510 508 509 508 
ramp data second polarity
164 164 164 163 164 164 164 165 165 164 164 164 164 165 163 164 164 164 164 164 163 164 164 164 163 164 164 164 165 165 164 165 164 164 165 165 164 165 164 164 164 164 164 164 164 164 164 164 165 165 165 164 164 164 164 164 164 164 165 164 164 163 164 164 165 165 165 168 170 174 179 183 186 188 191 195 197 198 199 202 204 206 208 210 211 214 216 218 219 221 225 227 228 231 232 234 236 238 240 242 244 246 248 249 251 254 256 258 260 262 264 266 267 270 272 274 276 277 280 282 284 286 287 290 291 294 295 298 300 301 303 306 307 310 312 314 316 317 319 321 323 325 327 330 331 333 334 337 339 341 342 344 346 348 351 353 354 357 359 360 362 364 366 368 370 371 373 375 377 379 381 382 385 386 388 391 393 394 397 398 400 402 404 405 407 409 411 413 414 416 417 420 422 424 426 427 429 433 433 435 437 438 440 442 443 446 447 450 451 453 454 456 459 461 462 464 466 467 470 472 473 475 476 478 479 482 484 485 487 489 491 492 494 496 498 500 501 502 504 506 508 509 510 511 511 512 512 512 513 512 513 511 512 512 512 512 512 512 511 512 512 513 512 513 513 513 511 513 512 511 513 511 512 512 512 512 512 512 511 512 511 512 513 512 512 512 512 512 512 512 512 512 511 511 512 511 512 512 511 512 511 511 511 512 512 513 513 511 512 512 511 512 511 512 511 511 512 511 511 511 
Oscillation data first polarity :
168 169 174 178 181 185 187 190 193 196 197 199 202 203 205 208 210 213 213 215 217 220 221 223 225 227 230 231 233 235 237 239 241 243 245 247 250 252 254 256 257 259 261 264 266 267 270 271 273 275 277 280 281 283 284 287 290 292 293 296 298 299 301 303 305 307 309 311 313 315 317 318 321 323 325 327 329 330 333 335 337 339 341 342 344 346 349 350 351 354 356 358 360 362 363 365 367 369 370 374 376 378 379 381 383 384 386 388 390 392 394 395 397 399 402 403 405 407 408 410 413 414 417 418 421 422 423 426 427 430 431 432 434 436 438 440 441 444 445 446 449 451 454 455 457 458 460 462 464 465 467 469 471 472 474 476 478 479 481 483 485 486 489 492 493 494 495 496 499 501 502 505 506 507 508 509 511 511 512 511 513 511 511 511 512 513 512 512 512 512 512 511 512 512 512 512 512 514 512 512 512 511 512 511 512 513 513 513 512 512 512 513 512 512 512 512 512 510 512 512 512 512 511 512 513 512 512 512 512 512 513 512 512 513 511 512 512 512 512 512 512 512 512 512 512 512 512 512 513 513 513 512 512 511 512 512 512 512 513 512 512 511 512 511 511 512 511 511 511 513 513 513 512 512 511 511 512 511 511 511 511 512 511 511 511 511 511 511 511 511 511 511 512 512 511 511 511 511 512 511 512 511 511 511 511 512 511 511 511 513 511 511 511 512 512 512 512 512 511 511 
Oscillation data second polarity :
853 851 848 845 842 838 835 831 827 825 824 822 819 818 816 814 812 811 808 807 805 802 800 798 797 795 792 790 788 787 785 783 780 778 776 773 772 771 767 767 765 763 761 758 756 754 752 749 748 746 744 742 740 738 736 734 732 730 728 726 725 722 721 719 716 715 713 711 708 706 705 704 701 699 697 695 693 691 689 687 684 683 682 680 678 676 674 671 670 667 665 664 662 660 658 656 654 652 649 648 646 644 642 641 639 638 635 633 631 629 628 625 623 622 620 618 616 614 612 610 608 607 605 602 602 600 598 596 593 591 590 588 586 584 582 581 578 577 575 573 571 569 567 566 563 563 561 559 556 555 552 551 550 547 546 544 543 541 539 536 535 534 532 530 528 526 524 523 521 520 517 516 514 514 511 511 509 509 508 508 508 509 508 508 510 509 509 509 509 509 509 508 509 509 508 509 509 509 509 509 508 509 509 509 509 509 509 509 509 509 509 509 510 510 509 509 509 510 509 509 508 509 509 509 509 509 509 509 509 509 508 509 509 510 510 509 509 509 509 509 509 510 509 509 509 508 509 509 509 509 509 508 509 509 509 510 509 509 509 509 509 509 508 509 509 509 509 509 509 509 509 509 509 509 509 510 509 510 509 509 509 510 509 509 509 509 509 509 509 509 508 509 508 509 509 509 510 509 510 510 509 509 509 510 509 509 508 509 509 509 508 508 509 509 509 509 509 509 509 510 
/> 