ls

ls
<CR>
         TIME          Size       File name 
----A 2021/10/15 14:51      6312  1015
----A 2021/10/15 11:31    129280  10151115
----A 2021/10/15 11:47    128000  10151131
----A 2021/10/15 12:03    128640  10151147
----A 2021/10/15 12:19    128000  10151203
----A 2021/10/15 12:35    128000  10151219
----A 2021/10/15 12:51    128000  10151235
----A 2021/10/15 13:07    128000  10151251
----A 2021/10/15 13:23    128000  10151307
----A 2021/10/15 13:23      2560  10151323
----A 2021/10/15 14:23    128000  10151408
----A 2021/10/15 14:39    128000  10151424
----A 2021/10/15 14:40      2560  10151440
----A 2021/10/16 14:41      8744  1016
----A 2021/10/16 10:11    128000  10160953
----A 2021/10/16 10:27    128000  10161009
----A 2021/10/16 10:43    128000  10161025
----A 2021/10/16 10:59    128000  10161041
----A 2021/10/16 11:15    128000  10161057
----A 2021/10/16 11:31    128000  10161113
----A 2021/10/16 11:47    128000  10161129
----A 2021/10/16 12:03    128000  10161145
----A 2021/10/16 12:19    128000  10161201
----A 2021/10/16 12:35    128000  10161217
----A 2021/10/16 12:51    128000  10161233
----A 2021/10/16 13:07    128000  10161249
----A 2021/10/16 13:07      2560  10161305
----A 2021/10/16 13:59    128000  10161343
----A 2021/10/16 14:15    128000  10161359
----A 2021/10/16 14:31    128000  10161415
----A 2021/10/16 14:31      2560  10161431
----A 2021/10/17 15:13      9800  1017
----A 2021/10/17 10:12    128000  10170957
----A 2021/10/17 10:28    128000  10171013
----A 2021/10/17 10:44    128000  10171029
----A 2021/10/17 11:00    128000  10171045
----A 2021/10/17 11:16    128000  10171101
----A 2021/10/17 11:32    128000  10171117
----A 2021/10/17 11:48    128000  10171133
----A 2021/10/17 12:04    128000  10171149
----A 2021/10/17 12:20    128000  10171205
----A 2021/10/17 12:36    128000  10171221
----A 2021/10/17 12:52    128000  10171237
----A 2021/10/17 13:08    128000  10171253
----A 2021/10/17 13:24    128000  10171309
----A 2021/10/17 13:40    128000  10171325
----A 2021/10/17 13:56    128000  10171341
----A 2021/10/17 14:12    128000  10171357
----A 2021/10/17 14:28    128000  10171413
----A 2021/10/17 14:44    128000  10171429
----A 2021/10/17 15:00    128000  10171445
----A 2021/10/17 15:01      2560  10171501
----A 2021/10/18 15:03      9896  1018
----A 2021/10/18 09:59    128000  10180942
----A 2021/10/18 10:15    128000  10180958
----A 2021/10/18 10:31    128000  10181014
----A 2021/10/18 10:47    128000  10181030
----A 2021/10/18 11:03    128000  10181046
----A 2021/10/18 11:19    128000  10181102
----A 2021/10/18 11:35    128000  10181118
----A 2021/10/18 11:51    128000  10181134
----A 2021/10/18 12:07    128000  10181150
----A 2021/10/18 12:23    128000  10181206
----A 2021/10/18 12:39    128000  10181222
----A 2021/10/18 12:55    128000  10181238
----A 2021/10/18 13:11    128000  10181254
----A 2021/10/18 13:27    128000  10181310
----A 2021/10/18 13:43    128000  10181326
----A 2021/10/18 13:59    128000  10181342
----A 2021/10/18 14:15    128000  10181358
----A 2021/10/18 14:31    128000  10181414
----A 2021/10/18 14:47    128000  10181430
----A 2021/10/18 15:03    103040  10181446
----A 2021/10/19 14:15      8000  1019
----A 2021/10/19 10:02    128000  10190947
----A 2021/10/19 10:18    128000  10191003
----A 2021/10/19 10:34    128000  10191019
----A 2021/10/19 10:50    128000  10191035
----A 2021/10/19 11:06    128000  10191051
----A 2021/10/19 11:22    128000  10191107
----A 2021/10/19 11:38    128000  10191123
----A 2021/10/19 11:54    128000  10191139
----A 2021/10/19 12:10    128000  10191155
----A 2021/10/19 12:26    128000  10191211
----A 2021/10/19 12:42    128000  10191227
----A 2021/10/19 12:58    128000  10191243
----A 2021/10/19 13:14    128000  10191259
----A 2021/10/19 13:30    128000  10191315
----A 2021/10/19 13:31      2560  10191331
----A 2021/10/19 14:07      2560  10191407

  90 File(s),  10021632 bytes total
   0 Dir(s),     990416K bytes free

/> 
read 1019
read 1019
<CR>Time:2021/10/19 14:07
Hours Minutes Seconds  Nb_Samples    Aver. Current 
9 32 50 25 18975 
9 33 5 24 20142 
9 33 20 25 20571 
9 33 35 25 21001 
9 33 50 25 21001 
9 34 5 25 21063 
9 34 20 25 21001 
9 34 35 25 21001 
9 34 50 25 21063 
9 35 5 25 21001 
9 35 20 25 21001 
9 35 35 25 21001 
9 35 50 25 21001 
9 36 5 25 21001 
9 36 20 25 21001 
9 36 35 25 21001 
9 36 50 25 21001 
9 37 5 25 21001 
9 37 20 25 21001 
9 37 35 25 21001 
9 37 50 25 21001 
9 38 5 25 21001 
9 38 20 25 21001 
9 38 35 25 21001 
9 38 50 25 21001 
9 39 5 25 21001 
9 39 20 25 21001 
9 39 35 25 21001 
9 39 50 25 21001 
9 40 5 25 21001 
9 40 20 25 21001 
9 40 35 25 21001 
9 40 50 25 21001 
9 41 5 25 21001 
9 41 20 25 21001 
9 41 35 25 21001 
9 41 50 25 21001 
9 42 5 25 21001 
9 42 20 25 21001 
9 42 35 25 21001 
9 42 50 25 21001 
9 43 5 25 21001 
9 43 20 25 21001 
9 43 35 25 21001 
9 43 50 25 21001 
9 44 5 25 21001 
9 44 20 25 21001 
9 44 35 25 21001 
9 44 50 25 21001 
9 45 5 25 20940 
9 45 21 26 21001 
9 45 36 25 21001 
9 45 51 25 21001 
9 46 6 25 21001 
9 46 21 25 21001 
9 46 36 25 21001 
9 48 6 25 20940 
9 48 21 25 20940 
9 48 36 25 20940 
9 48 51 25 20940 
9 49 6 25 20940 
9 49 21 25 20940 
9 49 36 25 20940 
9 49 51 25 20940 
9 50 6 25 20940 
9 50 21 25 20940 
9 50 36 25 20940 
9 50 51 25 20940 
9 51 6 25 20940 
9 51 21 25 20940 
9 51 36 25 20940 
9 51 51 25 20940 
9 52 6 25 20940 
9 52 21 25 20940 
9 52 36 25 20940 
9 52 51 25 20940 
9 53 6 25 20940 
9 53 21 25 20940 
9 53 36 25 20940 
9 53 51 25 20940 
9 54 6 25 20940 
9 54 21 25 20940 
9 54 36 25 20940 
9 54 51 25 20940 
9 55 6 25 20940 
9 55 21 25 20940 
9 55 36 25 20940 
9 55 51 25 20940 
9 56 6 25 20940 
9 56 21 25 20940 
9 56 36 25 20940 
9 56 51 25 20940 
9 57 6 25 20940 
9 57 21 25 20940 
9 57 36 25 20940 
9 57 51 25 20940 
9 58 6 25 20940 
9 58 21 25 20940 
9 58 36 25 20940 
9 58 51 25 20940 
9 59 6 25 20940 
9 59 21 25 20940 
9 59 36 25 20940 
9 59 51 25 20940 
10 0 6 25 20940 
10 0 21 25 20940 
10 0 36 25 20940 
10 0 51 25 20940 
10 1 6 25 20940 
10 1 21 25 20940 
10 1 36 25 20940 
10 1 51 25 20940 
10 2 6 25 20940 
10 2 21 25 20940 
10 2 36 25 20940 
10 4 6 25 20940 
10 4 21 25 20940 
10 4 36 25 20940 
10 4 51 25 20940 
10 5 6 25 20940 
10 5 21 25 20940 
10 5 36 25 20940 
10 5 51 25 20940 
10 6 6 25 20940 
10 6 21 25 20940 
10 6 36 25 20940 
10 6 51 25 20940 
10 7 6 25 20940 
10 7 21 25 20940 
10 7 36 25 20940 
10 7 51 25 20940 
10 8 6 25 20940 
10 8 21 25 20940 
10 8 36 25 20940 
10 8 51 25 20940 
10 9 6 25 20940 
10 9 21 25 20940 
10 9 36 25 20940 
10 9 51 25 20940 
10 10 6 25 20940 
10 10 21 25 20940 
10 10 36 25 20940 
10 10 51 25 20940 
10 11 6 25 20940 
10 11 21 25 20940 
10 11 36 25 20940 
10 11 51 25 20940 
10 12 6 25 20940 
10 12 21 25 20940 
10 12 36 25 20940 
10 12 51 25 20940 
10 13 6 25 20940 
10 13 21 25 20940 
10 13 36 25 20940 
10 13 51 25 20940 
10 14 6 25 20940 
10 14 21 25 20940 
10 14 36 25 20940 
10 14 51 25 20940 
10 15 6 25 20940 
10 15 21 25 20940 
10 15 36 25 20940 
10 15 51 25 20940 
10 16 6 25 20940 
10 16 21 25 20940 
10 16 36 25 20940 
10 16 51 25 20940 
10 17 6 25 20940 
10 17 21 25 20940 
10 17 36 25 20940 
10 17 51 25 20940 
10 18 6 25 20940 
10 18 21 25 20940 
10 18 36 25 20940 
10 20 6 25 20940 
10 20 21 25 20940 
10 20 36 25 20940 
10 20 51 25 20940 
10 21 6 25 20940 
10 21 21 25 20940 
10 21 36 25 20940 
10 21 51 25 20940 
10 22 6 25 20940 
10 22 21 25 20940 
10 22 36 25 20940 
10 22 51 25 20940 
10 23 6 25 20940 
10 23 21 25 20940 
10 23 36 25 20940 
10 23 51 25 20940 
10 24 6 25 20940 
10 24 21 25 20940 
10 24 36 25 20940 
10 24 51 25 20940 
10 25 6 25 20940 
10 25 21 25 20940 
10 25 36 25 20940 
10 25 51 25 20940 
10 26 6 25 20940 
10 26 21 25 20940 
10 26 36 25 20940 
10 26 51 25 20940 
10 27 6 25 20940 
10 27 21 25 20940 
10 27 36 25 20940 
10 27 51 25 20940 
10 28 6 25 20940 
10 28 21 25 20940 
10 28 36 25 20940 
10 28 51 25 20940 
10 29 6 25 20940 
10 29 21 25 20940 
10 29 36 25 20940 
10 29 51 25 20940 
10 30 6 25 20940 
10 30 21 25 20940 
10 30 36 25 20940 
10 30 51 25 20940 
10 31 6 25 20940 
10 31 21 25 20940 
10 31 36 25 20940 
10 31 51 25 20940 
10 32 6 25 20940 
10 32 21 25 20940 
10 32 36 25 20940 
10 32 51 25 20940 
10 33 6 25 20940 
10 33 21 25 20940 
10 33 36 25 20940 
10 33 51 25 20940 
10 34 6 25 20940 
10 34 21 25 20940 
10 34 36 25 20940 
10 36 6 25 20940 
10 36 21 25 20940 
10 36 36 25 20940 
10 36 51 25 20940 
10 37 6 25 20940 
10 37 21 25 20940 
10 37 36 25 20940 
10 37 51 25 20940 
10 38 6 25 20940 
10 38 21 25 20940 
10 38 36 25 20940 
10 38 51 25 20940 
10 39 6 25 20940 
10 39 21 25 20940 
10 39 36 25 20940 
10 39 51 25 20940 
10 40 6 25 20940 
10 40 21 25 20940 
10 40 36 25 20940 
10 40 51 25 20940 
10 41 6 25 20940 
10 41 21 25 20940 
10 41 36 25 20940 
10 41 51 25 20940 
10 42 6 25 20940 
10 42 21 25 20940 
10 42 36 25 20940 
10 42 51 25 20940 
10 43 6 25 20940 
10 43 21 25 20940 
10 43 36 25 20940 
10 43 51 25 20940 
10 44 6 25 20940 
10 44 21 25 20940 
10 44 36 25 20940 
10 44 51 25 20940 
10 45 6 25 20940 
10 45 21 25 20940 
10 45 36 25 20940 
10 45 51 25 20940 
10 46 6 25 20940 
10 46 21 25 20940 
10 46 36 25 20940 
10 46 51 25 20940 
10 47 6 25 20940 
10 47 21 25 20940 
10 47 36 25 20940 
10 47 51 25 20940 
10 48 6 25 20940 
10 48 21 25 20940 
10 48 36 25 20940 
10 48 51 25 20940 
10 49 6 25 20940 
10 49 21 25 20940 
10 49 36 25 20940 
10 49 51 25 20940 
10 50 6 25 20940 
10 50 21 25 20940 
10 50 36 25 20940 
10 52 6 25 20940 
10 52 21 25 20940 
10 52 36 25 20940 
10 52 51 25 20940 
10 53 6 25 20940 
10 53 21 25 20940 
10 53 36 25 20940 
10 53 51 25 20940 
10 54 6 25 20940 
10 54 21 25 20940 
10 54 36 25 20940 
10 54 51 25 20940 
10 55 6 25 20940 
10 55 21 25 20940 
10 55 36 25 20940 
10 55 51 25 20940 
10 56 6 25 20940 
10 56 21 25 20940 
10 56 36 25 20940 
10 56 51 25 20940 
10 57 6 25 20940 
10 57 21 25 20940 
10 57 36 25 20940 
10 57 51 25 20940 
10 58 6 25 20940 
10 58 21 25 20940 
10 58 36 25 20940 
10 58 51 25 20940 
10 59 6 25 20940 
10 59 21 25 20940 
10 59 36 25 20940 
10 59 51 25 20940 
11 0 6 25 20940 
11 0 21 25 20940 
11 0 36 25 20940 
11 0 51 25 20940 
11 1 6 25 20940 
11 1 21 25 20940 
11 1 36 25 20940 
11 1 51 25 20940 
11 2 6 25 20940 
11 2 21 25 20940 
11 2 36 25 20940 
11 2 51 25 20940 
11 3 6 25 20940 
11 3 21 25 20940 
11 3 36 25 20940 
11 3 51 25 20940 
11 4 6 25 20940 
11 4 21 25 20940 
11 4 36 25 20940 
11 4 51 25 20940 
11 5 6 25 20940 
11 5 21 25 20940 
11 5 36 25 20940 
11 5 51 25 20940 
11 6 6 25 20940 
11 6 21 25 20940 
11 6 36 25 20940 
11 8 6 25 20940 
11 8 21 25 20940 
11 8 36 25 20940 
11 8 51 25 20940 
11 9 6 25 20940 
11 9 21 25 20940 
11 9 36 25 20940 
11 9 51 25 20940 
11 10 6 25 20940 
11 10 21 25 20940 
11 10 36 25 20940 
11 10 51 25 20940 
11 11 6 25 20940 
11 11 21 25 20940 
11 11 36 25 20940 
11 11 51 25 20940 
11 12 6 25 20940 
11 12 21 25 20940 
11 12 36 25 20940 
11 12 51 25 20940 
11 13 6 25 20940 
11 13 21 25 20940 
11 13 36 25 20940 
11 13 51 25 20940 
11 14 6 25 20940 
11 14 21 25 20940 
11 14 36 25 20940 
11 14 51 25 20940 
11 15 6 25 20940 
11 15 21 25 20940 
11 15 36 25 20940 
11 15 51 25 20940 
11 16 6 25 20940 
11 16 21 25 20940 
11 16 36 25 20940 
11 16 51 25 20940 
11 17 6 25 20940 
11 17 21 25 20940 
11 17 36 25 20940 
11 17 51 25 20940 
11 18 6 25 20940 
11 18 21 25 20940 
11 18 36 25 20940 
11 18 51 25 20940 
11 19 6 25 20940 
11 19 21 25 20940 
11 19 36 25 20940 
11 19 51 25 20940 
11 20 6 25 20940 
11 20 21 25 20940 
11 20 36 25 20940 
11 20 51 25 20940 
11 21 6 25 20940 
11 21 21 25 20940 
11 21 36 25 20940 
11 21 51 25 20940 
11 22 6 25 20940 
11 22 21 25 20940 
11 22 36 25 20940 
11 24 6 25 20940 
11 24 21 25 20940 
11 24 36 25 20940 
11 24 51 25 20940 
11 25 6 25 20940 
11 25 21 25 20940 
11 25 36 25 20940 
11 25 51 25 20940 
11 26 6 25 20940 
11 26 21 25 20940 
11 26 36 25 20940 
11 26 51 25 20940 
11 27 6 25 20940 
11 27 21 25 20940 
11 27 36 25 20940 
11 27 51 25 20940 
11 28 6 25 20940 
11 28 21 25 20940 
11 28 36 25 20940 
11 28 51 25 20940 
11 29 6 25 20940 
11 29 21 25 20940 
11 29 36 25 20940 
11 29 51 25 20940 
11 30 6 25 20940 
11 30 21 25 20940 
11 30 36 25 20940 
11 30 51 25 20940 
11 31 6 25 20940 
11 31 21 25 20940 
11 31 36 25 20940 
11 31 51 25 20940 
11 32 6 25 20940 
11 32 21 25 20940 
11 32 36 25 20940 
11 32 51 25 20940 
11 33 6 25 20940 
11 33 21 25 20940 
11 33 36 25 20940 
11 33 51 25 20940 
11 34 6 25 20940 
11 34 21 25 20940 
11 34 36 25 20940 
11 34 51 25 20940 
11 35 6 25 20940 
11 35 21 25 20940 
11 35 36 25 20940 
11 35 51 25 20940 
11 36 6 25 20940 
11 36 21 25 20940 
11 36 36 25 20940 
11 36 51 25 20940 
11 37 6 25 20940 
11 37 21 25 20940 
11 37 36 25 20940 
11 37 51 25 20940 
11 38 6 25 20940 
11 38 21 25 20940 
11 38 36 25 20940 
11 40 6 25 20940 
11 40 21 25 20940 
11 40 36 25 20940 
11 40 51 25 20940 
11 41 6 25 20940 
11 41 21 25 20940 
11 41 36 25 20940 
11 41 51 25 20940 
11 42 6 25 20940 
11 42 22 26 20940 
11 42 37 25 20940 
11 42 52 25 20940 
11 43 7 25 20940 
11 43 22 25 20940 
11 43 37 25 20940 
11 43 52 25 20940 
11 44 7 25 20940 
11 44 22 25 20940 
11 44 37 25 20940 
11 44 52 25 20940 
11 45 7 25 20940 
11 45 22 25 20940 
11 45 37 25 20940 
11 45 52 25 20940 
11 46 7 25 20940 
11 46 22 25 20940 
11 46 37 25 20940 
11 46 52 25 20940 
11 47 7 25 20940 
11 47 22 25 20940 
11 47 37 25 20940 
11 47 52 25 20940 
11 48 7 25 20940 
11 48 22 25 20940 
11 48 37 25 20940 
11 48 52 25 20940 
11 49 7 25 20940 
11 49 22 25 20940 
11 49 37 25 20940 
11 49 52 25 20940 
11 50 7 25 20940 
11 50 22 25 20940 
11 50 37 25 20940 
11 50 52 25 20940 
11 51 7 25 20940 
11 51 22 25 20940 
11 51 37 25 20940 
11 51 52 25 20940 
11 52 7 25 20940 
11 52 22 25 20940 
11 52 37 25 20940 
11 52 52 25 20940 
11 53 7 25 20940 
11 53 22 25 20940 
11 53 37 25 20940 
11 53 52 25 20940 
11 54 7 25 20940 
11 54 22 25 20940 
11 54 37 25 20940 
11 56 7 25 20940 
11 56 22 25 20940 
11 56 37 25 20940 
11 56 52 25 20940 
11 57 7 25 20940 
11 57 22 25 20940 
11 57 37 25 20940 
11 57 52 25 20940 
11 58 7 25 20940 
11 58 22 25 20940 
11 58 37 25 20940 
11 58 52 25 20940 
11 59 7 25 20940 
11 59 22 25 20940 
11 59 37 25 20940 
11 59 52 25 20940 
12 0 7 25 20940 
12 0 22 25 20940 
12 0 37 25 20940 
12 0 52 25 20940 
12 1 7 25 20940 
12 1 22 25 20940 
12 1 37 25 20940 
12 1 52 25 20940 
12 2 7 25 20940 
12 2 22 25 20940 
12 2 37 25 20940 
12 2 52 25 20940 
12 3 7 25 20940 
12 3 22 25 20940 
12 3 37 25 20940 
12 3 52 25 20940 
12 4 7 25 20940 
12 4 22 25 20940 
12 4 37 25 20940 
12 4 52 25 20940 
12 5 7 25 20940 
12 5 22 25 20940 
12 5 37 25 20940 
12 5 52 25 20940 
12 6 7 25 20940 
12 6 22 25 20940 
12 6 37 25 20940 
12 6 52 25 20940 
12 7 7 25 20940 
12 7 22 25 20940 
12 7 37 25 20940 
12 7 52 25 20940 
12 8 7 25 20940 
12 8 22 25 20940 
12 8 37 25 20940 
12 8 52 25 20940 
12 9 7 25 20940 
12 9 22 25 20940 
12 9 37 25 20940 
12 9 52 25 20940 
12 10 7 25 20940 
12 10 22 25 20940 
12 10 37 25 20940 
12 12 7 25 20940 
12 12 22 25 20940 
12 12 37 25 20940 
12 12 52 25 20940 
12 13 7 25 20940 
12 13 22 25 20940 
12 13 37 25 20940 
12 13 52 25 20940 
12 14 7 25 20940 
12 14 22 25 20940 
12 14 37 25 20940 
12 14 52 25 20940 
12 15 7 25 20940 
12 15 22 25 20940 
12 15 37 25 20940 
12 15 52 25 20940 
12 16 7 25 20940 
12 16 22 25 20940 
12 16 37 25 20940 
12 16 52 25 20940 
12 17 7 25 20940 
12 17 22 25 20940 
12 17 37 25 20940 
12 17 52 25 20940 
12 18 7 25 20940 
12 18 22 25 20940 
12 18 37 25 20940 
12 18 52 25 20940 
12 19 7 25 20940 
12 19 22 25 20940 
12 19 37 25 20940 
12 19 52 25 20940 
12 20 7 25 20940 
12 20 22 25 20940 
12 20 37 25 20940 
12 20 52 25 20940 
12 21 7 25 20940 
12 21 22 25 20940 
12 21 37 25 20940 
12 21 52 25 20940 
12 22 7 25 20940 
12 22 22 25 20940 
12 22 37 25 20940 
12 22 52 25 20940 
12 23 7 25 20940 
12 23 22 25 20940 
12 23 37 25 20940 
12 23 52 25 20940 
12 24 7 25 20940 
12 24 22 25 20940 
12 24 37 25 20940 
12 24 52 25 20940 
12 25 7 25 20940 
12 25 22 25 20940 
12 25 37 25 20940 
12 25 52 25 20940 
12 26 7 25 20940 
12 26 22 25 20940 
12 26 37 25 20940 
12 28 7 25 20940 
12 28 22 25 20940 
12 28 37 25 20940 
12 28 52 25 20940 
12 29 7 25 20940 
12 29 22 25 20940 
12 29 37 25 20940 
12 29 52 25 20940 
12 30 7 25 20940 
12 30 22 25 20940 
12 30 37 25 20940 
12 30 52 25 20940 
12 31 7 25 20940 
12 31 22 25 20940 
12 31 37 25 20940 
12 31 52 25 20940 
12 32 7 25 20940 
12 32 22 25 20940 
12 32 37 25 20940 
12 32 52 25 20940 
12 33 7 25 20940 
12 33 22 25 20940 
12 33 37 25 20940 
12 33 52 25 20940 
12 34 7 25 20940 
12 34 22 25 20940 
12 34 37 25 20940 
12 34 52 25 20940 
12 35 7 25 20940 
12 35 22 25 20940 
12 35 37 25 20940 
12 35 52 25 20940 
12 36 7 25 20940 
12 36 22 25 20940 
12 36 37 25 20940 
12 36 52 25 20940 
12 37 7 25 20940 
12 37 22 25 20940 
12 37 37 25 20940 
12 37 52 25 20940 
12 38 7 25 20940 
12 38 22 25 20940 
12 38 37 25 20940 
12 38 52 25 20940 
12 39 7 25 20940 
12 39 22 25 20940 
12 39 37 25 20940 
12 39 52 25 20940 
12 40 7 25 20940 
12 40 22 25 20940 
12 40 37 25 20940 
12 40 52 25 20940 
12 41 7 25 20940 
12 41 22 25 20940 
12 41 37 25 20940 
12 41 52 25 20940 
12 42 7 25 20940 
12 42 22 25 20940 
12 42 37 25 20940 
12 44 7 25 20940 
12 44 22 25 20940 
12 44 37 25 20940 
12 44 52 25 20940 
12 45 7 25 20940 
12 45 22 25 20940 
12 45 37 25 20940 
12 45 52 25 20940 
12 46 7 25 20940 
12 46 22 25 20940 
12 46 37 25 20940 
12 46 52 25 20940 
12 47 7 25 20940 
12 47 22 25 20940 
12 47 37 25 20940 
12 47 52 25 20940 
12 48 7 25 20940 
12 48 22 25 20940 
12 48 37 25 20940 
12 48 52 25 20940 
12 49 7 25 20940 
12 49 22 25 20940 
12 49 37 25 20940 
12 49 52 25 20940 
12 50 7 25 20940 
12 50 22 25 20940 
12 50 37 25 20940 
12 50 52 25 20940 
12 51 7 25 20940 
12 51 22 25 20940 
12 51 37 25 20940 
12 51 52 25 20940 
12 52 7 25 20940 
12 52 22 25 20940 
12 52 37 25 20940 
12 52 52 25 20940 
12 53 7 25 20940 
12 53 22 25 20940 
12 53 37 25 20940 
12 53 52 25 20878 
12 54 7 25 20878 
12 54 22 25 20940 
12 54 37 25 20940 
12 54 52 25 20940 
12 55 7 25 20940 
12 55 22 25 20940 
12 55 37 25 20878 
12 55 52 25 20940 
12 56 7 25 20878 
12 56 22 25 20940 
12 56 37 25 20878 
12 56 52 25 20940 
12 57 7 25 20878 
12 57 22 25 20940 
12 57 37 25 20940 
12 57 52 25 20940 
12 58 7 25 20940 
12 58 22 25 20940 
12 58 37 25 20940 
13 0 7 25 20878 
13 0 22 25 20878 
13 0 37 25 20878 
13 0 52 25 20878 
13 1 7 25 20878 
13 1 22 25 20940 
13 1 37 25 20878 
13 1 52 25 20878 
13 2 7 25 20940 
13 2 22 25 20878 
13 2 37 25 20878 
13 2 52 25 20878 
13 3 7 25 20878 
13 3 22 25 20940 
13 3 37 25 20878 
13 3 52 25 20940 
13 4 7 25 20878 
13 4 22 25 20878 
13 4 37 25 20878 
13 4 52 25 20878 
13 5 7 25 20878 
13 5 22 25 20878 
13 5 37 25 20878 
13 5 52 25 20940 
13 6 7 25 20878 
13 6 22 25 20878 
13 6 37 25 20940 
13 6 52 25 20940 
13 7 7 25 20878 
13 7 22 25 20878 
13 7 37 25 20878 
13 7 52 25 20878 
13 8 7 25 20940 
13 8 22 25 20878 
13 8 37 25 20878 
13 8 52 25 20940 
13 9 7 25 20940 
13 9 22 25 20940 
13 9 37 25 20878 
13 9 52 25 20940 
13 10 7 25 20940 
13 10 22 25 20878 
13 10 37 25 20940 
13 10 52 25 20878 
13 11 7 25 20878 
13 11 22 25 20940 
13 11 37 25 20940 
13 11 52 25 20940 
13 12 7 25 20878 
13 12 22 25 20878 
13 12 37 25 20878 
13 12 52 25 20940 
13 13 7 25 20878 
13 13 22 25 20940 
13 13 37 25 20940 
13 13 52 25 20878 
13 14 7 25 20878 
13 14 22 25 20878 
13 14 37 25 20878 
13 16 7 25 20878 
13 16 22 25 20878 
13 16 37 25 20878 
13 16 52 25 20878 
13 17 7 25 20878 
13 17 22 25 20878 
13 17 37 25 20878 
13 17 52 25 20878 
13 18 7 25 20878 
13 18 22 25 20878 
13 18 37 25 20878 
13 18 52 25 20878 
13 19 7 25 20878 
13 19 22 25 20878 
13 19 37 25 20878 
13 19 52 25 20878 
13 20 7 25 20878 
13 20 22 25 20878 
13 20 37 25 20878 
13 20 52 25 20878 
13 21 7 25 20878 
13 21 22 25 20878 
13 21 37 25 20878 
13 21 52 25 20878 
13 22 7 25 20878 
13 22 22 25 20878 
13 22 37 25 20878 
13 22 52 25 20878 
13 23 7 25 20878 
13 23 22 25 20878 
13 23 37 25 20878 
13 23 52 25 20940 
13 24 7 25 20878 
13 24 22 25 20878 
13 24 37 25 20878 
13 24 52 25 20878 
13 25 7 25 20878 
13 25 22 25 20878 
13 25 37 25 20940 
13 25 52 25 20878 
13 26 7 25 20878 
13 26 22 25 20878 
13 26 37 25 20878 
13 26 52 25 20940 
13 27 7 25 20878 
13 27 22 25 20940 
13 27 37 25 20878 
13 27 52 25 20878 
13 28 7 25 20878 
13 28 22 25 20878 
13 28 37 25 20878 
13 28 52 25 20878 
13 29 7 25 20878 
13 29 22 25 20878 
13 29 37 25 20940 
13 29 52 25 20878 
13 30 7 25 20940 
13 30 22 25 20878 
13 30 37 25 20940 
13 32 7 25 20940 
13 32 22 25 20878 
13 32 37 25 20878 
13 32 52 25 20878 
13 33 7 25 20878 
13 33 22 25 20878 
13 33 37 25 20940 
13 33 52 25 20878 
13 34 7 25 20940 
13 34 22 25 20878 
13 34 37 25 20878 
13 34 52 25 20878 
13 35 7 25 20878 
13 35 22 25 20940 
13 35 37 25 20878 
13 35 52 25 20940 
13 36 7 25 20878 
13 36 22 25 20940 
13 36 37 25 20878 
13 36 52 25 20940 
13 37 7 25 20878 
13 37 22 25 20878 
13 37 37 25 20878 
13 37 52 25 20878 
13 38 7 25 20878 
13 38 22 25 20878 
13 38 37 25 20878 
13 38 52 25 20878 
13 39 7 25 20878 
13 39 22 25 20878 
13 39 37 25 20878 
13 39 52 25 20878 
13 52 44 25 14738 
13 52 58 24 16703 
13 53 13 25 19036 
13 53 28 25 20326 
13 53 43 25 21001 
13 53 58 25 21001 
13 54 13 25 21001 
13 54 28 25 21001 
13 54 43 25 21001 
13 54 58 25 21001 
13 55 13 25 21001 
13 55 28 25 21001 
13 55 43 25 21001 
13 55 58 25 21001 
13 56 13 25 21001 
13 56 28 25 21001 
13 56 43 25 21001 
13 56 58 25 21001 
13 57 13 25 21001 
13 57 28 25 21001 
13 57 43 25 21001 
13 57 58 25 21001 
13 58 13 25 21001 
13 58 28 25 21001 
13 58 43 25 21001 
13 58 58 25 21001 
13 59 13 25 21001 
13 59 28 25 21001 
13 59 43 25 21001 
13 59 58 25 21001 
14 0 13 25 21001 
14 0 28 25 21001 
14 0 43 25 21001 
14 0 58 25 21001 
14 1 13 25 21001 
14 1 28 25 21001 
14 1 43 25 21001 
14 1 58 25 21001 
14 2 13 25 21001 
14 2 28 25 21001 
14 2 43 25 21001 
14 2 58 25 21001 
14 3 13 25 21001 
14 3 28 25 21001 
14 3 43 25 21001 
14 3 58 25 21001 
14 4 13 25 21001 
14 4 28 25 21001 
14 4 43 25 21001 
14 4 58 25 21001 
14 5 13 25 21001 
14 5 28 25 21001 
14 5 43 25 21001 
14 5 58 25 21001 
14 6 13 25 21001 
14 6 28 25 21001 
14 6 43 25 21001 
14 8 15 25 21001 
14 8 30 25 21001 
14 8 45 25 21001 
14 9 0 25 21001 
14 9 15 25 21001 
14 9 30 25 21001 
14 9 45 25 21001 
14 10 0 25 21001 
14 10 15 25 21001 
14 10 30 25 20940 
14 10 45 25 20940 
14 11 0 25 20940 
14 11 15 25 20940 
14 11 30 25 20940 
14 11 45 25 20940 
14 12 0 25 20940 
14 12 15 25 20940 
14 12 30 25 20940 
14 12 45 25 20940 
14 13 0 25 20940 
14 13 15 25 20940 
14 13 30 25 20940 
14 13 45 25 20940 
14 14 0 25 20940 
14 14 15 25 20940 
14 14 30 25 20940 
14 14 45 25 20940 
14 15 0 25 20940 
14 15 15 25 20940 

/> 
read_ramp 10191211
read_ramp 10191211
<CR>Time:2021/10/19 14:07Ramp data first polarity: 
165 165 164 165 165 166 165 165 165 165 165 165 165 165 165 165 164 165 166 165 165 165 165 164 165 165 165 165 165 166 166 165 164 164 165 165 165 166 166 165 164 165 165 164 165 165 166 164 165 164 164 165 166 164 166 166 165 165 165 165 165 163 167 168 170 170 170 176 179 182 185 189 192 195 197 198 201 203 205 207 208 210 211 214 216 218 220 223 223 226 228 230 231 234 236 238 239 241 243 245 247 249 252 254 255 257 259 261 263 265 268 270 271 273 274 277 279 281 284 286 287 289 290 293 295 297 299 302 303 305 307 308 311 312 315 317 318 320 322 324 326 328 331 333 334 336 338 340 342 343 346 348 349 350 353 355 357 359 361 363 365 366 368 370 373 374 377 377 379 381 383 385 387 388 391 393 394 397 398 400 402 404 406 407 409 411 413 414 417 419 420 421 424 425 427 429 431 433 436 436 439 439 442 444 445 447 449 451 453 454 457 458 460 462 463 465 467 468 470 472 474 476 478 479 480 483 484 485 488 490 492 494 495 497 498 499 502 503 505 506 506 507 507 508 508 508 508 508 507 508 508 507 508 508 509 506 507 507 507 508 508 507 508 508 508 507 507 507 507 507 508 508 508 508 507 507 508 507 508 508 507 507 507 507 507 507 509 508 507 507 507 507 507 507 508 508 507 507 508 507 507 508 508 508 507 507 507 507 507 507 508 508 507 507 507 508 507 507 508 507 
ramp data second polarity
848 848 848 847 847 848 848 847 848 849 848 848 847 847 847 847 848 848 848 848 847 847 847 848 847 849 848 849 848 848 847 848 847 848 849 849 847 848 847 847 848 847 848 849 847 847 848 847 848 847 848 848 848 847 847 847 848 847 849 849 847 848 847 847 852 845 844 840 835 830 829 826 823 821 817 815 813 811 809 808 806 804 802 800 797 795 794 792 790 787 787 784 782 780 778 776 775 773 771 768 765 764 761 760 758 757 754 753 750 749 746 743 743 740 739 737 735 732 731 728 727 725 724 722 719 717 715 713 712 709 708 706 703 702 700 698 696 694 692 690 688 686 684 682 680 679 677 676 673 671 669 667 665 664 663 659 657 656 654 652 651 649 646 644 643 641 639 636 635 634 632 629 627 625 623 622 620 619 617 615 612 611 609 607 605 604 602 600 598 596 594 592 590 590 588 585 584 581 580 578 577 575 573 571 569 566 565 563 561 560 559 557 555 553 551 550 548 547 544 542 540 539 538 536 534 533 529 528 527 524 523 521 520 519 516 514 513 511 510 508 507 507 505 504 504 504 505 505 505 505 505 505 504 505 505 506 506 505 504 504 505 505 505 505 505 505 505 505 504 505 505 505 505 505 505 505 504 505 506 505 505 505 505 505 504 504 505 505 505 505 505 504 505 505 505 505 505 505 505 505 505 505 505 505 506 506 505 505 505 505 505 505 506 506 505 505 504 505 505 504 
Oscillation data first polarity :
842 841 837 833 830 827 825 823 818 815 813 813 810 809 806 805 803 800 798 797 795 793 791 789 788 785 782 780 781 778 775 774 772 770 767 765 763 761 759 758 755 753 751 749 748 746 743 743 740 739 735 734 731 730 727 726 725 722 720 718 717 715 712 711 709 706 705 703 701 699 697 696 694 691 689 687 685 683 681 681 678 675 673 672 670 668 666 665 664 661 658 657 655 654 651 650 647 645 643 642 640 639 636 635 632 631 628 627 625 624 621 620 618 615 613 612 610 609 606 605 603 601 599 597 595 594 592 591 588 586 585 583 581 579 578 576 573 572 570 569 567 564 563 561 560 558 556 553 553 550 549 548 546 543 541 540 538 536 535 533 532 529 528 526 524 522 520 520 518 516 513 512 511 509 507 506 505 505 504 505 505 505 505 505 505 503 504 504 505 504 505 506 505 505 504 504 505 505 504 506 505 504 505 504 504 505 505 506 505 505 505 505 505 505 505 505 505 504 505 505 504 505 505 505 506 505 505 505 505 505 505 505 506 504 504 505 505 505 504 505 506 505 504 504 505 505 505 505 506 504 505 505 505 505 505 505 505 504 505 505 505 505 504 505 506 505 504 504 505 505 505 504 506 505 505 505 505 505 505 504 505 505 505 505 504 505 505 505 506 506 504 505 505 505 504 504 506 505 504 505 505 505 505 505 505 505 505 504 505 506 505 505 505 505 504 505 505 506 505 505 
Oscillation data second polarity :
169 171 175 178 181 186 189 191 194 197 200 201 202 204 206 208 210 212 214 216 218 219 222 223 225 227 230 232 233 235 237 239 242 242 247 247 249 251 253 255 257 259 262 264 265 267 269 271 273 275 277 279 281 282 284 286 288 291 293 295 297 299 300 302 305 306 309 310 312 314 316 318 321 322 324 326 328 330 331 333 335 337 340 342 342 345 346 349 351 354 355 357 358 361 362 364 366 368 370 373 374 374 377 378 381 383 385 387 388 390 393 394 396 398 400 402 403 405 407 409 410 413 415 417 418 420 421 424 425 427 429 431 433 435 436 438 439 441 444 446 447 448 450 452 453 456 457 460 461 463 464 466 468 471 471 474 476 477 478 480 482 484 485 488 489 491 493 495 495 498 498 501 503 505 505 506 507 507 508 508 507 508 507 508 507 507 508 508 508 507 507 508 508 507 509 508 508 507 507 507 507 507 507 508 508 507 507 508 507 507 507 508 509 508 507 507 507 508 508 508 508 507 507 507 507 507 507 508 507 507 507 507 507 507 508 508 508 508 507 508 507 507 507 508 508 507 508 507 507 507 508 508 508 507 507 507 507 508 508 509 508 507 508 508 507 508 507 508 508 507 507 507 507 507 508 509 508 507 508 508 507 507 507 508 508 507 508 507 507 507 507 508 508 507 507 507 508 508 507 509 508 508 507 507 507 509 507 508 508 507 507 507 507 507 507 507 508 507 507 508 
/> 