ls
ls
<CR>
         TIME          Size       File name 
----A 2021/10/30 14:51      8672  1030
----A 2021/10/30 10:09    128000  10300954
----A 2021/10/30 10:27    128000  10301011
----A 2021/10/30 10:43    128000  10301028
----A 2021/10/30 11:01    128000  10301045
----A 2021/10/30 11:17    128000  10301102
----A 2021/10/30 11:35    128000  10301119
----A 2021/10/30 11:51    128000  10301136
----A 2021/10/30 12:09    128000  10301153
----A 2021/10/30 12:25    128000  10301210
----A 2021/10/30 12:43    128000  10301227
----A 2021/10/30 12:59    128000  10301244
----A 2021/10/30 13:17    128000  10301301
----A 2021/10/30 13:33    128000  10301318
----A 2021/10/30 13:51    128000  10301335
----A 2021/10/30 14:07    128000  10301352
----A 2021/10/30 14:25    128000  10301409
----A 2021/10/30 14:41    128000  10301426
----A 2021/10/30 14:43      2560  10301443
----A 2021/10/31 14:41      8480  1031
----A 2021/10/31 10:11    128000  10310953
----A 2021/10/31 10:27    128000  10311010
----A 2021/10/31 10:43    128000  10311027
----A 2021/10/31 11:00    128000  10311044
----A 2021/10/31 11:17    128000  10311101
----A 2021/10/31 11:34    128000  10311118
----A 2021/10/31 11:51    128000  10311136
----A 2021/10/31 12:08    128000  10311153
----A 2021/10/31 12:25    128000  10311210
----A 2021/10/31 12:42    128000  10311227
----A 2021/10/31 12:59    128000  10311244
----A 2021/10/31 13:16    128000  10311301
----A 2021/10/31 13:33    128000  10311318
----A 2021/10/31 13:50    128000  10311335
----A 2021/10/31 14:07    128000  10311352
----A 2021/10/31 14:24    128000  10311409
----A 2021/10/31 14:41    128000  10311426
----A 2021/10/31 14:43      2560  10311443
----A 2021/11/01 15:00      9648  1101
----A 2021/11/01 09:46    128000  11010929
----A 2021/11/01 10:03    128000  11010946
----A 2021/11/01 10:18    128000  11011003
----A 2021/11/01 10:35    128000  11011020
----A 2021/11/01 10:54    128000  11011037
----A 2021/11/01 11:11    128000  11011054
----A 2021/11/01 11:26    128000  11011111
----A 2021/11/01 11:43    128000  11011128
----A 2021/11/01 12:03    128000  11011145
----A 2021/11/01 12:19    128000  11011202
----A 2021/11/01 12:35    128000  11011219
----A 2021/11/01 12:51    128000  11011236
----A 2021/11/01 13:11    128000  11011253
----A 2021/11/01 13:27    128000  11011310
----A 2021/11/01 13:43    128000  11011327
----A 2021/11/01 13:59    128000  11011344
----A 2021/11/01 14:19    128000  11011401
----A 2021/11/01 14:35    128000  11011418
----A 2021/11/01 14:51    128000  11011435
----A 2021/11/01 14:55      2560  11011452

  59 File(s),   6818480 bytes total
   0 Dir(s),     993696K bytes free

/> 
read1101
<LF>
read1101
<CR>Bad command!

/> 
read 1101
read 1101
<CR>Time:2021/11/01 14:55
Hours Minutes Seconds  Nb_Samples    Aver. Current 
9 13 45 12 16334 
9 14 0 13 16764 
9 14 15 12 17071 
9 14 30 13 17133 
9 14 45 12 17071 
9 15 0 13 17010 
9 15 15 12 17071 
9 15 30 13 17071 
9 15 45 12 17071 
9 16 0 13 17071 
9 16 15 12 17071 
9 16 30 13 17071 
9 16 45 12 17071 
9 17 0 13 17071 
9 17 15 12 17071 
9 17 30 13 17071 
9 17 45 12 17071 
9 18 0 13 17071 
9 18 15 12 17071 
9 18 30 13 17071 
9 18 45 12 17071 
9 19 0 13 17071 
9 19 15 12 17071 
9 19 30 13 17071 
9 19 45 12 17010 
9 20 0 13 17010 
9 20 15 12 17010 
9 20 30 13 17071 
9 20 45 12 17010 
9 21 0 13 17010 
9 21 15 12 17010 
9 21 30 13 17010 
9 21 45 12 17010 
9 22 0 13 17010 
9 22 15 12 17010 
9 22 30 13 17010 
9 22 45 12 17010 
9 23 0 13 17010 
9 23 15 12 17010 
9 23 30 13 17010 
9 23 45 12 17010 
9 24 0 13 17010 
9 24 15 12 17010 
9 24 30 13 17010 
9 24 45 12 17010 
9 25 0 13 17010 
9 25 15 12 17010 
9 25 30 13 17010 
9 25 45 12 17010 
9 26 0 13 17010 
9 26 15 12 17010 
9 26 30 13 17010 
9 26 45 12 17010 
9 27 0 13 17010 
9 27 15 12 17010 
9 27 30 13 17010 
9 27 45 12 17010 
9 30 16 12 17010 
9 30 32 13 17010 
9 30 46 12 17010 
9 31 2 13 17010 
9 31 16 12 17010 
9 31 32 13 17010 
9 31 46 12 17010 
9 32 2 13 17010 
9 32 16 12 17010 
9 32 32 13 17010 
9 32 46 12 17010 
9 33 2 13 17010 
9 33 16 12 17010 
9 33 32 13 17010 
9 33 46 12 17010 
9 34 2 13 17010 
9 34 16 12 17010 
9 34 32 13 17010 
9 34 46 12 17010 
9 35 2 13 17010 
9 35 16 12 17010 
9 35 32 13 17010 
9 35 46 12 17010 
9 36 2 13 17010 
9 36 16 12 17010 
9 36 32 13 17010 
9 36 46 12 17010 
9 37 2 13 17010 
9 37 16 12 17010 
9 37 32 13 17010 
9 37 46 12 17010 
9 38 2 13 17010 
9 38 16 12 17010 
9 38 32 13 17010 
9 38 46 12 17010 
9 39 2 13 17010 
9 39 16 12 17010 
9 39 32 13 17010 
9 39 46 12 17010 
9 40 2 13 17010 
9 40 16 12 17010 
9 40 32 13 17010 
9 40 46 12 17010 
9 41 2 13 17010 
9 41 16 12 17010 
9 41 32 13 17010 
9 41 46 12 17010 
9 42 2 13 17010 
9 42 16 12 17010 
9 42 32 13 17010 
9 42 46 12 17010 
9 43 2 13 17010 
9 43 16 12 17010 
9 43 32 13 17010 
9 43 46 12 17010 
9 44 2 13 17010 
9 44 16 12 17010 
9 44 32 13 17010 
9 44 46 12 17010 
9 47 16 12 17010 
9 47 32 13 17010 
9 47 46 12 17010 
9 48 2 13 17010 
9 48 16 12 17010 
9 48 32 13 17010 
9 48 46 12 17010 
9 49 2 13 17010 
9 49 16 12 17010 
9 49 32 13 17010 
9 49 46 12 17010 
9 50 2 13 17010 
9 50 16 12 17010 
9 50 32 13 17010 
9 50 46 12 17010 
9 51 2 13 17010 
9 51 16 12 17010 
9 51 32 13 17010 
9 51 46 12 17010 
9 52 2 13 17010 
9 52 16 12 17010 
9 52 32 13 17010 
9 52 46 12 17010 
9 53 2 13 17010 
9 53 16 12 17010 
9 53 32 13 17010 
9 53 46 12 17010 
9 54 2 13 17010 
9 54 16 12 17010 
9 54 32 13 17010 
9 54 46 12 17010 
9 55 2 13 17010 
9 55 16 12 17010 
9 55 32 13 17010 
9 55 46 12 17010 
9 56 2 13 17010 
9 56 16 12 17010 
9 56 32 13 17010 
9 56 46 12 17010 
9 57 2 13 17010 
9 57 16 12 17010 
9 57 32 13 17010 
9 57 46 12 17010 
9 58 2 13 17010 
9 58 16 12 17010 
9 58 32 13 17010 
9 58 46 12 17010 
9 59 2 13 17010 
9 59 16 12 17010 
9 59 32 13 17010 
9 59 46 12 17010 
10 0 2 13 17010 
10 0 16 12 17010 
10 0 32 13 17010 
10 0 46 12 17010 
10 1 2 13 17010 
10 1 16 12 17010 
10 1 32 13 17010 
10 1 46 12 17010 
10 4 16 12 17010 
10 4 32 13 17010 
10 4 46 12 17010 
10 5 2 13 17010 
10 5 16 12 17010 
10 5 32 13 17010 
10 5 46 12 17010 
10 6 2 13 17010 
10 6 16 12 17010 
10 6 32 13 17010 
10 6 46 12 17010 
10 7 2 13 17010 
10 7 16 12 17010 
10 7 32 13 17010 
10 7 46 12 17010 
10 8 2 13 17010 
10 8 16 12 17010 
10 8 32 13 17010 
10 8 46 12 17010 
10 9 2 13 17010 
10 9 16 12 17010 
10 9 32 13 17010 
10 9 46 12 17010 
10 10 2 13 17010 
10 10 16 12 17010 
10 10 32 13 17010 
10 10 46 12 17010 
10 11 2 13 17010 
10 11 16 12 17010 
10 11 32 13 17010 
10 11 46 12 17010 
10 12 2 13 17010 
10 12 16 12 17010 
10 12 32 13 17010 
10 12 46 12 17010 
10 13 2 13 17010 
10 13 16 12 17010 
10 13 32 13 17010 
10 13 46 12 17010 
10 14 2 13 17010 
10 14 16 12 17010 
10 14 32 13 17010 
10 14 46 12 17010 
10 15 2 13 17010 
10 15 16 12 17010 
10 15 32 13 17010 
10 15 46 12 17010 
10 16 2 13 17010 
10 16 16 12 17010 
10 16 32 13 17010 
10 16 46 12 17010 
10 17 2 13 17010 
10 17 16 12 17010 
10 17 32 13 17010 
10 17 46 12 17010 
10 18 2 13 17010 
10 18 16 12 17010 
10 18 32 13 17010 
10 18 46 12 17010 
10 21 16 12 17010 
10 21 32 13 17010 
10 21 46 12 17010 
10 22 2 13 17010 
10 22 16 12 17010 
10 22 32 13 17010 
10 22 46 12 17010 
10 23 2 13 17010 
10 23 16 12 17010 
10 23 32 13 17010 
10 23 46 12 17010 
10 24 2 13 17010 
10 24 16 12 17010 
10 24 32 13 17010 
10 24 46 12 17010 
10 25 2 13 17010 
10 25 16 12 17010 
10 25 32 13 17010 
10 25 46 12 17010 
10 26 2 13 17010 
10 26 16 12 17010 
10 26 32 13 17010 
10 26 46 12 17010 
10 27 2 13 17010 
10 27 16 12 17010 
10 27 32 13 17010 
10 27 46 12 17010 
10 28 2 13 17010 
10 28 16 12 17010 
10 28 32 13 17010 
10 28 46 12 17010 
10 29 2 13 17010 
10 29 16 12 17010 
10 29 32 13 17010 
10 29 46 12 17010 
10 30 2 13 17010 
10 30 16 12 17010 
10 30 32 13 17010 
10 30 46 12 17010 
10 31 2 13 17010 
10 31 16 12 17010 
10 31 32 13 17010 
10 31 46 12 17010 
10 32 2 13 17010 
10 32 16 12 17010 
10 32 32 13 17010 
10 32 46 12 17010 
10 33 2 13 17010 
10 33 16 12 17010 
10 33 32 13 17010 
10 33 46 12 17010 
10 34 2 13 17010 
10 34 16 12 17010 
10 34 32 13 17010 
10 34 46 12 17010 
10 35 2 13 17010 
10 35 16 12 17010 
10 35 32 13 17010 
10 35 46 12 17010 
10 38 16 12 17010 
10 38 32 13 17010 
10 38 46 12 17010 
10 39 2 13 17010 
10 39 16 12 17010 
10 39 32 13 17010 
10 39 46 12 17010 
10 40 2 13 17010 
10 40 16 12 17010 
10 40 32 13 17010 
10 40 46 12 17010 
10 41 2 13 17010 
10 41 16 12 17010 
10 41 32 13 17010 
10 41 46 12 17010 
10 42 2 13 17010 
10 42 16 12 16948 
10 42 32 13 17010 
10 42 46 12 17010 
10 43 2 13 17010 
10 43 16 12 16948 
10 43 32 13 17010 
10 43 46 12 17010 
10 44 2 13 17010 
10 44 16 12 17010 
10 44 32 13 16948 
10 44 46 12 17010 
10 45 2 13 17010 
10 45 16 12 17010 
10 45 32 13 17010 
10 45 46 12 17010 
10 46 2 13 17010 
10 46 16 12 17010 
10 46 32 13 16948 
10 46 46 12 17010 
10 47 2 13 17010 
10 47 16 12 17010 
10 47 32 13 16948 
10 47 46 12 17010 
10 48 2 13 17010 
10 48 16 12 17010 
10 48 32 13 17010 
10 48 46 12 16948 
10 49 2 13 17010 
10 49 16 12 17010 
10 49 32 13 17010 
10 49 46 12 17010 
10 50 2 13 17010 
10 50 16 12 17010 
10 50 32 13 16948 
10 50 46 12 17010 
10 51 2 13 17010 
10 51 16 12 17010 
10 51 32 13 17010 
10 51 46 12 16948 
10 52 2 13 16948 
10 52 16 12 16948 
10 52 32 13 16948 
10 52 46 12 17010 
10 55 16 12 16948 
10 55 32 13 16948 
10 55 46 12 17010 
10 56 2 13 16948 
10 56 16 12 17010 
10 56 32 13 16948 
10 56 46 12 16948 
10 57 2 13 16948 
10 57 16 12 16948 
10 57 32 13 16948 
10 57 46 12 16948 
10 58 2 13 16948 
10 58 16 12 16948 
10 58 32 13 16948 
10 58 47 13 17010 
10 59 2 12 17010 
10 59 17 13 16948 
10 59 32 12 17010 
10 59 47 13 16948 
11 0 2 12 17010 
11 0 17 13 16948 
11 0 32 12 17010 
11 0 47 13 17010 
11 1 2 12 17010 
11 1 17 13 16948 
11 1 32 12 16948 
11 1 47 13 16948 
11 2 2 12 16948 
11 2 17 13 16948 
11 2 32 12 17010 
11 2 47 13 17010 
11 3 2 12 17010 
11 3 17 13 16948 
11 3 32 12 17010 
11 3 47 13 16948 
11 4 2 12 16948 
11 4 17 13 17010 
11 4 32 12 16948 
11 4 47 13 16948 
11 5 2 12 16948 
11 5 17 13 16948 
11 5 32 12 16948 
11 5 47 13 17010 
11 6 2 12 17010 
11 6 17 13 16948 
11 6 32 12 17010 
11 6 47 13 17010 
11 7 2 12 17010 
11 7 17 13 16948 
11 7 32 12 17010 
11 7 47 13 16948 
11 8 2 12 17010 
11 8 17 13 16948 
11 8 32 12 16948 
11 8 47 13 16948 
11 9 2 12 16948 
11 9 17 13 16948 
11 9 32 12 17010 
11 9 47 13 16948 
11 12 17 13 17010 
11 12 32 12 16948 
11 12 47 13 17010 
11 13 2 12 17010 
11 13 17 13 17010 
11 13 32 12 17010 
11 13 47 13 16948 
11 14 2 12 17010 
11 14 17 13 17010 
11 14 32 12 16948 
11 14 47 13 16948 
11 15 2 12 17010 
11 15 17 13 16948 
11 15 32 12 16948 
11 15 47 13 17010 
11 16 2 12 16948 
11 16 17 13 16948 
11 16 32 12 16948 
11 16 47 13 16948 
11 17 2 12 16948 
11 17 17 13 17010 
11 17 32 12 16948 
11 17 47 13 17010 
11 18 2 12 16948 
11 18 17 13 16948 
11 18 32 12 16948 
11 18 47 13 16948 
11 19 2 12 16948 
11 19 17 13 16948 
11 19 32 12 16948 
11 19 47 13 17010 
11 20 2 12 16948 
11 20 17 13 16948 
11 20 32 12 16948 
11 20 47 13 16948 
11 21 2 12 16948 
11 21 17 13 16948 
11 21 32 12 16948 
11 21 47 13 16948 
11 22 2 12 16948 
11 22 17 13 16948 
11 22 32 12 16948 
11 22 47 13 16948 
11 23 2 12 16948 
11 23 17 13 16948 
11 23 32 12 16948 
11 23 47 13 16948 
11 24 2 12 16948 
11 24 17 13 16948 
11 24 32 12 16948 
11 24 47 13 16948 
11 25 2 12 16948 
11 25 17 13 16948 
11 25 32 12 16948 
11 25 47 13 16948 
11 26 2 12 16948 
11 26 17 13 16948 
11 26 32 12 16948 
11 26 47 13 16948 
11 29 17 13 16948 
11 29 32 12 16948 
11 29 47 13 16948 
11 30 2 12 16948 
11 30 17 13 17010 
11 30 32 12 16948 
11 30 47 13 16948 
11 31 2 12 16948 
11 31 17 13 16948 
11 31 32 12 16948 
11 31 47 13 16948 
11 32 2 12 16948 
11 32 17 13 16948 
11 32 32 12 16948 
11 32 47 13 16948 
11 33 2 12 16948 
11 33 17 13 17010 
11 33 32 12 16948 
11 33 47 13 16948 
11 34 2 12 16948 
11 34 17 13 17010 
11 34 32 12 17010 
11 34 47 13 16948 
11 35 2 12 16948 
11 35 17 13 16948 
11 35 32 12 16948 
11 35 47 13 16948 
11 36 2 12 16948 
11 36 17 13 16948 
11 36 32 12 16948 
11 36 47 13 16948 
11 37 2 12 16948 
11 37 17 13 16948 
11 37 32 12 16948 
11 37 47 13 16948 
11 38 2 12 16948 
11 38 17 13 16948 
11 38 32 12 16948 
11 38 47 13 16948 
11 39 2 12 16948 
11 39 17 13 16948 
11 39 32 12 16948 
11 39 47 13 16948 
11 40 2 12 16948 
11 40 17 13 16948 
11 40 32 12 16948 
11 40 47 13 16948 
11 41 2 12 16948 
11 41 17 13 16948 
11 41 32 12 16948 
11 41 47 13 16948 
11 42 2 12 16948 
11 42 17 13 16948 
11 42 32 12 16948 
11 42 47 13 16948 
11 43 2 12 16948 
11 43 17 13 16948 
11 43 32 12 16948 
11 43 47 13 16948 
11 46 17 13 16948 
11 46 32 12 16948 
11 46 47 13 16948 
11 47 2 12 16948 
11 47 17 13 16948 
11 47 32 12 16948 
11 47 47 13 16948 
11 48 2 12 16948 
11 48 17 13 16948 
11 48 32 12 16948 
11 48 47 13 16948 
11 49 2 12 16948 
11 49 17 13 16948 
11 49 32 12 17010 
11 49 47 13 16948 
11 50 2 12 16948 
11 50 17 13 16948 
11 50 32 12 16948 
11 50 47 13 16948 
11 51 2 12 16948 
11 51 17 13 16948 
11 51 32 12 16948 
11 51 47 13 16948 
11 52 2 12 16948 
11 52 17 13 16948 
11 52 32 12 16948 
11 52 47 13 16948 
11 53 2 12 17010 
11 53 17 13 16948 
11 53 32 12 16948 
11 53 47 13 16948 
11 54 2 12 16948 
11 54 17 13 16948 
11 54 32 12 16948 
11 54 47 13 16948 
11 55 2 12 16948 
11 55 17 13 16948 
11 55 32 12 16948 
11 55 47 13 16948 
11 56 2 12 16948 
11 56 17 13 16948 
11 56 32 12 17010 
11 56 47 13 16948 
11 57 2 12 16948 
11 57 17 13 16948 
11 57 32 12 16948 
11 57 47 13 16948 
11 58 2 12 16948 
11 58 17 13 16948 
11 58 32 12 16948 
11 58 47 13 16948 
11 59 2 12 16948 
11 59 17 13 16948 
11 59 32 12 16948 
11 59 47 13 16948 
12 0 2 12 16948 
12 0 17 13 16948 
12 0 32 12 16948 
12 0 47 13 16948 
12 3 17 13 16948 
12 3 32 12 16948 
12 3 47 13 16948 
12 4 2 12 16948 
12 4 17 13 16948 
12 4 32 12 16948 
12 4 47 13 16948 
12 5 2 12 16948 
12 5 17 13 16948 
12 5 32 12 16948 
12 5 47 13 16948 
12 6 2 12 16948 
12 6 17 13 16948 
12 6 32 12 16948 
12 6 47 13 16948 
12 7 2 12 16948 
12 7 17 13 16948 
12 7 32 12 16948 
12 7 47 13 16948 
12 8 2 12 16948 
12 8 17 13 16948 
12 8 32 12 16948 
12 8 47 13 16948 
12 9 2 12 16948 
12 9 17 13 16948 
12 9 32 12 16948 
12 9 47 13 16948 
12 10 2 12 16948 
12 10 17 13 16948 
12 10 32 12 16948 
12 10 47 13 16948 
12 11 2 12 16948 
12 11 17 13 16948 
12 11 32 12 16948 
12 11 47 13 16948 
12 12 2 12 16948 
12 12 17 13 16948 
12 12 32 12 16948 
12 12 47 13 16948 
12 13 2 12 16948 
12 13 17 13 16948 
12 13 32 12 16948 
12 13 47 13 16948 
12 14 2 12 16948 
12 14 17 13 16948 
12 14 32 12 16948 
12 14 47 13 16948 
12 15 2 12 16948 
12 15 17 13 16948 
12 15 32 12 16948 
12 15 47 13 16948 
12 16 2 12 16948 
12 16 17 13 16948 
12 16 32 12 16948 
12 16 47 13 16948 
12 17 2 12 16948 
12 17 17 13 16948 
12 17 32 12 16948 
12 17 47 13 16948 
12 20 19 13 16948 
12 20 33 12 16948 
12 20 49 13 16948 
12 21 3 12 16948 
12 21 19 13 16948 
12 21 33 12 16948 
12 21 49 13 16948 
12 22 3 12 16948 
12 22 19 13 16948 
12 22 33 12 16948 
12 22 49 13 16948 
12 23 3 12 16948 
12 23 19 13 16948 
12 23 33 12 16948 
12 23 49 13 16948 
12 24 3 12 16948 
12 24 19 13 16948 
12 24 33 12 16948 
12 24 49 13 16948 
12 25 3 12 16948 
12 25 19 13 16948 
12 25 33 12 16948 
12 25 49 13 16948 
12 26 3 12 17010 
12 26 19 13 16948 
12 26 33 12 16948 
12 26 49 13 16948 
12 27 3 12 16948 
12 27 19 13 16948 
12 27 33 12 16948 
12 27 49 13 17010 
12 28 3 12 16948 
12 28 19 13 16948 
12 28 33 12 16948 
12 28 49 13 17010 
12 29 3 12 16948 
12 29 19 13 16948 
12 29 33 12 17010 
12 29 49 13 16948 
12 30 3 12 16948 
12 30 19 13 16948 
12 30 33 12 16948 
12 30 49 13 16948 
12 31 3 12 16948 
12 31 19 13 16948 
12 31 33 12 16948 
12 31 49 13 16948 
12 32 3 12 16948 
12 32 19 13 16948 
12 32 33 12 16948 
12 32 49 13 16948 
12 33 3 12 16948 
12 33 19 13 16948 
12 33 33 12 16948 
12 33 49 13 16948 
12 34 3 12 16948 
12 34 19 13 16948 
12 34 33 12 16948 
12 34 49 13 16948 
12 37 19 13 16948 
12 37 33 12 16948 
12 37 49 13 16948 
12 38 3 12 16948 
12 38 19 13 16948 
12 38 33 12 16948 
12 38 49 13 16948 
12 39 3 12 16948 
12 39 19 13 16948 
12 39 33 12 16948 
12 39 49 13 17010 
12 40 3 12 17010 
12 40 19 13 16948 
12 40 33 12 16948 
12 40 49 13 16948 
12 41 3 12 16948 
12 41 19 13 16948 
12 41 33 12 16948 
12 41 49 13 16948 
12 42 3 12 16948 
12 42 19 13 16948 
12 42 33 12 16948 
12 42 49 13 16948 
12 43 3 12 16948 
12 43 19 13 16948 
12 43 33 12 16948 
12 43 49 13 16948 
12 44 3 12 16948 
12 44 19 13 16948 
12 44 33 12 16948 
12 44 49 13 16948 
12 45 3 12 16948 
12 45 19 13 16948 
12 45 33 12 16948 
12 45 49 13 16948 
12 46 3 12 16948 
12 46 19 13 16948 
12 46 33 12 16948 
12 46 49 13 16948 
12 47 3 12 16948 
12 47 19 13 16948 
12 47 33 12 16948 
12 47 49 13 16948 
12 48 3 12 16948 
12 48 19 13 16948 
12 48 33 12 16948 
12 48 49 13 16948 
12 49 3 12 16948 
12 49 19 13 16948 
12 49 33 12 16948 
12 49 49 13 16948 
12 50 3 12 16948 
12 50 19 13 16948 
12 50 33 12 16948 
12 50 49 13 16948 
12 51 3 12 16948 
12 51 19 13 16948 
12 51 33 12 16948 
12 51 49 13 17010 
12 54 19 13 16948 
12 54 33 12 16948 
12 54 49 13 16948 
12 55 3 12 16948 
12 55 19 13 16948 
12 55 33 12 16948 
12 55 49 13 16948 
12 56 3 12 16948 
12 56 19 13 16948 
12 56 33 12 16948 
12 56 49 13 16948 
12 57 3 12 16948 
12 57 19 13 16948 
12 57 33 12 16948 
12 57 49 13 16948 
12 58 3 12 16948 
12 58 19 13 16948 
12 58 33 12 16948 
12 58 49 13 16948 
12 59 3 12 16948 
12 59 19 13 16948 
12 59 33 12 16948 
12 59 49 13 16948 
13 0 3 12 16948 
13 0 19 13 16948 
13 0 33 12 16948 
13 0 49 13 16948 
13 1 3 12 16948 
13 1 19 13 16948 
13 1 33 12 16948 
13 1 49 13 16948 
13 2 3 12 16948 
13 2 19 13 16948 
13 2 33 12 16948 
13 2 49 13 16948 
13 3 3 12 16948 
13 3 19 13 16948 
13 3 33 12 16948 
13 3 49 13 16948 
13 4 3 12 16948 
13 4 19 13 16948 
13 4 33 12 16948 
13 4 49 13 16948 
13 5 3 12 16948 
13 5 19 13 16948 
13 5 33 12 16948 
13 5 49 13 16948 
13 6 3 12 16948 
13 6 19 13 16948 
13 6 33 12 16948 
13 6 49 13 16948 
13 7 3 12 16948 
13 7 19 13 16948 
13 7 33 12 16948 
13 7 49 13 16948 
13 8 3 12 16948 
13 8 19 13 16948 
13 8 33 12 16948 
13 8 49 13 16948 
13 11 20 13 16948 
13 11 34 12 16948 
13 11 50 13 16948 
13 12 4 12 16948 
13 12 20 13 16948 
13 12 34 12 16948 
13 12 50 13 16948 
13 13 4 12 16948 
13 13 20 13 16948 
13 13 34 12 16948 
13 13 50 13 16948 
13 14 4 12 16948 
13 14 20 13 16948 
13 14 34 12 16948 
13 14 50 13 16948 
13 15 4 12 16948 
13 15 20 13 16948 
13 15 34 12 16948 
13 15 50 13 16948 
13 16 4 12 16948 
13 16 20 13 16948 
13 16 34 12 16948 
13 16 50 13 16948 
13 17 4 12 16948 
13 17 20 13 16948 
13 17 34 12 16948 
13 17 50 13 16948 
13 18 4 12 16948 
13 18 20 13 16948 
13 18 34 12 16948 
13 18 50 13 16948 
13 19 4 12 17010 
13 19 20 13 16948 
13 19 34 12 16948 
13 19 50 13 16948 
13 20 4 12 16948 
13 20 20 13 16948 
13 20 34 12 16948 
13 20 50 13 16948 
13 21 4 12 16948 
13 21 20 13 16948 
13 21 34 12 16948 
13 21 50 13 16948 
13 22 4 12 16948 
13 22 20 13 16948 
13 22 34 12 16948 
13 22 50 13 16948 
13 23 4 12 16948 
13 23 20 13 16948 
13 23 34 12 16948 
13 23 50 13 16948 
13 24 4 12 16948 
13 24 20 13 16948 
13 24 34 12 16948 
13 24 50 13 16948 
13 25 4 12 16948 
13 25 20 13 16948 
13 25 34 12 16948 
13 25 50 13 17010 
13 28 20 13 16948 
13 28 34 12 16948 
13 28 50 13 16948 
13 29 4 12 16948 
13 29 20 13 16948 
13 29 34 12 16948 
13 29 50 13 16948 
13 30 4 12 16948 
13 30 20 13 16948 
13 30 34 12 16948 
13 30 50 13 16948 
13 31 4 12 16948 
13 31 20 13 16948 
13 31 34 12 17010 
13 31 50 13 16948 
13 32 4 12 16948 
13 32 20 13 16948 
13 32 34 12 16948 
13 32 50 13 16948 
13 33 4 12 16948 
13 33 20 13 16948 
13 33 34 12 16948 
13 33 50 13 16948 
13 34 4 12 16948 
13 34 20 13 16948 
13 34 34 12 16948 
13 34 50 13 16948 
13 35 4 12 16948 
13 35 20 13 16948 
13 35 34 12 17010 
13 35 50 13 16948 
13 36 4 12 16948 
13 36 20 13 16948 
13 36 34 12 16948 
13 36 50 13 16948 
13 37 4 12 16948 
13 37 20 13 16948 
13 37 34 12 16948 
13 37 50 13 16948 
13 38 4 12 16948 
13 38 20 13 16948 
13 38 34 12 16948 
13 38 50 13 16948 
13 39 4 12 16948 
13 39 20 13 16948 
13 39 34 12 16948 
13 39 50 13 16948 
13 40 4 12 16948 
13 40 20 13 16948 
13 40 34 12 16948 
13 40 50 13 16948 
13 41 4 12 16948 
13 41 20 13 16948 
13 41 34 12 16948 
13 41 50 13 16948 
13 42 4 12 17010 
13 42 20 13 16948 
13 42 34 12 16948 
13 42 50 13 16948 
13 45 21 13 17010 
13 45 35 12 16948 
13 45 51 13 16948 
13 46 5 12 16948 
13 46 21 13 16948 
13 46 35 12 16948 
13 46 51 13 16948 
13 47 5 12 17010 
13 47 21 13 16948 
13 47 35 12 16948 
13 47 51 13 17010 
13 48 5 12 16948 
13 48 21 13 16948 
13 48 35 12 16948 
13 48 51 13 16948 
13 49 5 12 16948 
13 49 21 13 16948 
13 49 35 12 16948 
13 49 51 13 16948 
13 50 5 12 17010 
13 50 21 13 16948 
13 50 35 12 16948 
13 50 51 13 16948 
13 51 5 12 16948 
13 51 21 13 16948 
13 51 35 12 16948 
13 51 51 13 16948 
13 52 5 12 16948 
13 52 21 13 17010 
13 52 35 12 16948 
13 52 51 13 16948 
13 53 5 12 16948 
13 53 21 13 16948 
13 53 35 12 16948 
13 53 51 13 16948 
13 54 5 12 16948 
13 54 21 13 16948 
13 54 35 12 16948 
13 54 51 13 16948 
13 55 5 12 16948 
13 55 21 13 16948 
13 55 35 12 16948 
13 55 51 13 16948 
13 56 5 12 16948 
13 56 21 13 16948 
13 56 35 12 16948 
13 56 51 13 16948 
13 57 5 12 16948 
13 57 21 13 16948 
13 57 35 12 16948 
13 57 51 13 16948 
13 58 5 12 16948 
13 58 21 13 16948 
13 58 35 12 16948 
13 58 51 13 16948 
13 59 5 12 16948 
13 59 21 13 16948 
13 59 35 12 17010 
13 59 51 13 16948 
14 2 21 13 16948 
14 2 35 12 16948 
14 2 51 13 16948 
14 3 5 12 16948 
14 3 21 13 16948 
14 3 35 12 16948 
14 3 51 13 16948 
14 4 5 12 17010 
14 4 21 13 16948 
14 4 35 12 16948 
14 4 51 13 16948 
14 5 5 12 16948 
14 5 21 13 16948 
14 5 35 12 16948 
14 5 51 13 16948 
14 6 5 12 16948 
14 6 21 13 16948 
14 6 35 12 16948 
14 6 51 13 16948 
14 7 5 12 16948 
14 7 21 13 16948 
14 7 35 12 16948 
14 7 51 13 16948 
14 8 5 12 16948 
14 8 21 13 16948 
14 8 35 12 17010 
14 8 51 13 16948 
14 9 5 12 16948 
14 9 21 13 16948 
14 9 35 12 17010 
14 9 51 13 16948 
14 10 5 12 16948 
14 10 21 13 16948 
14 10 35 12 16948 
14 10 51 13 17010 
14 11 5 12 17010 
14 11 21 13 16948 
14 11 35 12 16948 
14 11 51 13 16948 
14 12 5 12 16948 
14 12 21 13 16948 
14 12 35 12 16948 
14 12 51 13 16948 
14 13 5 12 16948 
14 13 21 13 16948 
14 13 36 12 16948 
14 13 51 13 16948 
14 14 6 12 16948 
14 14 21 13 16948 
14 14 36 12 16948 
14 14 51 13 16948 
14 15 6 12 16948 
14 15 21 13 16948 
14 15 36 12 16948 
14 15 51 13 16948 
14 16 6 12 16948 
14 16 21 13 16948 
14 16 36 12 16948 
14 16 51 13 16948 
14 19 21 13 16948 
14 19 36 12 16948 
14 19 51 13 16948 
14 20 6 12 16948 
14 20 21 13 16948 
14 20 36 12 16948 
14 20 51 13 16948 
14 21 6 12 16948 
14 21 21 13 16948 
14 21 36 12 16948 
14 21 51 13 16948 
14 22 6 12 16948 
14 22 21 13 16948 
14 22 36 12 16948 
14 22 51 13 16948 
14 23 6 12 16948 
14 23 21 13 16948 
14 23 36 12 16948 
14 23 51 13 16948 
14 24 6 12 16948 
14 24 21 13 16948 
14 24 36 12 16948 
14 24 51 13 16948 
14 25 6 12 16948 
14 25 21 13 16948 
14 25 36 12 16948 
14 25 51 13 16948 
14 26 6 12 16948 
14 26 21 13 16948 
14 26 36 12 16948 
14 26 51 13 16948 
14 27 6 12 16948 
14 27 21 13 16948 
14 27 36 12 16948 
14 27 51 13 16948 
14 28 6 12 16948 
14 28 21 13 16948 
14 28 36 12 16948 
14 28 51 13 16948 
14 29 6 12 16948 
14 29 21 13 16948 
14 29 36 12 16948 
14 29 51 13 17010 
14 30 6 12 16948 
14 30 21 13 16948 
14 30 36 12 16948 
14 30 51 13 16948 
14 31 6 12 16948 
14 31 21 13 16948 
14 31 36 12 16948 
14 31 51 13 17010 
14 32 6 12 16948 
14 32 21 13 16948 
14 32 36 12 16948 
14 32 51 13 16948 
14 33 6 12 16948 
14 33 21 13 16948 
14 33 36 12 16948 
14 33 51 13 16948 
14 36 22 13 16948 
14 36 37 12 16948 
14 36 52 13 16948 
14 37 7 12 16948 
14 37 22 13 16948 
14 37 37 12 16948 
14 37 52 13 16948 
14 38 7 12 16948 
14 38 22 13 16948 
14 38 37 12 16948 
14 38 52 13 16948 
14 39 7 12 16948 
14 39 22 13 16948 
14 39 37 12 16948 
14 39 52 13 16948 
14 40 7 12 16948 
14 40 22 13 17010 
14 40 37 12 16948 
14 40 52 13 16948 
14 41 7 12 16948 
14 41 22 13 16948 
14 41 37 12 16948 
14 41 52 13 16948 
14 42 7 12 16948 
14 42 22 13 16948 
14 42 37 12 17010 
14 42 52 13 16948 
14 43 7 12 16948 
14 43 22 13 16948 
14 43 37 12 17010 
14 43 52 13 16948 
14 44 7 12 16948 
14 44 22 13 16948 
14 44 37 12 16948 
14 44 52 13 16948 
14 45 7 12 16948 
14 45 22 13 16948 
14 45 37 12 16948 
14 45 52 13 16948 
14 46 7 12 16948 
14 46 22 13 16948 
14 46 37 12 16948 
14 46 52 13 16948 
14 47 7 12 16948 
14 47 22 13 16948 
14 47 37 12 16948 
14 47 52 13 16948 
14 48 7 12 16948 
14 48 22 13 16948 
14 48 37 12 16948 
14 48 52 13 16948 
14 49 7 12 16948 
14 49 22 13 16948 
14 49 37 12 16948 
14 49 52 13 16948 
14 50 7 12 16948 
14 50 22 13 16948 
14 50 37 12 16948 
14 50 52 13 16948 
14 53 22 13 16948 
14 53 37 12 16948 
14 53 52 13 16948 
14 54 7 12 16948 
14 54 22 13 16948 
14 54 37 12 16948 
14 54 52 13 16948 
14 55 7 12 16948 
14 55 22 13 16948 
14 55 37 12 16948 
14 55 52 13 16948 
14 56 7 12 16948 
14 56 22 13 16948 
14 56 37 12 16948 
14 56 52 13 16948 
14 57 7 12 16948 
14 57 22 13 16948 
14 57 37 12 16948 
14 57 52 13 16948 
14 58 7 12 16948 
14 58 22 13 16948 
14 58 37 12 16948 
14 58 52 13 16948 
14 59 7 12 16948 
14 59 22 13 16948 
14 59 37 12 16948 
14 59 52 13 16948 
15 0 7 12 16948 

/> 
read_ramp 11011310
read_ramp 11011310
<CR>Time:2021/11/01 14:55Ramp data first polarity: 55Ramp data first polarity: 
229 230 229 229 229 229 230 230 229 230 229 229 229 229 229 229 229 230 230 230 230 229 229 229 229 229 230 230 229 229 229 229 230 229 230 230 229 230 229 229 229 229 229 230 230 229 229 229 229 229 229 229 229 230 230 230 229 229 229 229 229 230 230 228 232 233 238 241 245 247 252 253 255 257 258 261 262 264 265 266 267 269 271 272 274 276 278 278 281 282 284 285 287 288 290 291 293 294 296 298 299 300 303 305 305 307 308 311 311 314 315 318 319 321 322 323 325 326 328 330 332 332 335 336 338 339 341 342 345 346 347 348 350 352 354 355 357 358 361 361 362 364 366 368 369 371 373 373 375 377 378 380 381 382 385 386 387 389 390 391 394 395 397 398 399 401 402 404 405 408 409 411 411 413 414 416 418 418 420 423 424 425 426 427 430 430 433 434 435 437 437 439 441 442 444 445 447 450 450 451 453 454 456 458 459 461 461 463 465 466 467 469 470 472 473 474 476 478 479 480 481 483 485 485 487 488 490 492 493 494 497 497 498 500 501 502 504 505 506 507 508 507 507 507 508 508 509 504 508 508 508 508 507 507 507 509 508 507 507 507 507 507 508 507 508 507 507 507 507 507 507 507 508 508 507 507 507 507 507 508 507 508 508 507 507 508 507 507 507 508 508 507 508 507 507 507 507 507 508 507 507 507 507 507 507 507 508 508 507 508 507 507 507 508 508 508 507 507 507 507 
ramp data second polarity
784 784 783 783 783 783 783 784 783 784 784 783 783 783 782 783 782 784 783 783 783 783 783 783 783 783 784 784 783 783 782 783 783 784 784 784 784 783 783 784 783 783 783 784 783 783 784 783 782 783 783 783 784 783 783 783 783 784 783 783 784 783 782 783 784 781 777 775 773 769 764 762 760 757 754 754 752 751 750 747 747 745 744 742 741 739 738 735 734 733 731 729 728 726 726 724 721 720 718 716 715 714 713 711 709 707 706 703 702 701 699 699 697 694 693 692 690 688 687 685 684 682 680 678 677 675 674 673 672 670 668 666 664 663 662 660 658 657 656 653 652 650 650 647 646 644 643 642 639 638 637 635 634 633 631 629 627 625 624 623 621 620 618 617 616 613 612 610 609 608 606 605 604 602 600 599 597 596 594 593 592 590 588 586 585 584 581 581 579 578 577 574 573 572 570 569 568 566 565 562 561 560 559 557 556 554 554 552 550 548 547 546 544 543 542 540 538 537 535 534 533 531 530 529 529 526 524 523 521 520 519 517 516 515 513 511 510 509 507 506 507 506 505 505 504 505 505 506 504 506 506 505 505 506 506 505 505 505 506 505 505 505 505 505 505 506 505 506 505 506 505 505 505 505 505 506 505 505 505 504 505 505 505 506 505 505 505 505 505 505 505 506 506 505 505 505 505 506 505 506 506 505 506 505 505 505 506 505 506 505 505 505 505 505 505 505 505 506 505 505 
Oscillation data first polarity :
777 777 773 769 767 764 761 759 756 755 753 751 750 749 747 746 745 742 742 740 738 736 735 733 733 730 729 727 725 724 722 721 719 718 715 714 713 711 710 708 707 706 703 701 700 698 697 696 694 693 691 689 687 686 684 682 681 680 678 676 675 673 672 671 669 667 666 664 662 661 658 657 656 655 653 652 650 648 647 645 643 641 641 639 637 635 634 633 630 630 628 627 626 623 622 620 619 617 616 614 614 611 610 608 607 606 605 602 602 600 597 596 595 593 592 590 590 588 586 585 583 582 581 579 577 577 574 572 571 569 569 567 566 564 563 561 559 559 557 554 554 552 551 549 548 546 545 544 543 541 539 538 537 535 533 532 531 529 528 526 524 524 522 521 520 518 517 515 514 512 511 509 508 506 507 506 504 505 505 505 505 505 504 505 504 505 505 505 505 504 505 506 505 505 505 505 505 505 505 505 506 505 505 506 505 505 505 505 506 506 505 505 505 505 505 505 506 506 505 505 505 505 505 505 504 506 505 505 505 505 505 505 505 506 506 505 505 505 505 505 505 505 504 505 505 505 505 505 505 505 506 505 504 505 505 505 505 505 506 506 505 505 505 505 505 505 505 506 505 505 505 505 505 505 505 505 506 504 504 505 505 505 505 505 506 505 505 505 505 506 505 506 506 505 505 505 506 505 505 505 505 506 505 505 505 505 505 505 505 506 505 505 505 506 505 505 505 506 506 505 
Oscillation data second polarity :
233 232 237 240 245 247 250 253 255 258 259 260 262 263 266 267 267 270 271 272 274 275 277 279 281 283 285 285 287 288 290 292 293 295 297 298 299 301 302 305 306 308 309 311 312 314 315 317 318 320 322 324 326 326 328 330 331 333 335 336 339 339 341 344 344 346 346 349 351 353 353 355 357 358 359 361 362 365 366 367 369 370 372 374 377 377 379 380 381 382 384 386 387 389 391 393 393 395 397 398 400 401 403 405 406 407 409 410 412 413 416 416 418 419 420 423 424 425 427 428 430 431 432 433 435 436 438 440 441 443 445 445 447 448 450 451 453 454 457 458 458 460 462 463 464 466 467 469 471 471 473 474 476 478 479 481 482 483 485 486 487 488 490 491 493 495 495 497 499 500 501 502 504 506 506 506 507 507 507 508 508 508 509 507 507 507 507 507 507 507 508 508 507 508 507 507 507 507 507 509 508 507 507 508 507 507 508 508 508 507 507 507 507 507 507 507 508 508 507 507 507 507 507 507 507 508 507 507 507 507 507 507 507 508 507 507 507 507 507 508 508 507 508 507 507 507 507 507 507 507 507 508 507 507 509 507 506 507 507 508 508 507 507 507 507 507 507 508 508 507 507 507 507 507 507 507 508 507 507 507 507 507 507 507 508 508 507 507 507 507 507 507 507 508 508 507 507 507 507 507 507 507 508 508 507 507 506 507 507 507 507 508 508 507 507 507 507 507 507 508 
/> 