ls
ls
<CR>
         TIME          Size       File name 
----A 2021/10/30 14:49      8680  1030
----A 2021/10/30 10:09    128000  10300954
----A 2021/10/30 10:26    128000  10301011
----A 2021/10/30 10:43    128000  10301028
----A 2021/10/30 11:00    128000  10301045
----A 2021/10/30 11:17    128000  10301102
----A 2021/10/30 11:34    128000  10301119
----A 2021/10/30 11:51    128000  10301136
----A 2021/10/30 12:08    128000  10301153
----A 2021/10/30 12:25    128000  10301210
----A 2021/10/30 12:42    128000  10301227
----A 2021/10/30 12:59    128000  10301244
----A 2021/10/30 13:16    128000  10301301
----A 2021/10/30 13:33    128000  10301318
----A 2021/10/30 13:50    128000  10301335
----A 2021/10/30 14:07    128000  10301352
----A 2021/10/30 14:24    128000  10301409
----A 2021/10/30 14:41    128000  10301426
----A 2021/10/30 14:43      2560  10301443
----A 2021/10/31 14:43      8488  1031
----A 2021/10/31 10:10    128000  10310953
----A 2021/10/31 10:27    128000  10311010
----A 2021/10/31 10:42    128000  10311027
----A 2021/10/31 10:59    128000  10311044
----A 2021/10/31 11:18    128000  10311101
----A 2021/10/31 11:35    128000  10311118
----A 2021/10/31 11:50    128000  10311135
----A 2021/10/31 12:07    128000  10311152
----A 2021/10/31 12:26    128000  10311209
----A 2021/10/31 12:43    128000  10311226
----A 2021/10/31 12:59    128000  10311243
----A 2021/10/31 13:15    128000  10311300
----A 2021/10/31 13:35    128000  10311317
----A 2021/10/31 13:51    128000  10311334
----A 2021/10/31 14:07    128000  10311351
----A 2021/10/31 14:23    128000  10311408
----A 2021/10/31 14:43    126080  10311425
----A 2021/11/01 14:59      9656  1101
----A 2021/11/01 09:45    128000  11010929
----A 2021/11/01 10:01    128000  11010946
----A 2021/11/01 10:19    128000  11011003
----A 2021/11/01 10:35    128000  11011020
----A 2021/11/01 10:53    128000  11011037
----A 2021/11/01 11:09    128000  11011054
----A 2021/11/01 11:27    128000  11011111
----A 2021/11/01 11:43    128000  11011128
----A 2021/11/01 12:01    128000  11011145
----A 2021/11/01 12:17    128000  11011202
----A 2021/11/01 12:35    128000  11011219
----A 2021/11/01 12:51    128000  11011236
----A 2021/11/01 13:09    128000  11011253
----A 2021/11/01 13:27    128000  11011310
----A 2021/11/01 13:42    128000  11011327
----A 2021/11/01 13:59    128000  11011344
----A 2021/11/01 14:18    128000  11011401
----A 2021/11/01 14:35    128000  11011418
----A 2021/11/01 14:50    128000  11011435
----A 2021/11/01 14:53      2560  11011452

  58 File(s),   6814024 bytes total
   0 Dir(s),     993712K bytes free

/> 
read 1101
read 1101
<CR>Time:2021/11/01 14:53
Hours Minutes Seconds  Nb_Samples    Aver. Current 
9 13 10 13 11659 
9 13 24 12 16190 
9 13 40 13 16613 
9 13 54 12 17096 
9 14 10 13 17096 
9 14 24 12 17096 
9 14 40 13 17036 
9 14 54 12 17036 
9 15 10 13 17036 
9 15 24 12 17036 
9 15 40 13 17036 
9 15 54 12 17036 
9 16 10 13 17036 
9 16 24 12 17036 
9 16 40 13 17036 
9 16 54 12 17036 
9 17 10 13 17036 
9 17 24 12 17036 
9 17 40 13 17036 
9 17 54 12 17036 
9 18 10 13 17036 
9 18 24 12 17036 
9 18 40 13 17036 
9 18 54 12 17036 
9 19 10 13 17036 
9 19 24 12 17036 
9 19 40 13 17036 
9 19 54 12 17036 
9 20 10 13 17036 
9 20 24 12 17036 
9 20 40 13 17036 
9 20 54 12 17036 
9 21 10 13 17036 
9 21 24 12 17036 
9 21 40 13 17036 
9 21 54 12 17036 
9 22 10 13 17036 
9 22 24 12 17036 
9 22 40 13 17036 
9 22 54 12 17036 
9 23 10 13 17036 
9 23 24 12 17036 
9 23 40 13 17036 
9 23 54 12 17036 
9 24 10 13 17036 
9 24 24 12 17036 
9 24 40 13 16975 
9 24 54 12 16975 
9 25 10 13 17036 
9 25 24 12 16975 
9 25 40 13 17036 
9 25 54 12 17036 
9 26 10 13 17036 
9 26 24 12 17036 
9 26 40 13 16975 
9 26 54 12 16975 
9 27 10 13 16975 
9 27 24 12 16975 
9 29 56 13 16975 
9 30 10 12 16975 
9 30 26 13 16975 
9 30 40 12 16975 
9 30 56 13 16975 
9 31 10 12 16975 
9 31 26 13 16975 
9 31 40 12 16975 
9 31 56 13 16975 
9 32 10 12 16975 
9 32 26 13 16975 
9 32 40 12 16975 
9 32 56 13 16975 
9 33 10 12 16975 
9 33 26 13 16975 
9 33 40 12 16975 
9 33 56 13 16975 
9 34 10 12 16975 
9 34 26 13 16975 
9 34 40 12 16975 
9 34 56 13 16975 
9 35 10 12 16975 
9 35 26 13 16975 
9 35 40 12 16975 
9 35 56 13 16975 
9 36 10 12 16975 
9 36 26 13 16975 
9 36 40 12 16975 
9 36 56 13 16975 
9 37 10 12 16975 
9 37 26 13 16975 
9 37 40 12 16975 
9 37 56 13 16975 
9 38 10 12 16975 
9 38 26 13 16975 
9 38 40 12 16975 
9 38 56 13 16975 
9 39 10 12 16975 
9 39 26 13 16975 
9 39 40 12 16975 
9 39 56 13 16975 
9 40 10 12 16975 
9 40 26 13 16975 
9 40 40 12 16975 
9 40 56 13 16975 
9 41 10 12 16975 
9 41 26 13 16975 
9 41 40 12 16975 
9 41 56 13 16975 
9 42 10 12 16975 
9 42 26 13 16975 
9 42 40 12 16975 
9 42 56 13 16975 
9 43 10 12 16975 
9 43 26 13 16975 
9 43 40 12 16975 
9 43 56 13 16975 
9 44 10 12 16975 
9 44 26 13 16975 
9 46 56 13 16975 
9 47 10 12 16975 
9 47 26 13 16975 
9 47 40 12 16975 
9 47 56 13 16975 
9 48 10 12 16975 
9 48 26 13 16975 
9 48 40 12 16975 
9 48 56 13 16975 
9 49 10 12 16975 
9 49 26 13 16975 
9 49 40 12 16975 
9 49 56 13 16975 
9 50 10 12 16975 
9 50 26 13 16975 
9 50 40 12 16975 
9 50 56 13 16975 
9 51 10 12 16975 
9 51 26 13 16975 
9 51 40 12 16975 
9 51 56 13 16975 
9 52 10 12 16975 
9 52 26 13 16975 
9 52 40 12 16975 
9 52 56 13 16975 
9 53 10 12 16975 
9 53 26 13 16975 
9 53 40 12 16975 
9 53 56 13 16975 
9 54 10 12 16975 
9 54 26 13 16975 
9 54 40 12 16975 
9 54 56 13 16975 
9 55 10 12 16975 
9 55 26 13 16975 
9 55 40 12 16975 
9 55 56 13 16975 
9 56 10 12 16975 
9 56 26 13 16975 
9 56 40 12 16975 
9 56 56 13 16975 
9 57 10 12 16975 
9 57 26 13 16975 
9 57 40 12 16975 
9 57 56 13 16975 
9 58 10 12 16975 
9 58 26 13 16975 
9 58 40 12 16975 
9 58 56 13 16975 
9 59 10 12 16975 
9 59 26 13 16975 
9 59 40 12 16975 
9 59 56 13 16975 
10 0 10 12 16975 
10 0 26 13 16975 
10 0 40 12 16975 
10 0 56 13 16975 
10 1 10 12 16975 
10 1 26 13 16975 
10 3 57 13 16975 
10 4 12 12 16975 
10 4 27 13 16975 
10 4 42 12 16975 
10 4 57 13 16975 
10 5 12 12 16975 
10 5 27 13 16975 
10 5 42 12 16975 
10 5 57 13 16975 
10 6 12 12 16975 
10 6 27 13 16975 
10 6 42 12 16975 
10 6 57 13 16975 
10 7 12 12 16975 
10 7 27 13 16975 
10 7 42 12 16975 
10 7 57 13 16975 
10 8 12 12 16975 
10 8 27 13 16975 
10 8 42 12 16975 
10 8 57 13 16975 
10 9 12 12 16975 
10 9 27 13 16975 
10 9 42 12 16975 
10 9 57 13 16975 
10 10 12 12 16975 
10 10 27 13 16975 
10 10 42 12 16975 
10 10 57 13 16975 
10 11 12 12 16975 
10 11 27 13 16975 
10 11 42 12 16975 
10 11 57 13 16975 
10 12 12 12 16975 
10 12 27 13 16975 
10 12 42 12 16975 
10 12 57 13 16975 
10 13 12 12 16975 
10 13 27 13 16975 
10 13 42 12 16975 
10 13 57 13 16975 
10 14 12 12 16975 
10 14 27 13 16975 
10 14 42 12 16975 
10 14 57 13 16975 
10 15 12 12 16975 
10 15 27 13 16975 
10 15 42 12 16975 
10 15 57 13 16975 
10 16 12 12 16975 
10 16 27 13 16975 
10 16 42 12 16975 
10 16 57 13 16975 
10 17 12 12 16975 
10 17 27 13 16975 
10 17 42 12 16975 
10 17 57 13 16975 
10 18 12 12 16975 
10 18 27 13 16975 
10 20 57 13 16975 
10 21 12 12 16975 
10 21 27 13 16975 
10 21 42 12 16975 
10 21 57 13 16975 
10 22 12 12 16975 
10 22 27 13 16975 
10 22 42 12 16975 
10 22 57 13 16975 
10 23 12 12 16975 
10 23 27 13 16975 
10 23 42 12 16975 
10 23 57 13 16975 
10 24 12 12 16975 
10 24 27 13 16975 
10 24 42 12 16975 
10 24 57 13 16975 
10 25 12 12 16975 
10 25 27 13 16975 
10 25 42 12 16975 
10 25 57 13 16975 
10 26 12 12 16975 
10 26 27 13 16975 
10 26 42 12 16975 
10 26 57 13 16975 
10 27 12 12 16975 
10 27 27 13 16975 
10 27 42 12 16975 
10 27 57 13 16975 
10 28 12 12 16975 
10 28 27 13 16975 
10 28 42 12 16975 
10 28 57 13 16975 
10 29 12 12 16975 
10 29 27 13 16975 
10 29 42 12 16975 
10 29 57 13 16975 
10 30 12 12 16975 
10 30 27 13 16975 
10 30 42 12 16975 
10 30 57 13 16975 
10 31 12 12 16975 
10 31 27 13 16975 
10 31 42 12 16975 
10 31 57 13 16975 
10 32 12 12 16975 
10 32 27 13 16975 
10 32 42 12 16975 
10 32 57 13 16975 
10 33 12 12 16975 
10 33 27 13 16975 
10 33 42 12 16975 
10 33 57 13 16975 
10 34 12 12 16975 
10 34 27 13 16975 
10 34 42 12 16975 
10 34 57 13 16975 
10 35 12 12 16975 
10 35 27 13 16975 
10 37 58 13 16975 
10 38 13 12 16975 
10 38 28 13 16975 
10 38 43 12 16975 
10 38 58 13 16975 
10 39 13 12 16975 
10 39 28 13 16975 
10 39 43 12 16975 
10 39 58 13 16975 
10 40 13 12 16975 
10 40 28 13 16975 
10 40 43 12 16975 
10 40 58 13 16975 
10 41 13 12 16975 
10 41 28 13 16975 
10 41 43 12 16975 
10 41 58 13 16975 
10 42 13 12 16975 
10 42 28 13 16975 
10 42 43 12 16975 
10 42 58 13 16975 
10 43 13 12 16975 
10 43 28 13 16975 
10 43 43 12 16975 
10 43 58 13 16975 
10 44 13 12 16975 
10 44 28 13 16975 
10 44 43 12 16975 
10 44 58 13 16975 
10 45 13 12 16975 
10 45 28 13 16975 
10 45 43 12 16975 
10 45 58 13 16975 
10 46 13 12 16975 
10 46 28 13 16975 
10 46 43 12 16975 
10 46 58 13 16975 
10 47 13 12 16975 
10 47 28 13 16975 
10 47 43 12 16975 
10 47 58 13 16975 
10 48 13 12 16975 
10 48 28 13 16975 
10 48 43 12 16975 
10 48 58 13 16975 
10 49 13 12 16975 
10 49 28 13 16975 
10 49 43 12 16975 
10 49 58 13 16975 
10 50 13 12 16975 
10 50 28 13 16975 
10 50 43 12 16975 
10 50 58 13 16975 
10 51 13 12 16975 
10 51 28 13 16975 
10 51 43 12 16975 
10 51 58 13 16975 
10 52 13 12 16975 
10 52 28 13 16975 
10 54 58 13 16975 
10 55 13 12 16975 
10 55 28 13 16975 
10 55 43 12 16975 
10 55 58 13 16975 
10 56 13 12 16975 
10 56 28 13 16975 
10 56 43 12 16975 
10 56 58 13 16975 
10 57 13 12 16975 
10 57 28 13 16975 
10 57 43 12 16975 
10 57 58 13 16975 
10 58 13 12 16975 
10 58 28 13 16975 
10 58 43 12 16975 
10 58 58 13 16975 
10 59 13 12 16975 
10 59 28 13 16975 
10 59 43 12 16975 
10 59 58 13 16975 
11 0 13 12 16975 
11 0 28 13 16975 
11 0 43 12 16975 
11 0 58 13 16975 
11 1 13 12 16975 
11 1 28 13 16975 
11 1 43 12 16975 
11 1 58 13 16975 
11 2 13 12 16975 
11 2 28 13 16975 
11 2 43 12 16975 
11 2 58 13 16975 
11 3 13 12 16975 
11 3 28 13 16975 
11 3 43 12 16975 
11 3 58 13 16975 
11 4 13 12 16975 
11 4 28 13 16975 
11 4 43 12 16975 
11 4 58 13 16975 
11 5 13 12 16975 
11 5 28 13 16975 
11 5 43 12 16975 
11 5 58 13 16975 
11 6 13 12 16975 
11 6 28 13 16975 
11 6 43 12 16975 
11 6 58 13 16975 
11 7 13 12 16975 
11 7 28 13 16975 
11 7 43 12 16975 
11 7 58 13 16975 
11 8 13 12 16975 
11 8 28 13 16975 
11 8 43 12 16975 
11 8 58 13 16975 
11 9 13 12 16975 
11 9 28 13 16975 
11 11 58 13 16975 
11 12 13 12 16975 
11 12 28 13 16975 
11 12 43 12 16975 
11 12 58 13 16975 
11 13 13 12 16975 
11 13 28 13 16975 
11 13 43 12 16975 
11 13 58 13 16975 
11 14 13 12 16975 
11 14 28 13 16975 
11 14 43 12 16975 
11 14 58 13 16975 
11 15 13 12 16975 
11 15 28 13 16975 
11 15 43 12 16975 
11 15 58 13 16975 
11 16 13 12 16975 
11 16 28 13 16975 
11 16 43 12 16975 
11 16 58 13 16975 
11 17 13 12 16975 
11 17 28 13 16975 
11 17 43 12 16975 
11 17 58 13 16975 
11 18 13 12 16975 
11 18 28 13 16975 
11 18 43 12 16975 
11 18 58 13 16975 
11 19 13 12 16975 
11 19 28 13 16975 
11 19 43 12 16975 
11 19 58 13 16975 
11 20 13 12 16975 
11 20 28 13 16975 
11 20 43 12 16975 
11 20 58 13 16975 
11 21 13 12 16975 
11 21 28 13 16975 
11 21 43 12 16975 
11 21 58 13 16975 
11 22 13 12 16975 
11 22 28 13 16975 
11 22 43 12 16975 
11 22 58 13 16975 
11 23 13 12 16975 
11 23 28 13 16975 
11 23 43 12 16975 
11 23 58 13 16975 
11 24 13 12 16975 
11 24 28 13 16975 
11 24 43 12 16975 
11 24 58 13 16975 
11 25 13 12 16975 
11 25 28 13 16975 
11 25 43 12 16975 
11 25 58 13 16975 
11 26 13 12 16975 
11 26 28 13 16975 
11 29 0 13 16975 
11 29 14 12 16975 
11 29 30 13 16975 
11 29 44 12 16975 
11 30 0 13 16975 
11 30 14 12 16975 
11 30 30 13 16975 
11 30 44 12 16975 
11 31 0 13 16975 
11 31 14 12 16975 
11 31 30 13 16975 
11 31 44 12 16975 
11 32 0 13 16975 
11 32 14 12 16975 
11 32 30 13 16975 
11 32 44 12 16975 
11 33 0 13 16975 
11 33 14 12 16975 
11 33 30 13 16975 
11 33 44 12 16975 
11 34 0 13 16975 
11 34 14 12 16975 
11 34 30 13 16975 
11 34 44 12 16975 
11 35 0 13 16975 
11 35 14 12 16975 
11 35 30 13 16975 
11 35 44 12 16975 
11 36 0 13 16975 
11 36 14 12 16975 
11 36 30 13 16975 
11 36 44 12 16975 
11 37 0 13 16975 
11 37 14 12 16975 
11 37 30 13 16975 
11 37 44 12 16975 
11 38 0 13 16975 
11 38 14 12 16975 
11 38 30 13 16975 
11 38 44 12 16975 
11 39 0 13 16975 
11 39 14 12 16975 
11 39 30 13 16975 
11 39 44 12 16975 
11 40 0 13 16975 
11 40 14 12 16975 
11 40 30 13 16975 
11 40 44 12 16975 
11 41 0 13 16975 
11 41 14 12 16975 
11 41 30 13 16975 
11 41 44 12 16975 
11 42 0 13 16975 
11 42 14 12 16975 
11 42 30 13 16975 
11 42 44 12 16975 
11 43 0 13 16975 
11 43 14 12 16975 
11 43 30 13 16975 
11 46 0 13 16975 
11 46 14 12 16975 
11 46 30 13 16975 
11 46 44 12 16975 
11 47 0 13 16975 
11 47 14 12 16975 
11 47 30 13 16975 
11 47 44 12 16975 
11 48 0 13 16975 
11 48 14 12 16975 
11 48 30 13 16975 
11 48 44 12 16975 
11 49 0 13 16975 
11 49 14 12 16975 
11 49 30 13 16975 
11 49 44 12 16975 
11 50 0 13 16975 
11 50 14 12 16975 
11 50 30 13 16975 
11 50 44 12 16975 
11 51 0 13 16975 
11 51 14 12 16975 
11 51 30 13 16975 
11 51 44 12 16975 
11 52 0 13 16975 
11 52 14 12 16975 
11 52 30 13 16975 
11 52 44 12 16975 
11 53 0 13 16975 
11 53 14 12 16975 
11 53 30 13 16975 
11 53 44 12 16975 
11 54 0 13 16975 
11 54 14 12 16975 
11 54 30 13 16975 
11 54 44 12 16975 
11 55 0 13 16975 
11 55 14 12 16975 
11 55 30 13 16975 
11 55 44 12 16975 
11 56 0 13 16975 
11 56 14 12 16975 
11 56 30 13 16975 
11 56 44 12 16975 
11 57 0 13 16975 
11 57 14 12 16975 
11 57 30 13 16975 
11 57 44 12 16975 
11 58 0 13 16975 
11 58 14 12 16975 
11 58 30 13 16975 
11 58 44 12 16975 
11 59 0 13 16975 
11 59 14 12 16975 
11 59 30 13 16975 
11 59 44 12 16975 
12 0 0 13 16975 
12 0 14 12 16975 
12 0 30 13 16975 
12 3 0 13 16975 
12 3 14 12 16975 
12 3 30 13 16975 
12 3 44 12 16975 
12 4 0 13 16975 
12 4 14 12 16975 
12 4 30 13 16975 
12 4 44 12 16975 
12 5 0 13 16975 
12 5 14 12 16975 
12 5 30 13 16975 
12 5 44 12 16975 
12 6 0 13 16975 
12 6 14 12 16975 
12 6 30 13 16975 
12 6 44 12 16975 
12 7 0 13 16975 
12 7 14 12 16975 
12 7 30 13 16975 
12 7 44 12 16975 
12 8 0 13 16975 
12 8 14 12 16975 
12 8 30 13 16975 
12 8 44 12 16975 
12 9 0 13 16975 
12 9 14 12 16975 
12 9 30 13 16975 
12 9 44 12 16975 
12 10 0 13 16975 
12 10 14 12 16975 
12 10 30 13 16975 
12 10 44 12 16975 
12 11 0 13 16975 
12 11 14 12 16975 
12 11 30 13 16975 
12 11 44 12 16975 
12 12 0 13 16975 
12 12 14 12 16975 
12 12 30 13 16975 
12 12 44 12 16975 
12 13 0 13 16975 
12 13 14 12 16975 
12 13 30 13 16975 
12 13 44 12 16975 
12 14 0 13 16975 
12 14 14 12 16975 
12 14 30 13 16975 
12 14 44 12 16975 
12 15 0 13 16975 
12 15 14 12 16975 
12 15 30 13 16975 
12 15 44 12 16975 
12 16 0 13 16975 
12 16 14 12 16975 
12 16 30 13 16975 
12 16 44 12 16975 
12 17 0 13 16975 
12 17 14 12 16975 
12 17 30 13 16975 
12 20 1 13 16975 
12 20 15 12 16975 
12 20 31 13 16975 
12 20 45 12 16975 
12 21 1 13 16975 
12 21 15 12 16975 
12 21 31 13 16975 
12 21 45 12 16975 
12 22 1 13 16975 
12 22 15 12 16975 
12 22 31 13 16975 
12 22 45 12 16975 
12 23 1 13 16975 
12 23 15 12 16975 
12 23 31 13 16975 
12 23 45 12 16975 
12 24 1 13 16975 
12 24 15 12 16975 
12 24 31 13 16975 
12 24 45 12 16975 
12 25 1 13 16975 
12 25 15 12 16975 
12 25 31 13 16975 
12 25 45 12 16975 
12 26 1 13 16975 
12 26 15 12 16975 
12 26 31 13 16975 
12 26 45 12 16975 
12 27 1 13 16975 
12 27 15 12 16975 
12 27 31 13 16975 
12 27 45 12 16975 
12 28 1 13 16975 
12 28 15 12 16975 
12 28 31 13 16975 
12 28 45 12 16975 
12 29 1 13 16975 
12 29 15 12 16975 
12 29 31 13 16975 
12 29 45 12 16975 
12 30 1 13 16975 
12 30 15 12 16975 
12 30 31 13 16975 
12 30 45 12 16975 
12 31 1 13 16975 
12 31 15 12 16975 
12 31 31 13 16975 
12 31 45 12 16975 
12 32 1 13 16975 
12 32 15 12 16975 
12 32 31 13 16975 
12 32 45 12 16975 
12 33 1 13 16975 
12 33 15 12 16975 
12 33 31 13 16975 
12 33 45 12 16975 
12 34 1 13 16975 
12 34 15 12 16975 
12 34 31 13 16975 
12 37 1 13 16975 
12 37 15 12 16975 
12 37 31 13 16975 
12 37 45 12 16975 
12 38 1 13 16975 
12 38 15 12 16975 
12 38 31 13 16975 
12 38 45 12 16975 
12 39 1 13 16975 
12 39 15 12 16975 
12 39 31 13 16975 
12 39 45 12 16975 
12 40 1 13 16975 
12 40 15 12 16975 
12 40 31 13 16975 
12 40 45 12 16975 
12 41 1 13 16975 
12 41 15 12 16975 
12 41 31 13 16975 
12 41 45 12 16975 
12 42 1 13 16975 
12 42 15 12 16975 
12 42 31 13 16975 
12 42 45 12 16975 
12 43 1 13 16975 
12 43 15 12 16975 
12 43 31 13 16975 
12 43 45 12 16975 
12 44 1 13 16975 
12 44 15 12 16975 
12 44 31 13 16975 
12 44 45 12 16975 
12 45 1 13 16975 
12 45 15 12 16975 
12 45 31 13 16975 
12 45 45 12 16975 
12 46 1 13 16975 
12 46 15 12 16975 
12 46 31 13 16975 
12 46 45 12 16975 
12 47 1 13 16975 
12 47 15 12 16975 
12 47 31 13 16975 
12 47 45 12 16975 
12 48 1 13 16975 
12 48 15 12 16975 
12 48 31 13 16975 
12 48 45 12 16975 
12 49 1 13 16975 
12 49 15 12 16975 
12 49 31 13 16975 
12 49 45 12 16975 
12 50 1 13 16975 
12 50 15 12 16975 
12 50 31 13 16975 
12 50 45 12 16975 
12 51 1 13 16975 
12 51 15 12 16975 
12 51 31 13 16975 
12 54 1 13 16975 
12 54 15 12 16975 
12 54 31 13 16975 
12 54 45 12 16975 
12 55 1 13 16975 
12 55 15 12 16975 
12 55 31 13 16975 
12 55 45 12 16975 
12 56 1 13 16975 
12 56 15 12 16975 
12 56 31 13 16975 
12 56 45 12 16975 
12 57 1 13 16975 
12 57 15 12 16975 
12 57 31 13 16975 
12 57 45 12 16975 
12 58 1 13 16975 
12 58 15 12 16975 
12 58 31 13 16975 
12 58 45 12 16975 
12 59 1 13 16975 
12 59 15 12 16975 
12 59 31 13 16975 
12 59 45 12 16975 
13 0 1 13 16975 
13 0 15 12 16975 
13 0 31 13 16975 
13 0 45 12 16975 
13 1 1 13 16975 
13 1 15 12 16975 
13 1 31 13 16975 
13 1 45 12 16975 
13 2 1 13 16975 
13 2 15 12 16975 
13 2 31 13 16975 
13 2 45 12 16975 
13 3 1 13 16975 
13 3 15 12 16975 
13 3 31 13 16975 
13 3 45 12 16975 
13 4 1 13 16975 
13 4 15 12 16975 
13 4 31 13 16975 
13 4 45 12 16975 
13 5 1 13 16975 
13 5 15 12 16975 
13 5 31 13 16975 
13 5 45 12 16975 
13 6 1 13 16975 
13 6 15 12 16975 
13 6 31 13 16975 
13 6 45 12 16975 
13 7 1 13 16975 
13 7 15 12 16975 
13 7 31 13 16975 
13 7 45 12 16975 
13 8 1 13 16975 
13 8 15 12 16975 
13 8 31 13 16975 
13 11 2 13 16975 
13 11 16 12 16975 
13 11 32 13 16975 
13 11 46 12 16975 
13 12 2 13 16975 
13 12 16 12 16975 
13 12 32 13 16975 
13 12 46 12 16975 
13 13 2 13 16975 
13 13 16 12 16975 
13 13 32 13 16975 
13 13 46 12 16975 
13 14 2 13 16975 
13 14 16 12 16975 
13 14 32 13 16975 
13 14 46 12 16975 
13 15 2 13 16975 
13 15 16 12 16975 
13 15 32 13 16975 
13 15 46 12 16975 
13 16 2 13 16975 
13 16 16 12 16975 
13 16 32 13 16975 
13 16 46 12 16975 
13 17 2 13 16975 
13 17 16 12 16975 
13 17 32 13 16975 
13 17 46 12 16975 
13 18 2 13 16975 
13 18 16 12 16975 
13 18 32 13 16975 
13 18 46 12 16975 
13 19 2 13 16975 
13 19 16 12 16975 
13 19 32 13 16975 
13 19 46 12 16975 
13 20 2 13 16975 
13 20 16 12 16975 
13 20 32 13 16975 
13 20 46 12 16975 
13 21 2 13 16975 
13 21 16 12 16975 
13 21 32 13 16975 
13 21 46 12 16975 
13 22 2 13 16975 
13 22 16 12 16975 
13 22 32 13 16975 
13 22 46 12 16975 
13 23 2 13 16975 
13 23 16 12 16975 
13 23 32 13 16975 
13 23 46 12 16975 
13 24 2 13 16975 
13 24 16 12 16975 
13 24 32 13 16975 
13 24 46 12 16975 
13 25 2 13 16975 
13 25 16 12 16975 
13 25 32 13 16975 
13 28 2 13 16975 
13 28 16 12 16975 
13 28 32 13 16975 
13 28 46 12 16975 
13 29 2 13 16975 
13 29 16 12 16975 
13 29 32 13 16975 
13 29 46 12 16975 
13 30 2 13 16975 
13 30 16 12 16975 
13 30 32 13 16975 
13 30 46 12 16975 
13 31 2 13 16975 
13 31 16 12 16975 
13 31 32 13 16975 
13 31 46 12 16975 
13 32 2 13 16975 
13 32 16 12 16975 
13 32 32 13 16975 
13 32 46 12 16975 
13 33 2 13 16975 
13 33 16 12 16975 
13 33 32 13 16975 
13 33 46 12 16975 
13 34 2 13 16975 
13 34 16 12 16975 
13 34 32 13 16975 
13 34 46 12 16975 
13 35 2 13 16975 
13 35 16 12 16975 
13 35 32 13 16975 
13 35 46 12 16975 
13 36 2 13 16975 
13 36 16 12 16975 
13 36 32 13 16975 
13 36 46 12 16975 
13 37 2 13 16975 
13 37 16 12 16975 
13 37 32 13 16975 
13 37 46 12 16975 
13 38 2 13 16975 
13 38 16 12 16975 
13 38 32 13 16975 
13 38 46 12 16975 
13 39 2 13 16975 
13 39 16 12 16975 
13 39 32 13 16975 
13 39 46 12 16975 
13 40 2 13 16975 
13 40 16 12 16975 
13 40 32 13 16975 
13 40 46 12 16975 
13 41 2 13 16975 
13 41 16 12 16975 
13 41 32 13 16975 
13 41 46 12 16975 
13 42 2 13 16975 
13 42 16 12 16975 
13 42 32 13 16975 
13 45 2 13 16975 
13 45 16 12 16975 
13 45 32 13 16975 
13 45 46 12 16975 
13 46 2 13 16975 
13 46 16 12 16975 
13 46 32 13 16975 
13 46 46 12 16975 
13 47 2 13 16975 
13 47 16 12 16975 
13 47 32 13 16975 
13 47 46 12 16975 
13 48 2 13 16975 
13 48 16 12 16975 
13 48 32 13 16975 
13 48 46 12 16975 
13 49 2 13 16975 
13 49 16 12 16975 
13 49 32 13 16975 
13 49 46 12 16975 
13 50 2 13 16975 
13 50 16 12 16975 
13 50 32 13 16975 
13 50 46 12 16975 
13 51 2 13 16975 
13 51 16 12 16975 
13 51 32 13 16975 
13 51 46 12 16975 
13 52 2 13 16975 
13 52 16 12 16975 
13 52 32 13 16975 
13 52 46 12 16975 
13 53 2 13 16975 
13 53 16 12 16975 
13 53 32 13 16975 
13 53 46 12 16975 
13 54 2 13 16975 
13 54 16 12 16975 
13 54 32 13 16975 
13 54 46 12 16975 
13 55 2 13 16975 
13 55 16 12 16975 
13 55 32 13 16975 
13 55 46 12 16975 
13 56 2 13 16975 
13 56 16 12 16975 
13 56 32 13 16975 
13 56 46 12 16975 
13 57 2 13 16975 
13 57 16 12 16975 
13 57 32 13 16975 
13 57 46 12 16975 
13 58 2 13 16975 
13 58 16 12 16975 
13 58 32 13 16975 
13 58 46 12 16975 
13 59 2 13 16975 
13 59 16 12 16975 
13 59 32 13 16975 
14 2 3 13 16975 
14 2 18 12 16975 
14 2 33 13 16975 
14 2 48 12 16975 
14 3 3 13 16975 
14 3 18 12 16975 
14 3 33 13 16975 
14 3 48 12 16975 
14 4 3 13 16975 
14 4 18 12 16975 
14 4 33 13 16975 
14 4 48 12 16975 
14 5 3 13 16975 
14 5 18 12 16975 
14 5 33 13 16975 
14 5 48 12 16975 
14 6 3 13 16975 
14 6 18 12 16975 
14 6 33 13 16975 
14 6 48 12 16975 
14 7 3 13 16975 
14 7 18 12 16975 
14 7 33 13 16975 
14 7 48 12 16975 
14 8 3 13 16975 
14 8 18 12 16975 
14 8 33 13 16975 
14 8 48 12 16975 
14 9 3 13 16975 
14 9 18 12 16975 
14 9 33 13 16975 
14 9 48 12 16975 
14 10 3 13 16975 
14 10 18 12 16975 
14 10 33 13 16975 
14 10 48 12 16975 
14 11 3 13 16975 
14 11 17 12 16975 
14 11 33 13 16975 
14 11 48 12 16975 
14 12 3 13 16975 
14 12 18 12 16975 
14 12 33 13 16975 
14 12 48 12 16975 
14 13 3 13 16975 
14 13 18 12 16975 
14 13 33 13 16975 
14 13 48 12 16975 
14 14 3 13 16975 
14 14 18 12 16975 
14 14 33 13 16975 
14 14 48 12 16975 
14 15 3 13 16975 
14 15 18 12 16975 
14 15 33 13 16975 
14 15 48 12 16975 
14 16 3 13 16975 
14 16 18 12 16975 
14 16 33 13 16975 
14 19 3 13 16975 
14 19 18 12 16975 
14 19 33 13 16975 
14 19 48 12 16975 
14 20 3 13 16975 
14 20 18 12 16975 
14 20 33 13 16975 
14 20 48 12 16975 
14 21 3 13 16975 
14 21 18 12 16975 
14 21 33 13 16975 
14 21 48 12 16975 
14 22 3 13 16975 
14 22 18 12 16975 
14 22 33 13 16975 
14 22 48 12 16975 
14 23 3 13 16975 
14 23 18 12 16975 
14 23 33 13 16975 
14 23 48 12 16975 
14 24 3 13 16975 
14 24 18 12 16975 
14 24 33 13 16975 
14 24 48 12 16975 
14 25 3 13 16975 
14 25 18 12 16975 
14 25 33 13 16975 
14 25 48 12 16975 
14 26 3 13 16975 
14 26 18 12 16975 
14 26 33 13 16975 
14 26 48 12 16975 
14 27 3 13 16975 
14 27 18 12 16975 
14 27 33 13 16975 
14 27 48 12 16975 
14 28 3 13 16975 
14 28 18 12 16975 
14 28 33 13 16975 
14 28 48 12 16975 
14 29 3 13 16975 
14 29 18 12 16975 
14 29 33 13 16975 
14 29 48 12 16975 
14 30 3 13 16975 
14 30 18 12 16975 
14 30 33 13 16975 
14 30 48 12 16975 
14 31 3 13 16975 
14 31 18 12 16975 
14 31 33 13 16975 
14 31 48 12 16975 
14 32 3 13 16975 
14 32 18 12 16975 
14 32 33 13 16975 
14 32 48 12 16975 
14 33 3 13 16975 
14 33 18 12 16975 
14 33 33 13 16975 
14 36 3 13 16975 
14 36 18 12 16975 
14 36 33 13 16975 
14 36 48 12 16975 
14 37 3 13 16975 
14 37 18 12 16975 
14 37 33 13 16975 
14 37 48 12 16975 
14 38 3 13 16975 
14 38 18 12 16975 
14 38 33 13 16975 
14 38 48 12 16975 
14 39 3 13 16975 
14 39 18 12 16975 
14 39 33 13 16975 
14 39 48 12 16975 
14 40 3 13 16975 
14 40 18 12 16975 
14 40 33 13 16975 
14 40 48 12 16975 
14 41 3 13 16975 
14 41 18 12 16975 
14 41 33 13 16975 
14 41 48 12 16975 
14 42 3 13 16975 
14 42 18 12 16975 
14 42 33 13 16975 
14 42 48 12 16975 
14 43 3 13 16975 
14 43 18 12 16975 
14 43 33 13 16975 
14 43 48 12 16975 
14 44 3 13 16975 
14 44 18 12 16975 
14 44 33 13 16975 
14 44 48 12 16975 
14 45 3 13 16975 
14 45 18 12 16975 
14 45 33 13 16975 
14 45 48 12 16975 
14 46 3 13 16975 
14 46 18 12 16975 
14 46 33 13 16975 
14 46 48 12 16975 
14 47 3 13 16975 
14 47 18 12 16975 
14 47 33 13 16975 
14 47 48 12 16975 
14 48 3 13 16975 
14 48 18 12 16975 
14 48 33 13 16975 
14 48 48 12 16975 
14 49 3 13 16975 
14 49 18 12 16975 
14 49 33 13 16975 
14 49 48 12 16975 
14 50 3 13 16975 
14 50 18 12 16975 
14 50 33 13 16975 
14 53 4 13 16975 
14 53 19 12 16975 
14 53 34 13 16975 
14 53 49 12 16975 
14 54 4 13 16975 
14 54 19 12 16975 
14 54 34 13 16975 
14 54 49 12 16975 
14 55 4 13 16975 
14 55 19 12 16975 
14 55 34 13 16975 
14 55 49 12 16975 
14 56 4 13 16975 
14 56 19 12 16975 
14 56 34 13 16975 
14 56 49 12 16975 
14 57 4 13 16975 
14 57 19 12 16975 
14 57 34 13 16975 
14 57 49 12 16975 
14 58 4 13 16975 
14 58 19 12 16975 
14 58 34 13 16975 
14 58 49 12 16975 
14 59 4 13 16975 
14 59 19 12 16975 
14 59 34 13 16975 
14 59 49 12 16975 

/> 
read_ramp 11011310
read_ramp 11011310
<CR>Time:2021/11/01 14:53Ramp data first polarity: ta first polarity: 
230 230 230 228 229 230 229 230 230 229 229 230 229 229 229 229 229 230 229 230 230 229 229 230 229 230 230 230 230 229 230 229 230 230 229 230 230 229 230 229 230 230 230 229 229 229 230 230 229 230 229 229 230 229 229 230 230 231 229 230 229 230 229 231 235 235 238 241 243 246 250 253 255 257 259 260 261 263 265 265 268 269 270 272 273 275 277 279 280 282 284 284 287 288 290 291 292 294 296 298 299 301 303 305 306 307 309 310 312 315 316 318 320 321 323 324 326 326 329 330 332 333 335 337 338 340 342 343 345 346 348 349 351 354 355 357 358 359 361 362 364 366 367 368 370 372 373 375 377 378 380 381 383 383 385 386 389 391 392 394 395 396 398 400 401 402 404 406 407 409 411 412 413 415 417 418 420 421 423 424 426 427 429 431 432 433 434 436 437 439 440 442 443 445 446 448 449 451 452 454 455 456 458 460 462 463 465 466 467 469 470 472 472 474 475 477 479 480 482 483 484 486 487 489 490 492 493 495 496 499 500 500 502 502 505 507 507 509 509 510 510 511 511 511 512 512 511 509 512 511 511 512 512 513 512 512 512 511 512 513 511 511 511 511 511 512 511 512 512 510 511 512 512 511 512 513 513 513 512 511 511 513 513 512 511 513 511 512 512 511 511 511 511 511 511 512 511 513 512 512 513 512 512 512 511 512 511 512 512 511 511 511 511 512 511 511 511 511 512 511 
ramp data second polarity
793 793 793 793 792 792 792 793 792 792 792 792 792 792 792 792 791 792 793 792 792 792 792 792 793 792 793 793 792 791 792 792 791 792 792 792 792 792 792 792 790 792 792 792 792 792 792 792 793 792 791 792 792 793 792 792 792 792 792 790 793 792 791 792 787 786 784 780 777 775 771 769 767 765 763 761 760 759 756 756 754 752 751 749 748 746 745 742 740 739 738 737 735 733 731 730 729 725 724 723 722 721 718 717 715 713 712 711 709 707 706 704 702 700 698 697 696 694 693 691 689 687 686 685 683 681 680 678 677 675 673 671 669 669 667 666 664 662 661 659 658 657 654 653 652 650 648 647 644 643 642 640 638 636 635 634 633 631 629 628 626 624 623 622 621 619 617 616 613 612 611 609 607 606 604 603 602 600 598 597 596 594 593 591 589 588 587 585 584 582 581 579 577 576 574 573 571 569 568 567 565 564 562 561 559 557 557 555 553 552 551 549 549 546 545 543 542 541 539 538 536 534 533 532 529 529 527 525 524 523 522 520 518 518 517 516 514 513 511 510 509 510 509 509 509 509 509 509 508 509 509 509 509 509 509 509 509 510 510 510 509 509 508 510 510 509 509 509 509 509 509 509 509 509 509 509 509 509 509 509 510 510 510 510 509 509 510 510 510 509 509 509 509 509 509 509 509 509 509 509 509 509 509 510 510 510 510 509 509 509 509 509 509 509 509 509 509 509 510 794 
Oscillation data first polarity :
788 785 783 779 777 773 770 768 766 764 763 761 760 758 756 755 754 752 750 750 747 746 745 742 741 739 738 736 734 733 731 730 728 726 725 724 722 720 718 716 715 714 712 710 709 707 705 703 702 701 699 697 695 694 692 690 689 687 686 685 682 681 679 677 676 675 673 672 670 668 666 665 663 662 660 659 657 656 654 653 650 650 648 646 645 643 642 641 639 638 636 634 632 630 630 627 626 624 622 622 619 618 616 615 614 612 611 609 607 605 604 603 601 601 598 596 595 594 593 591 588 587 586 585 583 582 580 579 578 576 575 572 571 571 569 568 565 565 562 561 559 558 557 555 554 552 550 549 548 546 544 543 541 540 539 537 536 535 533 532 529 529 527 526 525 523 521 520 519 517 516 515 513 512 511 509 510 509 509 509 509 510 510 511 509 509 510 509 510 509 510 509 509 509 509 509 508 510 510 509 509 509 510 510 509 510 510 510 509 509 510 509 509 510 509 509 509 509 509 509 509 509 509 509 509 509 510 510 511 510 509 508 509 510 509 509 509 509 509 510 510 509 509 509 509 509 509 509 509 510 509 510 510 509 509 509 510 510 510 509 509 509 509 509 509 510 511 509 509 508 509 509 510 510 511 510 510 509 509 510 510 510 510 509 510 510 509 509 509 510 510 509 509 509 509 509 510 510 510 510 510 510 509 510 510 509 509 508 509 509 509 509 510 510 510 510 509 509 509 509 
Oscillation data second polarity :
233 234 239 243 246 249 251 253 257 258 259 261 262 263 265 267 269 271 272 273 274 276 278 280 281 283 286 286 288 289 291 293 294 296 298 299 300 303 305 307 307 309 311 312 314 315 317 319 320 322 323 325 326 329 330 331 333 335 337 337 340 341 343 344 346 347 349 350 353 354 355 357 358 360 362 363 365 366 368 369 371 372 374 378 378 380 381 383 384 385 387 388 391 391 393 394 396 397 399 400 402 403 405 407 408 409 412 413 415 416 418 419 421 422 424 425 427 428 429 431 433 434 436 437 439 440 441 443 444 446 448 450 451 453 454 455 457 458 460 461 464 463 465 466 468 469 471 472 474 475 477 477 479 482 483 485 485 487 489 490 491 493 494 495 497 498 499 501 503 503 505 506 508 508 509 510 513 512 514 512 512 512 511 514 513 512 512 512 512 512 512 512 512 511 511 511 512 511 511 512 511 512 512 511 511 512 512 512 512 511 512 511 512 512 511 512 512 512 511 511 511 511 512 512 512 512 512 511 511 512 512 512 512 512 513 513 511 512 512 511 511 511 511 511 511 512 512 512 512 511 511 511 512 512 511 511 512 511 512 511 510 512 512 512 511 511 511 511 512 512 512 512 512 512 511 511 511 511 511 511 511 512 512 511 513 512 512 512 512 512 511 511 514 512 512 513 512 511 510 512 511 511 512 511 512 511 512 511 512 512 512 512 512 512 512 512 513 511 512 511 
/> 