ls

ls
<CR>
         TIME          Size       File name 
----A 2021/11/09 14:59      8352  1109
----A 2021/11/09 09:55    128000  11090938
----A 2021/11/09 10:12    128000  11090957
----A 2021/11/09 10:31    128000  11091015
----A 2021/11/09 10:51    128000  11091033
----A 2021/11/09 11:07    128000  11091052
----A 2021/11/09 11:27    128000  11091110
----A 2021/11/09 11:43    128000  11091128
----A 2021/11/09 11:47      2560  11091147
----A 2021/11/09 12:31    128000  11091216
----A 2021/11/09 12:51    128000  11091234
----A 2021/11/09 13:08    128000  11091252
----A 2021/11/09 13:27    128000  11091311
----A 2021/11/09 13:46    128000  11091329
----A 2021/11/09 14:03    128000  11091348
----A 2021/11/09 14:21    128000  11091406
----A 2021/11/09 14:39    128000  11091424
----A 2021/11/09 14:43      2560  11091443
----A 2021/11/10 14:48      7584  1110
----A 2021/11/10 09:35      2560  11100935
----A 2021/11/10 10:50    128000  11101035
----A 2021/11/10 11:09    128000  11101053
----A 2021/11/10 11:27    128000  11101112
----A 2021/11/10 11:47    128000  11101130
----A 2021/11/10 12:04    128000  11101149
----A 2021/11/10 12:23    128000  11101207
----A 2021/11/10 12:42    128000  11101225
----A 2021/11/10 12:59    128000  11101244
----A 2021/11/10 13:17    128000  11101302
----A 2021/11/10 13:35    128000  11101320
----A 2021/11/10 13:54    128000  11101339
----A 2021/11/10 14:13    128000  11101357
----A 2021/11/10 14:31    128000  11101415
----A 2021/11/10 14:34      2560  11101434
----A 2021/11/11 14:49      7960  1111
----A 2021/11/11 10:14    128000  11110959
----A 2021/11/11 10:33    128000  11111017
----A 2021/11/11 10:51    128000  11111036
----A 2021/11/11 11:11    128000  11111054
----A 2021/11/11 11:28    128000  11111112
----A 2021/11/11 11:47    128000  11111131
----A 2021/11/11 12:06    128000  11111149
----A 2021/11/11 12:23    128000  11111208
----A 2021/11/11 12:41    128000  11111226
----A 2021/11/11 12:59    128000  11111244
----A 2021/11/11 13:18    128000  11111303
----A 2021/11/11 13:37    128000  11111321
----A 2021/11/11 13:55    128000  11111339
----A 2021/11/11 14:13    128000  11111358
----A 2021/11/11 14:31    128000  11111416
----A 2021/11/11 14:35      2560  11111434
----A 2021/11/12 14:17      8016  1112
----A 2021/11/12 09:42    128000  11120927
----A 2021/11/12 10:02    128000  11120945
----A 2021/11/12 10:19    128000  11121003
----A 2021/11/12 10:37    128000  11121022
----A 2021/11/12 10:55    128000  11121040
----A 2021/11/12 11:14    128000  11121058
----A 2021/11/12 11:33    128000  11121117
----A 2021/11/12 11:50    128000  11121135
----A 2021/11/12 12:09    128000  11121153
----A 2021/11/12 12:27    128000  11121212
----A 2021/11/12 12:47    128000  11121230
----A 2021/11/12 13:04    128000  11121249
----A 2021/11/12 13:23    128000  11121307
----A 2021/11/12 13:42    128000  11121325
----A 2021/11/12 13:59    128000  11121344
----A 2021/11/12 14:17    123520  11121402
----A 2021/11/13 14:47      8592  1113
----A 2021/11/13 09:45    128000  11130930
----A 2021/11/13 10:03    128000  11130948
----A 2021/11/13 10:23    128000  11131006
----A 2021/11/13 10:40    128000  11131025
----A 2021/11/13 10:59    128000  11131043
----A 2021/11/13 11:19    128000  11131101
----A 2021/11/13 11:35    128000  11131120
----A 2021/11/13 11:55    128000  11131138
----A 2021/11/13 12:11    128000  11131156
----A 2021/11/13 12:30    128000  11131215
----A 2021/11/13 12:50    128000  11131233
----A 2021/11/13 13:07    128000  11131251
----A 2021/11/13 13:25    128000  11131310
----A 2021/11/13 13:43    128000  11131328
----A 2021/11/13 14:03    128000  11131346
----A 2021/11/13 14:21    128000  11131405
----A 2021/11/13 14:38    128000  11131423
----A 2021/11/13 14:43      2560  11131441

  87 File(s),   9779384 bytes total
   0 Dir(s),     990672K bytes free

/> 
read 1113
read 1113
<CR>Time:2021/11/13 14:43
Hours Minutes Seconds  Nb_Samples    Aver. Current 
9 12 27 7 15163 
9 12 43 8 16794 
9 12 57 7 17640 
9 13 13 8 18002 
9 13 27 7 18063 
9 13 43 8 18063 
9 13 57 7 18063 
9 14 13 8 18063 
9 14 27 7 18063 
9 14 43 8 18063 
9 14 57 7 18063 
9 15 13 8 18063 
9 15 27 7 18063 
9 15 43 8 18063 
9 15 57 7 18002 
9 16 13 8 18063 
9 16 27 7 18063 
9 16 43 8 18063 
9 16 57 7 18063 
9 17 13 8 18063 
9 17 27 7 18063 
9 17 43 8 18002 
9 17 57 7 18002 
9 18 13 8 18063 
9 18 27 7 18063 
9 18 43 8 18002 
9 18 57 7 18002 
9 19 13 8 18002 
9 19 27 7 18002 
9 19 43 8 18002 
9 19 57 7 18063 
9 20 13 8 18002 
9 20 27 7 18002 
9 20 43 8 18002 
9 20 57 7 18002 
9 21 13 8 18002 
9 21 27 7 18002 
9 21 43 8 18002 
9 21 57 7 18002 
9 22 13 8 18002 
9 22 27 7 18002 
9 22 43 8 18002 
9 22 57 7 18002 
9 23 13 8 18002 
9 23 27 7 18002 
9 23 43 8 18002 
9 23 57 7 18002 
9 24 13 8 18002 
9 24 27 7 18002 
9 24 43 8 18002 
9 24 57 7 18002 
9 25 13 8 18002 
9 25 27 7 18002 
9 25 43 8 18002 
9 25 57 7 18002 
9 26 13 8 18002 
9 26 27 7 18002 
9 26 43 8 18002 
9 30 34 7 18002 
9 30 50 8 18002 
9 31 4 7 18002 
9 31 20 8 18002 
9 31 34 7 18002 
9 31 50 8 18002 
9 32 4 7 18002 
9 32 20 8 18002 
9 32 34 7 18002 
9 32 50 8 18002 
9 33 4 7 18002 
9 33 20 8 18002 
9 33 34 7 18002 
9 33 50 8 18002 
9 34 4 7 18002 
9 34 20 8 18002 
9 34 34 7 18002 
9 34 50 8 18002 
9 35 4 7 18002 
9 35 20 8 18002 
9 35 34 7 18002 
9 35 50 8 18002 
9 36 4 7 18002 
9 36 20 8 18002 
9 36 34 7 18002 
9 36 50 8 18002 
9 37 4 7 18002 
9 37 20 8 18002 
9 37 34 7 18002 
9 37 50 8 18002 
9 38 4 7 18002 
9 38 20 8 18002 
9 38 34 7 18002 
9 38 50 8 18002 
9 39 4 7 17942 
9 39 20 8 18002 
9 39 34 7 18002 
9 39 50 8 18002 
9 40 4 7 18002 
9 40 20 8 18002 
9 40 34 7 18002 
9 40 50 8 17942 
9 41 4 7 18002 
9 41 20 8 18002 
9 41 34 7 18002 
9 41 50 8 18002 
9 42 4 7 18002 
9 42 20 8 18002 
9 42 34 7 18002 
9 42 50 8 18002 
9 43 4 7 18002 
9 43 20 8 18002 
9 43 34 7 18002 
9 43 50 8 18002 
9 44 4 7 18002 
9 44 20 8 18002 
9 44 34 7 18002 
9 44 50 8 18002 
9 45 4 7 18002 
9 48 56 8 17942 
9 49 10 7 17942 
9 49 26 8 18002 
9 49 40 7 18002 
9 49 56 8 17942 
9 50 10 7 18002 
9 50 26 8 18002 
9 50 40 7 18002 
9 50 56 8 18002 
9 51 10 7 18002 
9 51 26 8 18002 
9 51 40 7 18002 
9 51 56 8 18002 
9 52 10 7 18002 
9 52 26 8 18002 
9 52 40 7 18002 
9 52 56 8 17942 
9 53 10 7 18002 
9 53 26 8 18002 
9 53 40 7 18002 
9 53 56 8 18002 
9 54 10 7 17942 
9 54 26 8 18002 
9 54 40 7 18002 
9 54 56 8 17942 
9 55 10 7 18002 
9 55 26 8 18002 
9 55 40 7 18002 
9 55 56 8 18002 
9 56 10 7 18002 
9 56 26 8 17942 
9 56 40 7 18002 
9 56 56 8 18002 
9 57 10 7 18002 
9 57 26 8 18002 
9 57 40 7 18002 
9 57 56 8 18002 
9 58 10 7 18002 
9 58 26 8 18002 
9 58 40 7 18002 
9 58 56 8 18002 
9 59 9 7 18002 
9 59 26 8 17942 
9 59 40 7 18002 
9 59 56 8 18002 
10 0 10 7 18002 
10 0 26 8 18002 
10 0 40 7 18002 
10 0 56 8 18002 
10 1 10 7 18002 
10 1 26 8 18002 
10 1 40 7 18002 
10 1 56 8 18002 
10 2 10 7 18002 
10 2 26 8 18002 
10 2 40 7 18002 
10 2 56 8 18002 
10 3 10 7 18002 
10 3 26 8 18002 
10 7 16 7 18002 
10 7 32 8 18002 
10 7 46 7 18002 
10 8 2 8 18002 
10 8 16 7 18002 
10 8 32 8 18002 
10 8 46 7 18002 
10 9 2 8 18002 
10 9 16 7 18002 
10 9 32 8 18002 
10 9 46 7 17942 
10 10 2 8 18002 
10 10 16 7 18002 
10 10 32 8 18002 
10 10 46 7 18002 
10 11 2 8 18002 
10 11 16 7 18002 
10 11 32 8 18002 
10 11 46 7 18002 
10 12 2 8 18002 
10 12 16 7 18002 
10 12 32 8 18002 
10 12 46 7 18002 
10 13 2 8 18002 
10 13 16 7 18002 
10 13 32 8 18002 
10 13 46 7 18002 
10 14 2 8 18002 
10 14 16 7 18002 
10 14 32 8 18002 
10 14 46 7 18002 
10 15 2 8 18002 
10 15 16 7 18002 
10 15 32 8 18002 
10 15 46 7 18002 
10 16 2 8 18002 
10 16 16 7 18002 
10 16 32 8 18002 
10 16 46 7 18002 
10 17 2 8 18002 
10 17 16 7 18002 
10 17 32 8 18002 
10 17 46 7 18002 
10 18 2 8 18002 
10 18 16 7 18002 
10 18 32 8 18002 
10 18 46 7 18002 
10 19 2 8 18002 
10 19 16 7 18002 
10 19 32 8 18002 
10 19 46 7 18002 
10 20 2 8 18002 
10 20 16 7 18002 
10 20 32 8 18002 
10 20 46 7 18002 
10 21 2 8 18002 
10 21 16 7 18002 
10 21 32 8 18002 
10 21 46 7 18002 
10 25 38 8 18002 
10 25 52 7 18002 
10 26 8 8 18002 
10 26 22 7 18002 
10 26 37 8 18002 
10 26 52 7 18002 
10 27 8 8 18002 
10 27 22 7 18002 
10 27 38 8 18002 
10 27 52 7 18002 
10 28 8 8 18002 
10 28 22 7 18002 
10 28 38 8 18002 
10 28 52 7 18002 
10 29 8 8 18002 
10 29 22 7 18002 
10 29 38 8 17942 
10 29 52 7 18002 
10 30 8 8 18002 
10 30 22 7 18002 
10 30 38 8 18002 
10 30 52 7 18002 
10 31 8 8 18002 
10 31 22 7 18002 
10 31 38 8 18002 
10 31 52 7 18002 
10 32 8 8 18002 
10 32 22 7 18002 
10 32 38 8 18002 
10 32 52 7 18002 
10 33 8 8 18002 
10 33 22 7 18002 
10 33 38 8 18002 
10 33 52 7 18002 
10 34 8 8 18002 
10 34 22 7 18002 
10 34 38 8 18002 
10 34 52 7 18002 
10 35 8 8 18002 
10 35 22 7 18002 
10 35 38 8 18002 
10 35 52 7 18002 
10 36 8 8 18002 
10 36 22 7 18002 
10 36 38 8 18002 
10 36 52 7 18002 
10 37 8 8 18002 
10 37 22 7 18002 
10 37 38 8 18002 
10 37 52 7 18002 
10 38 8 8 18002 
10 38 22 7 18002 
10 38 38 8 18002 
10 38 52 7 18002 
10 39 8 8 18002 
10 39 22 7 18002 
10 39 38 8 18002 
10 39 52 7 18002 
10 40 8 8 18002 
10 43 58 7 18002 
10 44 14 8 18002 
10 44 28 7 18002 
10 44 44 8 18002 
10 44 58 7 18002 
10 45 14 8 18002 
10 45 28 7 18002 
10 45 44 8 18002 
10 45 58 7 17942 
10 46 14 8 18002 
10 46 28 7 18002 
10 46 44 8 18002 
10 46 58 7 18002 
10 47 14 8 18002 
10 47 28 7 18002 
10 47 44 8 18002 
10 47 58 7 18002 
10 48 14 8 18002 
10 48 28 7 18002 
10 48 44 8 18002 
10 48 58 7 18002 
10 49 14 8 18002 
10 49 28 7 18002 
10 49 44 8 18002 
10 49 58 7 18002 
10 50 14 8 18002 
10 50 28 7 18002 
10 50 44 8 18002 
10 50 58 7 18002 
10 51 14 8 18002 
10 51 28 7 18002 
10 51 44 8 18002 
10 51 58 7 18002 
10 52 14 8 18002 
10 52 28 7 18002 
10 52 44 8 18002 
10 52 58 7 18002 
10 53 14 8 18002 
10 53 28 7 18002 
10 53 44 8 17942 
10 53 58 7 18002 
10 54 14 8 18002 
10 54 28 7 18002 
10 54 44 8 18002 
10 54 58 7 18002 
10 55 14 8 18002 
10 55 28 7 18002 
10 55 44 8 18002 
10 55 58 7 18002 
10 56 14 8 18002 
10 56 28 7 18002 
10 56 44 8 18002 
10 56 58 7 18002 
10 57 14 8 18002 
10 57 28 7 18002 
10 57 44 8 18002 
10 57 58 7 18002 
10 58 14 8 18002 
10 58 28 7 18002 
11 2 20 8 18002 
11 2 34 7 18002 
11 2 50 8 18002 
11 3 4 7 18002 
11 3 20 8 18002 
11 3 34 7 18002 
11 3 50 8 17942 
11 4 4 7 18002 
11 4 20 8 18002 
11 4 34 7 18002 
11 4 50 8 18002 
11 5 4 7 18002 
11 5 20 8 18002 
11 5 34 7 17942 
11 5 50 8 18002 
11 6 4 7 17942 
11 6 20 8 18002 
11 6 34 7 17942 
11 6 50 8 18002 
11 7 4 7 17942 
11 7 20 8 18002 
11 7 34 7 18002 
11 7 50 8 17942 
11 8 4 7 18002 
11 8 20 8 18002 
11 8 34 7 17942 
11 8 50 8 18002 
11 9 4 7 17942 
11 9 20 8 18002 
11 9 34 7 18002 
11 9 50 8 17942 
11 10 4 7 18002 
11 10 20 8 17942 
11 10 34 7 18002 
11 10 50 8 18002 
11 11 4 7 18002 
11 11 20 8 18002 
11 11 34 7 18002 
11 11 50 8 17942 
11 12 4 7 17942 
11 12 20 8 17942 
11 12 34 7 18002 
11 12 50 8 17942 
11 13 4 7 18002 
11 13 20 8 18002 
11 13 34 7 17942 
11 13 50 8 17942 
11 14 4 7 18002 
11 14 20 8 17942 
11 14 34 7 18002 
11 14 50 8 18002 
11 15 4 7 17942 
11 15 20 8 17942 
11 15 34 7 18002 
11 15 50 8 18002 
11 16 4 7 17942 
11 16 20 8 17942 
11 16 34 7 17942 
11 16 50 8 17942 
11 20 40 7 17942 
11 20 56 8 17942 
11 21 10 7 17942 
11 21 26 8 18002 
11 21 40 7 17942 
11 21 56 8 17942 
11 22 10 7 18002 
11 22 26 8 17942 
11 22 40 7 18002 
11 22 56 8 18002 
11 23 10 7 17942 
11 23 26 8 18002 
11 23 40 7 17942 
11 23 56 8 17942 
11 24 10 7 17942 
11 24 26 8 18002 
11 24 40 7 17942 
11 24 56 8 17942 
11 25 10 7 17942 
11 25 26 8 17942 
11 25 40 7 18002 
11 25 56 8 17942 
11 26 10 7 18002 
11 26 26 8 18002 
11 26 40 7 17942 
11 26 56 8 17942 
11 27 10 7 17942 
11 27 26 8 17942 
11 27 40 7 17942 
11 27 56 8 17942 
11 28 10 7 17942 
11 28 26 8 18002 
11 28 40 7 17942 
11 28 56 8 17942 
11 29 10 7 17942 
11 29 26 8 17942 
11 29 40 7 18002 
11 29 56 8 18002 
11 30 10 7 18002 
11 30 26 8 17942 
11 30 40 7 17942 
11 30 56 8 17942 
11 31 10 7 17942 
11 31 26 8 17942 
11 31 40 7 17942 
11 31 56 8 17942 
11 32 10 7 17942 
11 32 26 8 17942 
11 32 40 7 17942 
11 32 56 8 18002 
11 33 10 7 17942 
11 33 26 8 17942 
11 33 40 7 17942 
11 33 56 8 18002 
11 34 10 7 17942 
11 34 26 8 17942 
11 34 40 7 18002 
11 34 56 8 17942 
11 35 10 7 17942 
11 39 2 8 17942 
11 39 16 7 17942 
11 39 32 8 17942 
11 39 46 7 17942 
11 40 2 8 17942 
11 40 16 7 17942 
11 40 32 8 17942 
11 40 46 7 18002 
11 41 2 8 17942 
11 41 16 7 17942 
11 41 32 8 17942 
11 41 46 7 17942 
11 42 2 8 17942 
11 42 16 7 17942 
11 42 32 8 17942 
11 42 46 7 17942 
11 43 2 8 17942 
11 43 16 7 17942 
11 43 32 8 17942 
11 43 46 7 17942 
11 44 2 8 18002 
11 44 16 7 18002 
11 44 32 8 17942 
11 44 46 7 17942 
11 45 2 8 17942 
11 45 16 7 17942 
11 45 32 8 17942 
11 45 46 7 17942 
11 46 2 8 17942 
11 46 16 7 17942 
11 46 32 8 17942 
11 46 46 7 17942 
11 47 2 8 17942 
11 47 16 7 17942 
11 47 32 8 18002 
11 47 46 7 17942 
11 48 2 8 17942 
11 48 16 7 18002 
11 48 32 8 17942 
11 48 46 7 17942 
11 49 2 8 17942 
11 49 16 7 17942 
11 49 32 8 17942 
11 49 46 7 17942 
11 50 2 8 17942 
11 50 16 7 17942 
11 50 32 8 17942 
11 50 46 7 17942 
11 51 2 8 17942 
11 51 16 7 18002 
11 51 32 8 17942 
11 51 46 7 17942 
11 52 2 8 17942 
11 52 16 7 17942 
11 52 32 8 17942 
11 52 46 7 17942 
11 53 2 8 17942 
11 53 16 7 17942 
11 53 32 8 17942 
11 57 22 7 17942 
11 57 38 8 17942 
11 57 52 7 17942 
11 58 8 8 17942 
11 58 22 7 17942 
11 58 38 8 17942 
11 58 52 7 17942 
11 59 8 8 17942 
11 59 22 7 17942 
11 59 38 8 17942 
11 59 54 8 17942 
12 0 8 7 17942 
12 0 24 8 17942 
12 0 38 7 17942 
12 0 54 8 17942 
12 1 8 7 17942 
12 1 24 8 17942 
12 1 38 7 17942 
12 1 54 8 17942 
12 2 8 7 17942 
12 2 24 8 17942 
12 2 38 7 17942 
12 2 54 8 17942 
12 3 8 7 17942 
12 3 24 8 17942 
12 3 38 7 17942 
12 3 54 8 17942 
12 4 8 7 17942 
12 4 24 8 17942 
12 4 38 7 17942 
12 4 54 8 17942 
12 5 8 7 17942 
12 5 24 8 17942 
12 5 38 7 17942 
12 5 54 8 17942 
12 6 8 7 17942 
12 6 24 8 17942 
12 6 38 7 17942 
12 6 54 8 17942 
12 7 8 7 17942 
12 7 24 8 17942 
12 7 38 7 17942 
12 7 54 8 17942 
12 8 8 7 17942 
12 8 24 8 17942 
12 8 38 7 17942 
12 8 54 8 17942 
12 9 8 7 17942 
12 9 24 8 17942 
12 9 38 7 17942 
12 9 54 8 17942 
12 10 8 7 17942 
12 10 24 8 17942 
12 10 38 7 17942 
12 10 54 8 17942 
12 11 8 7 17942 
12 11 24 8 17942 
12 11 38 7 17942 
12 11 54 8 17942 
12 15 44 8 17942 
12 15 58 7 17942 
12 16 14 8 17942 
12 16 28 7 17942 
12 16 44 8 17942 
12 16 58 7 17942 
12 17 14 8 17942 
12 17 28 7 17942 
12 17 44 8 17942 
12 17 58 7 17942 
12 18 14 8 17942 
12 18 28 7 17942 
12 18 44 8 17942 
12 18 58 7 17942 
12 19 14 8 17942 
12 19 28 7 17942 
12 19 44 8 17942 
12 19 58 7 17942 
12 20 14 8 17942 
12 20 28 7 17942 
12 20 44 8 17942 
12 20 58 7 17942 
12 21 14 8 17942 
12 21 28 7 17942 
12 21 44 8 17942 
12 21 58 7 17942 
12 22 14 8 17942 
12 22 28 7 17942 
12 22 44 8 17942 
12 22 58 7 17942 
12 23 14 8 17942 
12 23 28 7 17942 
12 23 44 8 17942 
12 23 58 7 17942 
12 24 14 8 17942 
12 24 28 7 17942 
12 24 44 8 17942 
12 24 58 7 17942 
12 25 14 8 17942 
12 25 28 7 17942 
12 25 44 8 17942 
12 25 58 7 17942 
12 26 14 8 17942 
12 26 28 7 17942 
12 26 44 8 17942 
12 26 58 7 17942 
12 27 14 8 17942 
12 27 28 7 17942 
12 27 44 8 17942 
12 27 58 7 17942 
12 28 14 8 17942 
12 28 28 7 17942 
12 28 44 8 17942 
12 28 58 7 17942 
12 29 14 8 17942 
12 29 28 7 17942 
12 29 44 8 17942 
12 29 58 7 17942 
12 30 14 8 17942 
12 34 4 7 17942 
12 34 20 8 17942 
12 34 34 7 17942 
12 34 50 8 17942 
12 35 4 7 17942 
12 35 20 8 17942 
12 35 34 7 17942 
12 35 50 8 17942 
12 36 4 7 17942 
12 36 20 8 17942 
12 36 34 7 17942 
12 36 50 8 17942 
12 37 4 7 17942 
12 37 20 8 17942 
12 37 34 7 17942 
12 37 50 8 17942 
12 38 4 7 17942 
12 38 20 8 17942 
12 38 34 7 17942 
12 38 50 8 17942 
12 39 4 7 17942 
12 39 20 8 17942 
12 39 34 7 17942 
12 39 50 8 17942 
12 40 4 7 17942 
12 40 20 8 17942 
12 40 34 7 17942 
12 40 50 8 17942 
12 41 4 7 17942 
12 41 20 8 17942 
12 41 34 7 17942 
12 41 50 8 17942 
12 42 4 7 17942 
12 42 20 8 17942 
12 42 34 7 17942 
12 42 50 8 17942 
12 43 4 7 17942 
12 43 20 8 17942 
12 43 34 7 17942 
12 43 50 8 17942 
12 44 4 7 17942 
12 44 20 8 17942 
12 44 34 7 17942 
12 44 50 8 17942 
12 45 4 7 17942 
12 45 20 8 17942 
12 45 34 7 17942 
12 45 50 8 17942 
12 46 4 7 17942 
12 46 20 8 17942 
12 46 34 7 17942 
12 46 50 8 17942 
12 47 4 7 17942 
12 47 20 8 17942 
12 47 34 7 17942 
12 47 50 8 17942 
12 48 4 7 17942 
12 48 20 8 17942 
12 48 34 7 17942 
12 52 26 8 17942 
12 52 40 7 17942 
12 52 56 8 17942 
12 53 10 7 17942 
12 53 26 8 17942 
12 53 40 7 17942 
12 53 56 8 17942 
12 54 10 7 17942 
12 54 26 8 17942 
12 54 40 7 17942 
12 54 56 8 17942 
12 55 10 7 17942 
12 55 26 8 17942 
12 55 40 7 17942 
12 55 56 8 17942 
12 56 10 7 17942 
12 56 26 8 17942 
12 56 40 7 17942 
12 56 56 8 17942 
12 57 10 7 17942 
12 57 26 8 17942 
12 57 40 7 17942 
12 57 56 8 17942 
12 58 10 7 17942 
12 58 26 8 17942 
12 58 40 7 17942 
12 58 56 8 17942 
12 59 10 7 17942 
12 59 26 8 17942 
12 59 40 7 17942 
12 59 56 8 17942 
13 0 10 7 17942 
13 0 26 8 17942 
13 0 40 7 17942 
13 0 56 8 17942 
13 1 10 7 17942 
13 1 26 8 17942 
13 1 40 7 17942 
13 1 56 8 17942 
13 2 10 7 17942 
13 2 26 8 17942 
13 2 40 7 17942 
13 2 56 8 17942 
13 3 10 7 17942 
13 3 26 8 17942 
13 3 40 7 17942 
13 3 56 8 17942 
13 4 10 7 17942 
13 4 26 8 17942 
13 4 40 7 17942 
13 4 56 8 17942 
13 5 10 7 17942 
13 5 26 8 17942 
13 5 40 7 17942 
13 5 56 8 17942 
13 6 10 7 17942 
13 6 26 8 17942 
13 6 40 7 17942 
13 6 56 8 17942 
13 10 46 7 17942 
13 11 2 8 17942 
13 11 16 7 17942 
13 11 32 8 17942 
13 11 46 7 17942 
13 12 2 8 17942 
13 12 16 7 17942 
13 12 32 8 17942 
13 12 46 7 17942 
13 13 2 8 17942 
13 13 16 7 17942 
13 13 32 8 17942 
13 13 46 7 17942 
13 14 2 8 17942 
13 14 16 7 17942 
13 14 32 8 17942 
13 14 46 7 17942 
13 15 2 8 17942 
13 15 16 7 17942 
13 15 32 8 17942 
13 15 46 7 17942 
13 16 2 8 17942 
13 16 16 7 17942 
13 16 32 8 17942 
13 16 46 7 17942 
13 17 2 8 17942 
13 17 16 7 17942 
13 17 32 8 17942 
13 17 46 7 17942 
13 18 2 8 17942 
13 18 16 7 17942 
13 18 32 8 17942 
13 18 46 7 17942 
13 19 2 8 17942 
13 19 16 7 17942 
13 19 32 8 17942 
13 19 46 7 17942 
13 20 2 8 17942 
13 20 16 7 17942 
13 20 32 8 17942 
13 20 46 7 17942 
13 21 2 8 17942 
13 21 16 7 17942 
13 21 32 8 17942 
13 21 46 7 17942 
13 22 2 8 17942 
13 22 16 7 17942 
13 22 32 8 17942 
13 22 46 7 17942 
13 23 2 8 17942 
13 23 16 7 17942 
13 23 32 8 17942 
13 23 46 7 17942 
13 24 2 8 17942 
13 24 16 7 17942 
13 24 32 8 17942 
13 24 46 7 17942 
13 25 2 8 17942 
13 25 16 7 17942 
13 29 8 8 17942 
13 29 22 7 17942 
13 29 38 8 17942 
13 29 52 7 17942 
13 30 8 8 17942 
13 30 22 7 17942 
13 30 38 8 17942 
13 30 52 7 17942 
13 31 8 8 17942 
13 31 22 7 17942 
13 31 38 8 17942 
13 31 52 7 17942 
13 32 8 8 17942 
13 32 22 7 17942 
13 32 38 8 17942 
13 32 52 7 17942 
13 33 8 8 17942 
13 33 22 7 17942 
13 33 38 8 17942 
13 33 52 7 17942 
13 34 8 8 17942 
13 34 22 7 17942 
13 34 38 8 17942 
13 34 52 7 17942 
13 35 8 8 17942 
13 35 22 7 17942 
13 35 38 8 17942 
13 35 52 7 17942 
13 36 8 8 17942 
13 36 22 7 17942 
13 36 38 8 17942 
13 36 52 7 17942 
13 37 8 8 17942 
13 37 22 7 17942 
13 37 38 8 17942 
13 37 52 7 17942 
13 38 8 8 17942 
13 38 22 7 17942 
13 38 38 8 17942 
13 38 52 7 17942 
13 39 8 8 17942 
13 39 22 7 17942 
13 39 38 8 17942 
13 39 52 7 17942 
13 40 8 8 17942 
13 40 22 7 17942 
13 40 38 8 17942 
13 40 52 7 17942 
13 41 8 8 17942 
13 41 22 7 17942 
13 41 38 8 17942 
13 41 52 7 17942 
13 42 8 8 17942 
13 42 22 7 17942 
13 42 38 8 17942 
13 42 52 7 17942 
13 43 8 8 17942 
13 43 22 7 17942 
13 43 38 8 17942 
13 47 28 7 17942 
13 47 44 8 17942 
13 47 58 7 17942 
13 48 14 8 17942 
13 48 28 7 17942 
13 48 44 8 17942 
13 48 58 7 17942 
13 49 14 8 17942 
13 49 28 7 17942 
13 49 44 8 17942 
13 49 58 7 17942 
13 50 14 8 17942 
13 50 28 7 17942 
13 50 44 8 17942 
13 50 58 7 17942 
13 51 14 8 17942 
13 51 28 7 17942 
13 51 44 8 17942 
13 51 58 7 17942 
13 52 14 8 17942 
13 52 28 7 17942 
13 52 44 8 17942 
13 52 58 7 17942 
13 53 14 8 17942 
13 53 28 7 17942 
13 53 44 8 17942 
13 53 58 7 17942 
13 54 14 8 17942 
13 54 28 7 17942 
13 54 44 8 17942 
13 54 58 7 17942 
13 55 14 8 17942 
13 55 28 7 17942 
13 55 44 8 17942 
13 55 58 7 17942 
13 56 14 8 17942 
13 56 28 7 17942 
13 56 44 8 17942 
13 56 58 7 17942 
13 57 14 8 17942 
13 57 28 7 17942 
13 57 44 8 17942 
13 57 58 7 17942 
13 58 14 8 17942 
13 58 28 7 17942 
13 58 44 8 17942 
13 58 58 7 17942 
13 59 14 8 17942 
13 59 28 7 17942 
13 59 44 8 17942 
13 59 58 7 17942 
14 0 14 8 17942 
14 0 27 7 17942 
14 0 44 8 17942 
14 0 58 7 17942 
14 1 14 8 17942 
14 1 28 7 17942 
14 1 44 8 17942 
14 1 58 7 17942 
14 5 50 8 17942 
14 6 4 7 17942 
14 6 20 8 17942 
14 6 34 7 17942 
14 6 50 8 17942 
14 7 4 7 17942 
14 7 20 8 17942 
14 7 34 7 17942 
14 7 50 8 17942 
14 8 4 7 17942 
14 8 20 8 17942 
14 8 34 7 17942 
14 8 50 8 17942 
14 9 4 7 17942 
14 9 20 8 17942 
14 9 34 7 17942 
14 9 50 8 17942 
14 10 4 7 17942 
14 10 20 8 17942 
14 10 34 7 17942 
14 10 50 8 17942 
14 11 4 7 17942 
14 11 20 8 17942 
14 11 34 7 17942 
14 11 50 8 17942 
14 12 4 7 17942 
14 12 20 8 17942 
14 12 34 7 17942 
14 12 50 8 17942 
14 13 4 7 17942 
14 13 20 8 17942 
14 13 34 7 17942 
14 13 50 8 17942 
14 14 4 7 17942 
14 14 20 8 17942 
14 14 34 7 17942 
14 14 50 8 17942 
14 15 4 7 17942 
14 15 20 8 17942 
14 15 34 7 17942 
14 15 50 8 17942 
14 16 4 7 17942 
14 16 20 8 17942 
14 16 34 7 17942 
14 16 50 8 17942 
14 17 4 7 17942 
14 17 20 8 17942 
14 17 34 7 17942 
14 17 50 8 17942 
14 18 4 7 17942 
14 18 20 8 17942 
14 18 34 7 17942 
14 18 50 8 17942 
14 19 4 7 17942 
14 19 20 8 17942 
14 19 34 7 17942 
14 19 50 8 17942 
14 20 4 7 17942 
14 20 20 8 17942 
14 24 10 7 17942 
14 24 26 8 17942 
14 24 40 7 17942 
14 24 56 8 17942 
14 25 10 7 17942 
14 25 26 8 17942 
14 25 40 7 17942 
14 25 56 8 17942 
14 26 10 7 17942 
14 26 26 8 17942 
14 26 40 7 17942 
14 26 56 8 17942 
14 27 10 7 17942 
14 27 26 8 17942 
14 27 40 7 17942 
14 27 56 8 17942 
14 28 10 7 17942 
14 28 26 8 17942 
14 28 40 7 17942 
14 28 56 8 17942 
14 29 10 7 17942 
14 29 26 8 17942 
14 29 40 7 17942 
14 29 56 8 17942 
14 30 10 7 17942 
14 30 26 8 17942 
14 30 40 7 17942 
14 30 56 8 17942 
14 31 10 7 17942 
14 31 26 8 17942 
14 31 40 7 17942 
14 31 56 8 17942 
14 32 10 7 17942 
14 32 26 8 17942 
14 32 40 7 17942 
14 32 56 8 17942 
14 33 10 7 17942 
14 33 26 8 17942 
14 33 40 7 17942 
14 33 56 8 17942 
14 34 10 7 17942 
14 34 26 8 17942 
14 34 40 7 17942 
14 34 56 8 17942 
14 35 10 7 17942 
14 35 26 8 17942 
14 35 40 7 17942 
14 35 56 8 17942 
14 36 10 7 17942 
14 36 26 8 17942 
14 36 40 7 17942 
14 36 56 8 17942 
14 37 10 7 17942 
14 37 26 8 17942 
14 37 40 7 17942 
14 37 56 8 17942 
14 38 10 7 17942 
14 38 26 8 17942 
14 38 40 7 17942 
14 42 32 8 17942 
14 42 46 7 17942 
14 43 2 8 17942 
14 43 16 7 17942 
14 43 32 8 17942 
14 43 46 7 17942 
14 44 2 8 17942 
14 44 16 7 17942 
14 44 32 8 17942 
14 44 46 7 17942 
14 45 2 8 17942 
14 45 16 7 17942 
14 45 32 8 17942 

/> 
read_ramp 11131310
read_ramp 11131310
<CR>Time:2021/11/13 14:43Ramp data first polarity: larity: 
213 212 212 213 213 213 214 214 213 213 213 213 213 213 213 213 213 212 213 213 213 212 213 213 213 213 213 213 213 214 214 214 213 213 213 213 213 213 213 213 213 213 213 213 212 212 213 213 212 213 212 213 213 213 213 214 214 213 213 212 213 213 214 221 217 219 219 224 229 231 233 238 241 243 245 247 249 251 252 254 257 258 260 263 263 264 267 268 269 272 273 275 277 277 280 281 283 285 286 287 289 290 292 295 297 298 301 303 303 305 306 308 309 311 313 314 316 318 320 322 322 324 326 328 329 331 333 335 338 339 341 343 343 345 346 349 349 352 353 354 357 358 360 361 363 364 366 368 369 371 373 374 376 378 380 381 382 383 385 387 389 391 392 393 395 397 399 401 401 403 404 405 407 409 411 413 414 415 417 419 421 422 423 425 428 430 430 432 433 435 436 438 439 441 442 444 445 447 449 449 451 452 454 457 458 460 462 463 464 466 467 468 471 471 473 475 476 477 479 481 482 483 485 486 488 489 491 493 495 497 498 499 500 501 503 504 506 507 508 509 510 511 511 511 511 511 511 512 511 513 511 511 513 512 512 513 512 511 511 511 511 511 511 511 511 511 512 511 512 511 511 511 510 511 511 512 512 512 512 512 512 511 511 511 511 511 511 511 511 511 511 511 511 511 511 511 511 511 511 511 511 511 512 512 512 512 512 511 511 511 512 512 511 511 512 511 511 511 511 511 
ramp data second polarity
808 809 808 808 807 809 809 809 809 808 808 809 808 809 808 808 808 808 808 808 807 809 809 808 809 808 810 808 807 807 809 809 809 809 809 809 808 808 807 808 807 810 809 808 809 809 809 809 808 808 808 807 808 809 809 808 810 809 809 808 808 808 809 809 808 809 809 803 802 800 797 795 791 788 787 782 780 779 776 774 773 770 768 766 763 762 761 759 758 757 754 752 751 748 747 745 744 742 740 739 738 736 735 733 732 729 727 726 724 723 721 719 717 716 713 712 712 709 707 706 704 703 700 699 698 696 694 693 690 689 687 685 684 683 680 679 677 675 673 672 672 669 668 667 664 662 661 658 657 656 654 653 652 650 648 648 645 643 641 640 638 637 635 633 631 629 628 627 625 623 621 619 617 616 616 614 614 611 610 608 606 605 603 601 599 597 596 595 593 591 590 588 586 585 583 582 581 580 579 577 576 573 571 570 568 567 565 563 562 560 559 558 556 554 553 551 549 548 546 545 544 543 541 540 539 537 534 533 531 530 529 527 526 525 523 521 519 518 517 516 514 513 513 512 511 510 510 510 509 509 510 508 508 510 508 509 509 509 509 508 509 509 509 509 509 509 509 509 509 509 509 510 509 509 509 509 509 510 509 509 509 509 509 509 509 509 509 509 510 509 509 509 509 509 510 510 509 509 509 508 509 509 509 509 509 509 509 509 509 509 509 509 509 509 509 509 509 508 509 510 
Oscillation data first polarity :
803 801 799 796 793 788 788 785 780 780 777 774 772 770 768 766 766 764 762 760 759 756 755 753 752 750 748 746 745 743 742 741 739 737 735 733 732 729 727 727 725 724 722 720 719 716 714 714 712 710 708 705 705 703 702 700 698 696 694 692 691 689 688 686 685 684 682 680 678 676 674 673 672 670 668 667 665 664 662 660 658 657 654 653 651 650 648 647 645 644 642 641 639 637 635 634 632 631 629 627 626 624 623 621 619 618 616 614 612 611 609 607 606 605 603 602 600 598 597 595 594 593 591 589 587 586 584 582 581 580 578 576 575 573 572 570 569 567 566 565 564 561 560 558 557 556 554 553 550 549 547 546 544 543 541 540 538 536 536 533 532 531 530 529 528 526 524 523 520 519 518 516 514 513 513 512 511 511 510 510 509 510 509 509 509 508 510 510 509 510 509 509 509 509 509 509 508 508 509 509 509 509 509 509 509 509 509 509 508 509 509 509 509 510 509 509 509 509 509 509 509 509 509 509 509 509 509 509 509 508 509 509 508 508 508 509 509 510 510 509 509 510 509 509 509 509 509 508 509 509 508 509 509 508 508 509 509 509 509 510 510 509 510 510 509 509 510 510 509 509 509 509 509 509 509 509 509 508 509 509 509 509 509 508 510 509 510 510 509 509 509 509 509 510 509 509 509 509 509 509 509 509 509 509 509 509 509 509 509 510 510 510 510 509 509 509 509 509 509 509 
Oscillation data second polarity :
216 217 222 225 229 230 235 239 242 244 246 248 250 251 252 254 257 258 260 262 264 265 267 269 269 272 273 274 276 278 280 281 283 285 287 289 290 292 293 295 297 299 301 302 304 306 307 309 309 311 314 314 316 318 320 322 324 324 327 329 331 333 334 336 337 339 340 342 344 345 347 348 349 352 353 354 357 358 360 361 363 364 366 367 369 372 374 375 377 379 379 381 383 384 386 387 389 391 393 395 396 397 398 400 402 403 405 407 408 410 411 415 416 417 418 419 421 423 424 426 427 429 431 432 434 435 437 438 440 442 442 444 447 447 449 451 452 454 456 457 458 460 461 463 465 466 467 470 470 472 473 475 476 478 479 482 484 484 485 488 488 490 493 493 495 496 497 499 502 502 503 506 506 507 509 509 510 512 511 511 513 511 511 513 511 510 512 512 513 513 512 512 513 511 511 512 511 511 512 511 511 512 511 512 513 512 511 511 511 512 512 511 512 514 513 512 513 511 511 511 511 511 512 511 511 513 512 512 513 511 511 511 511 511 512 511 511 512 511 512 513 512 512 512 512 511 511 512 512 513 511 511 512 511 511 511 511 511 512 510 511 512 511 511 512 512 512 512 513 512 511 511 512 511 511 512 512 511 511 511 511 512 511 511 511 511 511 511 511 511 512 513 512 512 512 511 511 512 511 511 511 511 511 511 511 511 511 511 511 511 511 511 511 511 511 513 512 512 512 511 
/> 