ls
ls
<CR>
         TIME          Size       File name 
----A 2021/11/09 14:59      8376  1109
----A 2021/11/09 09:57    128000  11090941
----A 2021/11/09 10:15    128000  11090959
----A 2021/11/09 10:33    128000  11091018
----A 2021/11/09 10:51    128000  11091036
----A 2021/11/09 11:11    128000  11091054
----A 2021/11/09 11:28    128000  11091113
----A 2021/11/09 11:46    128000  11091131
----A 2021/11/09 12:15    128000  11091159
----A 2021/11/09 12:33    128000  11091218
----A 2021/11/09 12:51    128000  11091236
----A 2021/11/09 13:10    128000  11091255
----A 2021/11/09 13:29    128000  11091313
----A 2021/11/09 13:47    128000  11091331
----A 2021/11/09 14:05    128000  11091350
----A 2021/11/09 14:23    128000  11091408
----A 2021/11/09 14:43    128000  11091426
----A 2021/11/09 14:45      2560  11091445
----A 2021/11/10 14:50      7696  1110
----A 2021/11/10 09:31      2560  11100931
----A 2021/11/10 10:51    128000  11101036
----A 2021/11/10 11:09    128000  11101054
----A 2021/11/10 11:27    128000  11101112
----A 2021/11/10 11:46    128000  11101131
----A 2021/11/10 12:05    128000  11101149
----A 2021/11/10 12:23    128000  11101207
----A 2021/11/10 12:41    128000  11101226
----A 2021/11/10 12:59    128000  11101244
----A 2021/11/10 13:19    128000  11101302
----A 2021/11/10 13:37    128000  11101321
----A 2021/11/10 13:54    128000  11101339
----A 2021/11/10 14:15    128000  11101357
----A 2021/11/10 14:31    128000  11101416
----A 2021/11/10 14:34      2560  11101434
----A 2021/11/11 14:49      8008  1111
----A 2021/11/11 10:13    128000  11110958
----A 2021/11/11 10:31    128000  11111016
----A 2021/11/11 10:51    128000  11111034
----A 2021/11/11 11:09    128000  11111053
----A 2021/11/11 11:26    128000  11111111
----A 2021/11/11 11:47    128000  11111129
----A 2021/11/11 12:03    128000  11111148
----A 2021/11/11 12:23    128000  11111206
----A 2021/11/11 12:40    128000  11111224
----A 2021/11/11 12:59    128000  11111243
----A 2021/11/11 13:18    128000  11111301
----A 2021/11/11 13:35    128000  11111319
----A 2021/11/11 13:53    128000  11111338
----A 2021/11/11 14:11    128000  11111356
----A 2021/11/11 14:30    128000  11111415
----A 2021/11/11 14:49     19200  11111433
----A 2021/11/12 14:19      8008  1112
----A 2021/11/12 09:42    128000  11120927
----A 2021/11/12 10:01    128000  11120945
----A 2021/11/12 10:19    128000  11121004
----A 2021/11/12 10:39    128000  11121022
----A 2021/11/12 10:56    128000  11121041
----A 2021/11/12 11:15    128000  11121059
----A 2021/11/12 11:34    128000  11121117
----A 2021/11/12 11:51    128000  11121136
----A 2021/11/12 12:09    128000  11121154
----A 2021/11/12 12:27    128000  11121212
----A 2021/11/12 12:46    128000  11121231
----A 2021/11/12 13:05    128000  11121249
----A 2021/11/12 13:23    128000  11121307
----A 2021/11/12 13:41    128000  11121326
----A 2021/11/12 13:59    128000  11121344
----A 2021/11/12 14:19    125440  11121402
----A 2021/11/13 14:46      8576  1113
----A 2021/11/13 09:47    128000  11130930
----A 2021/11/13 10:03    128000  11130948
----A 2021/11/13 10:22    128640  11131007
----A 2021/11/13 10:42    128000  11131025
----A 2021/11/13 10:59    128000  11131043
----A 2021/11/13 11:17    128000  11131102
----A 2021/11/13 11:35    128000  11131120
----A 2021/11/13 11:54    128000  11131138
----A 2021/11/13 12:13    128000  11131157
----A 2021/11/13 12:30    128000  11131215
----A 2021/11/13 12:49    128000  11131233
----A 2021/11/13 13:07    128000  11131252
----A 2021/11/13 13:27    128000  11131310
----A 2021/11/13 13:44    128000  11131329
----A 2021/11/13 14:03    128000  11131347
----A 2021/11/13 14:23    128000  11131405
----A 2021/11/13 14:39    128000  11131424
----A 2021/11/13 14:43      2560  11131442

  87 File(s),   9924184 bytes total
   0 Dir(s),     990544K bytes free

/> 
read 1113

read 1113
<CR>Time:2021/11/13 14:4321/11/13 14:43
Hours Minutes Seconds  Nb_Samples    Aver. Current 
9 13 8 7 16641 
9 13 24 8 17562 
9 13 38 7 17931 
9 13 54 8 18054 
9 14 8 7 18054 
9 14 24 8 18054 
9 14 38 7 18054 
9 14 54 8 18054 
9 15 8 7 18054 
9 15 24 8 18054 
9 15 38 7 18054 
9 15 54 8 18054 
9 16 8 7 18054 
9 16 24 8 18054 
9 16 38 7 18054 
9 16 54 8 18054 
9 17 8 7 18054 
9 17 24 8 18054 
9 17 38 7 18054 
9 17 54 8 18054 
9 18 8 7 18054 
9 18 24 8 18054 
9 18 38 7 18054 
9 18 54 8 18054 
9 19 8 7 18054 
9 19 24 8 18054 
9 19 38 7 18054 
9 19 54 8 18054 
9 20 8 7 18054 
9 20 24 8 18054 
9 20 38 7 18054 
9 20 54 8 18054 
9 21 8 7 18054 
9 21 24 8 18054 
9 21 38 7 18054 
9 21 54 8 17992 
9 22 8 7 17992 
9 22 24 8 18054 
9 22 38 7 18054 
9 22 54 8 17992 
9 23 8 7 18054 
9 23 24 8 18054 
9 23 38 7 18054 
9 23 54 8 18054 
9 24 8 7 17992 
9 24 24 8 18054 
9 24 38 7 18054 
9 24 54 8 17992 
9 25 8 7 17992 
9 25 24 8 18054 
9 25 38 7 17992 
9 25 54 8 17992 
9 26 8 7 17992 
9 26 24 8 17992 
9 26 38 7 17992 
9 26 54 8 17992 
9 27 8 7 17992 
9 31 2 8 17992 
9 31 16 7 17992 
9 31 32 8 17992 
9 31 46 7 17992 
9 32 2 8 17992 
9 32 16 7 17992 
9 32 32 8 17992 
9 32 46 7 17992 
9 33 2 8 17992 
9 33 16 7 17992 
9 33 32 8 17992 
9 33 46 7 17992 
9 34 2 8 17992 
9 34 16 7 17992 
9 34 32 8 17992 
9 34 46 7 17992 
9 35 2 8 17992 
9 35 16 7 17992 
9 35 32 8 17992 
9 35 46 7 17992 
9 36 2 8 17992 
9 36 16 7 17992 
9 36 32 8 17992 
9 36 46 7 17992 
9 37 2 8 17992 
9 37 16 7 17992 
9 37 32 8 17992 
9 37 46 7 17992 
9 38 2 8 17992 
9 38 16 7 17992 
9 38 32 8 17992 
9 38 46 7 17992 
9 39 2 8 17992 
9 39 16 7 17992 
9 39 32 8 17992 
9 39 46 7 17992 
9 40 2 8 17992 
9 40 16 7 17992 
9 40 32 8 17992 
9 40 46 7 17992 
9 41 2 8 17992 
9 41 16 7 17992 
9 41 32 8 17992 
9 41 46 7 17992 
9 42 2 8 17992 
9 42 16 7 17992 
9 42 32 8 17992 
9 42 46 7 17992 
9 43 2 8 17992 
9 43 16 7 17992 
9 43 32 8 17992 
9 43 46 7 17992 
9 44 2 8 17992 
9 44 16 7 17992 
9 44 32 8 17992 
9 44 46 7 17992 
9 45 2 8 17992 
9 45 16 7 17992 
9 45 32 8 17992 
9 49 22 7 17931 
9 49 38 8 17992 
9 49 52 7 17992 
9 50 8 8 17992 
9 50 22 7 17992 
9 50 38 8 17992 
9 50 52 7 17992 
9 51 8 8 17992 
9 51 22 7 17992 
9 51 38 8 17992 
9 51 52 7 17992 
9 52 8 8 17992 
9 52 22 7 17992 
9 52 38 8 17992 
9 52 52 7 17992 
9 53 8 8 17992 
9 53 22 7 17992 
9 53 38 8 17992 
9 53 52 7 17992 
9 54 8 8 17992 
9 54 22 7 17992 
9 54 38 8 17931 
9 54 52 7 17992 
9 55 8 8 17992 
9 55 22 7 17931 
9 55 38 8 17992 
9 55 52 7 17992 
9 56 8 8 17992 
9 56 22 7 17992 
9 56 38 8 17992 
9 56 52 7 17992 
9 57 8 8 17992 
9 57 22 7 17992 
9 57 38 8 17992 
9 57 52 7 17992 
9 58 8 8 17992 
9 58 22 7 17992 
9 58 38 8 17992 
9 58 52 7 17992 
9 59 8 8 17992 
9 59 22 7 17992 
9 59 38 8 17992 
9 59 52 7 17931 
10 0 8 8 17992 
10 0 22 7 17992 
10 0 38 8 17992 
10 0 52 7 17992 
10 1 8 8 17992 
10 1 22 7 17992 
10 1 38 8 17992 
10 1 52 7 17992 
10 2 8 8 17992 
10 2 22 7 17992 
10 2 38 8 17992 
10 2 52 7 17992 
10 3 8 8 17992 
10 3 22 7 17992 
10 3 38 8 17992 
10 3 52 7 17992 
10 7 44 8 17992 
10 7 58 7 17992 
10 8 14 8 17992 
10 8 28 7 17992 
10 8 44 8 17992 
10 8 58 7 17992 
10 9 14 8 17992 
10 9 28 7 17992 
10 9 44 8 17992 
10 9 58 7 17992 
10 10 14 8 17992 
10 10 28 7 17992 
10 10 44 8 17992 
10 10 58 7 17992 
10 11 14 8 17992 
10 11 28 7 17992 
10 11 44 8 17992 
10 11 58 7 17992 
10 12 14 8 17992 
10 12 28 7 17992 
10 12 44 8 17992 
10 12 58 7 17992 
10 13 14 8 17992 
10 13 28 7 17992 
10 13 44 8 17992 
10 13 58 7 17992 
10 14 14 8 17992 
10 14 28 7 17992 
10 14 59 8 17992 
10 15 13 7 17992 
10 15 29 8 17992 
10 15 43 7 17992 
10 15 59 8 17992 
10 16 13 7 17992 
10 16 29 8 17992 
10 16 43 7 17992 
10 16 59 8 17992 
10 17 13 7 17992 
10 17 29 8 17992 
10 17 43 7 17992 
10 17 59 8 17992 
10 18 13 7 17992 
10 18 29 8 17992 
10 18 43 7 17992 
10 18 59 8 17992 
10 19 13 7 17992 
10 19 29 8 17992 
10 19 43 7 17992 
10 19 59 8 17992 
10 20 13 7 17992 
10 20 29 8 17992 
10 20 43 7 17992 
10 20 59 8 17992 
10 21 13 7 17992 
10 21 29 8 17992 
10 21 43 7 17992 
10 21 59 8 17992 
10 22 13 7 17992 
10 26 6 7 17992 
10 26 22 8 17992 
10 26 36 7 17992 
10 26 52 8 17992 
10 27 6 7 17992 
10 27 22 8 17992 
10 27 36 7 17992 
10 27 52 8 17992 
10 28 6 7 17992 
10 28 22 8 17992 
10 28 36 7 17992 
10 28 52 8 17992 
10 29 6 7 17992 
10 29 22 8 17992 
10 29 36 7 17992 
10 29 52 8 17992 
10 30 6 7 17931 
10 30 22 8 17992 
10 30 36 7 17992 
10 30 52 8 17992 
10 31 6 7 17992 
10 31 22 8 17992 
10 31 36 7 17992 
10 31 52 8 17992 
10 32 6 7 17992 
10 32 22 8 17992 
10 32 36 7 17992 
10 32 52 8 17992 
10 33 6 7 17992 
10 33 22 8 17992 
10 33 36 7 17992 
10 33 52 8 17992 
10 34 6 7 17992 
10 34 22 8 17992 
10 34 36 7 17992 
10 34 52 8 17992 
10 35 6 7 17992 
10 35 22 8 17992 
10 35 36 7 17992 
10 35 52 8 17992 
10 36 6 7 17992 
10 36 22 8 17992 
10 36 36 7 17992 
10 36 52 8 17992 
10 37 6 7 17992 
10 37 22 8 17992 
10 37 36 7 17992 
10 37 52 8 17992 
10 38 6 7 17992 
10 38 22 8 17992 
10 38 36 7 17992 
10 38 52 8 17992 
10 39 6 7 17992 
10 39 22 8 17992 
10 39 36 7 17992 
10 39 52 8 17992 
10 40 6 7 17992 
10 40 22 8 17992 
10 40 36 7 17992 
10 44 26 7 17992 
10 44 42 8 17992 
10 44 56 7 17992 
10 45 12 8 17992 
10 45 26 7 17992 
10 45 42 8 17992 
10 45 56 7 17992 
10 46 12 8 17992 
10 46 26 7 17992 
10 46 42 8 17992 
10 46 56 7 17992 
10 47 12 8 17992 
10 47 26 7 17992 
10 47 42 8 17992 
10 47 56 7 17992 
10 48 12 8 17992 
10 48 26 7 17992 
10 48 42 8 17992 
10 48 56 7 17992 
10 49 12 8 17992 
10 49 26 7 17992 
10 49 42 8 17992 
10 49 56 7 17992 
10 50 12 8 17992 
10 50 26 7 17992 
10 50 42 8 17992 
10 50 56 7 17992 
10 51 12 8 17992 
10 51 26 7 17992 
10 51 42 8 17992 
10 51 56 7 17992 
10 52 12 8 17992 
10 52 26 7 17992 
10 52 42 8 17992 
10 52 56 7 17992 
10 53 12 8 17992 
10 53 26 7 17992 
10 53 42 8 17992 
10 53 56 7 17992 
10 54 12 8 17992 
10 54 26 7 17992 
10 54 42 8 17992 
10 54 56 7 17992 
10 55 12 8 17992 
10 55 26 7 17992 
10 55 42 8 17992 
10 55 56 7 17992 
10 56 12 8 17992 
10 56 26 7 17992 
10 56 42 8 17992 
10 56 56 7 17992 
10 57 12 8 17992 
10 57 26 7 17992 
10 57 42 8 17992 
10 57 56 7 17992 
10 58 12 8 17992 
10 58 26 7 17992 
10 58 42 8 17992 
10 58 56 7 17992 
11 2 48 8 17992 
11 3 2 7 17992 
11 3 18 8 17992 
11 3 32 7 17992 
11 3 48 8 17992 
11 4 2 7 17992 
11 4 18 8 17992 
11 4 32 7 17992 
11 4 48 8 17992 
11 5 2 7 17992 
11 5 18 8 17992 
11 5 32 7 17992 
11 5 48 8 17992 
11 6 2 7 17992 
11 6 18 8 17992 
11 6 32 7 17992 
11 6 48 8 17992 
11 7 2 7 17992 
11 7 18 8 17992 
11 7 32 7 17992 
11 7 48 8 17992 
11 8 2 7 17992 
11 8 18 8 17992 
11 8 32 7 17992 
11 8 48 8 17992 
11 9 2 7 17992 
11 9 18 8 17992 
11 9 32 7 17992 
11 9 48 8 17992 
11 10 2 7 17992 
11 10 18 8 17992 
11 10 32 7 17992 
11 10 48 8 17992 
11 11 2 7 17992 
11 11 18 8 17992 
11 11 32 7 17992 
11 11 48 8 17992 
11 12 2 7 17992 
11 12 18 8 17931 
11 12 32 7 17992 
11 12 48 8 17992 
11 13 2 7 17992 
11 13 18 8 17992 
11 13 32 7 17992 
11 13 48 8 17992 
11 14 2 7 17992 
11 14 18 8 17992 
11 14 32 7 17992 
11 14 48 8 17992 
11 15 2 7 17992 
11 15 18 8 17992 
11 15 32 7 17992 
11 15 48 8 17992 
11 16 2 7 17992 
11 16 18 8 17992 
11 16 32 7 17992 
11 16 48 8 17992 
11 17 2 7 17992 
11 17 18 8 17992 
11 21 8 7 17992 
11 21 24 8 17992 
11 21 38 7 17992 
11 21 54 8 17992 
11 22 8 7 17992 
11 22 24 8 17992 
11 22 38 7 17992 
11 22 54 8 17992 
11 23 8 7 17992 
11 23 24 8 17931 
11 23 38 7 17931 
11 23 54 8 17992 
11 24 8 7 17992 
11 24 24 8 17992 
11 24 38 7 17992 
11 24 54 8 17992 
11 25 8 7 17992 
11 25 24 8 17992 
11 25 38 7 17992 
11 25 54 8 17931 
11 26 8 7 17992 
11 26 24 8 17992 
11 26 38 7 17992 
11 26 54 8 17992 
11 27 8 7 17992 
11 27 24 8 17992 
11 27 38 7 17992 
11 27 54 8 17992 
11 28 8 7 17992 
11 28 24 8 17992 
11 28 38 7 17992 
11 28 54 8 17992 
11 29 8 7 17992 
11 29 24 8 17992 
11 29 38 7 17992 
11 29 54 8 17992 
11 30 8 7 17992 
11 30 24 8 17931 
11 30 38 7 17992 
11 30 54 8 17992 
11 31 8 7 17931 
11 31 24 8 17992 
11 31 38 7 17992 
11 31 54 8 17992 
11 32 8 7 17992 
11 32 24 8 17931 
11 32 38 7 17931 
11 32 54 8 17992 
11 33 8 7 17992 
11 33 24 8 17992 
11 33 38 7 17992 
11 33 54 8 17992 
11 34 8 7 17992 
11 34 24 8 17992 
11 34 38 7 17992 
11 34 54 8 17992 
11 35 8 7 17931 
11 35 24 8 17992 
11 35 38 7 17992 
11 39 30 8 17992 
11 39 44 7 17992 
11 40 0 8 17992 
11 40 14 7 17992 
11 40 30 8 17992 
11 40 44 7 17992 
11 41 0 8 17992 
11 41 14 7 17992 
11 41 30 8 17992 
11 41 44 7 17992 
11 42 0 8 17992 
11 42 14 7 17992 
11 42 30 8 17992 
11 42 44 7 17931 
11 43 0 8 17992 
11 43 14 7 17992 
11 43 30 8 17992 
11 43 44 7 17992 
11 44 0 8 17992 
11 44 14 7 17992 
11 44 30 8 17992 
11 44 44 7 17992 
11 45 0 8 17992 
11 45 14 7 17992 
11 45 30 8 17992 
11 45 44 7 17992 
11 46 0 8 17992 
11 46 14 7 17992 
11 46 30 8 17992 
11 46 44 7 17992 
11 47 0 8 17992 
11 47 14 7 17992 
11 47 30 8 17931 
11 47 44 7 17992 
11 48 0 8 17992 
11 48 14 7 17992 
11 48 30 8 17992 
11 48 44 7 17992 
11 49 0 8 17931 
11 49 14 7 17992 
11 49 30 8 17992 
11 49 44 7 17992 
11 50 0 8 17992 
11 50 14 7 17992 
11 50 30 8 17992 
11 50 44 7 17992 
11 51 0 8 17992 
11 51 14 7 17992 
11 51 30 8 17931 
11 51 44 7 17992 
11 52 0 8 17992 
11 52 14 7 17992 
11 52 30 8 17992 
11 52 44 7 17992 
11 53 0 8 17992 
11 53 14 7 17992 
11 53 30 8 17992 
11 53 44 7 17992 
11 54 0 8 17931 
11 57 50 7 17992 
11 58 6 8 17992 
11 58 20 7 17992 
11 58 36 8 17992 
11 58 50 7 17992 
11 59 6 8 17992 
11 59 20 7 17992 
11 59 36 8 17992 
11 59 50 7 17931 
12 0 6 8 17931 
12 0 20 7 17931 
12 0 36 8 17992 
12 0 50 7 17992 
12 1 6 8 17931 
12 1 20 7 17931 
12 1 36 8 17931 
12 1 50 7 17931 
12 2 6 8 17931 
12 2 20 7 17931 
12 2 36 8 17931 
12 2 50 7 17931 
12 3 6 8 17931 
12 3 20 7 17992 
12 3 36 8 17931 
12 3 50 7 17931 
12 4 6 8 17931 
12 4 20 7 17931 
12 4 36 8 17931 
12 4 50 7 17931 
12 5 6 8 17931 
12 5 20 7 17931 
12 5 36 8 17992 
12 5 50 7 17931 
12 6 6 8 17931 
12 6 20 7 17992 
12 6 36 8 17931 
12 6 50 7 17931 
12 7 6 8 17931 
12 7 20 7 17931 
12 7 36 8 17931 
12 7 50 7 17931 
12 8 6 8 17931 
12 8 20 7 17931 
12 8 36 8 17931 
12 8 50 7 17931 
12 9 6 8 17931 
12 9 20 7 17931 
12 9 36 8 17931 
12 9 50 7 17931 
12 10 6 8 17931 
12 10 20 7 17931 
12 10 36 8 17931 
12 10 50 7 17931 
12 11 6 8 17931 
12 11 20 7 17931 
12 11 36 8 17931 
12 11 50 7 17931 
12 12 6 8 17931 
12 12 20 7 17931 
12 16 12 8 17931 
12 16 26 7 17931 
12 16 42 8 17931 
12 16 56 7 17931 
12 17 12 8 17931 
12 17 26 7 17931 
12 17 42 8 17931 
12 17 56 7 17931 
12 18 12 8 17931 
12 18 26 7 17931 
12 18 42 8 17931 
12 18 56 7 17931 
12 19 12 8 17931 
12 19 26 7 17931 
12 19 42 8 17931 
12 19 56 7 17931 
12 20 12 8 17931 
12 20 26 7 17931 
12 20 42 8 17931 
12 20 56 7 17931 
12 21 12 8 17931 
12 21 26 7 17931 
12 21 42 8 17931 
12 21 56 7 17992 
12 22 12 8 17931 
12 22 26 7 17931 
12 22 42 8 17931 
12 22 56 7 17931 
12 23 12 8 17931 
12 23 26 7 17931 
12 23 42 8 17931 
12 23 56 7 17992 
12 24 12 8 17931 
12 24 26 7 17992 
12 24 42 8 17992 
12 24 56 7 17931 
12 25 12 8 17992 
12 25 26 7 17931 
12 25 42 8 17931 
12 25 56 7 17931 
12 26 12 8 17931 
12 26 26 7 17931 
12 26 42 8 17931 
12 26 56 7 17931 
12 27 12 8 17931 
12 27 26 7 17992 
12 27 42 8 17931 
12 27 56 7 17931 
12 28 12 8 17931 
12 28 26 7 17931 
12 28 42 8 17931 
12 28 56 7 17931 
12 29 12 8 17931 
12 29 26 7 17931 
12 29 42 8 17931 
12 29 56 7 17931 
12 30 12 8 17992 
12 30 26 7 17992 
12 30 42 8 17931 
12 34 32 7 17931 
12 34 48 8 17931 
12 35 2 7 17931 
12 35 18 8 17931 
12 35 32 7 17931 
12 35 48 8 17931 
12 36 2 7 17931 
12 36 18 8 17931 
12 36 32 7 17931 
12 36 48 8 17931 
12 37 2 7 17931 
12 37 18 8 17931 
12 37 32 7 17931 
12 37 48 8 17931 
12 38 2 7 17931 
12 38 18 8 17931 
12 38 32 7 17931 
12 38 48 8 17931 
12 39 2 7 17931 
12 39 18 8 17931 
12 39 32 7 17931 
12 39 48 8 17931 
12 40 2 7 17931 
12 40 18 8 17931 
12 40 32 7 17931 
12 40 48 8 17931 
12 41 2 7 17931 
12 41 18 8 17931 
12 41 32 7 17931 
12 41 48 8 17931 
12 42 2 7 17931 
12 42 18 8 17931 
12 42 32 7 17931 
12 42 48 8 17931 
12 43 2 7 17931 
12 43 18 8 17931 
12 43 32 7 17931 
12 43 48 8 17931 
12 44 2 7 17931 
12 44 18 8 17931 
12 44 32 7 17931 
12 44 48 8 17931 
12 45 2 7 17931 
12 45 18 8 17931 
12 45 32 7 17931 
12 45 48 8 17931 
12 46 2 7 17931 
12 46 18 8 17931 
12 46 32 7 17931 
12 46 48 8 17931 
12 47 2 7 17931 
12 47 18 8 17931 
12 47 32 7 17931 
12 47 48 8 17931 
12 48 2 7 17931 
12 48 18 8 17931 
12 48 32 7 17931 
12 48 48 8 17931 
12 49 2 7 17931 
12 52 54 8 17931 
12 53 8 7 17931 
12 53 24 8 17931 
12 53 38 7 17931 
12 53 54 8 17992 
12 54 8 7 17931 
12 54 24 8 17931 
12 54 38 7 17931 
12 54 54 8 17931 
12 55 8 7 17931 
12 55 24 8 17931 
12 55 38 7 17931 
12 55 54 8 17931 
12 56 8 7 17931 
12 56 24 8 17931 
12 56 38 7 17931 
12 56 54 8 17931 
12 57 8 7 17931 
12 57 24 8 17931 
12 57 38 7 17931 
12 57 54 8 17931 
12 58 8 7 17931 
12 58 24 8 17931 
12 58 38 7 17931 
12 58 54 8 17931 
12 59 8 7 17931 
12 59 24 8 17931 
12 59 38 7 17931 
12 59 54 8 17931 
13 0 8 7 17931 
13 0 24 8 17931 
13 0 38 7 17931 
13 0 54 8 17931 
13 1 8 7 17931 
13 1 24 8 17931 
13 1 38 7 17931 
13 1 54 8 17931 
13 2 8 7 17931 
13 2 24 8 17931 
13 2 38 7 17931 
13 2 54 8 17931 
13 3 8 7 17931 
13 3 24 8 17931 
13 3 38 7 17931 
13 3 54 8 17931 
13 4 8 7 17931 
13 4 24 8 17931 
13 4 38 7 17931 
13 4 54 8 17931 
13 5 8 7 17931 
13 5 24 8 17931 
13 5 38 7 17931 
13 5 54 8 17931 
13 6 8 7 17931 
13 6 24 8 17931 
13 6 38 7 17931 
13 6 54 8 17931 
13 7 8 7 17931 
13 7 24 8 17931 
13 11 14 7 17931 
13 11 30 8 17931 
13 11 44 7 17931 
13 12 0 8 17931 
13 12 14 7 17931 
13 12 30 8 17931 
13 12 44 7 17931 
13 13 0 8 17931 
13 13 14 7 17931 
13 13 30 8 17931 
13 13 44 7 17931 
13 14 0 8 17931 
13 14 14 7 17931 
13 14 30 8 17931 
13 14 44 7 17931 
13 15 0 8 17931 
13 15 14 7 17931 
13 15 30 8 17931 
13 15 44 7 17931 
13 16 0 8 17931 
13 16 14 7 17931 
13 16 30 8 17931 
13 16 44 7 17931 
13 17 0 8 17931 
13 17 14 7 17931 
13 17 30 8 17931 
13 17 44 7 17931 
13 18 0 8 17931 
13 18 14 7 17931 
13 18 30 8 17931 
13 18 44 7 17931 
13 19 0 8 17931 
13 19 14 7 17931 
13 19 30 8 17931 
13 19 44 7 17931 
13 20 0 8 17931 
13 20 14 7 17931 
13 20 30 8 17931 
13 20 44 7 17931 
13 21 0 8 17931 
13 21 14 7 17931 
13 21 30 8 17931 
13 21 44 7 17931 
13 22 0 8 17931 
13 22 14 7 17931 
13 22 30 8 17931 
13 22 44 7 17931 
13 23 0 8 17931 
13 23 14 7 17931 
13 23 30 8 17931 
13 23 44 7 17931 
13 24 0 8 17931 
13 24 14 7 17931 
13 24 30 8 17931 
13 24 44 7 17931 
13 25 0 8 17931 
13 25 14 7 17931 
13 25 30 8 17931 
13 25 44 7 17931 
13 29 36 8 17931 
13 29 50 7 17931 
13 30 6 8 17931 
13 30 20 7 17931 
13 30 36 8 17931 
13 30 50 7 17931 
13 31 6 8 17931 
13 31 20 7 17931 
13 31 36 8 17931 
13 31 50 7 17931 
13 32 6 8 17931 
13 32 20 7 17931 
13 32 36 8 17931 
13 32 50 7 17931 
13 33 6 8 17931 
13 33 20 7 17931 
13 33 36 8 17931 
13 33 50 7 17931 
13 34 6 8 17931 
13 34 20 7 17931 
13 34 36 8 17931 
13 34 50 7 17931 
13 35 6 8 17931 
13 35 20 7 17931 
13 35 36 8 17931 
13 35 50 7 17992 
13 36 6 8 17931 
13 36 20 7 17931 
13 36 36 8 17931 
13 36 50 7 17931 
13 37 6 8 17931 
13 37 20 7 17931 
13 37 36 8 17931 
13 37 50 7 17931 
13 38 6 8 17931 
13 38 20 7 17992 
13 38 36 8 17992 
13 38 50 7 17931 
13 39 6 8 17931 
13 39 20 7 17931 
13 39 36 8 17931 
13 39 50 7 17931 
13 40 6 8 17931 
13 40 20 7 17931 
13 40 36 8 17931 
13 40 50 7 17931 
13 41 6 8 17931 
13 41 20 7 17931 
13 41 36 8 17931 
13 41 50 7 17931 
13 42 6 8 17931 
13 42 20 7 17931 
13 42 36 8 17931 
13 42 50 7 17931 
13 43 6 8 17931 
13 43 20 7 17931 
13 43 36 8 17931 
13 43 50 7 17931 
13 44 6 8 17931 
13 47 56 7 17931 
13 48 12 8 17931 
13 48 26 7 17931 
13 48 42 8 17931 
13 48 56 7 17931 
13 49 12 8 17931 
13 49 26 7 17931 
13 49 42 8 17931 
13 49 56 7 17931 
13 50 12 8 17931 
13 50 26 7 17931 
13 50 42 8 17931 
13 50 56 7 17931 
13 51 12 8 17931 
13 51 26 7 17931 
13 51 42 8 17931 
13 51 56 7 17931 
13 52 12 8 17931 
13 52 26 7 17931 
13 52 42 8 17931 
13 52 56 7 17931 
13 53 12 8 17931 
13 53 26 7 17931 
13 53 42 8 17931 
13 53 56 7 17931 
13 54 12 8 17931 
13 54 26 7 17931 
13 54 42 8 17931 
13 54 56 7 17931 
13 55 12 8 17931 
13 55 26 7 17931 
13 55 42 8 17931 
13 55 56 7 17931 
13 56 12 8 17992 
13 56 26 7 17931 
13 56 42 8 17931 
13 56 56 7 17931 
13 57 12 8 17931 
13 57 26 7 17931 
13 57 42 8 17931 
13 57 56 7 17931 
13 58 12 8 17931 
13 58 26 7 17931 
13 58 42 8 17931 
13 58 56 7 17931 
13 59 12 8 17931 
13 59 26 7 17931 
13 59 42 8 17931 
13 59 56 7 17931 
14 0 12 8 17931 
14 0 26 7 17931 
14 0 42 8 17931 
14 0 56 7 17931 
14 1 12 8 17931 
14 1 26 7 17931 
14 1 42 8 17931 
14 1 56 7 17931 
14 2 12 8 17931 
14 2 26 7 17931 
14 6 18 8 17931 
14 6 32 7 17931 
14 6 48 8 17931 
14 7 2 7 17931 
14 7 18 8 17931 
14 7 32 7 17931 
14 7 48 8 17931 
14 8 2 7 17931 
14 8 18 8 17931 
14 8 32 7 17931 
14 8 48 8 17931 
14 9 2 7 17931 
14 9 18 8 17931 
14 9 32 7 17931 
14 9 48 8 17931 
14 10 2 7 17931 
14 10 18 8 17931 
14 10 32 7 17931 
14 10 48 8 17931 
14 11 2 7 17931 
14 11 18 8 17931 
14 11 32 7 17931 
14 11 48 8 17931 
14 12 2 7 17931 
14 12 18 8 17931 
14 12 32 7 17931 
14 12 48 8 17931 
14 13 2 7 17931 
14 13 18 8 17931 
14 13 32 7 17931 
14 13 48 8 17931 
14 14 2 7 17931 
14 14 18 8 17931 
14 14 32 7 17931 
14 14 48 8 17931 
14 15 2 7 17931 
14 15 18 8 17931 
14 15 32 7 17931 
14 15 48 8 17931 
14 16 2 7 17931 
14 16 18 8 17931 
14 16 32 7 17931 
14 16 48 8 17931 
14 17 2 7 17931 
14 17 18 8 17931 
14 17 32 7 17931 
14 17 48 8 17931 
14 18 2 7 17931 
14 18 18 8 17931 
14 18 32 7 17931 
14 18 48 8 17931 
14 19 2 7 17931 
14 19 18 8 17931 
14 19 32 7 17931 
14 19 48 8 17931 
14 20 2 7 17931 
14 20 18 8 17931 
14 20 32 7 17931 
14 20 48 8 17992 
14 24 38 7 17931 
14 24 54 8 17931 
14 25 8 7 17931 
14 25 24 8 17931 
14 25 38 7 17931 
14 25 54 8 17931 
14 26 8 7 17931 
14 26 24 8 17931 
14 26 38 7 17931 
14 26 54 8 17931 
14 27 8 7 17931 
14 27 24 8 17931 
14 27 38 7 17931 
14 27 54 8 17931 
14 28 8 7 17931 
14 28 24 8 17931 
14 28 40 8 17931 
14 28 54 7 17931 
14 29 10 8 17931 
14 29 24 7 17931 
14 29 40 8 17931 
14 29 54 7 17931 
14 30 10 8 17931 
14 30 24 7 17931 
14 30 40 8 17931 
14 30 54 7 17931 
14 31 10 8 17931 
14 31 24 7 17931 
14 31 40 8 17931 
14 31 54 7 17931 
14 32 10 8 17931 
14 32 24 7 17931 
14 32 40 8 17931 
14 32 54 7 17931 
14 33 10 8 17931 
14 33 24 7 17931 
14 33 40 8 17931 
14 33 54 7 17931 
14 34 10 8 17931 
14 34 24 7 17931 
14 34 40 8 17931 
14 34 54 7 17931 
14 35 10 8 17931 
14 35 24 7 17931 
14 35 40 8 17931 
14 35 54 7 17931 
14 36 10 8 17931 
14 36 24 7 17931 
14 36 40 8 17931 
14 36 54 7 17931 
14 37 10 8 17931 
14 37 24 7 17931 
14 37 40 8 17931 
14 37 54 7 17931 
14 38 10 8 17931 
14 38 24 7 17931 
14 38 40 8 17931 
14 38 54 7 17931 
14 39 10 8 17931 
14 43 0 8 17931 
14 43 14 7 17931 
14 43 30 8 17931 
14 43 44 7 17931 
14 44 0 8 17931 
14 44 14 7 17931 
14 44 30 8 17931 
14 44 44 7 17931 
14 45 0 8 17931 
14 45 14 7 17931 
14 45 30 8 17931 
14 45 44 7 17931 
14 46 0 8 17931 

/> 
read_ramp 11131310
read_ramp 11131310
<CR>Time:2021/11/13 14:43Ramp data first polarity: Ramp data first polarity: 
213 213 214 214 213 213 214 214 214 214 214 214 213 214 213 214 213 213 213 213 214 214 214 213 214 213 213 214 213 214 214 214 215 213 213 213 214 213 214 213 213 214 214 214 214 213 214 214 213 214 214 214 214 214 214 213 213 213 213 213 214 214 214 215 214 215 218 216 219 223 226 231 233 237 239 244 245 246 249 250 253 254 256 258 259 261 262 264 266 266 269 270 271 274 275 277 279 280 281 283 285 287 288 290 292 293 295 296 298 300 302 303 305 307 309 310 311 313 315 317 319 320 322 323 325 328 328 330 331 333 335 337 338 339 342 343 345 346 347 350 351 353 354 357 358 361 361 362 363 366 367 369 370 372 374 376 378 379 379 381 383 385 386 389 390 391 394 394 396 398 399 400 402 404 407 407 409 412 413 413 415 416 418 420 420 423 425 426 428 429 430 431 433 435 436 438 439 441 443 445 446 447 449 450 451 453 454 456 457 460 461 461 464 464 466 468 469 471 473 474 477 477 479 479 481 483 484 486 487 489 491 493 493 495 496 497 498 501 502 503 504 506 506 506 506 507 507 507 507 508 507 509 508 508 507 507 508 507 507 507 507 507 508 507 506 507 508 507 507 506 507 507 507 509 508 507 507 508 507 507 508 508 507 508 507 508 508 506 507 507 507 508 507 507 508 507 507 507 507 507 507 507 507 506 507 507 508 506 507 507 507 506 507 507 507 507 507 507 507 507 
ramp data second polarity
799 799 800 799 799 799 799 799 799 798 799 799 799 799 799 799 800 798 799 799 799 798 799 799 800 799 799 799 798 799 799 799 799 799 799 800 799 799 799 799 798 799 799 799 799 800 799 798 799 799 799 799 799 799 799 800 800 799 799 799 798 799 798 792 794 792 791 787 785 783 779 776 773 770 768 766 765 762 760 758 757 754 754 753 750 748 747 746 745 742 740 739 737 735 735 733 731 730 729 726 724 722 721 719 718 716 714 713 711 710 707 705 704 702 701 699 698 697 695 693 691 689 688 686 684 683 682 680 678 677 675 673 671 670 668 666 665 663 662 660 659 658 655 653 652 649 649 647 646 644 643 642 639 637 636 634 633 631 629 628 627 626 624 622 620 619 617 615 613 612 611 609 608 606 604 603 601 599 598 596 596 593 593 591 589 588 586 584 583 580 580 577 577 576 573 572 570 569 567 565 565 563 562 561 559 558 556 554 553 551 549 548 546 545 544 541 540 538 537 536 534 533 531 530 529 527 526 524 522 522 520 518 516 515 514 512 511 509 509 509 507 506 506 505 507 505 506 504 505 505 506 505 505 505 505 505 505 505 505 505 505 505 506 505 505 505 506 505 505 505 505 505 505 505 506 505 506 506 505 505 505 505 505 505 505 506 505 506 506 504 505 505 505 505 505 505 505 506 506 505 505 505 505 506 505 504 505 505 506 506 506 504 505 505 505 505 505 506 506 506 
Oscillation data first polarity :
793 792 790 787 783 781 780 777 773 769 767 766 763 762 760 759 757 755 754 751 751 749 747 745 744 742 740 739 737 735 734 732 730 729 727 726 724 722 721 720 717 715 714 712 711 710 707 706 705 703 701 699 698 695 694 693 691 690 687 687 685 683 681 680 678 676 674 674 671 670 669 667 664 663 662 660 660 656 655 654 652 650 648 647 646 644 642 641 640 639 635 635 634 631 629 628 626 625 623 622 620 618 617 616 613 612 610 609 607 606 605 603 602 601 599 596 595 593 592 590 589 587 586 585 583 581 579 578 577 575 574 572 571 570 568 567 564 562 561 560 558 557 556 554 553 552 549 548 546 545 543 542 541 538 538 537 535 533 531 530 528 527 525 524 523 522 521 518 516 515 514 513 511 510 508 509 509 507 506 506 505 505 506 505 505 505 507 505 505 506 505 506 504 505 506 505 506 506 505 505 505 506 505 505 505 505 506 505 505 505 505 505 505 506 505 506 505 506 505 505 505 505 505 505 505 506 505 506 506 505 505 505 505 505 505 505 505 506 506 505 505 506 505 505 506 505 505 505 505 506 505 505 505 505 504 505 505 505 506 506 506 505 505 505 505 505 505 505 505 506 506 505 505 505 505 505 506 506 505 506 506 505 505 505 506 506 505 505 506 506 505 506 504 505 505 505 505 505 506 506 506 506 505 506 505 505 506 505 506 506 505 506 506 505 505 506 505 505 506 506 
Oscillation data second polarity :
216 217 221 226 229 232 235 238 242 244 246 247 250 252 254 255 256 258 259 261 263 265 266 268 270 271 273 274 276 278 279 281 283 283 287 288 288 291 292 294 296 297 300 300 302 305 306 307 309 311 312 314 316 317 318 321 323 325 325 327 329 331 332 334 336 337 340 341 342 344 345 347 349 350 352 354 355 357 360 360 362 364 365 366 368 370 372 373 375 377 377 379 380 382 384 385 387 389 391 392 394 395 397 399 400 402 403 405 406 408 410 410 412 414 415 416 418 420 422 423 426 427 427 430 430 432 434 436 437 438 440 442 444 444 445 447 449 451 452 454 456 457 459 460 461 462 464 465 466 469 470 472 474 475 476 477 479 480 482 484 485 487 488 490 491 492 493 495 495 498 499 500 502 503 505 506 506 507 507 507 507 507 508 508 507 507 508 507 506 507 507 507 507 508 507 508 509 508 507 507 508 507 507 507 507 507 508 507 507 507 507 508 507 507 507 507 507 507 507 507 507 507 507 507 507 507 507 507 508 508 507 507 507 507 507 508 507 507 507 508 508 507 507 507 507 507 507 508 507 508 508 507 507 507 507 508 507 507 507 507 508 508 507 506 508 507 507 507 507 507 507 507 508 507 507 507 507 507 507 507 507 508 508 508 507 507 506 507 507 507 507 507 508 508 507 507 507 507 507 507 507 507 507 508 507 507 507 506 508 507 507 507 507 509 508 507 506 507 507 507 
/> 