
/> 
read_ramp 06021122
<CR>Time:2021/06/02 15:23Ramp data first polarity: 
296 295 296 296 296 295 296 296 295 296 296 295 295 295 296 296 296 297 296 295 295 296 296 296 295 296 295 295 296 295 296 296 296 296 295 296 295 295 296 296 296 296 295 295 295 295 296 295 297 296 295 296 296 296 296 295 296 295 295 296 295 296 296 306 302 299 301 301 302 304 307 308 310 311 312 314 315 316 318 320 320 321 322 324 325 327 328 330 330 331 332 334 335 336 338 339 340 342 343 344 345 345 348 349 350 351 352 354 355 356 358 359 359 361 362 364 365 367 368 368 369 371 372 374 374 375 377 378 379 380 382 383 384 386 386 389 389 390 391 392 394 395 396 397 398 400 401 402 404 404 405 407 407 409 411 412 413 414 415 416 418 418 420 421 423 423 424 426 426 428 429 431 432 433 434 434 436 437 439 440 441 442 443 445 445 446 449 449 450 451 452 453 454 456 457 458 458 459 461 463 463 465 466 466 468 468 470 471 473 474 474 475 477 477 479 480 481 484 484 484 486 486 488 489 491 491 492 493 494 495 497 498 498 501 501 501 503 504 504 506 507 508 509 509 509 511 511 512 512 514 5[Warning: Maximal number of bytes per line exceeded! Check the EOL (end-of-line) settings or increase the limit in the advanced terminal settings.]
read 0602
<CR>Time:2021/06/02 15:23
Hours Minutes Seconds  Nb_Samples    Aver. Current 
9 6 47 223 12938 
9 7 2 219 13058 
9 7 17 224 13058 
9 7 32 224 13058 
9 7 47 224 13058 
9 8 2 224 13058 
9 8 17 224 13058 
9 8 32 224 13058 
9 8 47 224 13058 
9 9 2 224 13058 
9 9 17 224 13058 
9 9 32 224 13058 
9 9 47 224 13058 
9 10 2 224 13058 
9 10 17 224 13058 
9 10 32 224 13058 
9 10 47 224 13058 
9 11 2 224 13058 
9 11 17 224 13058 
9 11 32 224 13058 
9 11 47 224 13058 
9 12 2 223 13058 
9 12 17 224 13058 
9 12 32 224 13058 
9 12 47 224 13058 
9 13 2 224 13058 
9 13 17 224 13058 
9 13 32 224 13058 
9 13 47 224 13058 
9 14 2 224 13058 
9 14 17 224 13058 
9 14 32 224 13058 
9 14 47 224 13058 
9 15 2 224 13058 
9 15 17 224 12998 
9 15 32 224 12998 
9 15 47 224 12998 
9 16 2 224 12998 
9 16 17 224 12998 
9 16 32 224 12998 
9 16 47 224 12998 
9 17 2 224 12998 
9 17 17 224 12998 
9 17 32 224 12998 
9 17 47 224 12998 
9 18 2 224 12998 
9 18 17 224 12998 
9 18 32 224 12998 
9 18 47 224 12998 
9 19 2 224 12998 
9 19 17 224 12998 
9 19 32 224 12998 
9 19 47 224 12998 
9 20 2 224 12998 
9 20 17 223 12998 
9 20 32 224 12998 
9 20 47 224 12998 
9 21 2 224 12998 
9 21 38 224 12998 
9 21 53 224 12998 
9 22 8 224 12998 
9 22 23 224 12998 
9 22 38 224 12998 
9 22 53 224 12998 
9 23 8 224 12998 
9 23 23 224 12998 
9 23 38 224 12998 
9 23 53 224 12998 
9 24 8 224 12998 
9 24 23 224 12998 
9 24 38 224 12998 
9 24 53 224 12998 
9 25 8 224 12998 
9 25 23 224 12998 
9 25 38 224 12998 
9 25 53 224 12998 
9 26 8 224 12998 
9 26 23 224 12998 
9 26 38 224 12998 
9 26 53 223 12998 
9 27 8 224 12998 
9 27 23 224 12998 
9 27 38 224 12998 
9 27 53 224 12998 
9 28 8 224 12998 
9 28 23 224 12998 
9 28 38 224 12998 
9 28 53 224 12998 
9 29 8 224 12998 
9 29 23 224 12998 
9 29 38 224 12998 
9 29 53 224 12998 
9 30 8 224 12998 
9 30 23 224 12998 
9 30 38 224 12998 
9 30 53 224 12998 
9 31 8 224 12998 
9 31 23 224 12998 
9 31 38 224 12998 
9 31 53 224 12998 
9 32 8 224 12998 
9 32 23 224 12998 
9 32 38 224 12998 
9 32 53 224 12998 
9 33 8 224 12998 
9 33 23 224 12998 
9 33 38 224 12998 
9 33 53 224 12998 
9 34 8 224 12998 
9 34 23 223 12998 
9 34 38 224 12998 
9 34 53 224 12998 
9 35 8 224 12998 
9 35 23 224 12998 
9 35 38 224 12998 
9 35 53 224 12998 
9 36 8 224 12998 
9 36 45 224 12998 
9 37 0 224 12998 
9 37 15 224 12998 
9 37 30 224 12998 
9 37 45 224 12998 
9 38 0 224 12998 
9 38 15 224 12998 
9 38 30 224 12998 
9 38 45 224 12998 
9 39 0 224 12998 
9 39 15 224 12998 
9 39 30 224 12998 
9 39 45 224 12998 
9 40 0 223 12998 
9 40 15 224 12998 
9 40 30 224 12998 
9 40 45 224 12998 
9 41 0 224 12998 
9 41 15 224 12998 
9 41 30 224 12998 
9 41 45 224 12998 
9 42 0 224 12998 
9 42 15 224 12998 
9 42 30 224 12998 
9 42 45 224 12998 
9 43 0 224 12998 
9 43 15 224 12998 
9 43 30 224 12998 
9 43 45 224 12998 
9 44 0 224 12998 
9 44 15 224 12998 
9 44 30 224 12998 
9 44 45 224 12998 
9 45 0 224 12998 
9 45 15 224 12998 
9 45 30 224 12998 
9 45 45 224 12998 
9 46 0 224 12998 
9 46 15 224 12998 
9 46 30 224 12998 
9 46 45 224 12998 
9 47 0 224 12998 
9 47 15 224 12998 
9 47 30 223 12998 
9 47 45 224 12998 
9 48 0 224 12998 
9 48 15 224 12998 
9 48 30 224 12998 
9 48 45 224 12998 
9 49 0 224 12998 
9 49 15 224 12998 
9 49 30 224 12998 
9 49 45 224 12998 
9 50 0 224 12998 
9 50 15 224 12998 
9 50 30 224 12998 
9 50 45 224 12998 
9 51 0 224 12998 
9 51 15 224 12998 
9 51 52 224 12998 
9 52 7 224 12998 
9 52 22 224 12998 
9 52 37 224 12998 
9 52 52 224 12998 
9 53 7 223 12998 
9 53 22 224 12998 
9 53 37 224 12998 
9 53 52 224 12998 
9 54 7 224 12998 
9 54 22 224 12998 
9 54 37 224 12998 
9 54 52 224 12998 
9 55 7 224 12998 
9 55 22 224 12998 
9 55 37 224 12998 
9 55 52 224 12998 
9 56 7 224 12998 
9 56 22 224 12998 
9 56 37 224 12998 
9 56 52 224 12998 
9 57 7 224 12998 
9 57 22 224 12998 
9 57 37 224 12998 
9 57 52 224 12998 
9 58 7 224 12998 
9 58 22 224 12998 
9 58 37 224 12998 
9 58 52 224 12998 
9 59 7 224 12998 
9 59 22 224 12998 
9 59 37 224 12998 
9 59 52 224 12998 
10 0 7 224 12998 
10 0 22 224 12998 
10 0 37 224 12998 
10 0 52 224 12998 
10 1 7 224 12998 
10 1 22 224 12998 
10 1 37 224 12998 
10 1 52 224 12998 
10 2 7 224 12998 
10 2 22 224 12998 
10 2 37 224 12998 
10 2 52 224 12998 
10 3 7 224 12998 
10 3 22 224 12998 
10 3 37 223 12998 
10 3 52 224 12998 
10 4 7 224 12998 
10 4 22 224 12998 
10 4 37 224 12998 
10 4 52 224 12998 
10 5 7 224 12998 
10 5 22 224 12998 
10 5 37 224 12998 
10 5 52 224 12998 
10 6 7 224 12998 
10 6 22 224 12998 
10 6 59 224 12998 
10 7 14 224 12998 
10 7 29 224 12998 
10 7 44 224 12998 
10 7 59 224 12998 
10 8 14 224 12998 
10 8 29 224 12998 
10 8 44 224 12998 
10 8 59 224 12998 
10 9 14 224 12998 
10 9 29 224 12998 
10 9 44 224 12998 
10 9 59 224 12998 
10 10 14 224 12998 
10 10 29 224 12998 
10 10 44 224 12998 
10 10 59 224 12998 
10 11 14 224 12998 
10 11 29 224 12998 
10 11 44 224 12998 
10 11 59 224 12998 
10 12 14 224 12998 
10 12 29 224 12998 
10 12 44 224 12998 
10 12 59 224 12998 
10 13 14 224 12998 
10 13 29 224 12998 
10 13 44 224 12998 
10 13 59 224 12998 
10 14 14 224 12998 
10 14 29 224 12998 
10 14 44 224 12998 
10 14 59 224 12998 
10 15 14 224 12998 
10 15 29 224 12998 
10 15 44 224 12998 
10 15 59 224 12998 
10 16 14 224 12998 
10 16 29 224 12998 
10 16 44 224 12998 
10 16 59 224 12998 
10 17 14 224 12998 
10 17 29 224 12998 
10 17 44 224 12998 
10 17 59 224 12998 
10 18 14 224 12998 
10 18 29 224 12998 
10 18 44 224 12998 
10 18 59 224 12998 
10 19 14 224 12998 
10 19 29 224 12998 
10 19 44 224 12998 
10 19 59 224 12998 
10 20 14 224 12998 
10 20 29 224 12998 
10 20 44 224 12998 
10 20 59 224 12998 
10 21 14 224 12998 
10 21 29 224 12998 
10 22 6 224 12998 
10 22 21 224 12998 
10 22 36 224 12998 
10 22 51 224 12998 
10 23 6 223 12998 
10 23 21 224 12998 
10 23 36 224 12998 
10 23 51 224 12998 
10 24 6 224 12998 
10 24 21 224 12998 
10 24 36 224 12998 
10 24 51 224 12998 
10 25 6 224 12998 
10 25 21 224 12998 
10 25 36 224 12998 
10 25 51 224 12998 
10 26 6 224 12998 
10 26 21 224 12998 
10 26 36 224 12998 
10 26 51 224 12998 
10 27 6 224 12998 
10 27 21 224 12998 
10 27 36 224 12998 
10 27 51 224 12998 
10 28 6 224 12998 
10 28 21 224 12998 
10 28 36 224 12998 
10 28 51 224 12998 
10 29 6 224 12998 
10 29 21 224 12998 
10 29 36 224 12998 
10 29 51 224 12998 
10 30 6 224 12998 
10 30 21 224 12998 
10 30 36 224 12998 
10 30 51 224 12998 
10 31 6 224 12998 
10 31 21 224 12998 
10 31 36 224 12998 
10 31 51 224 12998 
10 32 6 224 12998 
10 32 21 224 12998 
10 32 36 224 12998 
10 32 51 224 12998 
10 33 6 224 12998 
10 33 21 224 12998 
10 33 36 224 12998 
10 33 51 224 12998 
10 34 6 224 12998 
10 34 21 224 12998 
10 34 36 224 12998 
10 34 51 224 12998 
10 35 6 223 12998 
10 35 21 224 12998 
10 35 36 224 12998 
10 35 51 224 12998 
10 36 6 224 12998 
10 36 21 224 12998 
10 36 36 224 12998 
10 37 13 224 12998 
10 37 28 223 12998 
10 37 43 224 12998 
10 37 58 224 12998 
10 38 13 224 12998 
10 38 28 224 12998 
10 38 43 224 12998 
10 38 58 224 12998 
10 39 13 224 12998 
10 39 28 224 12998 
10 39 43 224 12998 
10 39 58 224 12998 
10 40 13 224 12998 
10 40 28 224 12998 
10 40 43 224 12998 
10 40 58 224 12998 
10 41 13 224 12998 
10 41 28 224 12998 
10 41 43 224 12998 
10 41 58 224 12998 
10 42 13 224 12998 
10 42 28 224 12998 
10 42 43 224 12998 
10 42 58 224 12998 
10 43 13 224 12998 
10 43 28 224 12998 
10 43 43 224 12998 
10 43 58 224 12998 
10 44 13 224 12998 
10 44 28 224 12998 
10 44 43 224 12998 
10 44 58 224 12998 
10 45 13 224 12998 
10 45 28 224 12998 
10 45 43 224 12998 
10 45 58 224 12998 
10 46 13 224 12998 
10 46 28 224 12998 
10 46 43 224 12998 
10 46 58 224 12998 
10 47 13 224 12998 
10 47 28 224 12998 
10 47 43 224 12998 
10 47 58 224 12998 
10 48 13 223 12998 
10 48 28 224 12998 
10 48 43 224 12998 
10 48 58 224 12998 
10 49 13 224 12998 
10 49 28 224 12998 
10 49 43 224 12998 
10 49 58 224 12998 
10 50 13 224 12998 
10 50 28 224 12998 
10 50 43 224 12998 
10 50 58 224 12998 
10 51 13 224 12998 
10 51 28 224 12998 
10 51 43 224 12998 
10 52 20 224 12998 
10 52 35 224 12998 
10 52 50 224 12998 
10 53 5 224 12998 
10 53 20 223 12998 
10 53 35 224 12998 
10 53 50 224 12998 
10 54 5 224 12998 
10 54 20 224 12998 
10 54 35 224 12998 
10 54 50 224 12998 
10 55 5 224 12998 
10 55 20 224 12998 
10 55 35 224 12998 
10 55 50 224 12998 
10 56 5 224 12998 
10 56 20 224 12998 
10 56 35 224 12998 
10 56 50 224 12998 
10 57 5 224 12998 
10 57 20 224 12998 
10 57 35 224 12998 
10 57 50 224 12998 
10 58 5 224 12998 
10 58 20 224 12998 
10 58 35 224 12998 
10 58 50 224 12998 
10 59 5 224 12998 
10 59 20 224 12998 
10 59 35 224 12998 
10 59 50 224 12998 
11 0 5 224 12998 
11 0 20 224 12998 
11 0 35 224 12998 
11 0 50 224 12998 
11 1 5 224 12998 
11 1 20 223 12998 
11 1 35 224 12998 
11 1 50 224 12998 
11 2 5 224 12998 
11 2 20 224 12998 
11 2 35 224 12998 
11 2 50 224 12998 
11 3 5 224 12998 
11 3 20 224 12998 
11 3 35 224 12998 
11 3 50 224 12998 
11 4 5 224 12998 
11 4 20 224 12998 
11 4 35 224 12998 
11 4 50 224 12998 
11 5 5 224 12998 
11 5 20 224 12998 
11 5 35 224 12998 
11 5 50 224 12998 
11 6 5 224 12998 
11 6 20 224 12998 
11 6 35 224 12998 
11 6 50 224 12998 
11 7 27 224 12998 
11 7 42 223 12998 
11 7 57 224 12998 
11 8 12 224 12998 
11 8 27 224 12998 
11 8 42 224 12998 
11 8 57 224 12998 
11 9 12 224 12998 
11 9 27 224 12998 
11 9 42 224 12998 
11 9 57 224 12998 
11 10 12 224 12998 
11 10 27 224 12998 
11 10 42 224 12998 
11 10 57 224 12998 
11 11 12 224 12998 
11 11 27 224 12998 
11 11 42 224 12998 
11 11 57 224 12998 
11 12 12 224 12998 
11 12 27 224 12998 
11 12 42 224 12998 
11 12 57 224 12998 
11 13 12 224 12998 
11 13 27 224 12998 
11 13 42 224 12998 
11 13 57 224 12998 
11 14 12 224 12998 
11 14 27 223 12998 
11 14 42 224 12998 
11 14 57 224 12998 
11 15 12 224 12998 
11 15 27 224 12998 
11 15 42 224 12998 
11 15 57 224 12998 
11 16 12 224 12998 
11 16 27 224 12998 
11 16 42 224 12998 
11 16 57 224 12998 
11 17 12 224 12998 
11 17 27 224 12998 
11 17 42 224 12998 
11 17 57 224 12998 
11 18 12 224 12998 
11 18 27 224 12998 
11 18 42 224 12998 
11 18 57 224 12998 
11 19 12 224 12998 
11 19 27 224 12998 
11 19 42 224 12998 
11 19 57 224 12998 
11 20 12 224 12998 
11 20 27 224 12998 
11 20 42 224 12998 
11 20 57 224 12998 
11 21 12 224 12998 
11 21 27 224 12998 
11 21 42 224 12998 
11 21 57 224 12998 
11 22 34 224 12998 
11 22 49 224 12998 
11 23 4 224 12998 
11 23 19 224 12998 
11 23 34 223 12998 
11 23 49 224 12998 
11 24 4 224 12998 
11 24 19 224 12998 
11 24 34 224 12998 
11 24 49 224 12998 
11 25 4 224 12998 
11 25 19 224 12998 
11 25 34 224 12998 
11 25 49 224 12998 
11 26 4 224 12998 
11 26 19 224 12998 
11 26 34 224 12998 
11 26 49 224 12998 
11 27 4 224 12998 
11 27 19 224 12998 
11 27 34 223 12998 
11 27 49 224 12998 
11 28 4 224 12998 
11 28 19 224 12998 
11 28 34 224 12998 
11 28 49 224 12998 
11 29 4 224 12998 
11 29 19 224 12998 
11 29 34 224 12998 
11 29 49 224 12998 
11 30 4 224 12998 
11 30 19 224 12998 
11 30 34 224 12998 
11 30 49 224 12998 
11 31 4 224 12998 
11 31 19 224 12998 
11 31 34 224 12998 
11 31 49 224 12998 
11 32 4 224 12998 
11 32 19 224 12998 
11 32 34 224 12998 
11 32 49 224 12998 
11 33 4 224 12998 
11 33 19 224 12998 
11 33 34 224 12998 
11 33 49 224 12998 
11 34 4 224 12998 
11 34 19 224 12998 
11 34 34 224 12998 
11 34 49 224 12998 
11 35 4 224 12998 
11 35 19 224 12998 
11 35 34 224 12998 
11 35 49 224 12998 
11 36 4 224 12998 
11 36 19 224 12998 
11 36 34 224 12998 
11 36 49 224 12998 
11 37 4 224 12998 
11 37 41 224 12998 
11 37 56 223 12998 
11 38 11 224 12998 
11 38 26 224 12998 
11 38 41 224 12998 
11 38 56 224 12998 
11 39 11 224 12998 
11 39 26 224 12998 
11 39 41 224 12998 
11 39 56 224 12998 
11 40 11 224 12998 
11 40 26 224 12998 
11 40 41 223 12998 
11 40 56 224 12998 
11 41 11 224 12998 
11 41 26 224 12998 
11 41 41 224 12998 
11 41 56 224 12998 
11 42 11 224 12998 
11 42 26 224 12998 
11 42 41 224 12998 
11 42 56 224 12998 
11 43 11 224 12998 
11 43 26 224 12998 
11 43 41 224 12998 
11 43 56 224 12998 
11 44 11 224 12998 
11 44 26 224 12998 
11 44 41 224 12998 
11 44 56 224 12998 
11 45 11 224 12998 
11 45 26 224 12998 
11 45 41 224 12998 
11 45 56 224 12998 
11 46 11 224 12998 
11 46 26 224 12998 
11 46 41 224 12998 
11 46 56 224 12998 
11 47 11 224 12998 
11 47 26 224 12998 
11 47 41 224 12998 
11 47 57 224 12998 
11 48 12 224 12998 
11 48 27 224 12998 
11 48 42 224 12998 
11 48 57 224 12998 
11 49 12 224 12998 
11 49 27 224 12998 
11 49 42 224 12998 
11 49 57 224 12998 
11 50 12 224 12998 
11 50 27 224 12998 
11 50 42 224 12998 
11 50 57 224 12998 
11 51 12 224 12998 
11 51 27 224 12998 
11 51 42 224 12998 
11 51 57 224 12998 
11 52 12 224 12998 
11 52 49 224 12998 
11 53 4 224 12998 
11 53 19 224 12998 
11 53 34 224 12998 
11 53 48 222 12998 
11 54 4 224 12998 
11 54 19 224 12998 
11 54 34 224 12998 
11 54 49 224 12998 
11 55 4 224 12998 
11 55 19 224 12998 
11 55 34 224 12998 
11 55 49 224 12998 
11 56 4 224 12998 
11 56 19 224 12998 
11 56 34 224 12998 
11 56 49 224 12998 
11 57 4 224 12998 
11 57 19 224 12998 
11 57 34 224 12998 
11 57 49 224 12998 
11 58 4 224 12998 
11 58 19 224 12998 
11 58 34 224 12998 
11 58 49 224 12998 
11 59 4 224 12998 
11 59 19 224 12998 
11 59 34 224 12998 
11 59 49 224 12998 
12 0 4 224 12998 
12 0 19 224 12998 
12 0 34 224 12998 
12 0 49 224 12998 
12 1 4 224 12998 
12 1 19 224 12998 
12 1 34 224 12998 
12 1 49 224 12998 
12 2 4 224 12998 
12 2 19 224 12998 
12 2 34 224 12998 
12 2 49 224 12998 
12 3 4 224 12998 
12 3 19 224 12998 
12 3 34 224 12998 
12 3 49 224 12998 
12 4 4 224 12998 
12 4 19 224 12998 
12 4 34 224 12998 
12 4 49 224 12998 
12 5 4 224 12998 
12 5 19 224 12998 
12 5 34 224 12998 
12 5 49 224 12998 
12 6 4 224 12998 
12 6 19 224 12998 
12 6 34 224 12998 
12 6 49 224 12998 
12 7 4 224 12998 
12 7 19 224 12998 
12 7 56 224 12998 
12 8 11 223 12998 
12 8 26 224 12998 
12 8 41 224 12998 
12 8 56 224 12998 
12 9 11 224 12998 
12 9 26 224 12998 
12 9 41 224 12998 
12 9 56 224 12998 
12 10 11 224 12998 
12 10 26 224 12998 
12 10 41 224 12998 
12 10 56 224 12998 
12 11 11 224 12998 
12 11 26 224 12998 
12 11 41 224 12998 
12 11 56 224 12998 
12 12 11 224 12998 
12 12 26 224 12998 
12 12 41 224 12998 
12 12 56 224 12998 
12 13 11 224 12998 
12 13 26 224 12998 
12 13 41 224 12998 
12 13 56 224 12998 
12 14 11 224 12998 
12 14 26 224 12998 
12 14 41 224 12998 
12 14 56 224 12998 
12 15 11 224 12998 
12 15 26 224 12998 
12 15 41 224 12998 
12 15 56 224 12998 
12 16 11 224 12998 
12 16 26 224 12998 
12 16 41 224 12998 
12 16 56 224 12998 
12 17 11 224 12998 
12 17 26 224 12998 
12 17 41 224 12998 
12 17 56 224 12998 
12 18 11 224 12998 
12 18 26 224 12998 
12 18 41 224 12998 
12 18 56 224 12998 
12 19 11 224 12998 
12 19 26 224 12998 
12 19 41 224 12998 
12 19 56 224 12998 
12 20 11 224 12998 
12 20 26 224 12998 
12 20 41 224 12998 
12 20 56 224 12998 
12 21 11 224 12998 
12 21 26 224 12998 
12 21 41 224 12998 
12 21 56 224 12998 
12 22 11 224 12998 
12 22 26 224 12998 
12 23 3 224 12998 
12 23 18 224 12998 
12 23 33 224 12998 
12 23 48 224 12998 
12 24 3 223 12998 
12 24 18 224 12998 
12 24 33 224 12998 
12 24 48 224 12998 
12 25 3 224 12998 
12 25 18 224 12998 
12 25 33 224 12998 
12 25 48 224 12998 
12 26 3 224 12998 
12 26 18 224 12998 
12 26 33 224 12998 
12 26 48 224 12998 
12 27 3 224 12998 
12 27 18 224 12998 
12 27 33 224 12998 
12 27 48 224 12998 
12 28 3 224 12998 
12 28 18 224 12998 
12 28 33 224 12998 
12 28 48 224 12998 
12 29 3 224 12998 
12 29 18 224 12998 
12 29 33 224 12998 
12 29 48 224 12998 
12 30 3 224 12998 
12 30 18 224 12998 
12 30 33 224 12998 
12 30 48 224 12998 
12 31 3 224 12998 
12 31 18 224 12998 
12 31 33 224 12998 
12 31 48 224 12998 
12 32 3 224 12998 
12 32 18 224 12998 
12 32 33 224 12998 
12 32 48 224 12998 
12 33 3 224 12998 
12 33 18 224 12998 
12 33 33 224 12998 
12 33 48 224 12998 
12 34 3 224 12998 
12 34 18 224 12998 
12 34 33 224 12998 
12 34 48 224 12998 
12 35 3 224 12998 
12 35 18 224 12998 
12 35 33 224 12998 
12 35 48 223 12998 
12 36 3 224 12998 
12 36 18 224 12998 
12 36 33 224 12998 
12 36 48 224 12998 
12 37 3 224 12998 
12 37 18 224 12998 
12 37 33 224 12998 
12 38 10 224 12998 
12 38 25 223 12998 
12 38 40 224 12998 
12 38 55 224 12998 
12 39 10 224 12998 
12 39 25 224 12998 
12 39 40 224 12998 
12 39 55 224 12998 
12 40 10 224 12998 
12 40 25 224 12998 
12 40 40 224 12998 
12 40 55 224 12998 
12 41 10 224 12998 
12 41 25 224 12998 
12 41 40 224 12998 
12 41 55 224 12998 
12 42 10 224 12998 
12 42 25 224 12998 
12 42 40 224 12998 
12 42 55 224 12998 
12 43 10 224 12998 
12 43 25 224 12998 
12 43 40 224 12998 
12 43 55 224 12998 
12 44 10 224 12998 
12 44 25 224 12998 
12 44 40 224 12998 
12 44 55 224 12998 
12 45 10 224 12998 
12 45 25 224 12998 
12 45 40 224 12998 
12 45 55 224 12998 
12 46 10 224 12998 
12 46 25 224 12998 
12 46 40 224 12998 
12 46 55 224 12998 
12 47 10 224 12998 
12 47 25 224 12998 
12 47 40 224 12998 
12 47 55 224 12998 
12 48 10 224 12998 
12 48 25 224 12998 
12 48 40 224 12998 
12 48 55 223 12998 
12 49 10 224 12998 
12 49 25 224 12998 
12 49 40 224 12998 
12 49 55 224 12998 
12 50 10 224 12998 
12 50 25 224 12998 
12 50 40 224 12998 
12 50 55 224 12998 
12 51 10 224 12998 
12 51 25 224 12998 
12 51 40 224 12998 
12 51 55 224 12998 
12 52 10 224 12998 
12 52 25 224 12998 
12 52 40 224 12998 
12 53 17 224 12998 
12 53 32 224 12998 
12 53 47 224 12998 
12 54 2 224 12998 
12 54 17 223 12998 
12 54 32 224 12998 
12 54 47 224 12998 
12 55 2 224 12998 
12 55 17 224 12998 
12 55 32 224 12998 
12 55 47 224 12998 
12 56 2 224 12998 
12 56 17 224 12998 
12 56 32 224 12998 
12 56 47 224 12998 
12 57 2 224 12998 
12 57 17 224 12998 
12 57 32 224 12998 
12 57 47 224 12998 
12 58 2 224 12998 
12 58 17 224 12998 
12 58 32 224 12998 
12 58 47 224 12998 
12 59 2 224 12998 
12 59 17 224 12998 
12 59 32 224 12998 
12 59 47 224 12998 
13 0 2 224 12998 
13 0 17 224 12998 
13 0 32 224 12998 
13 0 47 224 12998 
13 1 2 224 12998 
13 1 17 224 12998 
13 1 32 224 12998 
13 1 47 224 12998 
13 2 2 223 12998 
13 2 17 224 12998 
13 2 32 224 12998 
13 2 47 224 12998 
13 3 2 224 12998 
13 3 17 224 12998 
13 3 32 224 12998 
13 3 47 224 12998 
13 4 2 224 12998 
13 4 17 224 12998 
13 4 32 224 12998 
13 4 47 224 12998 
13 5 2 224 12998 
13 5 17 224 12998 
13 5 32 224 12998 
13 5 47 224 12998 
13 6 2 224 12998 
13 6 17 224 12998 
13 6 32 224 12998 
13 6 47 224 12998 
13 7 2 224 12998 
13 7 17 224 12998 
13 7 32 224 12998 
13 7 47 224 12998 
13 8 24 224 12998 
13 8 39 224 12998 
13 8 54 224 12998 
13 9 9 224 12998 
13 9 24 224 12998 
13 9 39 224 12998 
13 9 54 224 12998 
13 10 9 224 12998 
13 10 24 224 12998 
13 10 39 224 12998 
13 10 54 224 12998 
13 11 9 224 12998 
13 11 24 224 12998 
13 11 39 224 12998 
13 11 54 224 12998 
13 12 9 224 12998 
13 12 24 224 12998 
13 12 39 224 12998 
13 12 54 224 12998 
13 13 9 224 12998 
13 13 24 224 12998 
13 13 39 224 12998 
13 13 54 224 12998 
13 14 9 224 12998 
13 14 24 224 12998 
13 14 39 224 12998 
13 14 54 224 12998 
13 15 9 223 12998 
13 15 24 224 12998 
13 15 39 224 12998 
13 15 54 224 12998 
13 16 9 224 12998 
13 16 24 224 12998 
13 16 39 224 12998 
13 16 54 224 12998 
13 17 9 224 12998 
13 17 24 224 12998 
13 17 39 224 12998 
13 17 54 224 12998 
13 18 9 224 12998 
13 18 24 224 12998 
13 18 39 224 12998 
13 18 54 224 12998 
13 19 9 224 12998 
13 19 24 224 12998 
13 19 39 224 12998 
13 19 54 224 12998 
13 20 9 224 12998 
13 20 24 224 12998 
13 20 39 224 12998 
13 20 54 224 12998 
13 21 9 224 12998 
13 21 24 224 12998 
13 21 39 224 12998 
13 21 54 224 12998 
13 22 9 224 12998 
13 22 24 224 12998 
13 22 39 224 12998 
13 22 54 224 12998 
13 23 31 224 12998 
13 23 46 224 12998 
13 24 1 224 12998 
13 24 16 224 12998 
13 24 31 223 12998 
13 24 46 224 12998 
13 25 1 224 12998 
13 25 16 224 12998 
13 25 31 224 12998 
13 25 46 224 12998 
13 26 1 224 12998 
13 26 16 224 12998 
13 26 31 224 12998 
13 26 46 224 12998 
13 27 1 224 12998 
13 27 16 224 12998 
13 27 31 224 12998 
13 27 46 224 12998 
13 28 1 224 12998 
13 28 16 223 12998 
13 28 31 224 12998 
13 28 46 224 12998 
13 29 1 224 12998 
13 29 16 224 12998 
13 29 31 224 12998 
13 29 46 224 12998 
13 30 1 224 12998 
13 30 16 224 12998 
13 30 31 224 12998 
13 30 46 224 12998 
13 31 1 224 12998 
13 31 16 224 12998 
13 31 31 224 12998 
13 31 46 224 12998 
13 32 1 224 12998 
13 32 16 224 12998 
13 32 31 224 12998 
13 32 46 224 12998 
13 33 1 224 12998 
13 33 16 224 12998 
13 33 31 224 12998 
13 33 46 224 12998 
13 34 1 224 12998 
13 34 16 224 12998 
13 34 31 224 12998 
13 34 46 224 12998 
13 35 1 224 12998 
13 35 16 224 12998 
13 35 31 224 12998 
13 35 46 224 12998 
13 36 1 224 12998 
13 36 16 224 12998 
13 36 31 224 12998 
13 36 46 224 12998 
13 37 1 224 12998 
13 37 16 224 12998 
13 37 31 224 12998 
13 37 46 224 12998 
13 38 1 224 12998 
13 38 38 224 12998 
13 38 53 223 12998 
13 39 8 224 12998 
13 39 23 224 12998 
13 39 38 224 12998 
13 39 53 224 12998 
13 40 8 224 12998 
13 40 23 224 12998 
13 40 38 224 12998 
13 40 53 224 12998 
13 41 8 224 12998 
13 41 23 223 12998 
13 41 38 224 12998 
13 41 53 224 12998 
13 42 8 224 12998 
13 42 23 224 12998 
13 42 38 224 12998 
13 42 53 224 12998 
13 43 8 224 12998 
13 43 23 224 12998 
13 43 38 224 12998 
13 43 53 224 12998 
13 44 8 224 12998 
13 44 23 224 12998 
13 44 38 224 12998 
13 44 53 224 12998 
13 45 8 224 12998 
13 45 23 224 12998 
13 45 38 224 12998 
13 45 53 224 12998 
13 46 8 224 12998 
13 46 23 224 12998 
13 46 38 224 12998 
13 46 53 224 12998 
13 47 8 224 12998 
13 47 23 224 12998 
13 47 38 224 12998 
13 47 53 224 12998 
13 48 8 224 12998 
13 48 23 224 12998 
13 48 38 224 12998 
13 48 53 224 12998 
13 49 8 224 12998 
13 49 23 224 12998 
13 49 38 224 12998 
13 49 53 224 12998 
13 50 8 224 12998 
13 50 23 224 12998 
13 50 38 224 12998 
13 50 53 224 12998 
13 51 8 224 12998 
13 51 23 224 12998 
13 51 38 224 12998 
13 51 53 224 12998 
13 52 8 224 12998 
13 52 23 224 12998 
13 52 38 224 12998 
13 52 53 224 12998 
13 53 8 224 12998 
13 53 45 224 12998 
13 54 0 224 12998 
13 54 15 224 12998 
13 54 30 223 12998 
13 54 45 223 12998 
13 55 0 224 12998 
13 55 15 224 12998 
13 55 30 224 12998 
13 55 45 224 12998 
13 56 0 224 12998 
13 56 15 224 12998 
13 56 30 224 12998 
13 56 45 224 12998 
13 57 0 224 12998 
13 57 15 224 12998 
13 57 30 224 12998 
13 57 45 224 12998 
13 58 0 224 12998 
13 58 15 224 12998 
13 58 30 224 12998 
13 58 45 224 12998 
13 59 0 224 12998 
13 59 15 224 12998 
13 59 30 224 12998 
13 59 45 224 12998 
14 0 0 224 12998 
14 0 15 224 12998 
14 0 30 224 12998 
14 0 45 224 12998 
14 1 0 224 12998 
14 1 15 224 12998 
14 1 30 224 12998 
14 1 45 224 12998 
14 2 0 224 12998 
14 2 15 224 12998 
14 2 30 224 12998 
14 2 45 224 12998 
14 3 0 224 12998 
14 3 15 224 12998 
14 3 30 224 12998 
14 3 45 224 12998 
14 4 0 224 12998 
14 4 15 224 12998 
14 4 30 224 12998 
14 4 45 224 12998 
14 5 0 224 12998 
14 5 15 224 12998 
14 5 30 224 12998 
14 5 45 224 12998 
14 6 0 224 12998 
14 6 15 224 12998 
14 6 30 224 12998 
14 6 45 224 12998 
14 7 0 224 12998 
14 7 15 224 12998 
14 7 30 224 12998 
14 7 45 224 12998 
14 8 0 224 12998 
14 8 15 224 12998 
14 8 52 224 12998 
14 9 7 223 12998 
14 9 22 224 12998 
14 9 37 224 12998 
14 9 52 224 12998 
14 10 7 224 12998 
14 10 22 224 12998 
14 10 37 224 12998 
14 10 52 224 12998 
14 11 7 224 12998 
14 11 22 224 12998 
14 11 37 224 12998 
14 11 52 224 12998 
14 12 7 224 12998 
14 12 22 224 12998 
14 12 37 224 12998 
14 12 52 224 12998 
14 13 7 224 12998 
14 13 22 224 12998 
14 13 37 224 12998 
14 13 52 224 12998 
14 14 7 224 12998 
14 14 22 224 12998 
14 14 37 224 12998 
14 14 52 224 12998 
14 15 7 224 12998 
14 15 22 224 12998 
14 15 37 224 12998 
14 15 52 224 12998 
14 16 7 224 12998 
14 16 22 224 12998 
14 16 37 224 12998 
14 16 52 224 12998 
14 17 7 224 12998 
14 17 22 224 12998 
14 17 37 224 12998 
14 17 52 224 12998 
14 18 7 224 12998 
14 18 22 224 12998 
14 18 37 224 12998 
14 18 52 224 12998 
14 19 7 224 12998 
14 19 22 224 12998 
14 19 37 224 12998 
14 19 52 224 12998 
14 20 7 224 12998 
14 20 22 224 12998 
14 20 37 224 12998 
14 20 52 224 12998 
14 21 7 224 12998 
14 21 22 224 12998 
14 21 37 224 12998 
14 21 52 224 12998 
14 22 7 224 12998 
14 22 22 224 12998 
14 22 37 224 12998 
14 22 52 224 12998 
14 23 7 224 12998 
14 23 22 223 12998 
14 23 59 224 12998 
14 24 14 224 12998 
14 24 29 224 12998 
14 24 44 224 12998 
14 24 59 223 12998 
14 25 14 224 12998 
14 25 29 224 12998 
14 25 44 224 12998 
14 25 59 224 12998 
14 26 14 224 12998 
14 26 29 224 12998 
14 26 44 224 12998 
14 26 59 224 12998 
14 27 14 224 12998 
14 27 29 224 12998 
14 27 44 224 12998 
14 27 59 224 12998 
14 28 14 224 12998 
14 28 29 224 12998 
14 28 44 224 12998 
14 28 59 224 12998 
14 29 14 224 12998 
14 29 29 224 12998 
14 29 44 224 12998 
14 29 59 224 12998 
14 30 14 224 12998 
14 30 29 224 12998 
14 30 44 224 12998 
14 30 59 224 12998 
14 31 14 224 12998 
14 31 29 224 12998 
14 31 44 224 12998 
14 31 59 224 12998 
14 32 14 224 12998 
14 32 29 224 12998 
14 32 44 224 12998 
14 32 59 224 12998 
14 33 14 224 12998 
14 33 29 224 12998 
14 33 44 224 12998 
14 33 59 224 12998 
14 34 14 224 12998 
14 34 29 224 12998 
14 34 44 224 12998 
14 34 59 224 12998 
14 35 14 224 12998 
14 35 29 224 12998 
14 35 44 224 12998 
14 35 59 224 12998 
14 36 14 224 12998 
14 36 29 223 12998 
14 36 44 224 12998 
14 36 59 224 12998 
14 37 14 224 12998 
14 37 29 224 12998 
14 37 44 224 12998 
14 37 59 224 12998 
14 38 14 224 12998 
14 38 29 224 12998 
14 39 6 224 12998 
14 39 21 223 12998 
14 39 36 224 12998 
14 39 51 224 12998 
14 40 6 224 12998 
14 40 21 224 12998 
14 40 36 224 12998 
14 40 51 224 12998 
14 41 6 224 12998 
14 41 21 224 12998 
14 41 36 224 12998 
14 41 51 224 12998 
14 42 6 224 12998 
14 42 21 224 12998 
14 42 36 224 12998 
14 42 51 224 12998 
14 43 6 224 12998 
14 43 21 224 12998 
14 43 36 224 12998 
14 43 51 224 12998 
14 44 6 224 12998 
14 44 21 224 12998 
14 44 36 224 12998 
14 44 51 224 12998 
14 45 6 224 12998 
14 45 21 224 12998 
14 45 36 224 12998 
14 45 51 224 12998 
14 46 6 224 12998 
14 46 21 224 12998 
14 46 36 224 12998 
14 46 51 224 12998 
14 47 6 224 12998 
14 47 21 224 12998 
14 47 36 224 12998 
14 47 51 224 12998 
14 48 6 224 12998 
14 48 21 224 12998 
14 48 36 224 12998 
14 48 51 224 12998 
14 49 6 224 12998 
14 49 21 224 12998 
14 49 36 223 12998 
14 49 51 224 12998 
14 50 6 224 12998 
14 50 21 224 12998 
14 50 36 224 12998 
14 50 51 224 12998 
14 51 6 224 12998 
14 51 21 224 12998 
14 51 36 224 12998 
14 51 51 224 12998 
14 52 6 224 12998 
14 52 21 224 12998 
14 52 36 224 12998 
14 52 51 224 12998 
14 53 6 224 12998 
14 53 21 224 12998 
14 53 36 224 12998 
14 54 13 224 12998 
14 54 28 224 12998 
14 54 43 224 12998 
14 54 58 224 12998 
14 55 13 223 12998 
14 55 28 224 12998 
14 55 43 224 12998 
14 55 58 224 12998 
14 56 13 224 12998 
14 56 28 224 12998 
14 56 43 224 12998 
14 56 58 224 12998 
14 57 13 224 12998 
14 57 28 224 12998 
14 57 43 224 12998 
14 57 58 224 12998 
14 58 13 224 12998 
14 58 28 224 12998 
14 58 43 224 12998 
14 58 58 224 12998 
14 59 13 224 12998 
14 59 28 224 12998 
14 59 43 224 12998 
14 59 58 224 12998 
15 0 13 224 12998 
15 0 28 224 12998 
15 0 43 224 12998 
15 0 58 224 12998 
15 1 13 224 12998 
15 1 28 224 12998 
15 1 43 224 12998 
15 1 58 224 12998 
15 2 13 224 12998 
15 2 28 224 12998 
15 2 43 223 12998 
15 2 58 224 12998 
15 3 13 224 12998 
15 3 28 224 12998 
15 3 43 224 12998 
15 3 58 224 12998 
15 4 13 224 12998 
15 4 28 224 12998 
15 4 43 224 12998 
15 4 58 224 12998 
15 5 13 224 12998 
15 5 28 224 12998 
15 5 43 224 12998 
15 5 58 224 12998 
15 6 13 224 12998 
15 6 28 224 12998 
15 6 43 224 12998 
15 6 58 224 12998 
15 7 13 224 12998 
15 7 28 224 12998 
15 7 43 224 12998 
15 7 58 224 12998 
15 8 13 224 12998 
15 8 28 224 12998 
15 8 43 224 12998 
15 9 20 224 12998 
15 9 35 224 12998 
15 9 50 224 12998 
15 10 5 224 12998 
15 10 20 224 12998 
15 10 35 224 12998 
15 10 50 224 12998 
15 11 5 224 12998 
15 11 20 224 12998 
15 11 35 224 12998 
15 11 50 224 12998 
15 12 5 224 12998 
15 12 20 224 12998 
15 12 35 224 12998 
15 12 50 224 12998 
15 13 5 224 12998 
15 13 20 224 12998 
15 13 35 224 12998 
15 13 50 224 12998 
15 14 5 224 12998 
15 14 20 224 12998 
15 14 35 224 12998 
15 14 50 224 12998 
15 15 5 224 12998 
15 15 20 224 12998 
15 15 35 224 12998 
15 15 50 223 12998 
15 16 5 224 12998 
15 16 20 224 12998 
15 16 35 224 12998 
15 16 50 224 12998 
15 17 5 224 12998 
15 17 20 224 12998 
15 17 35 224 12998 
15 17 50 224 12998 
15 18 5 224 12998 
15 18 20 224 12998 
15 18 35 224 12998 
15 18 50 224 12998 
15 19 5 224 12998 
15 19 20 224 12998 
15 19 35 224 12998 
15 19 50 224 12998 
15 20 5 224 12998 
15 20 20 224 12998 
15 20 35 224 12998 
15 20 50 224 12998 
15 21 5 224 12998 
15 21 20 224 12998 
15 21 35 224 12998 
15 21 50 224 12998 
15 22 5 224 12998 
15 22 20 224 12998 
15 22 35 224 12998 
15 22 50 224 12998 
15 23 5 224 12998 
15 23 20 224 12998 
15 23 35 224 12998 
15 23 50 224 12998 
15 24 27 224 12998 
15 24 42 224 12998 
15 24 57 224 12998 
15 25 12 224 12998 
15 25 27 223 12998 
15 25 42 224 12998 
15 25 57 224 12998 
15 26 12 224 12998 
15 26 27 224 12998 
15 26 42 224 12998 
15 26 57 224 12998 
15 27 12 224 12998 

