
/> 
read_ramp 06021122
<CR>Time:2021/06/02 15:24Ramp data first polarity: 
718 719 719 719 719 719 720 719 719 719 719 719 719 719 719 720 719 719 720 719 719 720 719 719 720 719 719 719 719 719 719 719 719 720 719 719 719 719 719 720 719 719 720 720 719 719 719 719 719 719 719 719 719 719 718 719 719 719 719 719 719 718 720 718 718 718 719 717 713 713 713 709 708 708 707 705 703 702 699 700 698 696 697 694 693 692 690 689 689 687 685 685 684 682 682 680 678 678 676 675 674 672 671 671 669 667 666 665 663 663 661 660 659 657 657 656 654 652 652 651 649 648 646 646 645 643 642 640 639 638 637 636 635 633 633 630 629 628 628 626 625 625 622 621 620 619 618 617 616 615 613 612 611 610 607 608 606 605 605 602 602 601 599 597 597 596 594 594 593 591 591 589 588 587 585 585 583 581 581 581 579 577 577 576 574 574 572 570 570 569 568 567 565 564 564 563 560 559 559 557 556 555 554 553 553 551 549 548 547 546 545 544 542 542 541 539 538 538 536 535 534 533 532 531 530 530 527 526 525 525 523 522 521 520 520 518 516 516 515 514 513 512 510 511 509 507 508 506 506 506 5[Warning: Maximal number of bytes per line exceeded! Check the EOL (end-of-line) settings or increase the limit in the advanced terminal settings.]
read 0602
<CR>Time:2021/06/02 15:24
Hours Minutes Seconds  Nb_Samples    Aver. Current 
9 8 28 224 13165 
9 8 43 219 13165 
9 8 58 224 13165 
9 9 13 224 13165 
9 9 28 224 13165 
9 9 43 224 13165 
9 9 58 224 13165 
9 10 13 224 13165 
9 10 28 224 13165 
9 10 43 224 13165 
9 10 58 224 13165 
9 11 13 224 13165 
9 11 28 224 13165 
9 11 43 224 13165 
9 11 58 224 13165 
9 12 13 224 13165 
9 12 28 224 13165 
9 12 43 224 13165 
9 12 58 224 13165 
9 13 13 224 13165 
9 13 28 224 13165 
9 13 43 224 13165 
9 13 58 224 13165 
9 14 13 224 13165 
9 14 28 224 13165 
9 14 43 224 13165 
9 14 58 224 13165 
9 15 13 223 13165 
9 15 28 224 13165 
9 15 43 224 13165 
9 15 58 224 13165 
9 16 13 224 13165 
9 16 28 224 13103 
9 16 43 224 13042 
9 16 58 224 13042 
9 17 13 224 13042 
9 17 28 224 13042 
9 17 43 224 13042 
9 17 58 224 13042 
9 18 13 224 13042 
9 18 28 224 13042 
9 18 43 224 13042 
9 18 58 224 13042 
9 19 13 224 13042 
9 19 28 224 13042 
9 19 43 224 13042 
9 19 58 224 13042 
9 20 13 224 13042 
9 20 28 224 13042 
9 20 43 224 13042 
9 20 58 224 13042 
9 21 13 224 13042 
9 21 50 224 13042 
9 22 5 224 13042 
9 22 20 223 13042 
9 22 35 224 13042 
9 22 50 224 13042 
9 23 5 224 13042 
9 23 20 224 13042 
9 23 35 224 13042 
9 23 50 224 13042 
9 24 5 224 13042 
9 24 20 224 13042 
9 24 35 224 13042 
9 24 50 224 13042 
9 25 5 224 13042 
9 25 20 224 13042 
9 25 35 224 13042 
9 25 50 224 13042 
9 26 5 224 13042 
9 26 20 224 13042 
9 26 35 224 13042 
9 26 50 224 13042 
9 27 5 224 13042 
9 27 20 224 13042 
9 27 35 224 13042 
9 27 50 224 13042 
9 28 5 224 13042 
9 28 20 224 13042 
9 28 35 224 13042 
9 28 50 224 13042 
9 29 5 224 13042 
9 29 20 224 13042 
9 29 35 224 13042 
9 29 50 224 13042 
9 30 5 223 13042 
9 30 20 224 13042 
9 30 35 224 13042 
9 30 51 224 13042 
9 31 6 224 13042 
9 31 21 224 13042 
9 31 36 224 13042 
9 31 51 224 13042 
9 32 6 224 13042 
9 32 21 224 13042 
9 32 36 224 13042 
9 32 51 224 13042 
9 33 6 224 13042 
9 33 21 224 13042 
9 33 36 224 13042 
9 33 51 224 13042 
9 34 6 224 13042 
9 34 21 224 13042 
9 34 36 224 13042 
9 34 51 224 13042 
9 35 6 224 13042 
9 35 21 224 13042 
9 35 36 224 13042 
9 35 51 224 13042 
9 36 6 224 13042 
9 36 21 224 13042 
9 36 58 224 13042 
9 37 13 224 13042 
9 37 28 224 13042 
9 37 43 224 13042 
9 37 58 224 13042 
9 38 13 224 13042 
9 38 28 224 13042 
9 38 43 224 13042 
9 38 58 224 13042 
9 39 13 224 13042 
9 39 28 224 13042 
9 39 43 224 13042 
9 39 58 224 13042 
9 40 13 224 13042 
9 40 28 224 13042 
9 40 43 224 13042 
9 40 58 224 13042 
9 41 13 224 13042 
9 41 28 224 13042 
9 41 43 224 13042 
9 41 58 224 13042 
9 42 13 224 13042 
9 42 28 224 13042 
9 42 43 224 13042 
9 42 58 224 13042 
9 43 13 223 13042 
9 43 28 224 13042 
9 43 43 224 13042 
9 43 58 224 13042 
9 44 13 224 13042 
9 44 28 224 13042 
9 44 43 224 13042 
9 44 58 224 13042 
9 45 13 224 13042 
9 45 28 224 13042 
9 45 43 224 13042 
9 45 58 224 13042 
9 46 13 224 13042 
9 46 28 224 13042 
9 46 43 224 13042 
9 46 58 224 13042 
9 47 13 224 13042 
9 47 28 224 13042 
9 47 43 224 13042 
9 47 58 224 13042 
9 48 13 224 13042 
9 48 28 224 13042 
9 48 43 224 13042 
9 48 58 224 13042 
9 49 13 224 13042 
9 49 28 224 13042 
9 49 43 224 13042 
9 49 58 223 13042 
9 50 13 224 13042 
9 50 28 224 13042 
9 50 43 224 13042 
9 50 58 224 13042 
9 51 13 224 13042 
9 51 28 224 13042 
9 52 5 224 13042 
9 52 20 224 13042 
9 52 35 224 13042 
9 52 50 224 13042 
9 53 5 224 13042 
9 53 20 224 13042 
9 53 35 224 13042 
9 53 50 224 13042 
9 54 5 224 13042 
9 54 20 224 13042 
9 54 35 224 13042 
9 54 50 224 13042 
9 55 5 224 13042 
9 55 20 224 13042 
9 55 35 224 13042 
9 55 50 224 13042 
9 56 5 224 13042 
9 56 20 223 13042 
9 56 35 224 13042 
9 56 50 224 13042 
9 57 5 224 13042 
9 57 20 224 13042 
9 57 35 224 13042 
9 57 50 224 13042 
9 58 5 224 13042 
9 58 20 224 13042 
9 58 35 224 13042 
9 58 50 224 13042 
9 59 5 224 13042 
9 59 20 224 13042 
9 59 35 224 13042 
9 59 50 224 13042 
10 0 5 224 13042 
10 0 20 224 13042 
10 0 35 224 13042 
10 0 50 224 13042 
10 1 5 224 13042 
10 1 20 224 13042 
10 1 35 224 13042 
10 1 50 224 13042 
10 2 5 224 13042 
10 2 20 224 13042 
10 2 35 224 13042 
10 2 50 224 13042 
10 3 5 224 13042 
10 3 20 223 13042 
10 3 35 224 13042 
10 3 50 224 13042 
10 4 5 224 13042 
10 4 20 224 13042 
10 4 35 224 13042 
10 4 50 224 13042 
10 5 5 224 13042 
10 5 20 224 13042 
10 5 35 224 13042 
10 5 50 224 13042 
10 6 5 224 13042 
10 6 20 224 13042 
10 6 35 224 13042 
10 7 12 224 13042 
10 7 27 224 13042 
10 7 42 224 13042 
10 7 57 224 13042 
10 8 12 224 13042 
10 8 27 224 13042 
10 8 42 224 13042 
10 8 57 224 13042 
10 9 12 224 13042 
10 9 27 223 13042 
10 9 42 224 13042 
10 9 57 224 13042 
10 10 12 224 13042 
10 10 27 224 13042 
10 10 42 224 13042 
10 10 57 224 13042 
10 11 12 224 13042 
10 11 27 224 13042 
10 11 42 224 13042 
10 11 57 224 13042 
10 12 12 224 13042 
10 12 27 224 13042 
10 12 42 224 13042 
10 12 57 224 13042 
10 13 12 224 13042 
10 13 27 224 13042 
10 13 42 224 13042 
10 13 57 224 13042 
10 14 12 224 13042 
10 14 27 224 13042 
10 14 42 224 13042 
10 14 57 224 13042 
10 15 12 224 13042 
10 15 27 224 13042 
10 15 42 224 13042 
10 15 57 224 13042 
10 16 12 224 13042 
10 16 27 224 13042 
10 16 42 224 13042 
10 16 57 224 13042 
10 17 12 224 13042 
10 17 27 224 13042 
10 17 42 224 13042 
10 17 57 224 13042 
10 18 12 224 13042 
10 18 27 224 13042 
10 18 42 224 13042 
10 18 57 224 13042 
10 19 12 224 13042 
10 19 27 223 13042 
10 19 42 224 13042 
10 19 57 224 13042 
10 20 12 224 13042 
10 20 27 224 13042 
10 20 42 224 13042 
10 20 57 224 13042 
10 21 12 224 13042 
10 21 27 224 13042 
10 21 42 224 13042 
10 22 19 224 13042 
10 22 34 223 13042 
10 22 49 224 13042 
10 23 4 224 13042 
10 23 19 224 13042 
10 23 34 224 13042 
10 23 49 224 13042 
10 24 4 224 13042 
10 24 19 224 13042 
10 24 34 224 13042 
10 24 49 224 13042 
10 25 4 224 13042 
10 25 19 224 13042 
10 25 34 224 13042 
10 25 49 224 13042 
10 26 4 224 13042 
10 26 19 224 13042 
10 26 34 224 13042 
10 26 49 224 13042 
10 27 4 224 13042 
10 27 19 224 13042 
10 27 34 224 13042 
10 27 49 224 13042 
10 28 4 224 13042 
10 28 19 224 13042 
10 28 34 224 13042 
10 28 49 224 13042 
10 29 4 224 13042 
10 29 19 224 13042 
10 29 34 224 13042 
10 29 49 224 13042 
10 30 4 224 13042 
10 30 19 224 13042 
10 30 34 224 13042 
10 30 49 224 13042 
10 31 4 224 13042 
10 31 19 224 13042 
10 31 34 224 13042 
10 31 49 224 13042 
10 32 4 224 13042 
10 32 19 224 13042 
10 32 34 224 13042 
10 32 49 224 13042 
10 33 4 224 13042 
10 33 19 224 13042 
10 33 34 224 13042 
10 33 49 224 13042 
10 34 4 224 13042 
10 34 19 224 13042 
10 34 34 224 13042 
10 34 49 224 13042 
10 35 4 224 13042 
10 35 19 224 13042 
10 35 34 224 13042 
10 35 49 224 13042 
10 36 4 224 13042 
10 36 19 224 13042 
10 36 34 224 13042 
10 36 49 224 13042 
10 37 26 224 13042 
10 37 41 224 13042 
10 37 56 224 13042 
10 38 11 224 13042 
10 38 26 223 13042 
10 38 41 224 13042 
10 38 56 224 13042 
10 39 11 224 13042 
10 39 26 224 13042 
10 39 41 224 13042 
10 39 56 224 13042 
10 40 11 224 13042 
10 40 26 224 13042 
10 40 41 224 13042 
10 40 56 224 13042 
10 41 11 224 13042 
10 41 26 224 13042 
10 41 41 224 13042 
10 41 56 224 13042 
10 42 11 224 13042 
10 42 26 224 13042 
10 42 41 224 13042 
10 42 56 224 13042 
10 43 11 224 13042 
10 43 26 224 13042 
10 43 41 224 13042 
10 43 56 224 13042 
10 44 11 224 13042 
10 44 26 224 13042 
10 44 41 224 13042 
10 44 56 224 13042 
10 45 11 224 13042 
10 45 26 224 13042 
10 45 41 224 13042 
10 45 56 224 13042 
10 46 11 224 13042 
10 46 26 224 13042 
10 46 41 224 13042 
10 46 56 224 13042 
10 47 11 224 13042 
10 47 26 224 13042 
10 47 41 224 13042 
10 47 56 224 13042 
10 48 11 224 13042 
10 48 26 224 13042 
10 48 41 224 13042 
10 48 56 224 13042 
10 49 11 224 13042 
10 49 26 224 13042 
10 49 41 224 13042 
10 49 56 224 13042 
10 50 11 224 13042 
10 50 26 224 13042 
10 50 41 224 13042 
10 50 56 224 13042 
10 51 11 224 13042 
10 51 26 223 13042 
10 51 41 224 13042 
10 51 56 224 13042 
10 52 33 224 13042 
10 52 48 223 13042 
10 53 3 224 13042 
10 53 18 224 13042 
10 53 33 224 13042 
10 53 48 224 13042 
10 54 3 224 13042 
10 54 18 224 13042 
10 54 33 224 13042 
10 54 48 224 13042 
10 55 3 224 13042 
10 55 18 224 13042 
10 55 33 224 13042 
10 55 48 224 13042 
10 56 3 224 13042 
10 56 18 224 13042 
10 56 33 224 13042 
10 56 48 224 13042 
10 57 3 224 13042 
10 57 18 224 13042 
10 57 33 224 13042 
10 57 48 224 13042 
10 58 3 224 13042 
10 58 18 224 13042 
10 58 33 224 13042 
10 58 48 224 13042 
10 59 3 224 13042 
10 59 18 224 13042 
10 59 33 224 13042 
10 59 48 224 13042 
11 0 3 224 13042 
11 0 18 224 13042 
11 0 33 224 13042 
11 0 48 224 13042 
11 1 3 224 13042 
11 1 18 224 13042 
11 1 33 224 13042 
11 1 48 224 13042 
11 2 3 224 13042 
11 2 18 224 13042 
11 2 33 224 13042 
11 2 48 224 13042 
11 3 3 224 13042 
11 3 18 224 13042 
11 3 33 224 13042 
11 3 48 224 13042 
11 4 3 224 13042 
11 4 18 224 13042 
11 4 33 223 13042 
11 4 48 224 13042 
11 5 3 224 13042 
11 5 18 224 13042 
11 5 33 224 13042 
11 5 48 224 13042 
11 6 3 224 13042 
11 6 18 224 13042 
11 6 33 224 13042 
11 6 48 224 13042 
11 7 3 224 13042 
11 7 40 224 13042 
11 7 55 224 13042 
11 8 10 224 13042 
11 8 25 224 13042 
11 8 40 223 13042 
11 8 55 224 13042 
11 9 10 224 13042 
11 9 25 224 13042 
11 9 40 224 13042 
11 9 55 224 13042 
11 10 10 224 13042 
11 10 25 224 13042 
11 10 40 224 13042 
11 10 55 224 13042 
11 11 10 224 13042 
11 11 25 224 13042 
11 11 40 224 13042 
11 11 55 224 13042 
11 12 10 224 13042 
11 12 25 224 13042 
11 12 40 224 13042 
11 12 55 224 13042 
11 13 10 224 13042 
11 13 25 224 13042 
11 13 40 224 13042 
11 13 55 224 13042 
11 14 10 224 13042 
11 14 25 224 13042 
11 14 40 224 13042 
11 14 55 224 13042 
11 15 10 224 13042 
11 15 25 224 13042 
11 15 40 224 13042 
11 15 55 224 13042 
11 16 10 224 13042 
11 16 25 224 13042 
11 16 40 224 13042 
11 16 55 224 13042 
11 17 10 224 13042 
11 17 25 224 13042 
11 17 40 223 13042 
11 17 55 224 13042 
11 18 10 224 13042 
11 18 25 224 13042 
11 18 40 224 13042 
11 18 55 224 13042 
11 19 10 224 13042 
11 19 25 224 13042 
11 19 40 224 13042 
11 19 55 224 13042 
11 20 10 224 13042 
11 20 25 224 13042 
11 20 40 224 13042 
11 20 55 224 13042 
11 21 10 224 13042 
11 21 25 224 13042 
11 21 40 224 13042 
11 21 55 224 13042 
11 22 10 224 13042 
11 22 47 224 13042 
11 23 2 223 13042 
11 23 17 224 13042 
11 23 32 224 13042 
11 23 47 224 13042 
11 24 2 224 13042 
11 24 17 224 13042 
11 24 32 224 13042 
11 24 47 224 13042 
11 25 2 224 13042 
11 25 17 224 13042 
11 25 32 224 13042 
11 25 47 224 13042 
11 26 2 224 13042 
11 26 17 224 13042 
11 26 32 224 13042 
11 26 47 224 13042 
11 27 2 224 13042 
11 27 17 224 13042 
11 27 32 224 13042 
11 27 48 224 13042 
11 28 3 224 13042 
11 28 18 224 13042 
11 28 33 224 13042 
11 28 48 224 13042 
11 29 3 224 13042 
11 29 18 224 13042 
11 29 33 224 13042 
11 29 48 224 13042 
11 30 3 224 13042 
11 30 18 224 13042 
11 30 33 224 13042 
11 30 48 223 13042 
11 31 3 224 13042 
11 31 18 224 13042 
11 31 33 224 13042 
11 31 48 224 13042 
11 32 3 224 13042 
11 32 18 224 13042 
11 32 33 224 13042 
11 32 48 224 13042 
11 33 3 224 13042 
11 33 18 224 13042 
11 33 33 224 13042 
11 33 48 224 13042 
11 34 3 224 13042 
11 34 18 224 13042 
11 34 33 224 13042 
11 34 48 224 13042 
11 35 3 224 13042 
11 35 18 224 13042 
11 35 33 224 13042 
11 35 48 224 13042 
11 36 3 224 13042 
11 36 18 224 13042 
11 36 33 224 13042 
11 36 48 224 13042 
11 37 3 224 13042 
11 37 18 224 13042 
11 37 55 224 13042 
11 38 10 224 13042 
11 38 25 224 13042 
11 38 40 224 13042 
11 38 55 223 13042 
11 39 10 224 13042 
11 39 25 224 13042 
11 39 40 224 13042 
11 39 55 224 13042 
11 40 10 224 13042 
11 40 25 224 13042 
11 40 40 224 13042 
11 40 55 224 13042 
11 41 10 224 13042 
11 41 25 224 13042 
11 41 40 224 13042 
11 41 55 224 13042 
11 42 10 224 13042 
11 42 25 224 13042 
11 42 40 224 13042 
11 42 55 224 13042 
11 43 10 224 13042 
11 43 25 224 13042 
11 43 40 224 13042 
11 43 55 223 13042 
11 44 10 224 13042 
11 44 25 224 13042 
11 44 40 224 13042 
11 44 55 224 13042 
11 45 10 224 13042 
11 45 25 224 13042 
11 45 40 224 13042 
11 45 55 224 13042 
11 46 10 224 13042 
11 46 25 224 13042 
11 46 40 224 13042 
11 46 55 224 13042 
11 47 10 224 13042 
11 47 25 224 13042 
11 47 40 224 13042 
11 47 55 224 13042 
11 48 10 224 13042 
11 48 25 224 13042 
11 48 40 224 13042 
11 48 55 224 13042 
11 49 10 224 13042 
11 49 25 224 13042 
11 49 40 224 13042 
11 49 55 224 13042 
11 50 10 224 13042 
11 50 25 224 13042 
11 50 40 224 13042 
11 50 55 224 13042 
11 51 10 224 13042 
11 51 25 224 13042 
11 51 40 224 13042 
11 51 55 224 13042 
11 52 10 224 13042 
11 52 25 224 13042 
11 53 2 224 13042 
11 53 17 224 13042 
11 53 32 224 13042 
11 53 47 224 13042 
11 54 2 224 13042 
11 54 17 224 13042 
11 54 32 224 13042 
11 54 47 224 13042 
11 55 2 224 13042 
11 55 17 224 13042 
11 55 32 224 13042 
11 55 47 224 13042 
11 56 2 224 13042 
11 56 17 224 13042 
11 56 32 224 13042 
11 56 47 224 13042 
11 57 2 223 13042 
11 57 17 224 13042 
11 57 32 224 13042 
11 57 47 224 13042 
11 58 2 224 13042 
11 58 17 224 13042 
11 58 32 224 13042 
11 58 47 224 13042 
11 59 2 224 13042 
11 59 17 224 13042 
11 59 32 224 13042 
11 59 47 224 13042 
12 0 2 224 13042 
12 0 17 224 13042 
12 0 32 224 13042 
12 0 47 224 13042 
12 1 2 224 13042 
12 1 17 224 13042 
12 1 32 224 13042 
12 1 47 224 13042 
12 2 2 224 13042 
12 2 17 224 13042 
12 2 32 224 13042 
12 2 47 224 13042 
12 3 2 224 13042 
12 3 17 224 13042 
12 3 32 224 13042 
12 3 47 224 13042 
12 4 2 224 13042 
12 4 17 224 13042 
12 4 32 224 13042 
12 4 47 224 13042 
12 5 2 224 13042 
12 5 17 224 13042 
12 5 32 224 13042 
12 5 47 224 13042 
12 6 2 224 13042 
12 6 17 224 13042 
12 6 32 224 13042 
12 6 47 224 13042 
12 7 2 224 13042 
12 7 17 224 13042 
12 7 32 224 13042 
12 8 9 224 13042 
12 8 24 224 13042 
12 8 39 224 13042 
12 8 54 224 13042 
12 9 9 223 13042 
12 9 24 224 13042 
12 9 39 224 13042 
12 9 54 224 13042 
12 10 9 223 13042 
12 10 24 224 13042 
12 10 39 224 13042 
12 10 54 224 13042 
12 11 9 224 13042 
12 11 24 224 13042 
12 11 39 224 13042 
12 11 54 224 13042 
12 12 9 224 13042 
12 12 24 224 13042 
12 12 39 224 13042 
12 12 54 224 13042 
12 13 9 224 13042 
12 13 24 224 13042 
12 13 39 224 13042 
12 13 54 224 13042 
12 14 9 224 13042 
12 14 24 224 13042 
12 14 39 224 13042 
12 14 54 224 13042 
12 15 9 224 13042 
12 15 24 224 13042 
12 15 39 224 13042 
12 15 54 224 13042 
12 16 9 224 13042 
12 16 24 224 13042 
12 16 39 224 13042 
12 16 54 224 13042 
12 17 9 224 13042 
12 17 24 224 13042 
12 17 39 224 13042 
12 17 54 224 13103 
12 18 9 224 13042 
12 18 24 224 13103 
12 18 39 224 13042 
12 18 54 224 13103 
12 19 9 224 13103 
12 19 24 224 13042 
12 19 39 224 13042 
12 19 54 224 13042 
12 20 9 224 13103 
12 20 24 224 13103 
12 20 39 224 13042 
12 20 54 224 13042 
12 21 9 224 13103 
12 21 24 224 13103 
12 21 39 224 13042 
12 21 54 224 13042 
12 22 9 224 13042 
12 22 24 224 13042 
12 22 39 224 13042 
12 23 16 224 13042 
12 23 31 223 13042 
12 23 46 224 13042 
12 24 1 224 13042 
12 24 16 224 13042 
12 24 31 224 13042 
12 24 46 224 13042 
12 25 1 224 13042 
12 25 16 224 13042 
12 25 31 224 13042 
12 25 46 224 13042 
12 26 1 224 13042 
12 26 16 224 13042 
12 26 31 224 13042 
12 26 46 224 13042 
12 27 1 224 13042 
12 27 16 224 13042 
12 27 31 224 13042 
12 27 46 224 13042 
12 28 1 224 13042 
12 28 16 224 13042 
12 28 31 224 13042 
12 28 46 224 13042 
12 29 1 224 13042 
12 29 16 224 13042 
12 29 31 224 13042 
12 29 46 224 13042 
12 30 1 224 13042 
12 30 16 224 13042 
12 30 31 224 13042 
12 30 46 224 13042 
12 31 1 224 13042 
12 31 16 224 13042 
12 31 31 224 13042 
12 31 46 224 13042 
12 32 1 224 13042 
12 32 16 224 13042 
12 32 31 224 13042 
12 32 46 224 13042 
12 33 1 224 13042 
12 33 16 224 13042 
12 33 31 224 13042 
12 33 46 224 13042 
12 34 1 224 13042 
12 34 16 224 13042 
12 34 31 224 13042 
12 34 46 224 13042 
12 35 1 224 13042 
12 35 16 224 13042 
12 35 31 224 13042 
12 35 46 224 13042 
12 36 1 224 13042 
12 36 16 224 13042 
12 36 31 224 13042 
12 36 46 224 13042 
12 37 1 224 13042 
12 37 16 224 13042 
12 37 31 224 13042 
12 37 46 224 13042 
12 38 23 224 13042 
12 38 38 224 13042 
12 38 53 224 13042 
12 39 8 224 13042 
12 39 23 223 13042 
12 39 38 224 13042 
12 39 53 224 13042 
12 40 8 224 13042 
12 40 23 224 13042 
12 40 38 224 13042 
12 40 53 224 13042 
12 41 8 224 13042 
12 41 23 224 13042 
12 41 38 224 13042 
12 41 53 224 13042 
12 42 8 224 13042 
12 42 23 224 13042 
12 42 38 224 13042 
12 42 53 224 13042 
12 43 8 224 13042 
12 43 23 224 13042 
12 43 38 224 13042 
12 43 53 224 13042 
12 44 8 224 13042 
12 44 23 224 13042 
12 44 38 224 13042 
12 44 53 224 13103 
12 45 8 224 13042 
12 45 23 224 13042 
12 45 38 224 13042 
12 45 53 224 13042 
12 46 8 224 13042 
12 46 23 224 13042 
12 46 38 224 13042 
12 46 53 224 13042 
12 47 8 224 13042 
12 47 23 224 13042 
12 47 38 224 13042 
12 47 53 224 13042 
12 48 8 224 13042 
12 48 23 224 13042 
12 48 38 224 13042 
12 48 53 224 13042 
12 49 8 224 13042 
12 49 23 224 13042 
12 49 38 224 13042 
12 49 53 224 13042 
12 50 8 224 13042 
12 50 23 224 13042 
12 50 38 224 13042 
12 50 53 224 13042 
12 51 8 224 13042 
12 51 23 224 13103 
12 51 38 224 13042 
12 51 53 224 13103 
12 52 8 223 13042 
12 52 23 224 13103 
12 52 38 224 13042 
12 52 53 224 13042 
12 53 30 224 13042 
12 53 45 223 13042 
12 54 0 224 13042 
12 54 15 224 13042 
12 54 30 224 13042 
12 54 45 224 13103 
12 55 0 224 13042 
12 55 15 224 13042 
12 55 30 224 13042 
12 55 45 224 13042 
12 56 0 224 13042 
12 56 15 224 13103 
12 56 30 224 13103 
12 56 45 224 13042 
12 57 0 224 13103 
12 57 15 224 13042 
12 57 30 224 13042 
12 57 45 224 13042 
12 58 0 224 13042 
12 58 15 224 13042 
12 58 30 224 13042 
12 58 45 224 13042 
12 59 0 224 13042 
12 59 15 224 13042 
12 59 30 224 13042 
12 59 45 224 13042 
13 0 0 224 13042 
13 0 15 224 13042 
13 0 30 224 13042 
13 0 45 224 13042 
13 1 0 224 13042 
13 1 15 224 13042 
13 1 30 224 13042 
13 1 45 224 13042 
13 2 0 224 13042 
13 2 15 224 13042 
13 2 30 224 13042 
13 2 45 224 13042 
13 3 0 224 13042 
13 3 15 224 13042 
13 3 30 224 13042 
13 3 45 224 13042 
13 4 0 224 13042 
13 4 15 224 13042 
13 4 30 224 13042 
13 4 45 224 13042 
13 5 0 224 13042 
13 5 15 223 13042 
13 5 30 224 13042 
13 5 45 224 13042 
13 6 0 224 13042 
13 6 15 224 13042 
13 6 30 224 13042 
13 6 45 224 13042 
13 7 0 224 13042 
13 7 15 224 13042 
13 7 30 224 13042 
13 7 45 224 13042 
13 8 0 224 13042 
13 8 37 224 13042 
13 8 52 224 13042 
13 9 7 224 13042 
13 9 22 224 13042 
13 9 37 223 13042 
13 9 52 224 13042 
13 10 7 224 13042 
13 10 22 224 13042 
13 10 37 224 13042 
13 10 52 224 13042 
13 11 7 224 13042 
13 11 22 224 13042 
13 11 37 224 13042 
13 11 52 224 13042 
13 12 7 224 13042 
13 12 22 224 13042 
13 12 37 224 13042 
13 12 52 224 13042 
13 13 7 224 13042 
13 13 22 224 13042 
13 13 37 224 13042 
13 13 52 224 13042 
13 14 7 224 13042 
13 14 22 224 13042 
13 14 37 224 13042 
13 14 52 224 13042 
13 15 7 224 13103 
13 15 22 224 13042 
13 15 37 224 13042 
13 15 52 224 13042 
13 16 7 224 13042 
13 16 22 224 13042 
13 16 37 224 13103 
13 16 52 224 13042 
13 17 7 224 13042 
13 17 22 224 13042 
13 17 37 224 13042 
13 17 52 224 13042 
13 18 7 224 13042 
13 18 22 223 13042 
13 18 37 224 13042 
13 18 52 224 13042 
13 19 7 224 13042 
13 19 22 224 13042 
13 19 37 224 13042 
13 19 52 224 13042 
13 20 7 224 13042 
13 20 22 224 13042 
13 20 37 224 13042 
13 20 52 224 13042 
13 21 7 224 13042 
13 21 22 224 13042 
13 21 37 224 13042 
13 21 52 224 13042 
13 22 7 224 13042 
13 22 22 224 13042 
13 22 37 224 13042 
13 22 52 224 13042 
13 23 7 224 13042 
13 23 44 224 13042 
13 23 59 223 13042 
13 24 14 224 13042 
13 24 29 224 13103 
13 24 44 224 13042 
13 24 59 224 13042 
13 25 14 224 13042 
13 25 29 224 13042 
13 25 44 224 13042 
13 25 59 224 13042 
13 26 14 224 13042 
13 26 29 224 13042 
13 26 44 224 13042 
13 26 59 224 13042 
13 27 15 224 13042 
13 27 30 224 13042 
13 27 45 224 13042 
13 28 0 224 13042 
13 28 15 224 13042 
13 28 30 224 13042 
13 28 45 224 13103 
13 29 0 224 13042 
13 29 15 224 13042 
13 29 30 224 13042 
13 29 45 224 13042 
13 30 0 224 13042 
13 30 15 224 13042 
13 30 30 224 13042 
13 30 45 224 13042 
13 31 0 224 13042 
13 31 15 224 13042 
13 31 30 223 13042 
13 31 45 224 13042 
13 32 0 224 13042 
13 32 15 224 13042 
13 32 30 223 13042 
13 32 45 224 13042 
13 33 0 224 13042 
13 33 15 224 13042 
13 33 30 224 13042 
13 33 45 224 13042 
13 34 0 224 13042 
13 34 15 224 13042 
13 34 30 224 13042 
13 34 45 224 13042 
13 35 0 224 13042 
13 35 15 224 13042 
13 35 30 224 13042 
13 35 45 224 13042 
13 36 0 224 13042 
13 36 15 224 13042 
13 36 30 224 13042 
13 36 45 224 13042 
13 37 0 224 13042 
13 37 15 224 13042 
13 37 30 224 13042 
13 37 45 224 13042 
13 38 0 224 13042 
13 38 15 224 13042 
13 38 52 224 13042 
13 39 7 224 13042 
13 39 22 224 13042 
13 39 37 224 13042 
13 39 52 223 13042 
13 40 7 224 13042 
13 40 22 224 13042 
13 40 37 224 13042 
13 40 52 224 13042 
13 41 7 224 13042 
13 41 22 224 13042 
13 41 37 224 13042 
13 41 52 224 13042 
13 42 7 224 13042 
13 42 22 224 13042 
13 42 37 224 13042 
13 42 52 224 13042 
13 43 7 224 13042 
13 43 22 224 13042 
13 43 37 224 13042 
13 43 52 224 13042 
13 44 7 224 13042 
13 44 22 224 13042 
13 44 37 223 13042 
13 44 52 224 13042 
13 45 7 224 13042 
13 45 22 224 13042 
13 45 37 224 13042 
13 45 52 224 13042 
13 46 7 224 13042 
13 46 22 224 13042 
13 46 37 224 13042 
13 46 52 224 13042 
13 47 7 224 13042 
13 47 22 224 13042 
13 47 37 224 13042 
13 47 52 224 13042 
13 48 7 224 13103 
13 48 22 224 13042 
13 48 37 224 13042 
13 48 52 224 13103 
13 49 7 224 13042 
13 49 22 224 13042 
13 49 37 224 13103 
13 49 52 224 13042 
13 50 7 224 13042 
13 50 22 224 13042 
13 50 37 224 13042 
13 50 52 224 13042 
13 51 7 224 13042 
13 51 22 224 13042 
13 51 37 224 13042 
13 51 52 224 13042 
13 52 7 224 13042 
13 52 22 224 13042 
13 52 37 224 13042 
13 52 52 224 13042 
13 53 7 224 13042 
13 53 22 224 13042 
13 53 59 224 13042 
13 54 14 223 13042 
13 54 29 224 13042 
13 54 44 224 13042 
13 54 59 224 13042 
13 55 14 224 13042 
13 55 29 224 13042 
13 55 44 224 13042 
13 55 59 224 13042 
13 56 14 224 13042 
13 56 29 224 13042 
13 56 44 224 13042 
13 56 59 224 13042 
13 57 14 224 13042 
13 57 29 224 13042 
13 57 44 223 13042 
13 57 59 224 13042 
13 58 14 224 13042 
13 58 29 224 13103 
13 58 44 224 13042 
13 58 59 224 13103 
13 59 14 224 13042 
13 59 29 224 13042 
13 59 44 224 13042 
13 59 59 224 13042 
14 0 14 224 13042 
14 0 29 224 13103 
14 0 44 224 13042 
14 0 59 224 13042 
14 1 14 224 13042 
14 1 29 224 13042 
14 1 44 224 13042 
14 1 59 224 13042 
14 2 14 224 13042 
14 2 29 224 13042 
14 2 44 224 13042 
14 2 59 224 13103 
14 3 14 224 13103 
14 3 29 224 13042 
14 3 44 224 13103 
14 3 59 224 13103 
14 4 14 224 13042 
14 4 29 224 13103 
14 4 44 224 13042 
14 4 59 224 13042 
14 5 14 224 13042 
14 5 29 224 13103 
14 5 44 224 13042 
14 5 59 224 13042 
14 6 14 224 13042 
14 6 29 224 13103 
14 6 44 224 13103 
14 6 59 224 13042 
14 7 14 224 13103 
14 7 29 224 13042 
14 7 44 224 13103 
14 7 59 224 13103 
14 8 14 224 13103 
14 8 29 224 13103 
14 9 6 224 13042 
14 9 21 224 13042 
14 9 36 224 13042 
14 9 51 224 13042 
14 10 6 223 13042 
14 10 21 224 13103 
14 10 36 224 13042 
14 10 51 223 13103 
14 11 6 224 13042 
14 11 21 224 13042 
14 11 36 224 13103 
14 11 51 224 13042 
14 12 6 224 13103 
14 12 21 224 13042 
14 12 36 224 13042 
14 12 51 224 13103 
14 13 6 224 13042 
14 13 21 224 13042 
14 13 36 224 13103 
14 13 51 224 13042 
14 14 6 224 13042 
14 14 21 224 13103 
14 14 36 224 13103 
14 14 51 224 13042 
14 15 6 224 13042 
14 15 21 224 13042 
14 15 36 224 13042 
14 15 51 224 13103 
14 16 6 224 13042 
14 16 21 224 13042 
14 16 36 224 13042 
14 16 51 224 13042 
14 17 6 224 13042 
14 17 21 224 13042 
14 17 36 224 13103 
14 17 51 224 13103 
14 18 6 224 13103 
14 18 21 224 13103 
14 18 36 224 13103 
14 18 51 224 13103 
14 19 6 224 13103 
14 19 21 224 13042 
14 19 36 224 13103 
14 19 51 224 13103 
14 20 6 224 13103 
14 20 21 224 13042 
14 20 36 224 13042 
14 20 51 224 13103 
14 21 6 224 13103 
14 21 21 224 13042 
14 21 36 224 13103 
14 21 51 224 13042 
14 22 6 224 13103 
14 22 21 224 13042 
14 22 36 224 13103 
14 22 51 224 13042 
14 23 6 224 13042 
14 23 21 224 13103 
14 23 36 224 13042 
14 24 13 224 13042 
14 24 28 223 13042 
14 24 43 224 13042 
14 24 58 224 13103 
14 25 13 224 13042 
14 25 28 224 13103 
14 25 43 224 13103 
14 25 58 224 13103 
14 26 13 224 13103 
14 26 28 224 13103 
14 26 43 224 13103 
14 26 58 224 13103 
14 27 13 224 13103 
14 27 28 224 13042 
14 27 43 224 13103 
14 27 58 224 13042 
14 28 13 224 13103 
14 28 28 224 13103 
14 28 43 224 13103 
14 28 58 224 13103 
14 29 13 224 13042 
14 29 28 224 13103 
14 29 43 224 13103 
14 29 58 224 13103 
14 30 13 224 13103 
14 30 28 224 13042 
14 30 43 224 13103 
14 30 58 224 13042 
14 31 13 224 13103 
14 31 28 224 13103 
14 31 43 224 13103 
14 31 58 224 13103 
14 32 13 224 13042 
14 32 28 224 13103 
14 32 43 224 13103 
14 32 58 224 13103 
14 33 13 224 13103 
14 33 28 224 13042 
14 33 43 224 13103 
14 33 58 224 13103 
14 34 13 224 13103 
14 34 28 224 13103 
14 34 43 224 13103 
14 34 58 224 13103 
14 35 13 224 13103 
14 35 28 224 13103 
14 35 43 224 13103 
14 35 58 224 13103 
14 36 13 224 13103 
14 36 28 224 13103 
14 36 43 224 13103 
14 36 58 224 13103 
14 37 13 224 13103 
14 37 28 224 13103 
14 37 43 224 13103 
14 37 58 224 13103 
14 38 13 224 13042 
14 38 28 224 13103 
14 38 43 224 13042 
14 39 20 224 13042 
14 39 35 224 13042 
14 39 50 224 13042 
14 40 5 224 13042 
14 40 20 223 13042 
14 40 35 224 13103 
14 40 50 224 13042 
14 41 5 224 13103 
14 41 20 224 13042 
14 41 35 224 13103 
14 41 50 224 13103 
14 42 5 224 13042 
14 42 20 224 13042 
14 42 35 224 13042 
14 42 50 224 13103 
14 43 5 224 13103 
14 43 20 224 13103 
14 43 35 224 13103 
14 43 50 224 13042 
14 44 5 224 13042 
14 44 20 224 13103 
14 44 35 224 13103 
14 44 50 224 13103 
14 45 5 224 13103 
14 45 20 224 13103 
14 45 35 224 13103 
14 45 50 224 13103 
14 46 5 224 13042 
14 46 20 224 13103 
14 46 35 224 13103 
14 46 50 224 13103 
14 47 5 224 13103 
14 47 20 224 13103 
14 47 35 224 13103 
14 47 50 224 13103 
14 48 5 224 13103 
14 48 20 224 13103 
14 48 35 224 13103 
14 48 50 224 13103 
14 49 5 224 13103 
14 49 20 224 13042 
14 49 35 224 13103 
14 49 50 224 13042 
14 50 5 224 13103 
14 50 20 224 13103 
14 50 35 224 13042 
14 50 50 224 13103 
14 51 5 224 13103 
14 51 20 224 13042 
14 51 35 224 13103 
14 51 50 224 13103 
14 52 5 224 13103 
14 52 20 224 13042 
14 52 35 224 13103 
14 52 50 223 13042 
14 53 5 224 13103 
14 53 20 224 13103 
14 53 35 224 13103 
14 53 50 224 13103 
14 54 27 224 13103 
14 54 42 223 13103 
14 54 57 224 13103 
14 55 12 224 13103 
14 55 27 224 13103 
14 55 42 224 13103 
14 55 57 224 13042 
14 56 12 224 13103 
14 56 27 224 13103 
14 56 42 224 13103 
14 56 57 224 13103 
14 57 12 224 13042 
14 57 27 224 13103 
14 57 42 224 13042 
14 57 57 224 13103 
14 58 12 224 13103 
14 58 27 224 13103 
14 58 42 224 13103 
14 58 57 224 13042 
14 59 12 224 13103 
14 59 27 224 13103 
14 59 42 224 13042 
14 59 57 224 13103 
15 0 12 224 13042 
15 0 27 224 13103 
15 0 42 224 13103 
15 0 57 224 13103 
15 1 12 224 13103 
15 1 27 224 13103 
15 1 42 224 13103 
15 1 57 224 13103 
15 2 12 224 13103 
15 2 27 224 13103 
15 2 42 224 13103 
15 2 57 224 13103 
15 3 12 224 13103 
15 3 27 224 13103 
15 3 42 224 13103 
15 3 57 224 13103 
15 4 12 224 13103 
15 4 27 224 13103 
15 4 42 224 13103 
15 4 57 224 13103 
15 5 12 224 13103 
15 5 27 224 13103 
15 5 42 224 13103 
15 5 57 223 13103 
15 6 12 224 13103 
15 6 27 224 13103 
15 6 42 224 13103 
15 6 57 224 13103 
15 7 12 224 13103 
15 7 27 224 13103 
15 7 42 224 13103 
15 7 57 224 13103 
15 8 12 224 13103 
15 8 27 224 13103 
15 8 42 224 13103 
15 8 57 224 13103 
15 9 34 224 13103 
15 9 49 224 13103 
15 10 4 224 13103 
15 10 19 224 13103 
15 10 34 223 13103 
15 10 49 224 13103 
15 11 4 224 13103 
15 11 19 224 13103 
15 11 34 224 13042 
15 11 49 224 13103 
15 12 4 224 13103 
15 12 19 224 13103 
15 12 34 224 13103 
15 12 49 224 13103 
15 13 4 224 13103 
15 13 19 224 13103 
15 13 34 224 13103 
15 13 49 224 13103 
15 14 4 224 13103 
15 14 19 224 13103 
15 14 34 224 13103 
15 14 49 224 13103 
15 15 4 224 13103 
15 15 19 224 13103 
15 15 34 224 13103 
15 15 49 224 13042 
15 16 4 224 13103 
15 16 19 224 13103 
15 16 34 224 13103 
15 16 50 224 13103 
15 17 5 224 13103 
15 17 20 224 13103 
15 17 35 224 13103 
15 17 50 224 13103 
15 18 5 224 13103 
15 18 20 224 13042 
15 18 35 224 13103 
15 18 50 224 13103 
15 19 5 223 13103 
15 19 20 224 13103 
15 19 35 224 13103 
15 19 50 224 13103 
15 20 5 224 13103 
15 20 20 224 13103 
15 20 35 224 13103 
15 20 50 224 13103 
15 21 5 224 13103 
15 21 20 224 13103 
15 21 35 224 13103 
15 21 50 224 13103 
15 22 5 224 13103 
15 22 20 224 13103 
15 22 35 224 13103 
15 22 50 224 13103 
15 23 5 224 13103 
15 23 20 224 13103 
15 23 35 224 13103 
15 23 50 224 13103 
15 24 5 224 13103 
15 24 42 224 13042 
15 24 57 223 13103 
15 25 12 224 13103 
15 25 27 224 13103 
15 25 42 224 13042 
15 25 57 224 13103 
15 26 12 224 13103 
15 26 27 224 13103 
15 26 42 224 13103 
15 26 57 224 13103 
15 27 12 224 13103 
15 27 27 224 13103 
15 27 42 224 13103 
15 27 57 224 13103 
15 28 12 224 13103 
15 28 27 224 13042 
15 28 42 224 13103 

