ls
ls
<CR>
         TIME          Size       File name 
----A 2021/08/04 12:43      6312  0804
----A 2021/08/04 09:28    128000  08040913
----A 2021/08/04 09:45    128000  08040930
----A 2021/08/04 10:02    128000  08040947
----A 2021/08/04 10:19    128000  08041004
----A 2021/08/04 10:36    128000  08041021
----A 2021/08/04 10:53    128000  08041038
----A 2021/08/04 11:10    128000  08041055
----A 2021/08/04 11:27    128000  08041112
----A 2021/08/04 11:44    128000  08041129
----A 2021/08/04 12:01    128000  08041146
----A 2021/08/04 12:18    128000  08041203
----A 2021/08/04 12:35    128000  08041220
----A 2021/08/04 12:37      2560  08041237
----A 2021/08/05 12:18      9256  0805
----A 2021/08/05 07:15    128000  08050700
----A 2021/08/05 07:34    128000  08050717
----A 2021/08/05 07:51    128000  08050734
----A 2021/08/05 08:06    128000  08050751
----A 2021/08/05 08:23    128000  08050808
----A 2021/08/05 08:42    128000  08050825
----A 2021/08/05 08:59    128000  08050842
----A 2021/08/05 09:14    128000  08050859
----A 2021/08/05 09:31    128000  08050916
----A 2021/08/05 09:50    128000  08050933
----A 2021/08/05 10:07    128000  08050950
----A 2021/08/05 10:23    128000  08051007
----A 2021/08/05 10:39    128000  08051024
----A 2021/08/05 10:59    128000  08051041
----A 2021/08/05 11:15    128000  08051058
----A 2021/08/05 11:31    128000  08051115
----A 2021/08/05 11:47    128000  08051132
----A 2021/08/05 12:07    128000  08051149
----A 2021/08/05 12:07      2560  08051206
----A 2021/08/06 10:26      5488  0806
----A 2021/08/06 07:39    128000  08060724
----A 2021/08/06 07:58    128000  08060741
----A 2021/08/06 08:15    128000  08060758
----A 2021/08/06 08:30    128000  08060815
----A 2021/08/06 08:47    128000  08060832
----A 2021/08/06 09:06    128000  08060849
----A 2021/08/06 09:23    128000  08060906
----A 2021/08/06 09:38    128000  08060923
----A 2021/08/06 09:55    128000  08060940
----A 2021/08/06 10:14    128000  08060957
----A 2021/08/06 10:14      2560  08061014
----A 2021/08/16 12:33      9280  0816
----A 2021/08/16 07:37    128000  08160721
----A 2021/08/16 07:53    128000  08160738
----A 2021/08/16 08:11    128640  08160755
----A 2021/08/16 08:27    128000  08160812
----A 2021/08/16 08:46    128000  08160829
----A 2021/08/16 09:03    128000  08160846
----A 2021/08/16 09:18    128000  08160903
----A 2021/08/16 09:35    128000  08160920
----A 2021/08/16 09:54    128000  08160937
----A 2021/08/16 10:11    128000  08160954
----A 2021/08/16 10:26    128000  08161011
----A 2021/08/16 10:43    128000  08161028
----A 2021/08/16 11:02    128000  08161045
----A 2021/08/16 11:19    128000  08161102
----A 2021/08/16 11:34    128000  08161119
----A 2021/08/16 11:51    128000  08161136
----A 2021/08/16 12:10    128000  08161153
----A 2021/08/16 12:27    128000  08161210
----A 2021/08/16 12:27      2560  08161227
----A 2021/08/17 13:59      7952  0817
----A 2021/08/17 09:37    128000  08170921
----A 2021/08/17 09:53    129280  08170938
----A 2021/08/17 10:11    129920  08170955
----A 2021/08/17 10:27    129280  08171012
----A 2021/08/17 10:46    128640  08171029
----A 2021/08/17 11:03    128640  08171046
----A 2021/08/17 11:18    128000  08171103
----A 2021/08/17 11:35    130560  08171120
----A 2021/08/17 11:54    129280  08171137
----A 2021/08/17 12:11    128640  08171154
----A 2021/08/17 12:26    128640  08171211
----A 2021/08/17 12:43    128640  08171228
----A 2021/08/17 13:02    128640  08171245
----A 2021/08/17 13:19    128000  08171302
----A 2021/08/17 13:34    128640  08171319
----A 2021/08/17 13:51    128000  08171336
----A 2021/08/17 13:55      2560  08171353

  84 File(s),   9536528 bytes total
   0 Dir(s),     990944K bytes free

/> 
read 0817
read 0817
<CR>Time:2021/08/17 13:55
Hours Minutes Seconds  Nb_Samples    Aver. Current 
9 5 38 12 6684 
9 5 54 13 8081 
9 6 8 12 9479 
9 6 24 13 10086 
9 6 38 12 9965 
9 6 54 13 9965 
9 7 8 12 10026 
9 7 24 13 10026 
9 7 38 12 9965 
9 7 54 13 9965 
9 8 8 12 9965 
9 8 24 13 9965 
9 8 38 12 9965 
9 8 54 13 9965 
9 9 8 12 9965 
9 9 24 13 9965 
9 9 38 12 9965 
9 9 54 13 9965 
9 10 8 12 9965 
9 10 24 13 9965 
9 10 38 12 9965 
9 10 54 13 9965 
9 11 8 12 9965 
9 11 24 13 9965 
9 11 38 12 9965 
9 11 54 13 9965 
9 12 8 12 9965 
9 12 24 13 10026 
9 12 38 12 10086 
9 12 54 13 10026 
9 13 8 12 10026 
9 13 24 13 10026 
9 13 38 12 10026 
9 13 54 13 10026 
9 14 8 12 10086 
9 14 24 13 10026 
9 14 38 12 10026 
9 14 54 13 10026 
9 15 8 12 10026 
9 15 24 13 10026 
9 15 38 12 10026 
9 15 53 13 10026 
9 16 8 12 10026 
9 16 24 13 10026 
9 16 38 12 10026 
9 16 53 13 10026 
9 17 8 12 10026 
9 17 24 13 10026 
9 17 38 12 10026 
9 17 54 13 10026 
9 18 8 12 10026 
9 18 24 13 10026 
9 18 38 12 10026 
9 18 54 13 10026 
9 19 8 12 10026 
9 19 24 13 10026 
9 21 55 13 10026 
9 22 10 12 10026 
9 22 25 13 10026 
9 22 40 12 10026 
9 22 55 13 10026 
9 23 10 12 10026 
9 23 25 13 10026 
9 23 40 12 10026 
9 23 55 13 10026 
9 24 10 12 10026 
9 24 25 13 10026 
9 24 40 12 10026 
9 24 55 13 10026 
9 25 10 12 10026 
9 25 25 13 10026 
9 25 40 12 10026 
9 25 55 13 10026 
9 26 10 12 10026 
9 26 25 13 10026 
9 26 40 12 10026 
9 26 55 13 10026 
9 27 10 12 10026 
9 27 25 13 10026 
9 27 40 12 10026 
9 27 55 13 10026 
9 28 10 12 10026 
9 28 25 13 10026 
9 28 40 12 10026 
9 28 55 13 10026 
9 29 10 12 10026 
9 29 25 13 10026 
9 29 40 12 10026 
9 29 55 13 10026 
9 30 10 12 10026 
9 30 25 13 10026 
9 30 40 12 10026 
9 30 55 13 10026 
9 31 10 12 10026 
9 31 25 13 10026 
9 31 40 12 10026 
9 31 55 13 10026 
9 32 10 12 10026 
9 32 25 13 10026 
9 32 40 12 10026 
9 32 55 13 10026 
9 33 10 12 10026 
9 33 25 13 10026 
9 33 40 12 10026 
9 33 55 13 10026 
9 34 10 12 10026 
9 34 25 13 10026 
9 34 40 12 10026 
9 34 55 13 10026 
9 35 10 12 10026 
9 35 25 13 10026 
9 35 40 12 10026 
9 35 55 13 10026 
9 36 10 12 10026 
9 36 25 13 10026 
9 38 57 13 10026 
9 39 11 12 10026 
9 39 27 13 10026 
9 39 41 12 10026 
9 39 57 13 10026 
9 40 11 12 10026 
9 40 27 13 10026 
9 40 41 12 10026 
9 40 57 13 10026 
9 41 11 12 10026 
9 41 27 13 10026 
9 41 41 12 10026 
9 41 57 13 10026 
9 42 11 12 10026 
9 42 27 13 10026 
9 42 41 12 10026 
9 42 57 13 10026 
9 43 11 12 10026 
9 43 27 13 10026 
9 43 41 12 10026 
9 43 57 13 10026 
9 44 11 12 10026 
9 44 27 13 10026 
9 44 41 12 10026 
9 44 57 13 10026 
9 45 11 12 10026 
9 45 27 13 10026 
9 45 41 12 10026 
9 45 57 13 10026 
9 46 11 12 10026 
9 46 27 13 10026 
9 46 41 12 10026 
9 46 57 13 10026 
9 47 11 12 10026 
9 47 27 13 10026 
9 47 41 12 10026 
9 47 57 13 10026 
9 48 11 12 10026 
9 48 27 13 10026 
9 48 41 12 10026 
9 48 57 13 10026 
9 49 11 12 10026 
9 49 27 13 10026 
9 49 41 12 10026 
9 49 57 13 10026 
9 50 27 13 10026 
9 50 41 12 10026 
9 50 57 13 10026 
9 51 11 12 10026 
9 51 27 13 10026 
9 51 41 12 10026 
9 51 57 13 10026 
9 52 11 12 10026 
9 52 26 13 10026 
9 52 41 12 10026 
9 53 11 12 10026 
9 53 27 13 10026 
9 55 58 13 10026 
9 56 12 12 10026 
9 56 28 13 10026 
9 56 42 12 10026 
9 56 58 13 10026 
9 57 12 12 10026 
9 57 28 13 10026 
9 57 42 12 10026 
9 57 58 13 10026 
9 58 12 12 10026 
9 58 28 13 10026 
9 58 42 12 10026 
9 59 12 12 10026 
9 59 28 13 10026 
9 59 42 12 10026 
9 59 58 13 10026 
10 0 12 12 10026 
10 0 28 13 10026 
10 0 42 12 10026 
10 0 58 13 10026 
10 1 12 12 10026 
10 1 28 13 10026 
10 1 42 12 10026 
10 1 58 13 10026 
10 2 12 12 10026 
10 2 28 13 10026 
10 2 42 12 10026 
10 2 58 13 10026 
10 3 12 12 10026 
10 3 42 12 10026 
10 3 58 13 10026 
10 4 12 12 10026 
10 4 28 13 10026 
10 4 42 12 10026 
10 4 58 13 10026 
10 5 12 12 10026 
10 5 28 13 10026 
10 5 42 12 10026 
10 5 58 13 10026 
10 6 12 12 10026 
10 6 27 13 10026 
10 6 42 12 10026 
10 6 58 13 10026 
10 7 12 12 10026 
10 7 28 13 10026 
10 7 42 12 10086 
10 7 58 13 10026 
10 8 12 12 10026 
10 8 28 13 10026 
10 8 42 12 10026 
10 8 58 13 10026 
10 9 12 12 10026 
10 9 42 12 10026 
10 9 58 13 10026 
10 10 12 12 10026 
10 10 28 13 10026 
10 13 0 13 10026 
10 13 14 12 10026 
10 13 30 13 10026 
10 13 44 12 10026 
10 14 15 13 10026 
10 14 29 12 10026 
10 14 45 13 10026 
10 14 59 12 10086 
10 15 15 13 10086 
10 15 29 12 10026 
10 15 45 13 10026 
10 15 59 12 10026 
10 16 15 13 10026 
10 16 29 12 10086 
10 16 45 13 10026 
10 16 59 12 10026 
10 17 15 13 10026 
10 17 29 12 10026 
10 17 45 13 10026 
10 17 59 12 10026 
10 18 15 13 10026 
10 18 29 12 10026 
10 18 45 13 10026 
10 18 59 12 10026 
10 19 15 13 10086 
10 19 29 12 10026 
10 19 45 13 10086 
10 19 59 12 10026 
10 20 15 13 10026 
10 20 29 12 10026 
10 20 45 13 10026 
10 20 59 12 10026 
10 21 29 12 10026 
10 21 45 13 10086 
10 21 59 12 10086 
10 22 15 13 10026 
10 22 29 12 10026 
10 22 45 13 10026 
10 22 59 12 10026 
10 23 15 13 10026 
10 23 29 12 10026 
10 23 45 13 10026 
10 23 59 12 10026 
10 24 14 13 10026 
10 24 29 12 10026 
10 24 45 13 10026 
10 24 59 12 10086 
10 25 15 13 10026 
10 25 29 12 10086 
10 25 45 13 10026 
10 25 59 12 10026 
10 26 15 13 10026 
10 26 29 12 10026 
10 26 45 13 10086 
10 26 59 12 10026 
10 27 15 13 10086 
10 27 29 12 10026 
10 30 1 13 10026 
10 30 16 12 10086 
10 30 31 13 10086 
10 30 46 12 10086 
10 31 1 13 10086 
10 31 16 12 10086 
10 31 31 13 10086 
10 31 46 12 10086 
10 32 1 13 10086 
10 32 16 12 10086 
10 32 31 13 10086 
10 32 46 12 10026 
10 33 1 13 10086 
10 33 16 12 10086 
10 33 31 13 10086 
10 33 46 12 10026 
10 34 1 13 10086 
10 34 16 12 10026 
10 34 31 13 10086 
10 34 46 12 10026 
10 35 1 13 10026 
10 35 16 12 10026 
10 35 31 13 10026 
10 35 46 12 10026 
10 36 1 13 10026 
10 36 16 12 10026 
10 36 31 13 10086 
10 36 46 12 10026 
10 37 1 13 10026 
10 37 16 12 10086 
10 37 31 13 10026 
10 37 46 12 10086 
10 38 1 13 10026 
10 38 16 12 10026 
10 38 31 13 10026 
10 38 46 12 10026 
10 39 1 13 10086 
10 39 16 12 10086 
10 39 31 13 10026 
10 39 47 13 10026 
10 40 1 12 10026 
10 40 16 12 10026 
10 40 31 13 10026 
10 40 46 12 10026 
10 41 1 13 10026 
10 41 16 12 10026 
10 41 47 13 10086 
10 42 1 12 10086 
10 42 17 13 10086 
10 42 31 12 10086 
10 42 47 13 10026 
10 43 1 12 10026 
10 43 17 13 10026 
10 43 31 12 10086 
10 43 47 13 10026 
10 44 1 12 10026 
10 44 17 13 10086 
10 44 31 12 10026 
10 47 18 13 10026 
10 47 32 12 10026 
10 47 48 13 10026 
10 48 2 12 10026 
10 48 18 13 10026 
10 48 32 12 10026 
10 48 48 13 10026 
10 49 2 12 10026 
10 49 18 13 10026 
10 49 32 12 10026 
10 49 48 13 10086 
10 50 2 12 10026 
10 50 18 13 10026 
10 50 32 12 10026 
10 50 48 13 10026 
10 51 2 12 10026 
10 51 18 13 10026 
10 51 32 12 10026 
10 51 48 13 10026 
10 52 2 12 10026 
10 52 18 13 10026 
10 52 32 12 10026 
10 52 48 13 10026 
10 53 2 12 10026 
10 53 18 13 10026 
10 53 32 12 10026 
10 53 48 13 10026 
10 54 2 12 10086 
10 54 18 13 10086 
10 54 32 12 10086 
10 54 48 13 10026 
10 55 2 12 10026 
10 55 18 13 10026 
10 55 32 12 10026 
10 55 48 13 10026 
10 56 2 12 10086 
10 56 18 13 10026 
10 56 32 12 10026 
10 56 48 13 10086 
10 57 2 12 10026 
10 57 18 13 10026 
10 57 32 12 10026 
10 57 48 13 10026 
10 58 2 12 10026 
10 58 18 13 10026 
10 58 32 12 10086 
10 58 48 13 10026 
10 59 2 12 10026 
10 59 18 13 10026 
10 59 32 12 10026 
10 59 48 13 10086 
11 0 2 12 10026 
11 0 18 13 10086 
11 0 32 12 10026 
11 0 48 13 10086 
11 1 2 12 10086 
11 1 18 13 10026 
11 1 32 12 10026 
11 4 4 13 10026 
11 4 18 12 10026 
11 4 34 13 10026 
11 4 48 12 10026 
11 5 4 13 10026 
11 5 18 12 10086 
11 5 34 13 10026 
11 5 48 12 10026 
11 6 4 13 10086 
11 6 18 12 10026 
11 6 34 13 10026 
11 6 48 12 10026 
11 7 4 13 10026 
11 7 18 12 10086 
11 7 34 13 10026 
11 7 48 12 10026 
11 8 4 13 10026 
11 8 18 12 10086 
11 8 34 13 10086 
11 8 48 12 10026 
11 9 4 13 10026 
11 9 18 12 10026 
11 9 34 13 10026 
11 9 48 12 10086 
11 10 4 13 10026 
11 10 18 12 10026 
11 10 34 13 10086 
11 10 48 12 10026 
11 11 4 13 10086 
11 11 18 12 10026 
11 11 34 13 10026 
11 11 48 12 10026 
11 12 4 13 10026 
11 12 18 12 10086 
11 12 34 13 10026 
11 12 48 12 10086 
11 13 4 13 10026 
11 13 18 12 10086 
11 13 34 13 10086 
11 13 48 12 10086 
11 14 4 13 10026 
11 14 18 12 10026 
11 14 34 13 10026 
11 14 48 12 10086 
11 15 4 13 10086 
11 15 18 12 10086 
11 15 34 13 10026 
11 15 48 12 10086 
11 16 4 13 10086 
11 16 18 12 10026 
11 16 34 13 10026 
11 16 48 12 10026 
11 17 4 13 10086 
11 17 18 12 10086 
11 17 34 13 10086 
11 17 48 12 10026 
11 18 4 13 10086 
11 18 18 12 10026 
11 18 34 13 10026 
11 21 19 12 10086 
11 21 49 12 10026 
11 22 5 13 10026 
11 22 19 12 10026 
11 22 35 13 10026 
11 22 49 12 10026 
11 23 5 13 10026 
11 23 19 12 10026 
11 23 35 13 10086 
11 23 49 12 10086 
11 24 5 13 10086 
11 24 19 12 10086 
11 24 35 13 10026 
11 24 49 12 10026 
11 25 5 13 10026 
11 25 19 12 10086 
11 25 35 13 10086 
11 25 49 12 10086 
11 26 5 13 10026 
11 26 19 12 10026 
11 26 35 13 10026 
11 26 49 12 10026 
11 27 5 13 10086 
11 27 19 12 10086 
11 27 35 13 10086 
11 27 49 12 10026 
11 28 5 13 10026 
11 28 19 12 10086 
11 28 35 13 10086 
11 28 49 12 10086 
11 29 5 13 10086 
11 29 19 12 10026 
11 29 35 13 10026 
11 29 49 12 10026 
11 30 19 12 10026 
11 30 35 13 10026 
11 30 49 12 10086 
11 31 5 13 10086 
11 31 19 12 10086 
11 31 35 13 10026 
11 31 49 12 10086 
11 32 5 13 10086 
11 32 19 12 10086 
11 32 35 13 10026 
11 32 49 12 10026 
11 33 5 13 10086 
11 33 19 12 10026 
11 33 35 13 10086 
11 33 49 12 10026 
11 34 5 13 10026 
11 34 19 12 10026 
11 34 35 13 10086 
11 35 5 13 10086 
11 35 19 12 10026 
11 35 35 13 10086 
11 38 7 12 10086 
11 38 23 13 10026 
11 38 37 12 10086 
11 38 53 13 10026 
11 39 7 12 10086 
11 39 23 13 10086 
11 39 37 12 10026 
11 39 53 13 10086 
11 40 7 12 10026 
11 40 23 13 10026 
11 40 37 12 10026 
11 40 53 13 10026 
11 41 7 12 10086 
11 41 23 13 10026 
11 41 37 12 10026 
11 41 53 13 10026 
11 42 7 12 10026 
11 42 23 13 10026 
11 42 37 12 10086 
11 42 53 13 10086 
11 43 7 12 10086 
11 43 23 13 10026 
11 43 37 12 10086 
11 43 53 13 10026 
11 44 7 12 10026 
11 44 23 13 10026 
11 44 37 12 10026 
11 44 53 13 10026 
11 45 7 12 10026 
11 45 23 13 10026 
11 45 37 12 10086 
11 45 53 13 10026 
11 46 7 12 10026 
11 46 23 13 10086 
11 46 37 12 10026 
11 46 53 13 10086 
11 47 7 12 10086 
11 47 23 13 10026 
11 47 37 12 10026 
11 47 53 13 10086 
11 48 7 12 10086 
11 48 23 13 10026 
11 48 37 12 10026 
11 49 7 12 10026 
11 49 23 13 10086 
11 49 37 12 10086 
11 49 53 13 10026 
11 50 7 12 10086 
11 50 23 13 10026 
11 50 37 12 10026 
11 50 53 13 10086 
11 51 7 12 10086 
11 51 23 13 10026 
11 51 37 12 10086 
11 51 53 13 10086 
11 52 7 12 10086 
11 52 37 12 10086 
11 55 10 13 10086 
11 55 24 12 10086 
11 55 40 13 10086 
11 55 54 12 10086 
11 56 10 13 10026 
11 56 25 13 10086 
11 56 40 12 10086 
11 56 54 12 10026 
11 57 10 13 10026 
11 57 24 12 10086 
11 57 40 13 10086 
11 57 54 12 10026 
11 58 10 13 10086 
11 58 24 12 10086 
11 58 40 13 10086 
11 58 54 12 10026 
11 59 10 13 10086 
11 59 24 12 10086 
11 59 40 13 10026 
11 59 54 12 10086 
12 0 10 13 10086 
12 0 24 12 10086 
12 0 54 12 10086 
12 1 10 13 10086 
12 1 24 12 10086 
12 1 40 13 10086 
12 1 54 12 10026 
12 2 10 13 10026 
12 2 25 13 10026 
12 2 40 12 10026 
12 2 54 12 10026 
12 3 10 13 10026 
12 3 24 12 10086 
12 3 40 13 10026 
12 3 54 12 10086 
12 4 10 13 10026 
12 4 24 12 10086 
12 4 40 13 10086 
12 4 54 12 10026 
12 5 10 13 10026 
12 5 24 12 10086 
12 5 40 13 10086 
12 5 54 12 10086 
12 6 10 13 10086 
12 6 25 13 10086 
12 6 40 12 10086 
12 6 54 12 10086 
12 7 10 13 10086 
12 7 24 12 10086 
12 7 40 13 10026 
12 7 54 12 10026 
12 8 10 13 10026 
12 8 24 12 10026 
12 8 40 13 10086 
12 8 54 12 10086 
12 9 10 13 10086 
12 9 24 12 10086 
12 9 40 13 10086 
12 12 10 12 10026 
12 12 26 13 10026 
12 12 40 12 10026 
12 12 56 13 10086 
12 13 10 12 10086 
12 13 26 13 10026 
12 13 40 12 10086 
12 13 56 13 10086 
12 14 10 12 10086 
12 14 26 13 10086 
12 14 40 12 10086 
12 14 56 13 10086 
12 15 10 12 10026 
12 15 26 13 10086 
12 15 40 12 10026 
12 15 56 13 10026 
12 16 10 12 10026 
12 16 26 13 10086 
12 16 40 12 10026 
12 16 56 13 10086 
12 17 10 12 10026 
12 17 26 13 10026 
12 17 40 12 10086 
12 17 56 13 10026 
12 18 10 12 10026 
12 18 26 13 10086 
12 18 40 12 10026 
12 18 56 13 10026 
12 19 10 12 10086 
12 19 26 13 10086 
12 19 40 12 10086 
12 19 56 13 10086 
12 20 10 12 10026 
12 20 26 13 10086 
12 20 40 12 10026 
12 20 56 13 10026 
12 21 10 12 10086 
12 21 26 13 10026 
12 21 40 12 10026 
12 21 56 13 10026 
12 22 10 12 10086 
12 22 26 13 10026 
12 22 40 12 10086 
12 22 56 13 10086 
12 23 10 12 10026 
12 23 26 13 10026 
12 23 40 12 10086 
12 24 11 13 10086 
12 24 25 12 10086 
12 24 41 13 10086 
12 24 55 12 10086 
12 25 11 13 10086 
12 25 25 12 10026 
12 25 41 13 10026 
12 25 55 12 10026 
12 26 11 13 10026 
12 26 25 12 10086 
12 26 41 13 10086 
12 29 13 12 10086 
12 29 28 13 10086 
12 29 43 12 10086 
12 29 58 13 10086 
12 30 13 12 10026 
12 30 28 13 10086 
12 30 43 12 10086 
12 30 58 13 10026 
12 31 13 12 10026 
12 31 28 13 10026 
12 31 43 12 10086 
12 31 58 13 10086 
12 32 13 12 10086 
12 32 28 13 10086 
12 32 43 12 10026 
12 32 58 13 10086 
12 33 13 12 10086 
12 33 28 13 10086 
12 33 43 12 10086 
12 33 58 13 10086 
12 34 13 12 10026 
12 34 28 13 10026 
12 34 43 12 10086 
12 34 58 13 10086 
12 35 13 12 10086 
12 35 28 13 10086 
12 35 43 12 10026 
12 35 58 13 10086 
12 36 13 12 10026 
12 36 28 13 10086 
12 36 43 12 10086 
12 36 58 13 10026 
12 37 13 12 10086 
12 37 28 13 10026 
12 37 43 12 10026 
12 37 58 13 10026 
12 38 13 12 10026 
12 38 28 13 10086 
12 38 43 12 10026 
12 38 58 13 10086 
12 39 28 13 10086 
12 39 43 12 10026 
12 39 58 13 10086 
12 40 13 12 10086 
12 40 28 13 10086 
12 40 43 12 10086 
12 40 58 13 10026 
12 41 13 12 10086 
12 41 28 13 10086 
12 41 43 12 10026 
12 41 58 13 10086 
12 42 13 12 10086 
12 42 28 13 10086 
12 42 43 12 10026 
12 42 58 13 10026 
12 43 13 12 10086 
12 43 28 13 10026 
12 43 43 12 10086 
12 46 13 12 10086 
12 46 29 13 10086 
12 46 43 12 10086 
12 46 59 13 10086 
12 47 13 12 10086 
12 47 29 13 10086 
12 47 43 12 10086 
12 47 59 13 10026 
12 48 15 13 10026 
12 48 29 12 10086 
12 48 43 12 10086 
12 48 59 13 10026 
12 49 13 12 10086 
12 49 29 13 10086 
12 49 43 12 10086 
12 49 59 13 10086 
12 50 13 12 10086 
12 50 29 13 10086 
12 50 43 12 10086 
12 50 59 13 10086 
12 51 13 12 10026 
12 51 29 13 10086 
12 51 43 12 10086 
12 51 59 13 10026 
12 52 13 12 10086 
12 52 29 13 10026 
12 52 43 12 10026 
12 52 59 13 10086 
12 53 13 12 10026 
12 53 29 13 10026 
12 53 43 12 10086 
12 53 59 13 10086 
12 54 13 12 10086 
12 54 29 13 10026 
12 54 43 12 10026 
12 54 59 13 10086 
12 55 13 12 10026 
12 55 29 13 10086 
12 55 43 12 10086 
12 55 59 13 10086 
12 56 13 12 10026 
12 56 29 13 10086 
12 56 43 12 10026 
12 56 59 13 10086 
12 57 13 12 10086 
12 57 29 13 10086 
12 57 43 12 10026 
12 58 13 12 10026 
12 58 29 13 10026 
12 58 45 13 10086 
12 58 59 12 10026 
12 59 13 12 10086 
12 59 29 13 10086 
12 59 43 12 10086 
12 59 59 13 10026 
13 0 13 12 10086 
13 0 29 13 10086 
13 0 43 12 10026 
13 3 15 13 10026 
13 3 30 12 10086 
13 3 45 13 10026 
13 4 0 12 10026 
13 4 15 13 10086 
13 4 30 12 10086 
13 4 45 13 10086 
13 5 0 12 10026 
13 5 15 13 10086 
13 5 30 12 10086 
13 5 45 13 10086 
13 6 0 12 10086 
13 6 15 13 10026 
13 6 30 12 10026 
13 6 45 13 10086 
13 7 0 12 10086 
13 7 15 13 10086 
13 7 30 12 10086 
13 7 45 13 10026 
13 8 0 12 10086 
13 8 15 13 10086 
13 8 30 12 10086 
13 8 45 13 10086 
13 9 0 12 10026 
13 9 15 13 10086 
13 9 30 12 10086 
13 9 45 13 10086 
13 10 0 12 10086 
13 10 15 13 10086 
13 10 30 12 10026 
13 10 45 13 10086 
13 11 0 12 10086 
13 11 15 13 10086 
13 11 30 12 10026 
13 11 45 13 10086 
13 12 0 12 10086 
13 12 15 13 10086 
13 12 30 12 10026 
13 12 45 13 10086 
13 13 0 12 10086 
13 13 15 13 10086 
13 13 30 12 10086 
13 13 45 13 10086 
13 14 0 12 10086 
13 14 15 13 10086 
13 14 30 12 10026 
13 14 45 13 10086 
13 15 0 12 10086 
13 15 15 13 10026 
13 15 30 12 10026 
13 15 45 13 10026 
13 16 0 12 10086 
13 16 15 13 10086 
13 16 30 12 10026 
13 16 45 13 10086 
13 17 0 12 10086 
13 17 15 13 10086 
13 17 30 12 10086 
13 17 45 13 10026 
13 20 16 13 10026 
13 20 31 12 10086 
13 20 46 13 10086 
13 21 1 12 10086 
13 21 16 13 10026 
13 21 31 12 10086 
13 21 46 13 10086 
13 22 1 12 10086 
13 22 16 13 10026 
13 22 31 12 10086 
13 22 46 13 10086 
13 23 1 12 10086 
13 23 16 13 10026 
13 23 31 12 10086 
13 23 46 13 10026 
13 24 1 12 10026 
13 24 16 13 10086 
13 24 31 12 10086 
13 24 46 13 10026 
13 25 1 12 10026 
13 25 16 13 10026 
13 25 31 12 10086 
13 26 1 13 10086 
13 26 16 12 10086 
13 26 31 13 10026 
13 26 46 12 10026 
13 27 1 13 10026 
13 27 16 12 10026 
13 27 31 13 10086 
13 27 46 12 10026 
13 28 1 13 10086 
13 28 16 12 10086 
13 28 31 13 10086 
13 28 46 12 10026 
13 29 1 13 10086 
13 29 16 12 10086 
13 29 31 13 10026 
13 29 46 12 10086 
13 30 1 13 10086 
13 30 16 12 10026 
13 30 31 13 10086 
13 30 46 12 10086 
13 31 1 13 10086 
13 31 16 12 10086 
13 31 31 13 10026 
13 31 46 12 10086 
13 32 1 13 10026 
13 32 16 12 10026 
13 32 31 13 10086 
13 32 46 12 10086 
13 33 1 13 10086 
13 33 16 12 10086 
13 33 31 13 10086 
13 33 46 12 10086 
13 34 1 13 10086 
13 34 16 12 10086 
13 34 31 13 10026 
13 34 46 12 10086 
13 37 18 13 10086 
13 37 32 12 10086 
13 37 48 13 10086 
13 38 2 12 10026 
13 38 18 13 10086 
13 38 32 12 10086 
13 38 48 13 10086 
13 39 2 12 10086 
13 39 18 13 10086 
13 39 32 12 10086 
13 39 48 13 10086 
13 40 2 12 10086 
13 40 18 13 10086 
13 40 32 12 10086 
13 40 48 13 10086 
13 41 2 12 10026 
13 41 18 13 10086 
13 41 32 12 10026 
13 41 48 13 10086 
13 42 2 12 10086 
13 42 18 13 10086 
13 42 32 12 10086 
13 42 48 13 10086 
13 43 2 12 10086 
13 43 18 13 10086 
13 43 32 12 10086 
13 43 48 13 10086 
13 44 2 12 10086 
13 44 18 13 10086 
13 44 32 12 10026 
13 44 48 13 10026 
13 45 2 12 10086 
13 45 18 13 10026 
13 45 32 12 10026 
13 45 48 13 10086 
13 46 2 12 10086 
13 46 18 13 10086 
13 46 32 12 10026 
13 46 48 13 10086 
13 47 2 12 10086 
13 47 18 13 10026 
13 47 32 12 10026 
13 47 48 13 10086 
13 48 2 12 10086 
13 48 18 13 10026 
13 48 32 12 10086 
13 48 48 13 10086 
13 49 2 12 10086 
13 49 18 13 10086 
13 49 32 12 10086 
13 49 48 13 10086 
13 50 2 12 10086 
13 50 18 13 10086 
13 50 32 12 10086 
13 50 48 13 10086 
13 51 2 12 10086 
13 51 18 13 10086 
13 51 32 12 10086 
13 51 48 13 10086 
13 54 18 13 10026 
13 54 32 12 10086 
13 54 48 13 10026 
13 55 2 12 10026 
13 55 18 13 10086 
13 55 32 12 10086 
13 55 48 13 10086 
13 56 2 12 10086 
13 56 18 13 10086 
13 56 32 12 10026 
13 56 48 13 10086 
13 57 2 12 10026 
13 57 18 13 10086 
13 57 32 12 10086 

/> 