ls

ls
<CR>Bad command!

/> 
ls
ls
<CR>
         TIME          Size       File name 
----A 2021/08/20 12:22      8640  0820
----A 2021/08/20 07:43    128000  08200728
----A 2021/08/20 08:02    128000  08200745
----A 2021/08/20 08:19    128000  08200802
----A 2021/08/20 08:34    128000  08200819
----A 2021/08/20 08:51    128000  08200836
----A 2021/08/20 09:10    128000  08200853
----A 2021/08/20 09:27    128000  08200910
----A 2021/08/20 09:42    128000  08200927
----A 2021/08/20 09:59    128000  08200944
----A 2021/08/20 10:18    128000  08201001
----A 2021/08/20 10:35    128000  08201018
----A 2021/08/20 10:50    128000  08201035
----A 2021/08/20 11:07    128000  08201052
----A 2021/08/20 11:26    128000  08201109
----A 2021/08/20 11:43    128000  08201126
----A 2021/08/20 11:58    128000  08201143
----A 2021/08/20 12:15    128000  08201200
----A 2021/08/20 12:19      2560  08201217
----A 2021/08/21 10:03      4960  0821
----A 2021/08/21 07:31    128000  08210714
----A 2021/08/21 07:47    128640  08210731
----A 2021/08/21 08:04    128640  08210748
----A 2021/08/21 08:21    133120  08210805
----A 2021/08/21 08:38    134400  08210823
----A 2021/08/21 08:55    129280  08210840
----A 2021/08/21 09:12    129280  08210857
----A 2021/08/21 09:29    129920  08210914
----A 2021/08/21 09:47    128640  08210931
----A 2021/08/21 10:03     66560  08210948

  30 File(s),   3428640 bytes total
   0 Dir(s),     997088K bytes free

/> 
read 0821
read 0821
<CR>Time:2021/08/21 10:03
Hours Minutes Seconds  Nb_Samples    Aver. Current 
6 58 41 13 5833 
6 58 56 12 6987 
6 59 11 13 8263 
6 59 26 12 8993 
6 59 41 13 9296 
6 59 56 12 9722 
7 0 11 13 9904 
7 0 26 12 10026 
7 0 41 13 10026 
7 0 56 12 10026 
7 1 11 13 10026 
7 1 26 12 10026 
7 1 41 13 10026 
7 1 56 12 10026 
7 2 11 13 10026 
7 2 26 12 10026 
7 2 41 13 10026 
7 2 56 12 10026 
7 3 11 13 10026 
7 3 26 12 10026 
7 3 41 13 10026 
7 3 56 12 10026 
7 4 11 13 10026 
7 4 26 12 10026 
7 4 41 13 10026 
7 4 56 12 10026 
7 5 11 13 10026 
7 5 26 12 10026 
7 5 41 13 10026 
7 5 56 12 10026 
7 6 11 13 10026 
7 6 26 12 10026 
7 6 41 13 10026 
7 6 56 12 10026 
7 7 11 13 10026 
7 7 26 12 10026 
7 7 41 13 10026 
7 7 56 12 10026 
7 8 11 13 10026 
7 8 26 12 10026 
7 8 41 13 10026 
7 8 56 12 10026 
7 9 11 13 10026 
7 9 26 12 10026 
7 9 41 13 10026 
7 9 56 12 10026 
7 10 11 13 10026 
7 10 26 12 10026 
7 10 41 13 10026 
7 10 56 12 10026 
7 11 11 13 10026 
7 11 26 12 10026 
7 11 41 13 10026 
7 11 56 12 10026 
7 12 11 13 10026 
7 12 26 12 10026 
7 12 41 13 10026 
7 12 56 12 10026 
7 15 27 13 10026 
7 15 42 12 10026 
7 15 57 13 10026 
7 16 12 12 10026 
7 16 27 13 10026 
7 16 42 12 10026 
7 16 57 13 10026 
7 17 12 12 10026 
7 17 27 13 10026 
7 17 42 12 10026 
7 17 57 13 10026 
7 18 12 12 10026 
7 18 27 13 10026 
7 18 42 12 10026 
7 18 57 13 10026 
7 19 12 12 9965 
7 19 27 13 10026 
7 19 42 12 10026 
7 19 57 13 10026 
7 20 12 12 10026 
7 20 27 13 10026 
7 20 42 12 10026 
7 20 57 13 10026 
7 21 12 12 10026 
7 21 27 13 10026 
7 21 42 12 10026 
7 21 57 13 10026 
7 22 12 12 10026 
7 22 27 13 10026 
7 22 42 12 10026 
7 22 57 13 10026 
7 23 12 12 10026 
7 23 27 13 9965 
7 23 42 12 10026 
7 23 57 13 10026 
7 24 12 12 10026 
7 24 27 13 10026 
7 24 42 12 10026 
7 24 57 13 10026 
7 25 12 12 10026 
7 25 27 13 10026 
7 25 42 12 10026 
7 25 57 13 10026 
7 26 12 12 9965 
7 26 27 13 10026 
7 26 42 12 10026 
7 26 57 13 10026 
7 27 12 12 10026 
7 27 27 13 10026 
7 27 42 12 10026 
7 27 57 13 10026 
7 28 12 12 10026 
7 28 27 13 10026 
7 28 42 12 10026 
7 28 57 13 10026 
7 29 12 12 10026 
7 29 27 13 10026 
7 29 42 12 10026 
7 29 57 13 9965 
7 32 29 13 10026 
7 32 43 12 10026 
7 32 59 13 10026 
7 33 13 12 10026 
7 33 29 13 10026 
7 33 43 12 10026 
7 33 59 13 10026 
7 34 13 12 10026 
7 34 29 13 10026 
7 34 43 12 9965 
7 34 59 13 9965 
7 35 13 12 10026 
7 35 29 13 10026 
7 35 43 12 10026 
7 35 59 13 10026 
7 36 13 12 10026 
7 36 29 13 10026 
7 36 43 12 10026 
7 36 59 13 10026 
7 37 13 12 10026 
7 37 29 13 10026 
7 37 43 12 10026 
7 37 59 13 10026 
7 38 13 12 10026 
7 38 29 13 10026 
7 38 43 12 10026 
7 38 59 13 10026 
7 39 13 12 10026 
7 39 29 13 10026 
7 39 43 12 10026 
7 39 59 13 10026 
7 40 13 12 10026 
7 40 29 13 10026 
7 40 43 12 10026 
7 40 59 13 10026 
7 41 13 12 10026 
7 41 29 13 10026 
7 41 43 12 10026 
7 41 59 13 10026 
7 42 13 12 10026 
7 42 29 13 10026 
7 42 43 12 10026 
7 42 58 13 10026 
7 43 13 12 10026 
7 43 29 13 10026 
7 43 43 12 10026 
7 43 59 13 10026 
7 44 13 12 10026 
7 44 29 13 10026 
7 44 43 12 10026 
7 44 58 13 10026 
7 45 13 12 10026 
7 45 29 13 9965 
7 45 43 12 10026 
7 45 59 13 9965 
7 46 13 12 10026 
7 46 44 13 10026 
7 46 58 12 10026 
7 49 30 13 10026 
7 49 44 12 9965 
7 50 0 13 10026 
7 50 14 12 10026 
7 50 30 13 10026 
7 50 44 12 10026 
7 51 0 13 10026 
7 51 14 12 10026 
7 51 30 13 9965 
7 51 44 12 10026 
7 52 0 13 10026 
7 52 14 12 10026 
7 52 30 13 10026 
7 52 44 12 10026 
7 53 0 13 10026 
7 53 14 12 10026 
7 53 30 13 9965 
7 53 44 12 10026 
7 54 0 13 10026 
7 54 14 12 10026 
7 54 30 13 10026 
7 54 44 12 10026 
7 55 0 13 9965 
7 55 14 12 10026 
7 55 30 13 10026 
7 55 44 12 10026 
7 56 0 13 10026 
7 56 14 12 10026 
7 56 30 13 10026 
7 56 44 12 10026 
7 57 0 13 10026 
7 57 14 12 9965 
7 57 30 13 10026 
7 57 44 12 10026 
7 58 0 13 10026 
7 58 14 12 10026 
7 58 30 13 9965 
7 58 44 12 10026 
7 59 0 13 10026 
7 59 14 12 10026 
7 59 30 13 9965 
7 59 44 12 10026 
8 0 0 13 9965 
8 0 14 12 10026 
8 0 30 13 10026 
8 0 44 12 10026 
8 1 0 13 10026 
8 1 14 12 10026 
8 1 30 13 10026 
8 1 44 12 10026 
8 2 0 13 9965 
8 2 14 12 10026 
8 2 45 13 10026 
8 2 59 12 10026 
8 3 15 13 9965 
8 3 29 12 10026 
8 3 45 13 10026 
8 3 59 12 9965 
8 6 45 12 10026 
8 7 0 13 10026 
8 7 30 13 10026 
8 7 46 13 10026 
8 8 0 12 10026 
8 8 16 13 10026 
8 8 30 12 10026 
8 8 46 13 10026 
8 9 0 12 10026 
8 9 16 13 9965 
8 9 30 12 10026 
8 9 46 13 10026 
8 10 0 12 10026 
8 10 16 13 9965 
8 10 30 12 10026 
8 10 46 13 9965 
8 11 0 12 10026 
8 11 16 13 10026 
8 11 30 12 9965 
8 11 46 13 9965 
8 12 16 13 9965 
8 12 30 12 10026 
8 12 46 13 9965 
8 13 16 13 9965 
8 13 30 12 10026 
8 13 46 13 9965 
8 14 0 12 10026 
8 14 16 13 10026 
8 15 0 12 9965 
8 15 30 12 9965 
8 15 46 13 10026 
8 16 0 12 9965 
8 16 16 13 10026 
8 16 30 12 9965 
8 16 46 13 10026 
8 17 0 12 10026 
8 17 16 13 9965 
8 17 30 12 10026 
8 17 46 13 10026 
8 18 0 12 10026 
8 18 16 13 10026 
8 18 30 12 10026 
8 18 46 13 10026 
8 19 0 12 9965 
8 19 16 13 10026 
8 19 30 12 10026 
8 19 46 13 10026 
8 20 0 12 10026 
8 20 16 13 9965 
8 20 46 13 9965 
8 21 0 12 10026 
8 23 35 12 10026 
8 23 51 13 9965 
8 24 21 13 9965 
8 24 35 12 10026 
8 24 51 13 9965 
8 25 5 12 9965 
8 25 51 13 9965 
8 26 5 12 9965 
8 26 36 13 9965 
8 26 50 12 10026 
8 27 6 13 9965 
8 27 20 12 9965 
8 27 36 13 10026 
8 27 50 12 9965 
8 28 6 13 10026 
8 28 36 13 10026 
8 28 50 12 9965 
8 29 6 13 9965 
8 29 20 12 9965 
8 29 36 13 9965 
8 29 50 12 9965 
8 30 6 13 9965 
8 30 20 12 9965 
8 30 36 13 9965 
8 30 50 12 9965 
8 31 6 13 9965 
8 31 20 12 9965 
8 31 36 13 9965 
8 31 50 12 9965 
8 32 6 13 10026 
8 32 20 12 9965 
8 32 36 13 9965 
8 32 50 12 9965 
8 33 6 13 9965 
8 33 20 12 9965 
8 33 36 13 9965 
8 33 50 12 9965 
8 34 6 13 9965 
8 34 20 12 9965 
8 35 5 12 9965 
8 35 21 13 9965 
8 35 35 12 9965 
8 35 51 13 9965 
8 36 21 13 9965 
8 36 35 12 9965 
8 36 51 13 9965 
8 37 5 12 9965 
8 37 35 12 9965 
8 38 5 12 10026 
8 40 41 12 9965 
8 41 27 13 9965 
8 41 41 12 9965 
8 41 57 13 9965 
8 42 11 12 10026 
8 42 27 13 9965 
8 42 41 12 9965 
8 42 57 13 9965 
8 43 11 12 9965 
8 43 27 13 9965 
8 43 41 12 10026 
8 43 57 13 9965 
8 44 11 12 9965 
8 44 27 13 9965 
8 44 41 12 9965 
8 44 57 13 9965 
8 45 11 12 9965 
8 45 27 13 9965 
8 45 41 12 9965 
8 45 57 13 9965 
8 46 11 12 9965 
8 46 27 13 9965 
8 46 41 12 9965 
8 46 57 13 9965 
8 47 11 12 9965 
8 47 27 13 9965 
8 47 41 12 9965 
8 47 57 13 9965 
8 48 11 12 9965 
8 48 27 13 9965 
8 48 41 12 9965 
8 48 57 13 9965 
8 49 11 12 9965 
8 49 27 13 9965 
8 49 41 12 9965 
8 49 57 13 9965 
8 50 11 12 9965 
8 50 27 13 10026 
8 50 41 12 10026 
8 50 57 13 9965 
8 51 11 12 9965 
8 51 27 13 9965 
8 51 41 12 10026 
8 51 57 13 9965 
8 52 11 12 9965 
8 52 27 13 9965 
8 52 41 12 9965 
8 52 57 13 9965 
8 53 11 12 9965 
8 53 27 13 10026 
8 53 41 12 9965 
8 53 57 13 9965 
8 54 11 12 9965 
8 54 27 13 10026 
8 54 41 12 10026 
8 54 57 13 9965 
8 55 11 12 9965 
8 57 42 12 9965 
8 57 58 13 9965 
8 58 12 12 9965 
8 58 28 13 9965 
8 58 42 12 10026 
8 58 58 13 9965 
8 59 12 12 9965 
8 59 28 13 9965 
8 59 42 12 9965 
8 59 58 13 9965 
9 0 12 12 9965 
9 0 28 13 9965 
9 0 42 12 9965 
9 0 58 13 9965 
9 1 12 12 10026 
9 1 28 13 9965 
9 1 42 12 9965 
9 1 58 13 9965 
9 2 12 12 9965 
9 2 28 13 9965 
9 2 58 13 9965 
9 3 12 12 9965 
9 3 28 13 9965 
9 3 42 12 10026 
9 3 58 13 9965 
9 4 12 12 9965 
9 4 28 13 10026 
9 4 42 12 10026 
9 4 58 13 9965 
9 5 12 12 9965 
9 5 28 13 9965 
9 5 42 12 9965 
9 6 12 12 9965 
9 6 28 13 9965 
9 6 42 12 9965 
9 6 58 13 9965 
9 7 12 12 10026 
9 7 28 13 9965 
9 7 42 12 9965 
9 7 58 13 10026 
9 8 12 12 9965 
9 8 28 13 9965 
9 8 42 12 9965 
9 8 58 13 9965 
9 9 12 12 9965 
9 9 28 13 9965 
9 9 42 12 9965 
9 9 58 13 9965 
9 10 12 12 9965 
9 10 28 13 9965 
9 10 42 12 9965 
9 10 58 13 9965 
9 11 12 12 9965 
9 11 28 13 9965 
9 11 42 12 9965 
9 11 58 13 9965 
9 12 12 12 9965 
9 14 45 13 9965 
9 14 59 12 9965 
9 15 15 13 9965 
9 15 29 12 9965 
9 15 45 13 9965 
9 16 0 13 9965 
9 16 15 12 9965 
9 16 30 13 9965 
9 17 15 13 9965 
9 17 30 13 9965 
9 17 45 12 9965 
9 17 59 12 9904 
9 18 15 13 9965 
9 18 29 12 9965 
9 18 45 13 9965 
9 19 0 13 9965 
9 19 15 12 9965 
9 19 29 12 10026 
9 19 45 13 9965 
9 20 0 13 9965 
9 20 15 12 9965 
9 20 30 13 9965 
9 20 45 12 9965 
9 20 59 12 9965 
9 21 15 13 9965 
9 21 29 12 9965 
9 21 45 13 9965 
9 22 0 13 9965 
9 22 15 12 9965 
9 22 30 13 9965 
9 22 59 12 9965 
9 23 15 13 9965 
9 23 29 12 9965 
9 23 45 13 9965 
9 23 59 12 9965 
9 24 15 13 10026 
9 24 30 13 9965 
9 24 45 12 9965 
9 24 59 12 9965 
9 25 15 13 9965 
9 25 29 12 9965 
9 25 45 13 9965 
9 25 59 12 9965 
9 26 15 13 9965 
9 26 30 13 9965 
9 26 45 12 9965 
9 27 0 13 9965 
9 27 15 12 9965 
9 27 30 13 9965 
9 27 45 12 9965 
9 28 0 13 9965 
9 28 15 12 9965 
9 28 29 12 9965 
9 28 45 13 9965 
9 29 0 13 9965 
9 29 15 12 9965 
9 31 48 13 9965 
9 32 3 13 9965 
9 32 18 12 9904 
9 32 33 13 9904 
9 32 48 12 9965 
9 33 3 13 9965 
9 33 18 12 9965 
9 33 33 13 9965 
9 33 48 12 9965 
9 34 2 12 9965 
9 34 18 13 9965 
9 34 48 13 9965 
9 35 3 12 9965 
9 35 17 12 9965 
9 35 33 13 9965 
9 35 48 13 9965 
9 36 3 12 9965 
9 36 18 13 9965 
9 36 33 12 9965 
9 36 48 13 9965 
9 37 3 12 9965 
9 37 18 13 9965 
9 37 33 12 9965 
9 37 48 13 9904 
9 38 3 12 9965 
9 38 18 13 9965 
9 38 33 12 9965 
9 38 48 13 10026 
9 39 3 12 9965 
9 39 18 13 9965 
9 39 33 12 9965 
9 39 48 13 9965 
9 40 3 12 9965 
9 40 18 13 9965 
9 40 33 12 9965 
9 40 48 13 9965 
9 41 3 12 9965 
9 41 18 13 9965 
9 41 33 12 9965 
9 41 48 13 9965 
9 42 3 12 9965 
9 42 18 13 9965 
9 42 33 12 9965 
9 42 48 13 9965 
9 43 3 12 9965 
9 43 18 13 9965 
9 43 33 12 9965 
9 43 48 13 9965 
9 44 3 12 9965 
9 44 18 13 10026 
9 44 33 12 9965 
9 44 48 13 9965 
9 45 3 12 9965 
9 45 18 13 9965 
9 45 33 12 10026 
9 45 48 13 9965 
9 46 3 12 9965 
9 46 18 13 9965 
9 48 49 12 9965 
9 49 5 13 9965 
9 49 19 12 9965 
9 49 33 12 9965 
9 49 49 13 9965 
9 50 5 13 9965 
9 50 19 12 9965 
9 50 35 13 9965 
9 50 49 12 9965 
9 51 3 12 9965 
9 51 19 13 9965 
9 51 35 13 9965 
9 51 49 12 9965 
9 52 3 12 9965 
9 52 19 13 9965 
9 52 33 12 9965 
9 52 49 13 9965 
9 53 3 12 9965 
9 53 19 13 9965 
9 53 33 12 9965 
9 53 49 13 10026 
9 54 5 13 9965 
9 54 19 12 9965 
9 54 33 12 9904 
9 54 49 13 9965 
9 55 3 12 9965 
9 55 19 13 9965 
9 55 33 12 9965 
9 55 49 13 9965 
9 56 3 12 9965 
9 56 19 13 9965 
9 56 33 12 9965 
9 56 49 13 9965 
9 57 4 13 9965 
9 57 19 12 9965 
9 57 33 12 9965 
9 57 49 13 9965 
9 58 4 13 9965 
9 58 19 12 9965 
9 58 35 13 9965 
9 58 49 12 9965 
9 59 3 12 9965 
9 59 19 13 9965 
9 59 33 12 9965 
9 59 49 13 9965 
10 0 5 13 9965 
10 0 19 12 9965 
10 0 33 12 9965 
10 0 49 13 9965 
10 1 5 13 9965 
10 1 19 12 9965 
10 1 35 13 9965 
10 1 49 12 9965 
10 2 5 13 9965 
10 2 19 12 9965 
10 2 33 12 9965 
10 2 49 13 9965 
10 3 5 13 9965 
10 3 19 12 9965 

/> 