ls
ls
<CR>
         TIME          Size       File name 
----A 2021/08/20 12:22      8640  0820
----A 2021/08/20 07:43    128000  08200728
----A 2021/08/20 08:02    128000  08200745
----A 2021/08/20 08:19    128000  08200802
----A 2021/08/20 08:34    128000  08200819
----A 2021/08/20 08:51    128000  08200836
----A 2021/08/20 09:10    128000  08200853
----A 2021/08/20 09:27    128000  08200910
----A 2021/08/20 09:42    128000  08200927
----A 2021/08/20 09:59    128000  08200944
----A 2021/08/20 10:18    128000  08201001
----A 2021/08/20 10:35    128000  08201018
----A 2021/08/20 10:50    128000  08201035
----A 2021/08/20 11:07    128000  08201052
----A 2021/08/20 11:26    128000  08201109
----A 2021/08/20 11:43    128000  08201126
----A 2021/08/20 11:58    128000  08201143
----A 2021/08/20 12:15    128000  08201200
----A 2021/08/20 12:19      2560  08201217
----A 2021/08/21 10:03      4960  0821
----A 2021/08/21 07:31    128000  08210714
----A 2021/08/21 07:47    128640  08210731
----A 2021/08/21 08:04    128640  08210748
----A 2021/08/21 08:21    133120  08210805
----A 2021/08/21 08:38    134400  08210823
----A 2021/08/21 08:55    129280  08210840
----A 2021/08/21 09:12    129280  08210857
----A 2021/08/21 09:29    129920  08210914
----A 2021/08/21 09:47    128640  08210931
----A 2021/08/21 10:03     66560  08210948
----A 2021/08/23 13:06      8408  0823
----A 2021/08/23 08:35    128000  08230820
----A 2021/08/23 08:52    128000  08230837
----A 2021/08/23 09:09    128000  08230854
----A 2021/08/23 09:26    128000  08230911
----A 2021/08/23 09:43    128000  08230928
----A 2021/08/23 10:00    128000  08230945
----A 2021/08/23 10:17    128000  08231002
----A 2021/08/23 10:34    128000  08231019
----A 2021/08/23 10:51    128000  08231036
----A 2021/08/23 11:08    128000  08231053
----A 2021/08/23 11:25    128000  08231110
----A 2021/08/23 11:42    128000  08231127
----A 2021/08/23 11:59    128000  08231144
----A 2021/08/23 12:16    128000  08231201
----A 2021/08/23 12:33    128000  08231218
----A 2021/08/23 12:50    128000  08231235
----A 2021/08/23 12:52      2560  08231252

  48 File(s),   5487608 bytes total
   0 Dir(s),     995008K bytes free

/> 
read 0823

read 0823
<CR>Time:2021/08/23 12:52
Hours Minutes Seconds  Nb_Samples    Aver. Current 
8 3 52 13 5225 
8 4 6 12 6076 
8 4 22 13 7170 
8 4 36 12 8324 
8 4 52 13 8689 
8 5 6 12 9479 
8 5 22 13 9479 
8 5 36 12 9479 
8 5 52 13 9661 
8 6 6 12 9843 
8 6 22 13 10026 
8 6 36 12 10026 
8 6 52 13 10026 
8 7 6 12 10026 
8 7 22 13 10026 
8 7 36 12 10026 
8 7 52 13 10026 
8 8 6 12 10026 
8 8 22 13 10026 
8 8 36 12 10026 
8 8 52 13 10026 
8 9 6 12 10026 
8 9 22 13 10026 
8 9 36 12 10026 
8 9 52 13 10026 
8 10 6 12 10026 
8 10 22 13 10026 
8 10 36 12 10026 
8 10 52 13 10026 
8 11 6 12 10026 
8 11 22 13 10026 
8 11 36 12 10026 
8 11 52 13 10026 
8 12 6 12 10026 
8 12 22 13 10026 
8 12 36 12 10026 
8 12 52 13 10026 
8 13 6 12 10026 
8 13 22 13 10026 
8 13 36 12 10026 
8 13 52 13 10026 
8 14 6 12 10026 
8 14 22 13 10026 
8 14 36 12 10026 
8 14 52 13 10026 
8 15 6 12 10026 
8 15 22 13 10026 
8 15 36 12 10026 
8 15 52 13 10026 
8 16 6 12 10026 
8 16 22 13 10026 
8 16 36 12 10026 
8 16 52 13 10026 
8 17 6 12 10026 
8 17 22 13 10026 
8 17 36 12 10026 
8 17 52 13 10026 
8 18 6 12 10026 
8 20 38 13 10026 
8 20 53 12 10026 
8 21 8 13 10026 
8 21 23 12 10026 
8 21 38 13 10026 
8 21 53 12 10026 
8 22 8 13 10026 
8 22 23 12 10026 
8 22 38 13 10026 
8 22 53 12 10026 
8 23 8 13 10026 
8 23 23 12 10026 
8 23 38 13 10026 
8 23 53 12 10026 
8 24 8 13 10026 
8 24 23 12 10026 
8 24 38 13 10026 
8 24 53 12 10026 
8 25 8 13 10026 
8 25 23 12 10026 
8 25 38 13 10026 
8 25 53 12 10026 
8 26 8 13 10026 
8 26 23 12 10026 
8 26 38 13 10026 
8 26 53 12 10026 
8 27 8 13 10026 
8 27 23 12 10026 
8 27 38 13 10026 
8 27 53 12 10026 
8 28 8 13 10026 
8 28 23 12 10026 
8 28 38 13 10026 
8 28 53 12 10026 
8 29 8 13 10026 
8 29 23 12 10026 
8 29 38 13 10026 
8 29 53 12 10026 
8 30 8 13 10026 
8 30 23 12 10026 
8 30 38 13 10026 
8 30 53 12 10026 
8 31 8 13 10026 
8 31 23 12 10026 
8 31 38 13 10026 
8 31 53 12 10026 
8 32 8 13 10026 
8 32 23 12 10026 
8 32 38 13 10026 
8 32 53 12 10026 
8 33 8 13 10026 
8 33 23 12 10026 
8 33 38 13 10026 
8 33 53 12 10026 
8 34 8 13 10026 
8 34 23 12 10026 
8 34 38 13 10026 
8 34 53 12 10026 
8 35 8 13 10026 
8 37 38 13 10026 
8 37 53 12 10026 
8 38 8 13 10026 
8 38 23 12 10026 
8 38 38 13 10026 
8 38 53 12 10026 
8 39 8 13 10026 
8 39 23 12 10026 
8 39 38 13 10026 
8 39 53 12 10026 
8 40 8 13 10026 
8 40 23 12 10026 
8 40 38 13 10026 
8 40 53 12 10026 
8 41 8 13 10026 
8 41 23 12 10026 
8 41 38 13 10026 
8 41 53 12 10026 
8 42 8 13 10026 
8 42 23 12 10026 
8 42 38 13 10026 
8 42 53 12 10026 
8 43 8 13 10026 
8 43 23 12 10026 
8 43 38 13 10026 
8 43 53 12 10026 
8 44 8 13 10026 
8 44 23 12 10026 
8 44 38 13 10026 
8 44 53 12 10026 
8 45 8 13 10026 
8 45 23 12 10026 
8 45 38 13 10026 
8 45 53 12 10026 
8 46 8 13 10026 
8 46 23 12 10026 
8 46 38 13 10026 
8 46 53 12 10026 
8 47 8 13 10026 
8 47 23 12 10026 
8 47 38 13 10026 
8 47 53 12 10026 
8 48 8 13 10026 
8 48 23 12 10026 
8 48 38 13 10026 
8 48 53 12 10026 
8 49 8 13 10026 
8 49 23 12 10026 
8 49 38 13 10026 
8 49 53 12 10026 
8 50 8 13 10026 
8 50 23 12 10026 
8 50 38 13 10026 
8 50 53 12 10026 
8 51 8 13 10026 
8 51 23 12 10026 
8 51 38 13 10026 
8 51 53 12 10026 
8 52 8 13 10026 
8 54 39 13 10026 
8 54 54 12 10026 
8 55 9 13 10026 
8 55 24 12 10026 
8 55 39 13 10026 
8 55 54 12 10026 
8 56 9 13 10026 
8 56 24 12 10026 
8 56 39 13 10026 
8 56 54 12 10026 
8 57 9 13 10026 
8 57 24 12 10026 
8 57 39 13 10026 
8 57 54 12 10026 
8 58 9 13 10026 
8 58 24 12 10026 
8 58 39 13 10026 
8 58 54 12 10026 
8 59 9 13 10026 
8 59 24 12 10026 
8 59 39 13 10026 
8 59 54 12 10026 
9 0 9 13 10026 
9 0 24 12 10026 
9 0 39 13 10026 
9 0 54 12 10026 
9 1 9 13 10026 
9 1 24 12 10026 
9 1 39 13 10026 
9 1 54 12 10026 
9 2 9 13 10026 
9 2 24 12 10026 
9 2 39 13 10026 
9 2 54 12 10026 
9 3 9 13 10026 
9 3 24 12 10026 
9 3 39 13 10026 
9 3 54 12 10026 
9 4 9 13 10026 
9 4 24 12 10026 
9 4 39 13 10026 
9 4 54 12 10026 
9 5 9 13 10026 
9 5 24 12 10026 
9 5 39 13 10026 
9 5 54 12 10026 
9 6 9 13 10026 
9 6 24 12 10026 
9 6 39 13 10026 
9 6 54 12 10026 
9 7 9 13 10026 
9 7 24 12 10026 
9 7 39 13 10026 
9 7 54 12 10026 
9 8 9 13 10026 
9 8 24 12 10026 
9 8 39 13 10026 
9 8 54 12 10026 
9 9 9 13 10026 
9 11 39 13 10026 
9 11 54 12 10026 
9 12 9 13 10026 
9 12 24 12 10026 
9 12 39 13 10026 
9 12 54 12 10026 
9 13 9 13 10026 
9 13 24 12 10026 
9 13 39 13 10026 
9 13 54 12 10026 
9 14 9 13 10026 
9 14 24 12 10026 
9 14 39 13 10026 
9 14 54 12 10026 
9 15 9 13 10026 
9 15 24 12 10026 
9 15 39 13 10026 
9 15 54 12 10026 
9 16 9 13 10026 
9 16 24 12 10026 
9 16 39 13 10026 
9 16 54 12 10026 
9 17 9 13 10026 
9 17 24 12 10026 
9 17 39 13 10026 
9 17 54 12 10026 
9 18 9 13 10026 
9 18 24 12 10026 
9 18 39 13 10026 
9 18 54 12 10026 
9 19 9 13 10026 
9 19 24 12 10026 
9 19 39 13 10026 
9 19 54 12 10026 
9 20 9 13 10026 
9 20 24 12 10026 
9 20 39 13 10026 
9 20 54 12 10026 
9 21 9 13 10026 
9 21 24 12 10026 
9 21 39 13 10026 
9 21 54 12 10026 
9 22 9 13 10026 
9 22 24 12 10026 
9 22 39 13 10026 
9 22 54 12 10026 
9 23 9 13 10026 
9 23 24 12 10026 
9 23 39 13 10026 
9 23 54 12 10026 
9 24 9 13 10026 
9 24 24 12 10026 
9 24 39 13 10026 
9 24 54 12 10026 
9 25 9 13 10026 
9 25 24 12 10026 
9 25 39 13 10026 
9 25 54 12 10026 
9 26 9 13 10026 
9 28 39 13 10026 
9 28 54 12 10026 
9 29 9 13 10026 
9 29 24 12 10026 
9 29 39 13 10026 
9 29 54 12 10026 
9 30 9 13 10026 
9 30 24 12 10026 
9 30 39 13 10026 
9 30 54 12 10026 
9 31 9 13 10026 
9 31 24 12 10026 
9 31 39 13 10026 
9 31 54 12 10026 
9 32 9 13 10026 
9 32 24 12 10026 
9 32 39 13 10026 
9 32 54 12 10026 
9 33 9 13 10026 
9 33 24 12 10026 
9 33 39 13 10026 
9 33 54 12 10026 
9 34 9 13 10026 
9 34 24 12 10026 
9 34 39 13 10026 
9 34 54 12 10026 
9 35 9 13 10026 
9 35 24 12 10026 
9 35 39 13 10026 
9 35 54 12 10026 
9 36 9 13 10026 
9 36 24 12 10026 
9 36 39 13 10026 
9 36 54 12 10026 
9 37 9 13 10026 
9 37 24 12 10026 
9 37 39 13 10026 
9 37 54 12 10026 
9 38 9 13 10026 
9 38 24 12 10026 
9 38 39 13 10026 
9 38 54 12 10026 
9 39 9 13 10026 
9 39 24 12 10026 
9 39 39 13 10026 
9 39 54 12 10026 
9 40 9 13 10026 
9 40 24 12 10026 
9 40 39 13 10026 
9 40 54 12 10026 
9 41 9 13 10026 
9 41 24 12 10026 
9 41 39 13 10026 
9 41 54 12 10026 
9 42 9 13 10026 
9 42 24 12 10026 
9 42 39 13 10026 
9 42 54 12 10026 
9 43 9 13 10026 
9 45 41 13 10026 
9 45 55 12 10026 
9 46 11 13 10026 
9 46 25 12 10026 
9 46 41 13 10026 
9 46 55 12 10026 
9 47 11 13 10026 
9 47 25 12 10026 
9 47 41 13 10026 
9 47 55 12 10026 
9 48 11 13 10026 
9 48 25 12 10026 
9 48 41 13 10026 
9 48 55 12 10026 
9 49 11 13 10026 
9 49 25 12 10026 
9 49 41 13 10026 
9 49 55 12 10026 
9 50 11 13 10026 
9 50 25 12 10026 
9 50 41 13 10026 
9 50 55 12 10026 
9 51 11 13 10026 
9 51 25 12 10026 
9 51 41 13 10026 
9 51 55 12 10026 
9 52 11 13 10026 
9 52 25 12 10026 
9 52 41 13 10026 
9 52 55 12 10026 
9 53 11 13 10026 
9 53 25 12 10026 
9 53 41 13 10026 
9 53 55 12 10026 
9 54 11 13 10026 
9 54 25 12 10026 
9 54 41 13 10026 
9 54 55 12 10026 
9 55 11 13 10026 
9 55 25 12 10026 
9 55 41 13 10026 
9 55 55 12 10026 
9 56 11 13 10026 
9 56 25 12 10026 
9 56 41 13 10026 
9 56 55 12 10026 
9 57 11 13 10026 
9 57 25 12 10026 
9 57 41 13 10026 
9 57 55 12 10026 
9 58 11 13 10026 
9 58 25 12 10026 
9 58 41 13 10026 
9 58 55 12 10026 
9 59 11 13 10026 
9 59 25 12 10026 
9 59 41 13 10026 
9 59 55 12 10026 
10 0 11 13 10026 
10 2 41 13 10026 
10 2 55 12 10026 
10 3 11 13 10026 
10 3 25 12 10026 
10 3 41 13 10026 
10 3 55 12 10026 
10 4 11 13 10026 
10 4 25 12 10026 
10 4 41 13 10026 
10 4 55 12 10026 
10 5 11 13 10026 
10 5 25 12 10026 
10 5 41 13 10026 
10 5 55 12 10026 
10 6 11 13 10026 
10 6 25 12 10026 
10 6 41 13 10026 
10 6 55 12 10026 
10 7 11 13 10026 
10 7 25 12 10026 
10 7 41 13 10026 
10 7 55 12 10026 
10 8 11 13 10026 
10 8 25 12 10026 
10 8 41 13 10026 
10 8 55 12 10026 
10 9 11 13 10026 
10 9 25 12 10026 
10 9 41 13 10026 
10 9 55 12 10026 
10 10 11 13 10026 
10 10 25 12 10026 
10 10 41 13 10026 
10 10 55 12 10026 
10 11 11 13 10026 
10 11 25 12 10026 
10 11 41 13 10026 
10 11 55 12 10026 
10 12 11 13 10026 
10 12 25 12 10026 
10 12 41 13 10026 
10 12 55 12 10026 
10 13 11 13 10026 
10 13 25 12 10026 
10 13 41 13 10026 
10 13 55 12 10026 
10 14 11 13 10026 
10 14 25 12 10026 
10 14 41 13 10026 
10 14 55 12 10026 
10 15 11 13 10026 
10 15 25 12 10026 
10 15 41 13 10026 
10 15 55 12 10026 
10 16 11 13 10026 
10 16 25 12 10026 
10 16 41 13 10026 
10 16 55 12 10026 
10 17 11 13 10026 
10 19 41 13 10026 
10 19 55 12 10026 
10 20 11 13 10026 
10 20 25 12 10026 
10 20 41 13 10026 
10 20 55 12 10026 
10 21 11 13 10026 
10 21 25 12 10026 
10 21 41 13 10026 
10 21 55 12 10026 
10 22 11 13 10026 
10 22 25 12 10026 
10 22 41 13 10026 
10 22 55 12 10026 
10 23 11 13 10026 
10 23 25 12 10026 
10 23 41 13 10026 
10 23 55 12 10026 
10 24 11 13 10026 
10 24 25 12 10026 
10 24 41 13 10026 
10 24 55 12 10026 
10 25 11 13 10026 
10 25 25 12 10026 
10 25 41 13 10026 
10 25 55 12 10026 
10 26 11 13 10026 
10 26 25 12 10026 
10 26 41 13 10026 
10 26 55 12 10026 
10 27 11 13 10026 
10 27 25 12 10026 
10 27 41 13 10026 
10 27 55 12 10026 
10 28 11 13 10026 
10 28 25 12 10026 
10 28 41 13 10026 
10 28 55 12 10026 
10 29 11 13 10026 
10 29 25 12 10026 
10 29 41 13 10026 
10 29 55 12 10026 
10 30 11 13 10026 
10 30 25 12 10026 
10 30 41 13 10026 
10 30 55 12 10026 
10 31 11 13 10026 
10 31 25 12 10026 
10 31 41 13 10026 
10 31 55 12 10026 
10 32 11 13 10026 
10 32 25 12 10026 
10 32 41 13 10026 
10 32 55 12 10026 
10 33 11 13 10026 
10 33 25 12 10026 
10 33 41 13 10026 
10 33 55 12 10026 
10 34 11 13 10026 
10 36 42 13 10026 
10 36 56 12 10026 
10 37 12 13 10026 
10 37 26 12 10026 
10 37 42 13 10026 
10 37 56 12 10026 
10 38 12 13 10026 
10 38 26 12 10026 
10 38 42 13 10026 
10 38 56 12 10026 
10 39 12 13 10026 
10 39 26 12 10026 
10 39 42 13 10026 
10 39 56 12 10026 
10 40 12 13 10026 
10 40 26 12 10026 
10 40 42 13 10026 
10 40 56 12 10026 
10 41 12 13 10026 
10 41 26 12 10026 
10 41 42 13 10026 
10 41 56 12 10026 
10 42 12 13 10026 
10 42 26 12 10026 
10 42 42 13 10026 
10 42 56 12 10026 
10 43 12 13 10026 
10 43 26 12 10026 
10 43 42 13 10026 
10 43 56 12 10026 
10 44 12 13 10026 
10 44 26 12 10026 
10 44 42 13 10026 
10 44 56 12 10026 
10 45 12 13 10026 
10 45 26 12 10026 
10 45 42 13 10026 
10 45 56 12 10026 
10 46 12 13 10026 
10 46 26 12 10026 
10 46 42 13 10026 
10 46 56 12 10026 
10 47 12 13 10026 
10 47 26 12 10026 
10 47 42 13 10026 
10 47 56 12 10026 
10 48 12 13 10026 
10 48 26 12 10026 
10 48 42 13 10026 
10 48 56 12 10026 
10 49 12 13 10026 
10 49 26 12 10026 
10 49 42 13 10026 
10 49 56 12 10026 
10 50 12 13 10026 
10 50 26 12 10026 
10 50 42 13 10026 
10 50 56 12 10026 
10 51 12 13 10026 
10 53 42 13 10026 
10 53 56 12 10026 
10 54 12 13 10026 
10 54 26 12 10026 
10 54 42 13 10026 
10 54 56 12 10026 
10 55 12 13 10026 
10 55 26 12 10026 
10 55 42 13 10026 
10 55 56 12 10026 
10 56 12 13 10026 
10 56 26 12 10026 
10 56 42 13 10026 
10 56 56 12 10026 
10 57 12 13 10026 
10 57 26 12 10026 
10 57 42 13 10026 
10 57 56 12 10026 
10 58 12 13 10026 
10 58 26 12 10026 
10 58 42 13 10026 
10 58 56 12 10026 
10 59 12 13 10026 
10 59 26 12 10026 
10 59 42 13 10026 
10 59 56 12 10026 
11 0 12 13 10026 
11 0 26 12 10026 
11 0 42 13 10026 
11 0 56 12 10026 
11 1 12 13 10026 
11 1 26 12 10026 
11 1 42 13 10026 
11 1 56 12 10026 
11 2 12 13 10026 
11 2 26 12 10026 
11 2 42 13 10026 
11 2 56 12 10026 
11 3 12 13 10026 
11 3 26 12 10026 
11 3 42 13 10026 
11 3 56 12 10026 
11 4 12 13 10026 
11 4 26 12 10026 
11 4 42 13 10026 
11 4 56 12 10026 
11 5 12 13 10026 
11 5 26 12 10026 
11 5 42 13 10026 
11 5 56 12 10026 
11 6 12 13 10026 
11 6 26 12 10026 
11 6 42 13 10026 
11 6 56 12 10026 
11 7 12 13 10026 
11 7 26 12 10026 
11 7 42 13 10026 
11 7 56 12 10026 
11 8 12 13 10026 
11 10 43 13 10026 
11 10 57 12 10026 
11 11 13 13 10026 
11 11 27 12 10026 
11 11 43 13 10026 
11 11 57 12 10026 
11 12 13 13 10026 
11 12 27 12 10026 
11 12 43 13 10026 
11 12 57 12 10026 
11 13 13 13 10026 
11 13 27 12 10026 
11 13 43 13 10026 
11 13 57 12 10026 
11 14 13 13 10026 
11 14 27 12 10026 
11 14 43 13 10026 
11 14 57 12 10026 
11 15 13 13 10026 
11 15 27 12 10026 
11 15 43 13 10026 
11 15 57 12 10026 
11 16 13 13 10026 
11 16 27 12 10026 
11 16 43 13 10026 
11 16 57 12 10026 
11 17 13 13 10026 
11 17 27 12 10026 
11 17 43 13 10026 
11 17 57 12 10026 
11 18 13 13 10026 
11 18 27 12 10026 
11 18 43 13 10026 
11 18 57 12 10026 
11 19 13 13 10026 
11 19 27 12 10026 
11 19 43 13 10026 
11 19 57 12 10026 
11 20 13 13 10026 
11 20 27 12 10026 
11 20 43 13 10026 
11 20 57 12 10026 
11 21 13 13 10026 
11 21 27 12 10026 
11 21 43 13 10026 
11 21 57 12 10026 
11 22 13 13 10026 
11 22 27 12 10026 
11 22 43 13 10026 
11 22 57 12 10026 
11 23 13 13 10026 
11 23 27 12 10026 
11 23 43 13 10026 
11 23 57 12 10026 
11 24 13 13 10026 
11 24 27 12 10026 
11 24 43 13 10026 
11 24 57 12 10026 
11 25 13 13 10026 
11 27 43 13 10026 
11 27 57 12 10026 
11 28 13 13 10026 
11 28 27 12 10026 
11 28 43 13 10026 
11 28 57 12 10026 
11 29 13 13 10026 
11 29 27 12 10026 
11 29 43 13 10026 
11 29 57 12 10026 
11 30 13 13 10026 
11 30 27 12 10026 
11 30 43 13 10026 
11 30 57 12 10026 
11 31 13 13 10026 
11 31 27 12 10026 
11 31 43 13 10026 
11 31 57 12 10026 
11 32 13 13 10026 
11 32 27 12 10026 
11 32 43 13 10026 
11 32 57 12 10026 
11 33 13 13 10026 
11 33 27 12 10026 
11 33 43 13 10026 
11 33 57 12 10026 
11 34 13 13 10026 
11 34 27 12 10026 
11 34 43 13 10026 
11 34 57 12 10026 
11 35 13 13 10026 
11 35 27 12 10026 
11 35 43 13 10026 
11 35 57 12 10026 
11 36 13 13 10026 
11 36 27 12 10026 
11 36 43 13 10026 
11 36 57 12 10026 
11 37 13 13 10026 
11 37 27 12 10026 
11 37 43 13 10026 
11 37 57 12 10026 
11 38 13 13 10026 
11 38 27 12 10026 
11 38 43 13 10026 
11 38 57 12 10026 
11 39 13 13 10026 
11 39 27 12 10026 
11 39 43 13 10026 
11 39 57 12 10026 
11 40 13 13 10026 
11 40 27 12 10026 
11 40 43 13 10026 
11 40 57 12 10026 
11 41 13 13 10026 
11 41 27 12 10026 
11 41 43 13 10026 
11 41 57 12 10026 
11 42 13 13 10026 
11 44 43 13 10026 
11 44 57 12 10026 
11 45 13 13 10026 
11 45 27 12 10026 
11 45 43 13 10026 
11 45 57 12 10026 
11 46 13 13 10026 
11 46 27 12 10026 
11 46 43 13 10026 
11 46 57 12 10026 
11 47 13 13 10026 
11 47 27 12 10026 
11 47 43 13 10026 
11 47 57 12 10026 
11 48 13 13 10026 
11 48 27 12 10026 
11 48 43 13 10026 
11 48 57 12 10026 
11 49 13 13 10026 
11 49 27 12 10026 
11 49 43 13 10026 
11 49 57 12 10026 
11 50 13 13 10026 
11 50 27 12 10026 
11 50 43 13 10026 
11 50 57 12 10026 
11 51 13 13 10026 
11 51 27 12 10026 
11 51 43 13 10026 
11 51 57 12 10026 
11 52 13 13 10026 
11 52 27 12 10026 
11 52 43 13 10026 
11 52 57 12 10026 
11 53 13 13 10026 
11 53 27 12 10026 
11 53 43 13 10026 
11 53 57 12 10026 
11 54 13 13 10026 
11 54 27 12 10026 
11 54 43 13 10026 
11 54 57 12 10026 
11 55 13 13 10026 
11 55 27 12 10026 
11 55 43 13 10026 
11 55 57 12 10026 
11 56 13 13 10026 
11 56 27 12 10026 
11 56 43 13 10026 
11 56 57 12 10026 
11 57 13 13 10026 
11 57 27 12 10026 
11 57 43 13 10026 
11 57 57 12 10026 
11 58 13 13 10026 
11 58 27 12 10026 
11 58 43 13 10026 
11 58 57 12 10026 
11 59 13 13 10026 
12 1 44 13 10026 
12 1 59 12 10026 
12 2 14 13 10026 
12 2 29 12 10026 
12 2 44 13 10026 
12 2 59 12 10026 
12 3 14 13 10026 
12 3 29 12 10026 
12 3 44 13 10026 
12 3 59 12 10026 
12 4 14 13 10026 
12 4 29 12 10026 
12 4 44 13 10026 
12 4 59 12 10026 
12 5 14 13 10026 
12 5 29 12 10026 
12 5 44 13 10026 
12 5 59 12 10026 
12 6 14 13 10026 
12 6 29 12 10026 
12 6 44 13 10026 
12 6 59 12 10026 
12 7 14 13 10026 
12 7 29 12 10026 
12 7 44 13 10026 
12 7 59 12 10026 
12 8 14 13 10026 
12 8 29 12 10026 
12 8 44 13 10026 
12 8 59 12 10026 
12 9 14 13 10026 
12 9 29 12 10026 
12 9 44 13 10026 
12 9 59 12 10026 
12 10 14 13 10026 
12 10 29 12 10026 
12 10 44 13 10026 
12 10 59 12 10026 
12 11 14 13 10026 
12 11 29 12 10026 
12 11 44 13 10026 
12 11 59 12 10026 
12 12 14 13 10026 
12 12 29 12 10026 
12 12 44 13 10026 
12 12 59 12 10026 
12 13 14 13 10026 
12 13 29 12 10026 
12 13 44 13 10026 
12 13 59 12 10026 
12 14 14 13 10026 
12 14 29 12 10026 
12 14 44 13 10026 
12 14 59 12 10026 
12 15 14 13 10026 
12 15 29 12 10026 
12 15 44 13 10026 
12 15 59 12 10026 
12 16 14 13 10026 
12 18 44 13 10026 
12 18 59 12 10026 
12 19 14 13 10026 
12 19 29 12 10026 
12 19 44 13 10026 
12 19 59 12 10026 
12 20 14 13 10026 
12 20 29 12 10026 
12 20 44 13 10026 
12 20 59 12 10026 
12 21 14 13 10026 
12 21 29 12 10026 
12 21 44 13 10026 
12 21 59 12 10026 
12 22 14 13 10026 
12 22 29 12 10026 
12 22 44 13 10026 
12 22 59 12 10026 
12 23 14 13 10026 
12 23 29 12 10026 
12 23 44 13 10026 
12 23 59 12 10026 
12 24 14 13 10026 
12 24 29 12 10026 
12 24 44 13 10026 
12 24 59 12 10026 
12 25 14 13 10026 
12 25 29 12 10026 
12 25 44 13 10026 
12 25 59 12 10026 
12 26 14 13 10026 
12 26 29 12 10026 
12 26 44 13 10026 
12 26 59 12 10026 
12 27 14 13 10026 
12 27 29 12 10026 
12 27 44 13 10026 
12 27 59 12 10026 
12 28 14 13 10026 
12 28 29 12 10026 
12 28 44 13 10026 
12 28 59 12 10026 
12 29 14 13 10026 
12 29 29 12 10026 
12 29 44 13 10026 
12 29 59 12 10026 
12 30 14 13 10026 
12 30 29 12 10026 
12 30 44 13 10026 
12 30 59 12 10026 
12 31 14 13 10026 
12 31 29 12 10026 
12 31 44 13 10026 
12 31 59 12 10026 
12 32 14 13 10026 
12 32 29 12 10026 
12 32 44 13 10026 
12 32 59 12 10026 
12 33 14 13 10026 
12 35 45 13 10026 
12 36 0 12 10026 
12 36 15 13 10026 
12 36 30 12 10026 
12 36 45 13 10026 
12 37 0 12 10026 
12 37 15 13 10026 
12 37 30 12 10026 
12 37 45 13 10026 
12 38 0 12 10026 
12 38 15 13 10026 
12 38 30 12 10026 
12 38 45 13 10026 
12 39 0 12 10026 
12 39 15 13 10026 
12 39 30 12 10026 
12 39 45 13 10026 
12 40 0 12 10026 
12 40 15 13 10026 
12 40 30 12 10026 
12 40 45 13 10026 
12 41 0 12 10026 
12 41 15 13 10026 
12 41 30 12 10026 
12 41 45 13 10026 
12 42 0 12 10026 
12 42 15 13 10026 
12 42 30 12 10026 
12 42 45 13 10026 
12 43 0 12 10026 
12 43 15 13 10026 
12 43 30 12 10026 
12 43 45 13 10026 
12 44 0 12 10026 
12 44 15 13 10026 
12 44 30 12 10026 
12 44 45 13 10026 
12 45 0 12 10026 
12 45 15 13 10026 
12 45 30 12 10026 
12 45 45 13 10026 
12 46 0 12 10026 
12 46 15 13 10026 
12 46 30 12 10026 
12 46 45 13 10026 
12 47 0 12 10026 
12 47 15 13 10026 
12 47 30 12 10026 
12 47 45 13 10026 
12 48 0 12 10026 
12 48 15 13 10026 
12 48 30 12 10026 
12 48 45 13 10026 
12 49 0 12 10026 
12 49 15 13 10026 
12 49 30 12 10026 
12 49 45 13 10026 
12 50 0 12 10026 
12 50 15 13 10026 
12 52 45 13 10026 
12 53 0 12 10026 
12 53 15 13 10026 
12 53 30 12 10026 
12 53 45 13 10026 
12 54 0 12 10026 
12 54 15 13 10026 
12 54 30 12 10026 
12 54 45 13 10026 
12 55 0 12 10026 
12 55 15 13 10026 
12 55 30 12 10026 
12 55 45 13 10026 
12 56 0 12 10026 
12 56 15 13 10026 
12 56 30 12 10026 
12 56 45 13 10026 
12 57 0 12 10026 
12 57 15 13 10026 
12 57 30 12 10026 
12 57 45 13 10026 
12 58 0 12 10026 
12 58 15 13 10026 
12 58 30 12 10026 
12 58 45 13 10026 
12 59 0 12 10026 
12 59 15 13 10026 
12 59 30 12 10026 
12 59 45 13 10026 
13 0 0 12 10026 
13 0 15 13 10026 
13 0 30 12 10026 
13 0 45 13 10026 
13 1 0 12 10026 
13 1 15 13 10026 
13 1 30 12 10026 
13 1 45 13 10026 
13 2 0 12 10026 
13 2 15 13 10026 
13 2 30 12 10026 
13 2 45 13 10026 
13 3 0 12 10026 
13 3 15 13 10026 
13 3 30 12 10026 
13 3 45 13 10026 
13 4 0 12 10026 
13 4 15 13 10026 
13 4 30 12 10026 
13 4 45 13 10026 

/> 