572393.238 3518732.370 412.900 0  950e
572346.685 3518750.499 407.744 0  900e
572300.604 3518763.699 402.753 0  850e
572251.990 3518776.186 404.243 0  800e
572202.030 3518789.873 411.426 0  750e
572153.707 3518804.364 415.918 0  700e
572104.999 3518821.927 419.321 0  650e
572056.329 3518827.272 428.743 0  600e
572007.748 3518841.628 428.922 0  550e
571958.272 3518853.081 420.976 0  500e
571914.046 3518868.005 410.615 0  450e
571862.544 3518885.772 405.677 0  400e
571817.271 3518894.966 406.519 0  350e
571762.092 3518905.544 401.936 0  300e
571714.535 3518918.295 403.107 0  250e
571668.278 3518934.327 409.150 0  200e
571621.962 3518950.514 408.871 0  150e
571569.011 3518962.540 405.222 0  100e
571522.529 3518971.886 403.787 0  50e
571472.828 3518984.069 401.235 0  0e
