573088.603 3519602.676 394.121 0  1400e
573031.720 3519613.796 396.658 0  1350e
572984.695 3519627.100 398.540 0  1300e
572935.668 3519638.555 397.585 0  1250e
572886.822 3519655.760 397.220 0  1200e
572838.416 3519665.280 397.049 0  1150e
572785.601 3519674.359 398.355 0  1100e
572740.555 3519688.288 401.152 0  1050e
572648.241 3519711.015 409.143 0  950e
572603.449 3519726.076 410.702 0  900e
572556.312 3519735.135 415.135 0  850e
572506.532 3519750.107 421.155 0  800e
572458.294 3519760.628 424.227 0  750e
572410.669 3519778.558 414.951 0  700e
572363.621 3519788.454 412.531 0  650e
572315.464 3519800.912 417.341 0  600e
572262.368 3519814.234 421.272 0  550e
572216.825 3519828.438 429.710 0  500e
572168.096 3519840.316 442.123 0  450e
572119.240 3519849.287 453.950 0  400e
572067.745 3519855.279 454.778 0  350e
572024.699 3519877.560 453.804 0  300e
571977.562 3519900.883 460.994 0  200e
571924.987 3519902.195 466.536 0  200e
571875.355 3519912.702 455.625 0  150e
571828.268 3519928.805 440.772 0  100e
571780.017 3519941.837 428.754 0  50e
571732.344 3519955.857 419.196 0  0e
