573136.118 3519791.462 393.789 0  1400e
573082.091 3519806.067 395.071 0  1350e
573034.653 3519815.220 394.077 0  1300e
572985.055 3519826.041 396.634 0  1250e
572937.361 3519838.517 397.576 0  1200e
572888.488 3519850.391 398.152 0  1150e
572839.477 3519861.514 397.198 0  1100e
572792.899 3519877.072 400.610 0  1050e
572699.233 3519901.428 403.110 0  950e
572652.977 3519914.957 402.395 0  900e
572604.250 3519925.395 405.974 0  850e
572556.656 3519940.410 405.218 0  800e
572512.929 3519954.086 406.983 0  750e
572463.549 3519960.022 408.929 0  650e
572411.984 3519975.671 413.256 0  650e
572363.339 3519987.525 415.830 0  600e
572315.715 3519999.210 416.835 0  550e
572266.430 3520010.678 421.190 0  500e
572219.627 3520025.813 428.042 0  450e
572169.916 3520034.113 433.621 0  400e
572118.057 3520049.185 449.835 0  350e
572074.142 3520053.912 459.951 0  300e
572018.609 3520065.502 476.919 0  300e
571976.340 3520082.466 479.547 0  200e
571875.318 3520114.699 443.398 0  100e
571833.342 3520129.737 433.639 0  50e
571777.274 3520143.561 423.717 0  0e
