572824.440 3518847.699 388.086 0  1350e
572771.674 3518845.961 390.468 0  1300e
572719.715 3518856.993 391.987 0  1250e
572671.942 3518870.227 393.501 0  1200e
572624.636 3518884.522 394.596 0  1150e
572574.841 3518894.113 396.936 0  1100e
572526.000 3518910.139 401.909 0  1050e
572437.954 3518931.390 399.497 0  950e
572386.161 3518945.442 396.984 0  900e
572339.913 3518954.726 400.135 0  850e
572291.640 3518970.530 402.375 0  800e
572245.038 3518982.412 406.307 0  750e
572195.609 3518994.420 411.403 0  700e
572150.738 3519008.893 416.768 0  650e
572100.732 3519020.073 424.612 0  600e
572052.529 3519029.013 432.972 0  550e
572005.960 3519043.218 424.497 0  500e
571955.869 3519060.815 414.966 0  450e
571904.199 3519073.318 412.358 0  400e
571856.844 3519085.782 411.202 0  350e
571804.808 3519101.682 406.645 0  300e
571765.276 3519105.554 409.432 0  250e
571715.095 3519116.253 406.602 0  200e
571666.156 3519138.363 401.216 0  150e
571614.900 3519144.517 399.534 0  100e
571565.425 3519164.284 400.588 0  50
571518.549 3519178.292 398.549 0  0e
