571564.757 3519369.011 405.170 0  0e
571611.561 3519361.889 403.697 0  50e
571658.671 3519350.627 402.511 0  100e
571707.642 3519333.803 404.962 0  150e
571757.313 3519318.819 410.687 0  200e
572918.603 3519027.277 392.809 0  1400e
572866.274 3519036.403 391.258 0  1350e
572818.503 3519049.172 391.735 0  1300e
572769.132 3519062.952 392.867 0  1250e
572720.516 3519074.598 394.576 0  1200e
572669.351 3519085.658 397.997 0  1150e
572623.492 3519098.254 401.992 0  1100e
572577.326 3519110.070 405.974 0  1050e
572484.294 3519134.632 415.850 0  950e
572437.579 3519150.299 419.454 0  900e
572388.073 3519157.062 410.375 0  850e
572339.517 3519173.906 409.940 0  800e
572289.807 3519185.112 416.550 0  700e
572242.513 3519193.603 416.071 0  700e
572194.605 3519211.258 416.636 0  650e
572146.191 3519222.387 424.372 0  600e
572098.744 3519228.263 427.060 0  550e
572048.806 3519244.135 424.631 0  500e
572001.504 3519259.877 427.635 0  450e
571952.474 3519274.472 422.394 0  400e
571899.784 3519285.327 419.398 0  350e
571855.180 3519295.018 418.283 0  300e
571805.383 3519309.354 413.700 0  250e
571757.714 3519323.317 410.253 0  200eredo
