572992.746 3520032.442 393.628 0  
572944.369 3520046.302 395.260 0  
572902.004 3520059.604 392.686 0  
572854.284 3520070.224 396.183 0  
572803.218 3520082.553 397.904 0  
572793.166 3520028.043 397.321 0  
572779.943 3519978.093 399.592 0  
572764.324 3519926.305 401.451 0  
572746.841 3519875.101 400.412 0  
572730.599 3519820.884 401.236 0  
572716.093 3519767.292 403.714 0  
572700.777 3519715.584 405.106 0  
572685.261 3519665.034 407.392 0  
572674.228 3519610.806 408.540 0  
572655.385 3519556.585 405.754 0  
572644.685 3519499.704 407.634 0  
572629.816 3519447.717 404.662 0  
572616.969 3519393.708 400.146 0  
572603.825 3519345.915 407.550 0  
572588.499 3519296.562 409.099 0  
572573.597 3519242.816 406.087 0  
572559.590 3519193.032 410.061 0  
572544.092 3519141.903 409.312 0  
572530.193 3519091.292 405.854 0  
572517.597 3519041.426 409.399 0  
572504.497 3518989.432 407.618 0  
572489.936 3518938.796 403.553 0  
572479.390 3518899.708 399.002 0  
572465.592 3518859.858 394.018 0  
572455.570 3518813.054 400.284 0  
572440.267 3518763.580 407.864 0  
572435.324 3518723.425 412.666 0  
572487.601 3518715.135 408.051 0  
572537.601 3518700.017 403.026 0  
572589.744 3518685.397 398.476 0  
572642.200 3518673.227 395.538 0  
572693.714 3518659.924 392.867 0  
572742.954 3518646.321 390.946 0  
572793.958 3518632.054 390.323 0  
572845.778 3518616.711 390.312 0  
572898.167 3518604.060 388.964 0  
572947.998 3518588.692 388.637 0  
572999.778 3518575.219 387.837 0  
573052.358 3518564.858 385.103 0  
573106.239 3518545.532 383.471 0  
573143.843 3518538.277 380.084 0  
573182.822 3518527.434 382.629 0  
573225.562 3518518.250 382.339 0  
573243.727 3518569.910 382.403 0  
573258.443 3518622.077 386.329 0  
573273.846 3518674.086 384.787 0  
573288.781 3518729.110 382.819 0  
573303.286 3518782.132 382.862 0  
573316.464 3518834.251 382.022 0  
573332.078 3518886.777 384.238 0  
573346.417 3518938.198 384.677 0  
573359.042 3518990.628 387.678 0  
573374.058 3519041.347 391.874 0  
573388.355 3519092.106 394.147 0  
573400.827 3519145.326 393.899 0  
573415.634 3519197.457 395.268 0  
573431.020 3519250.506 395.495 0  
573444.837 3519301.841 395.000 0  
573457.164 3519353.178 395.510 0  
573470.926 3519404.175 394.993 0  
573485.539 3519456.362 395.338 0  
573497.344 3519507.741 393.228 0  
573514.148 3519557.745 393.963 0  
573527.050 3519610.118 396.497 0  
573542.061 3519662.430 396.203 0  
573556.307 3519712.267 397.196 0  
573569.856 3519764.022 398.446 0  
573582.684 3519815.188 399.525 0  
573603.586 3519873.869 399.523 0  
573549.693 3519882.634 395.969 0  
573499.230 3519896.710 395.641 0  
573447.250 3519909.416 393.263 0  
573395.539 3519923.768 394.140 0  
573344.193 3519939.384 392.420 0  
573306.454 3519950.323 389.214 0  
573254.244 3519961.610 392.050 0  
573203.610 3519974.012 395.017 0  
573154.615 3519987.621 396.732 0  
573104.815 3520000.691 399.816 0  
573072.927 3520010.119 400.606 0  
573022.747 3520023.481 394.987 0  
