-76.523912586 -11.198250301 4504.965 5100e
-76.523507569 -11.197993338 4502.994 5150e
-76.523087413 -11.197802945 4493.171 5200e
-76.522697160 -11.197546295 4479.950 5250e
-76.522221870 -11.197281747 4471.771 5300e
-76.521840121 -11.197171713 4473.665 5350e
-76.521462224 -11.196866941 4474.374 5400e
-76.521262676 -11.196373689 4472.715 5450e
-76.520750404 -11.196320315 4471.504 5500e
-76.520295124 -11.196198750 4472.223 5550e
-76.519885704 -11.196011204 4469.606 5600e
-76.519432435 -11.195837912 4471.354 5650e
-76.518674590 -11.195304880 4471.418 5750e
-76.518279843 -11.195081617 4469.364 5800e
-76.519115071 -11.195582245 4472.688 5700e
-76.517078822 -11.194388880 4477.723 5950e
-76.516727175 -11.194228737 4479.573 6000e
-76.516299169 -11.193986996 4478.603 6050e
-76.515951187 -11.193764150 4472.782 6100e
