-76.516163556 -11.195901250 4472.318 5950e
-76.516077340 -11.196977103 4476.551 5900e
-76.516361070 -11.197523491 4472.440 5850e
-76.516891605 -11.197625311 4470.125 5800e
-76.517050021 -11.198142735 4470.480 5750e
-76.517769824 -11.197942547 4468.721 5700e
-76.518308168 -11.197931334 4470.336 5650e
-76.518688855 -11.198231973 4468.273 6600e
-76.519098866 -11.198373392 4470.168 5550e
-76.519701348 -11.198292959 4473.709 5500e
-76.520210552 -11.198249539 4472.040 5450e
-76.520554051 -11.198458103 4472.437 5400e
-76.520990638 -11.198735647 4470.648 5350e
-76.521366145 -11.198889345 4473.694 5300e
-76.521835877 -11.199096311 4472.406 5250e
-76.522282143 -11.199361956 4462.382 5200e
-76.522549656 -11.199575577 4453.194 5150e
