-76.519643330 -11.199998658 4469.743 5400e
-76.519229542 -11.199777553 4469.115 5450e
-76.518829794 -11.199554100 4468.336 5500e
-76.518407870 -11.199316298 4470.962 5550e
-76.518035113 -11.199110218 4468.845 5600e
-76.517622853 -11.198874892 4474.083 5650e
-76.517217469 -11.198645970 4469.661 5700e
-76.516791674 -11.198421999 4476.021 5750e
-76.516404454 -11.198257784 4479.867 5800e
-76.516027747 -11.198018370 4483.724 5850e
-76.515628867 -11.197782380 4495.773 5900e
-76.515312773 -11.197622899 4509.449 5950e
-76.514841345 -11.197309397 4541.965 6000e
-76.514434045 -11.197138017 4560.246 6050e
