-76.519226005 -11.205988458 4396.387 5100e
-76.518760442 -11.205756541 4396.802 5150e
-76.518377776 -11.205522381 4401.036 5200e
-76.517934875 -11.205267526 4408.272 5250e
-76.517604517 -11.205076493 4420.855 5300e\
-76.517202343 -11.204885529 4429.306 5350e
-76.516799266 -11.204607108 4419.105 5400e
-76.516430088 -11.204406830 4416.919 5450e
-76.515965444 -11.204170181 4424.651 5500e
-76.515590896 -11.203962831 4440.627 5550e
-76.515197236 -11.203731210 4433.938 5600e
-76.514779880 -11.203516772 4425.452 5650e
-76.514387052 -11.203269751 4422.085 5700e
-76.514037592 -11.203104556 4427.310 5750e
-76.513551535 -11.202865935 4443.673 5800e
-76.513190220 -11.202587041 4440.151 5850e
