-76.508339985 -11.201957702 4518.117 6350e
-76.508716961 -11.202229105 4511.572 6300e
-76.509075663 -11.202454653 4509.982 6250e
-76.509513044 -11.202664209 4502.841 6200e
-76.509870695 -11.202859450 4499.665 6150e
-76.510265893 -11.203085726 4491.401 6100e
-76.510654945 -11.203309897 4475.553 6050e
-76.511063117 -11.203543744 4463.912 6000e
-76.511472043 -11.203793313 4471.632 5950e
-76.511818086 -11.203981543 4474.341 5900e
-76.512291389 -11.204195662 4447.315 5850e
-76.512694250 -11.204442913 4433.729 5800e
-76.513111519 -11.204644560 4433.731 5750e
-76.513482663 -11.204865418 4423.705 5700e
-76.513872061 -11.205104600 4423.865 5650e
-76.514294775 -11.205275862 4420.655 5600e
-76.514717806 -11.205517441 4432.332 5550e
-76.515264026 -11.205560203 4421.961 5500e
-76.515508305 -11.205986766 4436.209 5450e
-76.515900735 -11.206196969 4450.306 5400e
-76.516318127 -11.206420236 4435.955 5350e
-76.516649391 -11.206646182 4427.192 5300e
-76.517057350 -11.206841409 4405.325 5250e
-76.517495315 -11.207084719 4405.147 5200e
-76.517818521 -11.207267615 4395.801 5150e
-76.518086532 -11.207413026 4395.237 5100e
