-76.502888165 -11.198568173 4559.875 7050e
-76.503222710 -11.198899307 4557.641 7000e
-76.503653671 -11.199084964 4552.234 6950e
-76.504547972 -11.199320443 4531.082 6850e
-76.504929048 -11.199623923 4540.708 6800e
-76.505257185 -11.199847798 4538.991 6750e
-76.505621426 -11.200123550 4555.576 6700e
-76.505999975 -11.200458857 4562.118 6650e
-76.506285534 -11.200831681 4574.056 6600e
-76.506692245 -11.201072005 4582.423 5550e
-76.507085266 -11.201284579 4562.106 6500e
-76.507503544 -11.201566521 4553.989 
-76.507900532 -11.201727584 4541.031 6400e
-76.508345158 -11.201933532 4516.673 6350e
