-76.512514496 -11.205256783 4418.882 
-76.512695793 -11.205198431 4416.601 
-76.513316006 -11.205268658 4416.079 
-76.513548598 -11.205440645 4416.145 
-76.513684730 -11.205583062 4416.016 
-76.513925376 -11.205588577 4417.937 
-76.514121990 -11.205778963 4417.707 
-76.514450951 -11.205844429 4417.371 
-76.514584697 -11.205831463 4416.816 
-76.514918173 -11.206016485 4415.755 
-76.514857691 -11.206316466 4417.936 
-76.514901357 -11.206597890 4420.180 
-76.514853363 -11.206816027 4418.828 
-76.515043598 -11.207079589 4418.327 
-76.515344928 -11.207243124 4418.776 
-76.515719992 -11.207154056 4421.624 
-76.515791842 -11.207452847 4415.525 
-76.515899763 -11.207763118 4410.709 
-76.516104409 -11.208001193 4417.150 
-76.516347717 -11.208204612 4411.580 
-76.516769916 -11.208459467 4403.914 
-76.517115864 -11.208628039 4417.877 
-76.517302885 -11.208725621 4426.332 
-76.517386125 -11.208797051 4438.507 
-76.517646921 -11.208952197 4432.166 
-76.518054633 -11.209088110 4432.897 
-76.518334185 -11.208611075 4431.002 
-76.518557546 -11.208227518 4419.832 
-76.518777410 -11.207793930 4416.819 
-76.519021101 -11.207394040 4411.610 
-76.519243701 -11.206985879 4400.629 
-76.519451494 -11.206619244 4403.047 
-76.519703945 -11.206219014 4416.487 
-76.519911577 -11.205827842 4403.330 
-76.520120241 -11.205459938 4402.473 
-76.520350869 -11.205027584 4397.730 
-76.520544403 -11.204626664 4397.623 
-76.520784368 -11.204240989 4396.923 
-76.521012491 -11.203825679 4399.843 
-76.521286341 -11.203436176 4401.364 
-76.521477457 -11.203023644 4403.460 
-76.521686494 -11.202649286 4406.952 
-76.521917153 -11.202258275 4411.500 
-76.522145369 -11.201852007 4410.800 
-76.522398096 -11.201436003 4420.799 
-76.522597243 -11.201049914 4430.598 
-76.522796125 -11.200668895 4432.268 
-76.523011115 -11.200279959 4442.311 
-76.523146574 -11.200079055 4448.973 
-76.523345737 -11.199708255 4466.424 
-76.523529333 -11.199529746 4473.726 
-76.523632528 -11.199232219 4483.608 
-76.523748058 -11.198997116 4489.920 
-76.523903990 -11.198743726 4496.306 
-76.524099205 -11.198427350 4505.927 
-76.524414969 -11.197951710 4525.671 
-76.524617410 -11.197570674 4540.894 
-76.524801542 -11.197176433 4553.964 
-76.525018761 -11.196794799 4568.584 
-76.524673915 -11.196584197 4564.421 
-76.524250114 -11.196325813 4550.789 
-76.523884405 -11.196142445 4538.491 
-76.523554202 -11.195966739 4524.173 
-76.523088441 -11.195686221 4511.773 
-76.522672329 -11.195427993 4498.531 
-76.522306217 -11.195218821 4491.122 
-76.521872505 -11.194961929 4477.435 
