ls
ls
<CR>
         TIME          Size       File name 
----A 2021/11/09 14:59      8376  1109
----A 2021/11/09 09:57    128000  11090941
----A 2021/11/09 10:15    128000  11090959
----A 2021/11/09 10:33    128000  11091018
----A 2021/11/09 10:51    128000  11091036
----A 2021/11/09 11:11    128000  11091054
----A 2021/11/09 11:28    128000  11091113
----A 2021/11/09 11:46    128000  11091131
----A 2021/11/09 12:15    128000  11091159
----A 2021/11/09 12:33    128000  11091218
----A 2021/11/09 12:51    128000  11091236
----A 2021/11/09 13:10    128000  11091255
----A 2021/11/09 13:29    128000  11091313
----A 2021/11/09 13:47    128000  11091331
----A 2021/11/09 14:05    128000  11091350
----A 2021/11/09 14:23    128000  11091408
----A 2021/11/09 14:43    128000  11091426
----A 2021/11/09 14:45      2560  11091445

  18 File(s),   2058936 bytes total
   0 Dir(s),     998496K bytes free

/> 
ls
ls
<CR>
         TIME          Size       File name 
----A 2021/11/09 14:59      8376  1109
----A 2021/11/09 09:57    128000  11090941
----A 2021/11/09 10:15    128000  11090959
----A 2021/11/09 10:33    128000  11091018
----A 2021/11/09 10:51    128000  11091036
----A 2021/11/09 11:11    128000  11091054
----A 2021/11/09 11:28    128000  11091113
----A 2021/11/09 11:46    128000  11091131
----A 2021/11/09 12:15    128000  11091159
----A 2021/11/09 12:33    128000  11091218
----A 2021/11/09 12:51    128000  11091236
----A 2021/11/09 13:10    128000  11091255
----A 2021/11/09 13:29    128000  11091313
----A 2021/11/09 13:47    128000  11091331
----A 2021/11/09 14:05    128000  11091350
----A 2021/11/09 14:23    128000  11091408
----A 2021/11/09 14:43    128000  11091426
----A 2021/11/09 14:45      2560  11091445

  18 File(s),   2058936 bytes total
   0 Dir(s),     998496K bytes free

/> 
ls
ls
<CR>
         TIME          Size       File name 
----A 2021/11/09 14:59      8376  1109
----A 2021/11/09 09:57    128000  11090941
----A 2021/11/09 10:15    128000  11090959
----A 2021/11/09 10:33    128000  11091018
----A 2021/11/09 10:51    128000  11091036
----A 2021/11/09 11:11    128000  11091054
----A 2021/11/09 11:28    128000  11091113
----A 2021/11/09 11:46    128000  11091131
----A 2021/11/09 12:15    128000  11091159
----A 2021/11/09 12:33    128000  11091218
----A 2021/11/09 12:51    128000  11091236
----A 2021/11/09 13:10    128000  11091255
----A 2021/11/09 13:29    128000  11091313
----A 2021/11/09 13:47    128000  11091331
----A 2021/11/09 14:05    128000  11091350
----A 2021/11/09 14:23    128000  11091408
----A 2021/11/09 14:43    128000  11091426
----A 2021/11/09 14:45      2560  11091445

  18 File(s),   2058936 bytes total
   0 Dir(s),     998496K bytes free

/> 
read 1109
read 1109
<CR>Time:2021/11/09 14:45
Hours Minutes Seconds  Nb_Samples    Aver. Current 
9 22 36 8 9456 
9 22 50 7 12527 
9 23 6 8 14922 
9 23 20 7 16027 
9 23 36 8 15782 
9 23 50 7 15782 
9 24 6 8 15782 
9 24 20 7 15782 
9 24 36 8 15782 
9 24 50 7 15782 
9 25 6 8 15966 
9 25 20 7 15966 
9 26 52 7 15904 
9 27 6 7 15904 
9 27 22 8 15966 
9 27 36 7 15966 
9 27 52 8 15966 
9 28 6 7 16027 
9 28 22 8 15966 
9 28 36 7 16027 
9 28 52 8 15966 
9 29 6 7 15966 
9 29 22 8 15966 
9 29 36 7 15966 
9 29 52 8 15966 
9 30 6 7 15966 
9 30 22 8 15966 
9 30 36 7 15966 
9 30 52 8 15966 
9 31 6 7 15966 
9 31 22 8 15966 
9 31 36 7 15966 
9 31 52 8 15966 
9 32 6 7 15966 
9 32 22 8 15966 
9 32 36 7 15966 
9 32 52 8 15966 
9 33 6 7 15966 
9 33 22 8 15966 
9 33 36 7 15966 
9 33 52 8 15966 
9 34 6 7 15966 
9 34 22 8 15966 
9 34 36 7 15966 
9 34 52 8 15966 
9 35 6 7 15966 
9 35 22 8 15966 
9 35 36 7 15966 
9 35 52 8 15966 
9 36 6 7 15966 
9 36 22 8 15966 
9 36 36 7 15966 
9 36 52 8 15966 
9 37 6 7 15966 
9 37 22 8 15966 
9 37 36 7 15966 
9 37 52 8 15966 
9 41 56 7 15966 
9 42 12 8 15966 
9 42 26 7 15966 
9 42 42 8 15966 
9 42 56 7 15966 
9 43 12 8 15966 
9 43 26 7 15966 
9 43 42 8 15966 
9 43 56 7 15966 
9 44 12 8 15966 
9 44 26 7 15966 
9 44 42 8 15966 
9 44 56 7 15966 
9 45 12 8 15966 
9 45 26 7 15966 
9 45 42 8 15966 
9 45 56 7 15966 
9 46 12 8 15966 
9 46 26 7 15966 
9 46 42 8 15966 
9 46 56 7 15966 
9 47 12 8 15966 
9 47 26 7 15966 
9 47 42 8 15966 
9 47 56 7 15966 
9 48 12 8 15966 
9 48 26 7 15966 
9 48 42 8 15966 
9 48 56 7 15966 
9 49 12 8 15966 
9 49 26 7 15966 
9 49 42 8 15966 
9 49 56 7 15966 
9 50 12 8 15966 
9 50 26 7 15966 
9 50 42 8 15966 
9 50 56 7 15966 
9 51 12 8 15966 
9 51 26 7 15966 
9 51 42 8 15966 
9 51 56 7 15966 
9 52 12 8 15966 
9 52 26 7 15966 
9 52 42 8 15966 
9 52 56 7 15966 
9 53 12 8 15966 
9 53 26 7 15966 
9 53 42 8 15966 
9 53 56 7 15966 
9 54 12 8 15966 
9 54 26 7 15966 
9 54 42 8 15966 
9 54 56 7 15966 
9 55 12 8 15966 
9 55 26 7 15966 
9 55 42 8 15966 
9 55 56 7 15966 
9 56 12 8 15966 
9 56 26 7 15966 
10 0 18 8 15966 
10 0 32 7 15966 
10 0 48 8 15966 
10 1 2 7 15966 
10 1 18 8 15966 
10 1 32 7 15966 
10 1 48 8 15966 
10 2 2 7 15966 
10 2 18 8 15966 
10 2 32 7 15966 
10 2 48 8 15966 
10 3 2 7 15966 
10 3 18 8 15966 
10 3 32 7 15966 
10 3 48 8 15966 
10 4 2 7 15966 
10 4 18 8 15966 
10 4 32 7 15966 
10 4 48 8 15966 
10 5 2 7 15966 
10 5 18 8 15966 
10 5 32 7 15966 
10 5 48 8 15966 
10 6 2 7 15966 
10 6 18 8 15966 
10 6 32 7 15966 
10 6 48 8 15966 
10 7 2 7 15966 
10 7 18 8 15966 
10 7 32 7 15966 
10 7 48 8 15966 
10 8 2 7 15966 
10 8 18 8 15966 
10 8 32 7 15966 
10 8 48 8 15966 
10 9 2 7 15966 
10 9 18 8 15966 
10 9 32 7 15966 
10 9 48 8 15966 
10 10 2 7 15966 
10 10 18 8 15966 
10 10 32 7 15966 
10 10 48 8 15966 
10 11 2 7 15966 
10 11 18 8 15966 
10 11 32 7 15966 
10 11 48 8 15966 
10 12 2 7 15966 
10 12 18 8 15966 
10 12 32 7 15966 
10 12 48 8 15966 
10 13 2 7 15966 
10 13 18 8 15966 
10 13 32 7 15966 
10 13 48 8 15966 
10 14 2 7 15966 
10 14 18 8 15966 
10 14 32 7 15966 
10 14 48 8 15966 
10 18 38 7 15966 
10 18 54 8 15966 
10 19 8 7 15966 
10 19 24 8 15966 
10 19 38 7 15966 
10 19 54 8 15966 
10 20 8 7 15966 
10 20 24 8 15966 
10 20 38 7 15966 
10 20 54 8 15966 
10 21 8 7 15966 
10 21 24 8 15966 
10 21 38 7 15966 
10 21 54 8 15966 
10 22 8 7 15966 
10 22 24 8 15966 
10 22 38 7 15966 
10 22 54 8 15966 
10 23 8 7 15966 
10 23 24 8 15966 
10 23 38 7 15966 
10 23 54 8 15966 
10 24 8 7 15966 
10 24 24 8 15966 
10 24 38 7 15966 
10 24 54 8 15966 
10 25 8 7 15966 
10 25 24 8 15966 
10 25 38 7 15966 
10 25 54 8 15966 
10 26 8 7 15966 
10 26 24 8 15966 
10 26 38 7 15966 
10 26 54 8 15966 
10 27 8 7 15966 
10 27 24 8 15966 
10 27 38 7 15966 
10 27 54 8 15966 
10 28 8 7 15966 
10 28 24 8 15966 
10 28 38 7 15966 
10 28 54 8 15966 
10 29 8 7 15966 
10 29 24 8 15966 
10 29 38 7 15966 
10 29 54 8 15966 
10 30 8 7 15966 
10 30 24 8 15966 
10 30 38 7 15966 
10 30 54 8 15966 
10 31 8 7 15966 
10 31 24 8 15966 
10 31 38 7 15966 
10 31 54 8 15966 
10 32 8 7 15966 
10 32 24 8 15966 
10 32 38 7 15966 
10 32 54 8 15966 
10 33 8 7 15966 
10 37 0 8 15966 
10 37 14 7 15966 
10 37 30 8 15966 
10 37 44 7 15966 
10 38 0 8 15966 
10 38 14 7 15966 
10 38 30 8 15966 
10 38 44 7 15966 
10 39 0 8 15966 
10 39 14 7 15966 
10 39 30 8 15966 
10 39 44 7 15966 
10 40 0 8 15966 
10 40 14 7 15966 
10 40 30 8 15966 
10 40 44 7 15966 
10 41 0 8 15966 
10 41 14 7 15966 
10 41 30 8 15966 
10 41 44 7 15966 
10 42 0 8 15966 
10 42 14 7 15966 
10 42 30 8 15966 
10 42 44 7 15966 
10 43 0 8 15966 
10 43 14 7 15966 
10 43 30 8 15966 
10 43 44 7 15966 
10 44 0 8 15966 
10 44 14 7 15966 
10 44 30 8 15966 
10 44 44 7 15966 
10 45 0 8 15966 
10 45 14 7 15966 
10 45 30 8 15966 
10 45 44 7 15966 
10 46 0 8 15966 
10 46 14 7 15966 
10 46 30 8 15966 
10 46 44 7 15966 
10 47 0 8 15966 
10 47 14 7 15966 
10 47 30 8 15966 
10 47 44 7 15966 
10 48 0 8 15966 
10 48 14 7 15966 
10 48 30 8 15966 
10 48 44 7 15966 
10 49 0 8 15966 
10 49 14 7 15966 
10 49 30 8 15966 
10 49 44 7 15966 
10 50 0 8 15966 
10 50 14 7 15966 
10 50 30 8 15966 
10 50 44 7 15966 
10 51 0 8 15966 
10 51 14 7 15966 
10 51 30 8 15966 
10 55 20 7 15966 
10 55 36 8 15966 
10 55 50 7 15966 
10 56 6 8 15966 
10 56 20 7 15966 
10 56 36 8 15966 
10 56 50 7 15966 
10 57 6 8 15966 
10 57 20 7 15966 
10 57 36 8 15966 
10 57 50 7 15966 
10 58 6 8 15966 
10 58 20 7 15966 
10 58 36 8 15966 
10 58 50 7 15966 
10 59 6 8 15966 
10 59 20 7 15966 
10 59 36 8 15966 
10 59 50 7 15966 
11 0 6 8 15966 
11 0 20 7 15966 
11 0 36 8 15966 
11 0 50 7 15966 
11 1 6 8 15966 
11 1 20 7 15966 
11 1 36 8 15966 
11 1 50 7 15966 
11 2 6 8 15966 
11 2 20 7 15966 
11 2 36 8 15966 
11 2 50 7 15966 
11 3 6 8 15966 
11 3 20 7 15966 
11 3 36 8 15966 
11 3 50 7 15966 
11 4 6 8 15966 
11 4 20 7 15966 
11 4 36 8 15966 
11 4 50 7 15966 
11 5 6 8 15966 
11 5 20 7 15966 
11 5 36 8 15966 
11 5 50 7 15966 
11 6 6 8 15966 
11 6 20 7 15966 
11 6 36 8 15966 
11 6 50 7 15966 
11 7 6 8 15966 
11 7 20 7 15966 
11 7 36 8 15966 
11 7 50 7 15966 
11 8 6 8 15966 
11 8 20 7 15966 
11 8 36 8 15966 
11 8 50 7 15966 
11 9 6 8 15966 
11 9 20 7 15966 
11 9 36 8 15966 
11 9 50 7 15966 
11 13 42 8 15966 
11 13 56 7 15966 
11 14 12 8 15966 
11 14 26 7 15966 
11 14 42 8 15966 
11 14 56 7 15966 
11 15 12 8 15966 
11 15 26 7 15966 
11 15 42 8 15966 
11 15 56 7 15966 
11 16 12 8 15966 
11 16 26 7 15966 
11 16 42 8 15966 
11 16 56 7 15966 
11 17 12 8 15966 
11 17 26 7 15966 
11 17 42 8 15966 
11 17 56 7 15966 
11 18 12 8 15966 
11 18 26 7 15966 
11 18 42 8 15966 
11 18 56 7 15966 
11 19 12 8 15966 
11 19 26 7 15966 
11 19 42 8 15966 
11 19 56 7 15966 
11 20 12 8 15966 
11 20 26 7 15966 
11 20 42 8 15966 
11 20 56 7 15966 
11 21 12 8 15966 
11 21 26 7 15966 
11 21 42 8 15966 
11 21 56 7 15966 
11 22 12 8 15966 
11 22 26 7 15966 
11 22 42 8 15966 
11 22 56 7 15966 
11 23 12 8 15966 
11 23 26 7 15966 
11 23 42 8 15966 
11 23 56 7 15966 
11 24 12 8 15966 
11 24 26 7 15966 
11 24 42 8 15966 
11 24 56 7 15966 
11 25 12 8 15966 
11 25 26 7 15966 
11 25 42 8 15966 
11 25 56 7 15966 
11 26 12 8 15904 
11 26 26 7 15966 
11 26 42 8 15966 
11 26 56 7 15966 
11 27 12 8 15966 
11 27 26 7 15966 
11 27 42 8 15966 
11 27 56 7 15966 
11 28 12 8 15966 
11 32 2 7 15966 
11 32 18 8 15966 
11 32 32 7 15966 
11 32 48 8 15966 
11 33 2 7 15966 
11 33 18 8 15966 
11 33 32 7 15966 
11 33 48 8 15966 
11 34 2 7 15966 
11 34 18 8 15966 
11 34 32 7 15966 
11 34 48 8 15966 
11 35 2 7 15966 
11 35 18 8 15966 
11 35 32 7 15966 
11 35 48 8 15966 
11 36 2 7 15966 
11 36 18 8 15966 
11 36 32 7 15966 
11 36 48 8 15966 
11 37 2 7 15966 
11 37 18 8 15966 
11 37 32 7 15966 
11 37 48 8 15966 
11 38 2 7 15966 
11 38 18 8 15966 
11 38 32 7 15966 
11 38 48 8 15966 
11 39 2 7 15966 
11 39 18 8 15966 
11 39 32 7 15966 
11 39 48 8 15966 
11 40 2 7 15966 
11 40 18 8 15966 
11 40 32 7 15966 
11 40 48 8 15966 
11 41 2 7 15966 
11 41 18 8 15966 
11 41 32 7 15966 
11 41 48 8 15966 
11 42 2 7 15966 
11 42 18 8 15966 
11 42 32 7 15966 
11 42 48 8 15966 
11 43 2 7 15966 
11 43 18 8 15966 
11 43 32 7 15966 
11 43 48 8 15966 
11 44 2 7 15966 
11 44 18 8 15966 
11 44 32 7 15966 
11 44 48 8 15966 
11 45 2 7 15966 
11 45 18 8 15966 
11 45 32 7 15966 
11 45 48 8 15966 
11 46 2 7 15966 
11 46 18 8 15966 
11 46 32 7 15966 
12 0 34 8 16027 
12 0 48 7 16027 
12 1 4 8 16027 
12 1 18 7 16027 
12 1 34 8 16027 
12 1 48 7 16027 
12 2 4 8 16027 
12 2 18 7 16027 
12 2 34 8 16027 
12 2 48 7 16027 
12 3 4 8 16027 
12 3 18 7 16027 
12 3 34 8 16027 
12 3 48 7 16027 
12 4 4 8 16027 
12 4 18 7 16027 
12 4 34 8 16027 
12 4 48 7 16027 
12 5 4 8 16027 
12 5 18 7 16027 
12 5 34 8 16027 
12 5 48 7 16027 
12 6 4 8 16027 
12 6 18 7 16027 
12 6 34 8 16027 
12 6 48 7 16027 
12 7 4 8 16027 
12 7 18 7 16027 
12 7 34 8 16027 
12 7 48 7 16027 
12 8 4 8 16027 
12 8 18 7 16027 
12 8 34 8 16027 
12 8 48 7 16027 
12 9 4 8 16027 
12 9 18 7 16027 
12 9 34 8 16027 
12 9 48 7 16027 
12 10 4 8 16027 
12 10 18 7 16027 
12 10 34 8 16027 
12 10 48 7 16027 
12 11 4 8 16027 
12 11 18 7 16027 
12 11 34 8 16027 
12 11 48 7 16027 
12 12 4 8 16027 
12 12 18 7 16027 
12 12 34 8 16027 
12 12 48 7 16027 
12 13 4 8 16027 
12 13 18 7 16027 
12 13 34 8 16027 
12 13 48 7 16027 
12 14 4 8 16027 
12 14 18 7 16027 
12 14 34 8 16027 
12 14 48 7 16027 
12 15 4 8 16027 
12 18 54 7 16027 
12 19 10 8 16027 
12 19 24 7 16027 
12 19 40 8 16027 
12 19 54 7 16027 
12 20 10 8 16027 
12 20 24 7 16027 
12 20 40 8 16027 
12 20 54 7 16027 
12 21 10 8 16027 
12 21 24 7 16027 
12 21 40 8 16027 
12 21 54 7 16027 
12 22 10 8 16027 
12 22 24 7 16027 
12 22 40 8 16027 
12 22 54 7 16027 
12 23 10 8 16027 
12 23 24 7 16027 
12 23 40 8 16027 
12 23 54 7 16027 
12 24 10 8 16027 
12 24 24 7 16027 
12 24 40 8 16027 
12 24 54 7 16027 
12 25 10 8 16027 
12 25 24 7 16027 
12 25 40 8 16027 
12 25 54 7 16027 
12 26 10 8 16027 
12 26 24 7 16027 
12 26 40 8 16027 
12 26 54 7 16027 
12 27 10 8 16027 
12 27 24 7 16027 
12 27 40 8 16027 
12 27 54 7 16027 
12 28 10 8 16027 
12 28 24 7 16027 
12 28 40 8 16027 
12 28 54 7 16027 
12 29 10 8 16027 
12 29 24 7 16027 
12 29 40 8 16027 
12 29 54 7 16027 
12 30 10 8 16027 
12 30 24 7 16027 
12 30 40 8 16027 
12 30 54 7 16027 
12 31 10 8 16027 
12 31 24 7 16027 
12 31 40 8 16027 
12 31 54 7 16027 
12 32 10 8 16027 
12 32 24 7 16027 
12 32 40 8 16027 
12 32 54 7 16027 
12 33 10 8 16027 
12 33 24 7 16027 
12 37 16 8 16027 
12 37 30 7 16027 
12 37 46 8 16027 
12 38 0 7 16027 
12 38 16 8 16027 
12 38 30 7 16027 
12 38 46 8 16027 
12 39 0 7 16027 
12 39 16 8 16027 
12 39 30 7 16027 
12 39 46 8 16027 
12 40 0 7 16027 
12 40 16 8 16027 
12 40 30 7 16027 
12 40 46 8 16027 
12 41 0 7 16027 
12 41 16 8 16027 
12 41 30 7 16027 
12 41 46 8 16027 
12 42 0 7 16027 
12 42 16 8 16027 
12 42 30 7 16027 
12 42 46 8 16027 
12 43 0 7 16027 
12 43 16 8 16027 
12 43 30 7 16027 
12 43 46 8 16027 
12 44 0 7 16027 
12 44 16 8 16027 
12 44 30 7 16027 
12 44 46 8 16027 
12 45 0 7 16027 
12 45 16 8 16027 
12 45 30 7 16027 
12 45 46 8 16027 
12 46 0 7 16027 
12 46 16 8 16027 
12 46 30 7 16027 
12 46 46 8 16027 
12 47 0 7 16027 
12 47 16 8 16027 
12 47 30 7 16027 
12 47 46 8 16027 
12 48 0 7 16027 
12 48 16 8 16027 
12 48 30 7 16027 
12 48 46 8 16027 
12 49 0 7 16027 
12 49 16 8 16027 
12 49 30 7 16027 
12 49 46 8 16027 
12 50 0 7 16027 
12 50 16 8 16027 
12 50 30 7 16027 
12 50 46 8 16027 
12 51 0 7 16027 
12 51 16 8 16027 
12 51 30 7 16027 
12 51 46 8 16027 
12 55 36 7 16027 
12 55 52 8 16027 
12 56 8 8 16027 
12 56 22 7 16027 
12 56 38 8 16027 
12 56 52 7 16027 
12 57 8 8 16027 
12 57 22 7 16027 
12 57 38 8 16027 
12 57 52 7 16027 
12 58 8 8 16027 
12 58 22 7 16027 
12 58 38 8 16027 
12 58 52 7 16027 
12 59 8 8 16027 
12 59 22 7 16027 
12 59 38 8 16027 
12 59 52 7 16027 
13 0 8 8 16027 
13 0 22 7 16027 
13 0 38 8 16027 
13 0 52 7 16027 
13 1 8 8 16027 
13 1 22 7 16027 
13 1 38 8 16027 
13 1 52 7 16027 
13 2 8 8 16027 
13 2 22 7 16027 
13 2 38 8 16027 
13 2 52 7 16027 
13 3 8 8 16027 
13 3 22 7 16027 
13 3 38 8 16027 
13 3 52 7 16027 
13 4 8 8 16027 
13 4 22 7 16027 
13 4 38 8 16027 
13 4 52 7 16027 
13 5 8 8 16027 
13 5 22 7 16027 
13 5 38 8 16027 
13 5 52 7 16027 
13 6 8 8 16027 
13 6 22 7 16027 
13 6 38 8 16027 
13 6 52 7 16027 
13 7 8 8 16027 
13 7 22 7 16027 
13 7 38 8 16027 
13 7 52 7 16027 
13 8 8 8 16027 
13 8 22 7 16027 
13 8 38 8 16027 
13 8 52 7 16027 
13 9 8 8 16027 
13 9 22 7 16027 
13 9 38 8 16027 
13 9 52 7 16027 
13 10 8 8 16027 
13 13 58 8 16027 
13 14 12 7 16027 
13 14 28 8 16027 
13 14 42 7 16027 
13 14 58 8 16027 
13 15 12 7 16027 
13 15 28 8 16027 
13 15 42 7 16027 
13 15 58 8 16027 
13 16 12 7 16027 
13 16 28 8 16027 
13 16 42 7 16027 
13 16 58 8 16027 
13 17 12 7 16027 
13 17 28 8 16027 
13 17 42 7 16027 
13 17 58 8 16027 
13 18 12 7 16027 
13 18 28 8 16027 
13 18 42 7 16027 
13 18 58 8 16027 
13 19 12 7 16027 
13 19 28 8 16027 
13 19 42 7 16027 
13 19 58 8 16027 
13 20 12 7 16027 
13 20 28 8 16027 
13 20 42 7 16027 
13 20 58 8 16027 
13 21 12 7 16027 
13 21 28 8 16027 
13 21 42 7 16027 
13 21 58 8 16027 
13 22 12 7 16027 
13 22 28 8 16027 
13 22 42 7 16027 
13 22 58 8 16027 
13 23 12 7 16027 
13 23 28 8 16027 
13 23 42 7 16027 
13 23 58 8 16027 
13 24 12 7 16027 
13 24 28 8 16027 
13 24 42 7 16027 
13 24 58 8 16027 
13 25 12 7 16027 
13 25 28 8 16027 
13 25 42 7 16027 
13 25 58 8 16027 
13 26 12 7 16027 
13 26 28 8 16027 
13 26 42 7 16027 
13 26 58 8 16027 
13 27 12 7 16027 
13 27 28 8 16027 
13 27 42 7 16027 
13 27 58 8 16027 
13 28 12 7 16027 
13 28 28 8 16027 
13 32 18 7 16027 
13 32 34 8 16027 
13 32 48 7 16027 
13 33 4 8 16027 
13 33 18 7 16027 
13 33 34 8 16027 
13 33 48 7 16027 
13 34 4 8 16027 
13 34 18 7 16027 
13 34 34 8 16027 
13 34 48 7 16027 
13 35 4 8 16027 
13 35 18 7 16027 
13 35 34 8 16027 
13 35 48 7 16027 
13 36 4 8 16027 
13 36 18 7 16027 
13 36 34 8 16027 
13 36 48 7 16027 
13 37 4 8 16027 
13 37 18 7 16027 
13 37 34 8 16027 
13 37 48 7 16027 
13 38 4 8 16027 
13 38 18 7 16027 
13 38 34 8 16027 
13 38 48 7 16027 
13 39 4 8 16027 
13 39 18 7 16027 
13 39 34 8 16027 
13 39 48 7 16027 
13 40 4 8 16027 
13 40 18 7 16027 
13 40 34 8 16027 
13 40 48 7 16027 
13 41 4 8 16027 
13 41 18 7 16027 
13 41 34 8 16027 
13 41 48 7 16027 
13 42 4 8 16027 
13 42 18 7 16027 
13 42 34 8 16027 
13 42 48 7 16027 
13 43 4 8 16027 
13 43 18 7 16027 
13 43 34 8 16027 
13 43 48 7 16027 
13 44 4 8 16027 
13 44 18 7 16027 
13 44 34 8 16027 
13 44 48 7 16027 
13 45 4 8 16027 
13 45 18 7 16027 
13 45 34 8 16027 
13 45 48 7 16027 
13 46 4 8 16027 
13 46 18 7 16027 
13 46 34 8 16027 
13 46 48 7 16027 
13 50 40 8 16027 
13 50 54 7 16027 
13 51 10 8 16027 
13 51 24 7 16027 
13 51 40 8 16027 
13 51 54 7 16027 
13 52 10 8 16027 
13 52 24 7 16027 
13 52 40 8 16027 
13 52 54 7 16027 
13 53 10 8 16027 
13 53 24 7 16027 
13 53 40 8 16027 
13 53 54 7 16027 
13 54 10 8 16027 
13 54 24 7 16027 
13 54 40 8 16027 
13 54 54 7 16027 
13 55 10 8 16027 
13 55 24 7 16027 
13 55 40 8 16027 
13 55 54 7 16027 
13 56 10 8 16027 
13 56 24 7 16027 
13 56 40 8 16027 
13 56 54 7 16027 
13 57 10 8 16027 
13 57 24 7 16027 
13 57 40 8 16027 
13 57 54 7 16027 
13 58 10 8 16027 
13 58 24 7 16027 
13 58 40 8 16027 
13 58 54 7 16027 
13 59 10 8 16027 
13 59 24 7 16027 
13 59 40 8 16027 
13 59 54 7 16027 
14 0 10 8 16027 
14 0 24 7 16027 
14 0 40 8 16027 
14 0 54 7 16027 
14 1 10 8 16027 
14 1 24 7 16027 
14 1 40 8 16027 
14 1 54 7 16027 
14 2 10 8 16027 
14 2 24 7 16027 
14 2 40 8 16027 
14 2 54 7 16027 
14 3 10 8 16027 
14 3 24 7 16027 
14 3 40 8 16027 
14 3 54 7 16027 
14 4 10 8 16027 
14 4 24 7 16027 
14 4 40 8 16027 
14 4 54 7 16027 
14 5 10 8 16027 
14 9 0 7 16027 
14 9 16 8 16027 
14 9 30 7 16027 
14 9 46 8 16027 
14 10 0 7 16027 
14 10 16 8 16027 
14 10 30 7 16027 
14 10 46 8 16027 
14 11 0 7 16027 
14 11 16 8 16027 
14 11 30 7 16027 
14 11 46 8 16027 
14 12 0 7 16027 
14 12 16 8 16027 
14 12 30 7 16027 
14 12 46 8 16027 
14 13 0 7 16027 
14 13 16 8 16027 
14 13 30 7 16027 
14 13 46 8 16027 
14 14 0 7 16027 
14 14 16 8 16027 
14 14 30 7 16027 
14 14 46 8 16027 
14 15 0 7 16027 
14 15 16 8 16027 
14 15 30 7 16027 
14 15 46 8 16027 
14 16 0 7 16027 
14 16 16 8 16027 
14 16 30 7 16027 
14 16 46 8 16027 
14 17 0 7 16027 
14 17 16 8 16027 
14 17 30 7 16027 
14 17 46 8 16027 
14 18 0 7 16027 
14 18 16 8 16027 
14 18 30 7 16027 
14 18 46 8 16027 
14 19 0 7 16027 
14 19 16 8 16027 
14 19 30 7 16027 
14 19 46 8 16027 
14 20 0 7 16027 
14 20 16 8 16027 
14 20 30 7 16027 
14 20 46 8 16027 
14 21 0 7 16027 
14 21 16 8 16027 
14 21 30 7 16027 
14 21 46 8 16027 
14 22 0 7 16027 
14 22 16 8 16027 
14 22 30 7 16027 
14 22 46 8 16027 
14 23 0 7 16027 
14 23 16 8 16027 
14 23 30 7 16027 
14 27 22 8 16027 
14 27 36 7 16027 
14 27 52 8 16027 
14 28 6 7 16027 
14 28 22 8 16027 
14 28 36 7 16027 
14 28 52 8 16027 
14 29 6 7 16027 
14 29 22 8 16027 
14 29 36 7 16027 
14 29 52 8 16027 
14 30 6 7 16027 
14 30 22 8 16027 
14 30 36 7 16027 
14 30 52 8 16027 
14 31 6 7 16027 
14 31 22 8 16027 
14 31 36 7 16027 
14 31 52 8 16027 
14 32 6 7 16027 
14 32 22 8 16027 
14 32 36 7 16027 
14 32 52 8 16027 
14 33 6 7 16027 
14 33 22 8 16027 
14 33 36 7 16027 
14 33 52 8 16027 
14 34 6 7 16027 
14 34 22 8 16027 
14 34 36 7 16027 
14 34 52 8 16027 
14 35 6 7 16027 
14 35 22 8 16027 
14 35 36 7 16027 
14 35 52 8 16027 
14 36 6 7 16027 
14 36 22 8 16027 
14 36 36 7 16027 
14 36 52 8 16027 
14 37 6 7 16027 
14 37 22 8 16027 
14 37 36 7 16027 
14 37 52 8 16027 
14 38 6 7 16027 
14 38 22 8 16027 
14 38 36 7 16027 
14 38 52 8 16027 
14 39 6 7 16027 
14 39 22 8 16027 
14 39 36 7 16027 
14 39 52 8 16027 
14 40 6 7 16027 
14 40 22 8 16027 
14 40 36 7 16027 
14 40 52 8 16027 
14 41 6 7 16027 
14 41 22 8 16027 
14 41 36 7 16027 
14 41 52 8 16027 
14 45 42 7 16027 
14 45 58 8 16027 
14 46 12 7 16027 
14 46 28 8 16027 
14 46 42 7 16027 
14 46 58 8 16027 
14 47 12 7 16027 
14 47 28 8 16027 
14 47 42 7 16027 
14 47 58 8 16027 
14 48 12 7 16027 
14 48 28 8 16027 
14 48 42 7 16027 
14 48 58 8 16027 
14 49 12 7 16027 
14 49 28 8 16027 
14 49 42 7 16027 
14 49 58 8 16027 
14 50 12 7 16027 
14 50 28 8 16027 
14 50 42 7 16027 
14 50 58 8 16027 
14 51 12 7 16027 
14 51 28 8 16027 
14 51 42 7 16027 
14 51 58 8 16027 
14 52 12 7 16027 
14 52 28 8 16027 
14 52 42 7 16027 
14 52 58 8 16027 
14 53 12 7 16027 
14 53 28 8 16027 
14 53 42 7 16027 
14 53 58 8 16027 
14 54 12 7 16027 
14 54 28 8 16027 
14 54 42 7 16027 
14 54 58 8 16027 
14 55 12 7 16027 
14 55 28 8 16027 
14 55 42 7 16027 
14 55 58 8 16027 
14 56 12 7 16027 
14 56 28 8 16027 
14 56 42 7 16027 
14 56 58 8 16027 

/> 
read_ramp 11091313
read_ramp 11091313
<CR>Time:2021/11/09 14:45Ramp data first polarity: 
245 244 245 244 245 245 245 244 245 245 245 245 245 245 244 245 245 245 244 244 244 245 245 245 245 244 245 245 244 245 244 245 245 245 245 245 245 245 245 245 244 245 244 244 244 245 244 245 245 245 245 245 245 245 244 245 245 245 245 245 245 244 245 245 248 247 248 252 255 260 263 266 267 270 272 275 275 277 279 280 282 283 283 286 287 288 290 291 294 294 297 298 299 300 301 302 304 306 308 309 311 312 314 316 315 318 320 321 322 324 326 328 329 330 331 333 335 335 338 339 341 342 344 346 348 348 350 351 352 354 356 357 358 360 361 363 364 366 367 368 370 371 374 375 377 378 379 380 381 383 384 386 387 389 390 393 394 394 396 398 399 400 402 403 404 406 408 409 410 411 413 414 415 417 418 420 421 423 424 425 427 428 430 431 432 434 435 437 438 439 440 442 443 445 446 447 449 450 452 455 455 456 457 458 459 461 463 463 466 467 468 469 471 471 473 474 475 477 478 480 482 482 483 485 486 487 489 490 491 493 495 496 497 498 500 501 502 504 504 506 507 508 508 507 508 509 507 508 508 509 507 508 508 507 507 507 507 507 507 507 508 507 507 508 506 507 507 507 507 506 507 507 507 508 508 507 507 507 507 507 507 507 507 507 508 507 507 507 507 507 507 507 507 507 507 507 507 507 507 507 507 507 507 507 507 508 508 507 507 507 507 507 507 508 507 508 508 508 507 507 
ramp data second polarity
767 767 767 767 767 767 769 768 768 768 769 767 767 768 767 768 767 767 767 768 769 767 767 767 768 768 768 767 767 769 768 767 767 767 767 767 767 767 767 767 768 768 767 767 767 767 767 768 768 767 768 768 767 766 767 767 767 768 767 767 768 769 769 766 769 764 761 760 757 754 750 752 747 744 742 741 738 735 735 733 733 731 729 729 726 724 723 721 720 718 718 716 715 715 712 711 708 706 706 704 703 702 700 700 698 695 694 692 691 690 687 686 685 684 683 682 680 677 676 674 673 671 670 669 668 666 665 663 661 660 658 657 655 654 653 652 650 649 647 646 644 642 641 640 639 636 635 635 632 631 629 628 628 625 624 623 621 620 619 616 614 613 612 611 609 608 606 605 605 603 601 600 598 596 594 594 592 591 590 589 588 586 584 582 581 580 578 578 576 575 574 573 570 569 568 566 565 563 562 560 559 559 557 555 554 553 551 549 549 549 546 545 544 541 541 539 537 536 535 533 532 530 530 529 527 526 524 525 522 521 519 518 517 516 514 513 511 510 509 508 507 507 507 505 506 505 505 505 504 505 503 505 505 505 505 506 505 505 505 505 505 506 505 505 505 506 505 505 505 505 506 505 505 506 506 505 507 506 506 506 505 505 505 505 506 506 505 506 506 506 505 505 505 505 505 505 505 505 506 506 505 505 505 506 505 505 505 506 506 506 506 505 505 505 506 505 505 505 505 506 
Oscillation data first polarity :
762 761 759 756 753 750 748 746 745 741 739 738 736 735 733 732 730 729 729 726 724 724 721 721 718 717 715 714 713 712 711 709 707 706 704 703 701 700 698 696 696 695 692 690 689 688 687 685 683 681 681 680 677 676 674 674 671 671 669 667 666 665 664 661 660 658 657 655 653 653 651 650 649 647 645 645 643 642 639 638 637 635 634 634 631 629 627 626 625 624 623 621 619 619 617 615 614 612 611 609 608 606 605 604 603 602 599 598 597 595 594 592 591 590 588 588 586 584 583 581 581 579 577 576 574 573 572 571 568 568 566 565 564 562 561 559 558 557 555 553 552 551 550 549 547 546 544 544 542 540 539 538 536 535 534 532 531 530 528 528 525 525 523 522 521 520 518 517 515 515 513 510 509 509 508 507 506 506 506 506 505 506 504 505 505 504 504 505 506 505 506 506 506 506 505 505 506 505 505 506 506 506 507 505 505 505 505 505 505 505 505 506 506 506 506 505 505 506 505 506 505 506 505 506 506 505 505 506 506 505 506 506 506 505 506 506 505 505 505 505 505 505 505 505 506 506 506 505 505 506 505 505 505 506 505 506 506 505 505 505 505 505 506 505 506 505 506 506 505 505 505 505 506 506 505 505 505 506 506 505 505 505 505 505 505 506 506 506 507 506 505 505 505 505 505 506 505 506 506 506 506 506 505 506 505 505 506 505 506 506 506 506 506 505 505 505 506 505 505 505 
Oscillation data second polarity :
246 247 252 256 258 261 266 269 271 273 274 275 276 278 280 281 283 285 286 288 289 291 291 292 294 295 298 299 301 302 304 306 306 308 309 310 313 313 316 317 318 321 322 322 324 326 328 328 330 332 333 335 338 338 339 341 342 343 345 346 348 350 352 353 354 356 357 358 360 362 363 365 366 368 370 370 372 373 374 376 377 378 380 382 383 386 385 388 389 390 392 393 395 396 398 399 401 402 403 404 406 407 409 410 411 413 415 416 417 419 420 422 422 425 426 426 429 431 431 433 434 435 437 438 439 441 442 444 446 446 447 449 450 452 453 454 455 458 459 461 461 462 464 465 467 468 469 470 472 475 476 475 477 478 480 481 482 484 485 486 489 489 490 492 493 495 495 497 498 500 501 503 503 505 505 507 507 508 507 507 507 508 508 504 507 507 507 507 507 507 507 508 508 507 507 507 507 507 507 507 507 507 508 507 507 507 508 507 507 507 507 507 507 507 507 507 507 507 507 507 507 507 507 507 508 509 507 507 507 507 507 507 507 507 507 508 507 507 507 507 507 507 507 508 508 508 507 507 507 507 507 507 507 507 507 507 507 508 507 507 506 507 507 507 507 507 507 508 507 507 507 506 507 506 507 507 507 508 507 507 507 506 507 507 508 507 507 507 508 507 507 507 507 507 506 506 507 507 507 508 508 507 507 507 507 507 507 507 507 507 508 507 507 507 507 507 507 507 507 508 
/> 