ls
ls

<CR>
         TIME          Size       File name 
----A 2021/11/09 14:59      8376  1109
----A 2021/11/09 09:57    128000  11090941
----A 2021/11/09 10:15    128000  11090959
----A 2021/11/09 10:33    128000  11091018
----A 2021/11/09 10:51    128000  11091036
----A 2021/11/09 11:11    128000  11091054
----A 2021/11/09 11:28    128000  11091113
----A 2021/11/09 11:46    128000  11091131
----A 2021/11/09 12:15    128000  11091159
----A 2021/11/09 12:33    128000  11091218
----A 2021/11/09 12:51    128000  11091236
----A 2021/11/09 13:10    128000  11091255
----A 2021/11/09 13:29    128000  11091313
----A 2021/11/09 13:47    128000  11091331
----A 2021/11/09 14:05    128000  11091350
----A 2021/11/09 14:23    128000  11091408
----A 2021/11/09 14:43    128000  11091426
----A 2021/11/09 14:45      2560  11091445
----A 2021/11/10 14:50      7696  1110
----A 2021/11/10 09:31      2560  11100931
----A 2021/11/10 10:51    128000  11101036
----A 2021/11/10 11:09    128000  11101054
----A 2021/11/10 11:27    128000  11101112
----A 2021/11/10 11:46    128000  11101131
----A 2021/11/10 12:05    128000  11101149
----A 2021/11/10 12:23    128000  11101207
----A 2021/11/10 12:41    128000  11101226
----A 2021/11/10 12:59    128000  11101244
----A 2021/11/10 13:19    128000  11101302
----A 2021/11/10 13:37    128000  11101321
----A 2021/11/10 13:54    128000  11101339
----A 2021/11/10 14:15    128000  11101357
----A 2021/11/10 14:31    128000  11101416
----A 2021/11/10 14:34      2560  11101434
----A 2021/11/11 14:49      8008  1111
----A 2021/11/11 10:13    128000  11110958
----A 2021/11/11 10:31    128000  11111016
----A 2021/11/11 10:51    128000  11111034
----A 2021/11/11 11:09    128000  11111053
----A 2021/11/11 11:26    128000  11111111
----A 2021/11/11 11:47    128000  11111129
----A 2021/11/11 12:03    128000  11111148
----A 2021/11/11 12:23    128000  11111206
----A 2021/11/11 12:40    128000  11111224
----A 2021/11/11 12:59    128000  11111243
----A 2021/11/11 13:18    128000  11111301
----A 2021/11/11 13:35    128000  11111319
----A 2021/11/11 13:53    128000  11111338
----A 2021/11/11 14:11    128000  11111356
----A 2021/11/11 14:30    128000  11111415
----A 2021/11/11 14:49     19200  11111433

  51 File(s),   5682960 bytes total
   0 Dir(s),     994816K bytes free

/> 
read 1111
read 1111
<CR>Time:2021/11/11 14:49
Hours Minutes Seconds  Nb_Samples    Aver. Current 
9 40 49 7 13080 
9 41 5 8 14983 
9 41 19 7 16457 
9 41 35 8 17317 
9 41 49 7 18176 
9 42 5 8 18484 
9 42 19 7 18913 
9 42 35 8 18361 
9 42 49 7 17931 
9 43 5 8 17992 
9 43 19 7 17992 
9 43 35 8 17992 
9 43 49 7 17992 
9 44 5 8 18054 
9 44 19 7 18054 
9 44 35 8 18054 
9 44 49 7 18054 
9 45 5 8 18054 
9 45 19 7 18054 
9 45 35 8 18054 
9 45 49 7 18054 
9 46 5 8 18054 
9 46 19 7 18054 
9 46 35 8 18054 
9 46 49 7 18054 
9 47 5 8 18054 
9 47 19 7 18054 
9 47 35 8 18054 
9 47 49 7 18054 
9 48 5 8 18054 
9 48 19 7 18054 
9 48 35 8 18054 
9 48 49 7 18054 
9 49 5 8 18054 
9 49 19 7 18054 
9 49 35 8 18054 
9 49 49 7 18054 
9 50 5 8 18054 
9 50 19 7 18054 
9 50 35 8 18054 
9 50 49 7 18054 
9 51 5 8 18054 
9 51 19 7 18054 
9 51 35 8 18054 
9 51 49 7 18054 
9 52 5 8 18054 
9 52 19 7 18054 
9 52 35 8 18054 
9 52 49 7 18054 
9 53 5 8 18054 
9 53 19 7 17992 
9 53 35 8 18054 
9 53 49 7 18054 
9 54 5 8 18054 
9 54 19 7 18054 
9 54 35 8 18054 
9 54 49 7 18054 
9 58 43 8 17992 
9 58 57 7 17992 
9 59 13 8 18054 
9 59 27 7 17992 
9 59 43 8 17992 
9 59 57 7 18054 
10 0 13 8 17992 
10 0 27 7 17992 
10 0 43 8 17992 
10 0 57 7 17992 
10 1 13 8 17992 
10 1 27 7 18054 
10 1 43 8 17992 
10 1 57 7 18054 
10 2 13 8 17992 
10 2 27 7 17992 
10 2 43 8 17992 
10 2 57 7 17992 
10 3 13 8 18054 
10 3 27 7 17992 
10 3 43 8 17992 
10 3 57 7 17992 
10 4 13 8 17992 
10 4 27 7 17992 
10 4 43 8 17992 
10 4 57 7 18054 
10 5 13 8 17992 
10 5 27 7 17992 
10 5 43 8 17992 
10 5 57 7 17992 
10 6 13 8 17992 
10 6 27 7 17992 
10 6 43 8 17992 
10 6 57 7 17992 
10 7 13 8 17992 
10 7 27 7 17992 
10 7 43 8 17992 
10 7 57 7 18054 
10 8 13 8 17992 
10 8 27 7 17992 
10 8 43 8 17992 
10 8 57 7 18054 
10 9 13 8 17992 
10 9 27 7 17992 
10 9 43 8 17992 
10 9 57 7 17992 
10 10 13 8 17992 
10 10 27 7 17992 
10 10 43 8 17992 
10 10 57 7 17992 
10 11 13 8 17992 
10 11 27 7 18054 
10 11 43 8 17992 
10 11 57 7 17992 
10 12 13 8 17992 
10 12 27 7 17992 
10 12 43 8 18054 
10 12 57 7 18054 
10 13 13 8 18054 
10 17 3 7 17992 
10 17 19 8 17992 
10 17 33 7 17992 
10 17 49 8 17992 
10 18 3 7 17992 
10 18 19 8 17992 
10 18 33 7 17992 
10 18 49 8 17992 
10 19 3 7 17992 
10 19 19 8 17992 
10 19 33 7 17992 
10 19 49 8 17992 
10 20 3 7 17992 
10 20 19 8 17992 
10 20 33 7 17992 
10 20 49 8 17992 
10 21 3 7 17992 
10 21 19 8 17992 
10 21 33 7 17992 
10 21 49 8 17992 
10 22 3 7 17992 
10 22 19 8 17992 
10 22 33 7 17992 
10 22 49 8 17992 
10 23 3 7 17992 
10 23 19 8 17992 
10 23 33 7 17992 
10 23 49 8 17992 
10 24 3 7 17992 
10 24 19 8 17992 
10 24 33 7 17992 
10 24 49 8 17992 
10 25 3 7 17992 
10 25 19 8 17992 
10 25 33 7 17992 
10 25 49 8 17992 
10 26 3 7 17992 
10 26 19 8 17992 
10 26 33 7 17992 
10 26 49 8 17992 
10 27 3 7 17992 
10 27 19 8 17992 
10 27 33 7 17992 
10 27 49 8 17992 
10 28 3 7 17992 
10 28 19 8 17992 
10 28 33 7 17992 
10 28 49 8 17992 
10 29 3 7 17992 
10 29 19 8 17992 
10 29 33 7 17992 
10 29 49 8 18054 
10 30 3 7 17992 
10 30 19 8 17992 
10 30 33 7 17992 
10 30 49 8 17992 
10 31 3 7 17992 
10 31 19 8 17992 
10 31 33 7 17992 
10 35 25 8 17992 
10 35 39 7 17992 
10 35 55 8 17992 
10 36 9 7 17992 
10 36 25 8 17992 
10 36 39 7 17992 
10 36 55 8 17992 
10 37 9 7 17992 
10 37 25 8 17992 
10 37 39 7 17992 
10 37 55 8 17992 
10 38 9 7 17992 
10 38 25 8 17992 
10 38 39 7 17992 
10 38 55 8 17992 
10 39 9 7 17992 
10 39 25 8 17992 
10 39 39 7 17992 
10 39 55 8 17992 
10 40 9 7 17992 
10 40 25 8 17992 
10 40 39 7 17992 
10 40 55 8 17992 
10 41 9 7 17992 
10 41 25 8 17992 
10 41 39 7 17992 
10 41 55 8 17992 
10 42 9 7 17992 
10 42 25 8 17992 
10 42 39 7 17992 
10 42 55 8 17992 
10 43 9 7 17992 
10 43 25 8 17992 
10 43 39 7 17992 
10 43 55 8 17992 
10 44 9 7 17992 
10 44 25 8 17992 
10 44 39 7 17992 
10 44 55 8 17992 
10 45 9 7 17992 
10 45 25 8 17992 
10 45 39 7 17992 
10 45 55 8 17992 
10 46 9 7 17992 
10 46 25 8 17992 
10 46 39 7 17992 
10 46 55 8 17992 
10 47 9 7 18054 
10 47 25 8 17992 
10 47 39 7 17992 
10 47 55 8 17992 
10 48 9 7 17992 
10 48 25 8 17992 
10 48 39 7 17992 
10 48 55 8 17992 
10 49 9 7 17992 
10 49 25 8 17992 
10 49 39 7 17992 
10 49 55 8 17992 
10 53 45 7 17992 
10 54 1 8 17992 
10 54 15 7 17992 
10 54 31 8 17992 
10 54 45 7 17992 
10 55 1 8 17992 
10 55 15 7 17992 
10 55 31 8 17992 
10 55 45 7 17992 
10 56 1 8 17992 
10 56 15 7 17992 
10 56 31 8 17992 
10 56 45 7 17992 
10 57 1 8 17992 
10 57 15 7 17992 
10 57 31 8 17992 
10 57 45 7 17992 
10 58 1 8 17992 
10 58 15 7 17992 
10 58 31 8 17992 
10 58 45 7 17992 
10 59 1 8 17992 
10 59 15 7 17992 
10 59 31 8 17992 
10 59 45 7 17992 
11 0 1 8 17992 
11 0 15 7 17992 
11 0 31 8 17992 
11 0 45 7 17992 
11 1 1 8 17992 
11 1 15 7 17992 
11 1 31 8 17992 
11 1 45 7 17992 
11 2 1 8 17992 
11 2 15 7 17992 
11 2 31 8 17992 
11 2 45 7 17992 
11 3 1 8 17992 
11 3 15 7 17992 
11 3 31 8 17992 
11 3 45 7 17992 
11 4 1 8 17992 
11 4 15 7 17992 
11 4 31 8 17992 
11 4 45 7 17992 
11 5 1 8 17992 
11 5 15 7 17992 
11 5 31 8 17992 
11 5 45 7 17992 
11 6 1 8 17992 
11 6 15 7 17992 
11 6 31 8 17992 
11 6 45 7 17992 
11 7 1 8 17992 
11 7 15 7 17992 
11 7 31 8 17992 
11 7 45 7 17992 
11 8 1 8 17992 
11 8 15 7 17992 
11 12 7 8 17992 
11 12 21 7 17992 
11 12 37 8 17992 
11 12 51 7 17992 
11 13 7 8 17992 
11 13 21 7 17992 
11 13 37 8 17992 
11 13 51 7 17992 
11 14 7 8 17992 
11 14 21 7 17992 
11 14 37 8 17992 
11 14 51 7 17992 
11 15 7 8 17992 
11 15 21 7 17992 
11 15 37 8 17992 
11 15 51 7 17992 
11 16 7 8 17992 
11 16 21 7 17992 
11 16 37 8 17992 
11 16 51 7 17992 
11 17 7 8 17992 
11 17 21 7 17992 
11 17 37 8 17992 
11 17 51 7 17992 
11 18 7 8 17992 
11 18 21 7 17992 
11 18 37 8 17992 
11 18 51 7 17992 
11 19 7 8 17992 
11 19 21 7 17992 
11 19 37 8 17992 
11 19 51 7 17992 
11 20 7 8 17992 
11 20 21 7 17992 
11 20 37 8 17992 
11 20 51 7 17992 
11 21 7 8 17992 
11 21 21 7 17992 
11 21 37 8 17992 
11 21 51 7 17992 
11 22 7 8 17992 
11 22 21 7 17992 
11 22 37 8 17992 
11 22 51 7 17992 
11 23 7 8 17992 
11 23 21 7 17992 
11 23 37 8 17931 
11 23 51 7 17992 
11 24 7 8 17992 
11 24 21 7 17992 
11 24 37 8 17992 
11 24 51 7 17992 
11 25 7 8 17992 
11 25 21 7 17992 
11 25 37 8 17992 
11 25 51 7 17992 
11 26 7 8 17992 
11 26 21 7 17992 
11 26 37 8 17992 
11 30 27 7 17992 
11 30 43 8 17992 
11 30 57 7 17992 
11 31 13 8 17992 
11 31 27 7 17992 
11 31 43 8 17992 
11 31 57 7 17992 
11 32 13 8 17992 
11 32 27 7 17992 
11 32 43 8 17992 
11 32 57 7 17992 
11 33 13 8 17992 
11 33 27 7 17992 
11 33 43 8 17992 
11 33 57 7 17992 
11 34 13 8 17992 
11 34 27 7 17992 
11 34 43 8 17992 
11 34 57 7 17992 
11 35 13 8 17992 
11 35 27 7 17992 
11 35 43 8 17992 
11 35 57 7 17992 
11 36 13 8 17992 
11 36 27 7 17992 
11 36 43 8 17992 
11 36 57 7 17992 
11 37 13 8 17992 
11 37 27 7 17992 
11 37 43 8 17992 
11 37 57 7 17992 
11 38 13 8 17992 
11 38 27 7 17992 
11 38 43 8 17992 
11 38 57 7 17992 
11 39 13 8 17992 
11 39 27 7 17992 
11 39 43 8 17992 
11 39 57 7 17992 
11 40 13 8 17992 
11 40 27 7 17992 
11 40 43 8 17992 
11 40 57 7 17992 
11 41 13 8 17992 
11 41 27 7 17992 
11 41 43 8 17992 
11 41 57 7 17992 
11 42 13 8 17992 
11 42 27 7 17992 
11 42 43 8 17992 
11 42 57 7 17992 
11 43 13 8 17992 
11 43 27 7 17992 
11 43 43 8 17992 
11 43 57 7 17992 
11 44 13 8 17992 
11 44 27 7 17992 
11 44 43 8 17992 
11 44 57 7 17992 
11 48 49 8 17992 
11 49 3 7 17992 
11 49 19 8 17992 
11 49 33 7 17992 
11 49 49 8 17992 
11 50 3 7 17992 
11 50 19 8 17992 
11 50 33 7 17992 
11 50 49 8 17992 
11 51 3 7 17992 
11 51 19 8 17992 
11 51 33 7 17992 
11 51 49 8 17992 
11 52 3 7 17992 
11 52 19 8 17992 
11 52 33 7 17992 
11 52 49 8 17992 
11 53 3 7 17992 
11 53 19 8 17992 
11 53 33 7 17992 
11 53 49 8 17992 
11 54 3 7 17992 
11 54 19 8 17992 
11 54 33 7 17992 
11 54 49 8 17992 
11 55 3 7 17992 
11 55 19 8 17992 
11 55 33 7 17992 
11 55 49 8 17992 
11 56 3 7 17992 
11 56 19 8 17992 
11 56 33 7 17992 
11 56 49 8 17992 
11 57 3 7 17992 
11 57 19 8 17992 
11 57 33 7 17992 
11 57 49 8 17992 
11 58 3 7 17992 
11 58 19 8 17992 
11 58 33 7 17992 
11 58 49 8 17992 
11 59 3 7 17992 
11 59 19 8 17992 
11 59 33 7 17992 
11 59 49 8 17992 
12 0 3 7 17992 
12 0 19 8 17992 
12 0 33 7 17992 
12 0 49 8 17992 
12 1 3 7 17992 
12 1 19 8 17992 
12 1 33 7 17992 
12 1 49 8 17992 
12 2 3 7 17992 
12 2 19 8 17992 
12 2 33 7 17992 
12 2 49 8 17992 
12 3 3 7 17992 
12 3 19 8 17992 
12 7 9 7 17992 
12 7 25 8 17992 
12 7 39 7 17992 
12 7 55 8 17992 
12 8 9 7 17992 
12 8 25 8 17992 
12 8 39 7 17992 
12 8 55 8 17992 
12 9 9 7 17992 
12 9 25 8 17992 
12 9 39 7 17992 
12 9 55 8 17992 
12 10 9 7 17992 
12 10 25 8 17992 
12 10 39 7 17992 
12 10 55 8 17992 
12 11 9 7 17992 
12 11 25 8 17992 
12 11 39 7 17992 
12 11 55 8 17992 
12 12 9 7 17992 
12 12 25 8 17992 
12 12 39 7 17992 
12 12 55 8 17992 
12 13 9 7 17992 
12 13 25 8 17992 
12 13 39 7 17992 
12 13 55 8 17992 
12 14 9 7 17992 
12 14 25 8 17992 
12 14 39 7 17931 
12 14 55 8 17992 
12 15 9 7 17992 
12 15 25 8 17992 
12 15 39 7 17992 
12 15 55 8 17992 
12 16 9 7 17992 
12 16 25 8 17992 
12 16 39 7 17992 
12 16 55 8 17992 
12 17 9 7 17992 
12 17 25 8 17992 
12 17 39 7 17992 
12 17 55 8 17992 
12 18 9 7 17992 
12 18 25 8 17931 
12 18 39 7 17992 
12 18 55 8 17992 
12 19 9 7 17992 
12 19 25 8 17992 
12 19 41 8 17992 
12 19 55 7 17992 
12 20 11 8 17992 
12 20 25 7 17992 
12 20 41 8 17992 
12 20 55 7 17992 
12 21 9 7 17931 
12 21 25 8 17992 
12 21 39 7 17992 
12 25 31 8 17992 
12 25 45 7 17992 
12 26 1 8 17992 
12 26 15 7 17992 
12 26 31 8 17992 
12 26 45 7 17992 
12 27 1 8 17992 
12 27 15 7 17992 
12 27 31 8 17992 
12 27 45 7 17992 
12 28 1 8 17992 
12 28 15 7 17992 
12 28 31 8 17992 
12 28 45 7 17992 
12 29 1 8 17992 
12 29 15 7 17992 
12 29 31 8 17992 
12 29 45 7 17992 
12 30 1 8 17992 
12 30 15 7 17992 
12 30 31 8 17992 
12 30 45 7 17992 
12 31 1 8 17992 
12 31 15 7 17992 
12 31 31 8 17992 
12 31 45 7 17992 
12 32 1 8 17992 
12 32 15 7 17992 
12 32 31 8 17992 
12 32 45 7 17992 
12 33 1 8 17992 
12 33 15 7 17992 
12 33 31 8 17992 
12 33 45 7 17992 
12 34 1 8 17992 
12 34 15 7 17992 
12 34 31 8 17992 
12 34 45 7 17992 
12 35 1 8 17992 
12 35 15 7 17992 
12 35 31 8 17992 
12 35 45 7 17992 
12 36 1 8 17931 
12 36 15 7 17992 
12 36 31 8 17992 
12 36 45 7 17992 
12 37 1 8 17992 
12 37 15 7 17992 
12 37 31 8 17992 
12 37 45 7 17992 
12 38 1 8 17992 
12 38 15 7 17992 
12 38 31 8 17992 
12 38 45 7 17992 
12 39 1 8 17992 
12 39 15 7 17992 
12 39 31 8 17992 
12 39 45 7 17992 
12 40 1 8 17992 
12 43 51 8 17992 
12 44 5 7 17992 
12 44 21 8 17992 
12 44 35 7 17992 
12 44 51 8 17992 
12 45 5 7 17992 
12 45 21 8 17992 
12 45 35 7 17992 
12 45 51 8 17992 
12 46 5 7 17992 
12 46 21 8 17992 
12 46 35 7 17992 
12 46 51 8 17992 
12 47 5 7 17992 
12 47 21 8 17992 
12 47 35 7 17992 
12 47 51 8 17992 
12 48 5 7 17992 
12 48 21 8 17992 
12 48 35 7 17992 
12 48 51 8 17992 
12 49 5 7 17992 
12 49 21 8 17992 
12 49 35 7 17992 
12 49 51 8 17992 
12 50 5 7 17992 
12 50 21 8 17992 
12 50 35 7 17992 
12 50 51 8 17931 
12 51 5 7 17992 
12 51 21 8 17992 
12 51 35 7 17992 
12 51 51 8 17992 
12 52 5 7 17992 
12 52 21 8 17992 
12 52 35 7 17992 
12 52 51 8 17992 
12 53 5 7 17992 
12 53 21 8 17992 
12 53 35 7 17992 
12 53 51 8 17992 
12 54 5 7 17992 
12 54 21 8 17992 
12 54 35 7 17992 
12 54 51 8 17992 
12 55 5 7 17992 
12 55 21 8 17992 
12 55 35 7 17992 
12 55 51 8 17992 
12 56 5 7 17992 
12 56 21 8 17992 
12 56 35 7 17992 
12 56 51 8 17992 
12 57 5 7 17992 
12 57 21 8 17992 
12 57 35 7 17992 
12 57 51 8 17992 
12 58 5 7 17992 
12 58 21 8 17992 
13 2 11 7 17992 
13 2 27 8 17992 
13 2 41 7 17992 
13 2 57 8 17992 
13 3 11 7 17992 
13 3 27 8 17992 
13 3 41 7 17992 
13 3 57 8 17992 
13 4 11 7 17931 
13 4 28 8 17992 
13 4 42 7 17992 
13 4 58 8 17992 
13 5 12 7 17992 
13 5 28 8 17992 
13 5 42 7 17992 
13 5 58 8 17992 
13 6 12 7 17992 
13 6 28 8 17992 
13 6 42 7 17992 
13 6 58 8 17992 
13 7 12 7 17992 
13 7 28 8 17992 
13 7 42 7 17992 
13 7 58 8 17992 
13 8 12 7 17992 
13 8 28 8 17992 
13 8 42 7 17992 
13 8 58 8 17992 
13 9 12 7 17992 
13 9 28 8 17992 
13 9 42 7 17992 
13 9 58 8 17992 
13 10 12 7 17992 
13 10 28 8 17992 
13 10 42 7 17992 
13 10 58 8 17992 
13 11 12 7 17992 
13 11 28 8 17992 
13 11 42 7 17992 
13 11 58 8 17931 
13 12 12 7 17992 
13 12 28 8 17931 
13 12 42 7 17992 
13 12 58 8 17992 
13 13 12 7 17992 
13 13 28 8 17992 
13 13 42 7 17992 
13 13 58 8 17931 
13 14 12 7 17931 
13 14 28 8 17992 
13 14 42 7 17992 
13 14 58 8 17931 
13 15 12 7 17992 
13 15 28 8 17992 
13 15 42 7 17992 
13 15 58 8 17992 
13 16 12 7 17992 
13 16 28 8 17992 
13 16 42 7 17992 
13 20 34 8 17992 
13 20 48 7 17992 
13 21 4 8 17992 
13 21 18 7 17931 
13 21 34 8 17931 
13 21 48 7 17931 
13 22 4 8 17931 
13 22 18 7 17931 
13 22 34 8 17992 
13 22 48 7 17992 
13 23 4 8 17992 
13 23 18 7 17931 
13 23 34 8 17992 
13 23 48 7 17992 
13 24 4 8 17931 
13 24 18 7 17992 
13 24 34 8 17992 
13 24 48 7 17931 
13 25 4 8 17931 
13 25 18 7 17992 
13 25 34 8 17992 
13 25 48 7 17992 
13 26 4 8 17931 
13 26 18 7 17992 
13 26 34 8 17992 
13 26 48 7 17992 
13 27 4 8 17992 
13 27 18 7 17931 
13 27 34 8 17931 
13 27 48 7 17931 
13 28 4 8 17992 
13 28 18 7 17992 
13 28 34 8 17931 
13 28 48 7 17931 
13 29 4 8 17992 
13 29 18 7 17992 
13 29 34 8 17992 
13 29 48 7 17992 
13 30 4 8 17992 
13 30 18 7 17931 
13 30 34 8 17992 
13 30 48 7 17992 
13 31 4 8 17931 
13 31 18 7 17992 
13 31 34 8 17931 
13 31 48 7 17992 
13 32 4 8 17992 
13 32 18 7 17992 
13 32 34 8 17931 
13 32 48 7 17992 
13 33 4 8 17992 
13 33 18 7 17992 
13 33 34 8 17992 
13 33 48 7 17931 
13 34 4 8 17992 
13 34 18 7 17992 
13 34 34 8 17992 
13 34 48 7 17992 
13 35 4 8 17992 
13 38 54 7 17992 
13 39 10 8 17992 
13 39 24 7 17992 
13 39 40 8 17992 
13 39 54 7 17992 
13 40 10 8 17992 
13 40 24 7 17992 
13 40 40 8 17992 
13 40 54 7 17992 
13 41 10 8 17931 
13 41 24 7 17992 
13 41 40 8 17992 
13 41 54 7 17992 
13 42 10 8 17931 
13 42 24 7 17992 
13 42 40 8 17992 
13 42 54 7 17992 
13 43 10 8 17992 
13 43 24 7 17992 
13 43 40 8 17992 
13 43 54 7 17992 
13 44 10 8 17992 
13 44 24 7 17992 
13 44 40 8 17992 
13 44 54 7 17992 
13 45 10 8 17931 
13 45 24 7 17992 
13 45 40 8 17992 
13 45 54 7 17931 
13 46 10 8 17992 
13 46 24 7 17992 
13 46 40 8 17992 
13 46 54 7 17992 
13 47 10 8 17992 
13 47 24 7 17992 
13 47 40 8 17992 
13 47 54 7 17992 
13 48 10 8 17992 
13 48 24 7 17992 
13 48 40 8 17992 
13 48 54 7 17992 
13 49 10 8 17992 
13 49 24 7 17992 
13 49 40 8 17992 
13 49 54 7 17992 
13 50 10 8 17931 
13 50 24 7 17992 
13 50 40 8 17931 
13 50 54 7 17992 
13 51 10 8 17931 
13 51 24 7 17931 
13 51 40 8 17992 
13 51 54 7 17992 
13 52 10 8 17992 
13 52 24 7 17992 
13 52 40 8 17992 
13 52 54 7 17992 
13 53 10 8 17992 
13 53 24 7 17992 
13 57 16 8 17992 
13 57 30 7 17992 
13 57 46 8 17992 
13 58 0 7 17992 
13 58 16 8 17992 
13 58 30 7 17992 
13 58 46 8 17992 
13 59 0 7 17992 
13 59 16 8 17992 
13 59 30 7 17992 
13 59 46 8 17992 
14 0 0 7 17992 
14 0 16 8 17992 
14 0 30 7 17992 
14 0 46 8 17992 
14 1 0 7 17931 
14 1 16 8 17992 
14 1 30 7 17992 
14 1 46 8 17992 
14 2 0 7 17992 
14 2 16 8 17992 
14 2 30 7 17992 
14 2 46 8 17992 
14 3 0 7 17992 
14 3 16 8 17992 
14 3 30 7 17992 
14 3 46 8 17992 
14 4 0 7 17931 
14 4 16 8 17992 
14 4 30 7 17992 
14 4 46 8 17992 
14 5 0 7 17992 
14 5 16 8 17992 
14 5 30 7 17992 
14 5 46 8 17931 
14 6 0 7 17992 
14 6 16 8 17931 
14 6 30 7 17992 
14 6 46 8 17992 
14 7 0 7 17931 
14 7 16 8 17931 
14 7 30 7 17992 
14 7 46 8 17931 
14 8 0 7 17931 
14 8 16 8 17992 
14 8 30 7 17931 
14 8 46 8 17931 
14 9 0 7 17931 
14 9 16 8 17931 
14 9 30 7 17992 
14 9 46 8 17931 
14 10 0 7 17931 
14 10 16 8 17931 
14 10 30 7 17931 
14 10 46 8 17992 
14 11 0 7 17931 
14 11 16 8 17992 
14 11 30 7 17931 
14 11 46 8 17931 
14 15 36 7 17992 
14 15 52 8 17992 
14 16 6 7 17931 
14 16 22 8 17992 
14 16 36 7 17931 
14 16 52 8 17992 
14 17 6 7 17931 
14 17 22 8 17931 
14 17 36 7 17992 
14 17 52 8 17992 
14 18 6 7 17992 
14 18 22 8 17931 
14 18 36 7 17931 
14 18 52 8 17992 
14 19 6 7 17992 
14 19 22 8 17992 
14 19 36 7 17992 
14 19 52 8 17992 
14 20 6 7 17931 
14 20 22 8 17992 
14 20 36 7 17992 
14 20 52 8 17992 
14 21 6 7 17992 
14 21 22 8 17992 
14 21 36 7 17992 
14 21 52 8 17992 
14 22 6 7 17992 
14 22 22 8 17931 
14 22 36 7 17992 
14 22 52 8 17931 
14 23 6 7 17992 
14 23 22 8 17992 
14 23 36 7 17992 
14 23 52 8 17992 
14 24 6 7 17992 
14 24 22 8 17992 
14 24 36 7 17992 
14 24 52 8 17992 
14 25 6 7 17992 
14 25 22 8 17992 
14 25 36 7 17992 
14 25 52 8 17992 
14 26 6 7 17992 
14 26 22 8 17992 
14 26 36 7 17992 
14 26 52 8 17992 
14 27 6 7 17992 
14 27 22 8 17992 
14 27 36 7 17992 
14 27 52 8 17992 
14 28 6 7 17992 
14 28 22 8 17931 
14 28 36 7 17992 
14 28 52 8 17931 
14 29 6 7 17992 
14 29 22 8 17992 
14 29 36 7 17931 
14 29 52 8 17992 
14 30 6 7 17992 
14 33 58 8 17992 
14 34 12 7 17992 
14 34 28 8 17992 
14 34 42 7 17992 
14 34 58 8 17992 
14 35 12 7 17992 
14 35 28 8 17992 
14 35 42 7 17992 
14 35 58 8 17992 
14 36 12 7 17992 
14 36 28 8 17992 
14 36 42 7 17931 
14 36 58 8 17992 
14 37 12 7 17992 
14 37 28 8 17992 
14 37 42 7 17992 
14 37 58 8 17931 
14 38 12 7 17992 
14 38 28 8 17992 
14 38 42 7 17992 
14 38 58 8 17869 
14 39 12 7 17992 
14 39 28 8 17992 
14 39 42 7 17992 
14 39 58 8 17992 
14 40 12 7 17992 
14 40 28 8 17931 
14 40 42 7 17992 
14 40 58 8 17931 
14 41 12 7 17992 
14 41 28 8 17992 
14 41 42 7 17992 
14 41 58 8 17992 
14 42 12 7 17931 
14 42 28 8 17992 
14 42 42 7 17992 
14 42 58 8 17992 
14 43 12 7 17992 
14 43 28 8 17992 
14 43 42 7 17931 
14 43 58 8 17869 
14 44 12 7 17931 
14 44 28 8 17992 
14 44 42 7 17931 
14 44 58 8 17992 
14 45 12 7 17992 
14 45 28 8 17992 
14 45 42 7 17992 
14 45 58 8 17992 
14 46 12 7 17992 
14 46 28 8 17992 
14 46 42 7 17992 
14 46 58 8 17992 
14 47 12 7 17992 
14 47 28 8 17992 
14 47 42 7 17992 
14 47 58 8 17992 
14 48 12 7 17992 
14 48 28 8 17992 

/> 
read_ramp 11111301
read_ramp 11111301
<CR>Time:2021/11/11 14:49Ramp data first polarity: 
213 213 213 213 213 213 213 213 214 214 213 213 214 213 213 213 213 213 214 214 212 213 213 213 213 213 213 213 213 214 213 213 214 213 213 213 213 213 213 214 213 213 213 213 213 213 213 213 213 213 214 213 214 213 213 213 213 213 213 214 213 213 213 213 214 216 217 219 223 226 230 232 235 239 241 244 246 248 250 252 253 255 257 258 260 261 264 266 266 269 270 272 274 274 276 278 280 282 282 285 287 288 289 291 293 295 296 298 300 302 304 305 305 307 309 311 313 314 316 318 320 321 322 323 326 328 329 331 332 335 337 338 340 340 341 344 345 348 349 351 353 354 356 357 359 360 362 363 365 367 369 370 372 373 375 376 378 380 381 384 385 386 388 390 391 393 393 396 397 399 401 402 403 404 406 408 410 411 413 415 416 418 418 420 422 423 426 427 429 430 431 433 434 435 437 439 441 442 444 445 447 448 449 451 453 454 456 457 459 460 462 464 464 466 468 468 470 472 475 476 478 479 480 481 482 484 485 486 489 490 493 493 494 495 497 498 500 501 503 504 506 507 507 507 507 507 507 507 507 507 504 508 509 507 507 508 507 508 507 507 508 507 507 507 507 507 507 507 508 507 507 507 506 507 507 506 507 507 507 507 507 507 507 507 507 507 507 507 507 507 507 507 508 506 507 507 507 507 507 507 507 507 507 507 507 506 508 507 507 507 507 507 507 507 508 507 507 507 507 507 
ramp data second polarity
800 800 799 800 800 799 799 799 799 800 800 800 800 799 799 799 799 799 799 800 799 800 799 800 799 799 799 800 799 800 800 801 799 799 799 799 800 799 799 800 799 799 800 800 799 799 799 798 799 800 799 799 800 799 799 799 799 799 800 799 800 799 800 799 799 796 793 791 788 783 781 779 777 774 771 770 767 765 762 760 759 758 756 754 751 751 749 748 746 745 743 742 740 738 736 734 733 732 729 728 726 725 723 722 720 718 716 715 713 711 710 708 707 705 703 701 700 698 697 695 694 691 690 689 686 684 684 682 681 679 677 676 674 673 670 669 668 665 664 662 661 659 658 656 654 653 651 649 648 646 644 643 642 640 638 636 634 633 631 630 629 627 625 625 622 621 618 617 615 614 613 611 610 608 607 605 603 601 600 598 598 595 594 594 592 589 587 586 585 583 582 581 578 578 577 575 573 570 570 568 566 565 564 562 562 560 557 556 555 553 551 549 548 546 546 544 542 541 539 538 536 535 533 533 531 529 527 524 524 523 521 520 518 517 516 514 513 511 510 509 508 508 507 507 507 506 505 506 505 505 505 502 505 505 506 505 505 505 505 506 505 505 505 506 506 506 506 505 505 505 505 505 506 505 505 506 505 505 505 505 505 505 506 506 505 507 506 505 505 505 506 505 506 505 505 506 506 506 505 505 505 505 506 506 505 506 506 505 505 505 505 505 505 506 505 506 506 505 505 800 
Oscillation data first polarity :
794 793 791 787 784 783 781 776 773 771 769 766 764 762 761 758 757 756 753 751 750 749 747 746 744 742 742 740 737 735 734 733 731 730 728 726 725 723 722 719 718 716 714 713 711 710 708 707 706 702 701 699 697 696 694 693 691 690 689 686 684 683 681 679 678 677 675 673 672 671 669 666 666 663 661 660 659 657 657 654 652 651 649 648 645 645 643 641 639 639 637 634 633 632 631 628 626 626 624 623 621 619 618 616 614 613 611 610 607 608 605 603 601 599 598 597 596 594 592 591 589 587 586 585 583 581 580 578 578 576 574 573 570 569 568 566 565 563 562 560 559 558 556 553 553 551 550 547 547 545 544 543 540 539 537 536 535 533 533 530 529 528 526 523 522 522 520 518 517 516 514 513 512 510 508 507 507 507 506 506 505 506 505 505 505 505 504 505 505 505 505 505 506 505 505 505 505 506 505 505 506 506 506 505 505 505 505 505 505 506 505 505 506 505 505 505 505 506 505 505 505 506 506 506 505 505 505 506 505 505 506 505 506 505 505 506 506 505 506 506 505 505 506 506 506 505 506 506 506 505 506 505 505 506 506 505 505 506 506 505 506 506 506 506 506 505 505 505 505 505 505 505 505 506 506 506 505 505 505 505 506 505 505 506 506 506 505 505 506 505 506 505 505 506 506 506 504 505 505 505 506 506 505 505 506 505 506 505 505 505 506 506 505 506 506 506 505 506 505 505 
Oscillation data second polarity :
217 216 220 225 228 231 235 238 242 244 246 248 250 251 253 254 256 258 260 261 263 265 267 267 269 271 272 274 276 277 278 281 282 284 285 287 289 290 293 294 296 298 299 300 302 304 306 307 309 310 312 315 316 318 319 321 322 325 326 328 329 331 333 334 335 337 338 341 342 344 345 346 349 351 351 353 355 358 358 361 362 364 366 367 368 369 372 373 374 376 378 379 381 383 385 385 387 389 390 392 393 397 397 398 400 401 403 404 406 408 409 411 412 414 416 418 419 420 422 423 424 427 428 430 431 433 434 435 438 438 439 442 443 445 447 448 449 450 452 453 456 457 459 459 462 463 464 465 467 469 470 472 473 475 476 478 479 480 482 484 485 486 488 488 491 493 493 495 496 498 500 500 502 504 505 507 506 507 506 507 507 506 507 508 506 509 508 506 507 507 508 507 507 507 507 508 508 507 506 507 507 507 507 507 507 507 507 507 507 507 507 507 507 508 508 506 508 507 506 507 507 507 507 507 508 507 508 507 507 507 507 507 507 508 508 507 509 507 507 507 507 507 506 507 507 507 508 507 508 507 507 507 506 508 508 506 508 507 507 506 506 507 507 507 507 507 507 508 507 507 507 507 507 509 508 507 508 508 508 507 507 507 507 507 507 507 507 508 507 507 507 507 507 508 507 507 507 508 508 507 506 506 507 507 507 508 506 507 508 507 507 507 507 507 507 507 507 508 507 507 
/> 