572227.775 3523526.051 437.760 0  500e
572177.551 3523537.924 441.414 0  450e
572077.672 3523567.359 445.600 0  350e
572030.809 3523579.794 450.756 0  300e
571984.158 3523602.551 451.984 0  250e
571935.034 3523611.655 448.055 0  200e
571886.785 3523626.584 446.913 0  150e
571839.894 3523636.576 445.644 0  100e
571789.415 3523651.843 442.406 0  50e
571744.411 3523663.798 444.224 0  0e
572236.068 3523525.779 439.342 0  500e
572271.651 3523515.900 437.589 0  550e
572319.660 3523509.058 435.002 0  600e
572370.724 3523492.107 438.496 0  650e
572419.200 3523475.716 441.006 0  700e
572465.923 3523470.643 440.998 0  750e
572517.377 3523452.160 447.349 0  800e
572562.982 3523438.977 452.964 0  850e
572610.830 3523429.443 454.235 0  900e
572660.022 3523410.970 443.167 0  950e
572707.707 3523396.850 441.152 0  1000e
572752.277 3523385.661 441.874 0  1050e
572803.983 3523371.413 440.735 0  1100e
572850.380 3523357.411 437.967 0  1150e
572950.256 3523333.020 432.958 0  1250e
572999.386 3523328.933 431.341 0  1300e
573042.468 3523307.625 430.023 0  1350e
573090.307 3523288.328 428.534 0  1400e
573132.989 3523272.425 426.935 0  1450e
573180.254 3523249.624 427.857 0  1500e
573240.552 3523229.848 427.166 0  1550e
573243.140 3523230.070 426.068 0  1550erddo
573282.441 3523248.503 426.371 0  1600e
573330.384 3523238.915 425.994 0  1650e
573380.072 3523222.864 425.764 0  1700e
573426.852 3523207.095 424.085 0  1750e
573482.864 3523205.576 424.164 0  1800e
