572749.481 3522557.047 431.799 0  850e
572798.792 3522544.665 429.965 0  900e
572845.991 3522529.884 429.439 0  950e
572894.827 3522516.709 427.052 0  1000e
572938.545 3522503.571 425.499 0  1050e
572985.478 3522492.766 423.479 0  1100e
573033.636 3522479.703 423.453 0  1150e
573083.893 3522467.608 422.147 0  1200e
573134.115 3522455.955 417.505 0  1250e
573183.272 3522446.577 420.403 0  1250e
573231.347 3522430.591 421.162 0  1350e
572754.216 3522555.698 430.813 0  850e
572604.230 3522608.766 431.429 0  700e
572560.960 3522625.912 432.698 0  650e
572503.044 3522626.812 432.374 0  600e
572463.386 3522637.741 432.695 0  550e
572404.797 3522665.579 434.938 0  500e
572321.067 3522677.550 440.010 0  400e
572269.788 3522687.363 439.258 0  350e
572221.872 3522704.824 442.199 0  300e
572178.993 3522713.234 446.649 0  250e
572126.557 3522719.212 459.802 0  200e
572083.941 3522744.282 474.582 0  150e
572030.563 3522758.020 462.160 0  100e
571978.558 3522766.453 455.562 0  50e
