573276.794 3522626.007 423.675 0  1350e
573228.677 3522632.227 423.641 0  1300e
573178.245 3522646.310 420.675 0  1250e
573132.521 3522663.897 420.057 0  1200e
573086.808 3522685.715 420.062 0  1150e
572948.020 3522730.189 423.399 0  1000e
572898.839 3522724.118 424.510 0  950e
572847.313 3522725.322 425.056 0  900e
572789.803 3522735.493 425.510 0  850e
572698.896 3522762.704 426.011 0  750e
572644.677 3522772.894 427.455 0  700e
572604.675 3522804.216 429.809 0  
572558.816 3522822.628 432.202 0  600e
572513.009 3522835.903 432.147 0  550e
572460.645 3522847.141 431.875 0  500e
