573276.794 3522626.007 423.675 0  1350e
573228.677 3522632.227 423.641 0  1300e
573178.245 3522646.310 420.675 0  1250e
573132.521 3522663.897 420.057 0  1200e
573086.808 3522685.715 420.062 0  1150e
572948.020 3522730.189 423.399 0  1000e
572898.839 3522724.118 424.510 0  950e
572847.313 3522725.322 425.056 0  900e
572789.803 3522735.493 425.510 0  850e
572698.896 3522762.704 426.011 0  750e
572644.677 3522772.894 427.455 0  700e
572604.675 3522804.216 429.809 0  650
572558.816 3522822.628 432.202 0  600e
572513.009 3522835.903 432.147 0  550e
572460.645 3522847.141 431.875 0  500e
572023.758 3522960.453 445.215 0  50e
572075.972 3522951.700 445.454 0  100e
572123.416 3522950.167 445.431 0  150e
572172.330 3522937.147 446.391 0  150e
572221.651 3522913.464 442.550 0  250e
572269.344 3522900.838 438.066 0  300e
572318.978 3522890.458 434.590 0  350e
572366.773 3522874.902 433.952 0  400e
572415.745 3522860.179 433.171 0  450e
