573403.869 3523011.189 423.631 0  1800e
573361.286 3523024.823 422.844 0  1750e
573314.720 3523035.462 423.755 0  1700e
573265.341 3523051.798 423.716 0  1650e
573220.913 3523066.976 425.960 0  1650e
573171.723 3523074.281 428.199 0  1550e
573122.669 3523088.658 430.013 0  1500e
573070.974 3523098.603 433.887 0  1450e
573021.247 3523116.229 434.619 0  1400e
572974.269 3523130.301 435.822 0  1350e
572925.561 3523141.293 435.062 0  1300e
572826.711 3523163.862 434.539 0  1200e
572779.290 3523171.751 434.009 0  1150e
572730.074 3523188.347 432.369 0  1100e
571675.226 3523468.077 441.517 0  0e
571722.158 3523451.984 442.925 0  50e
571768.475 3523440.773 445.157 0  100e
571819.888 3523427.859 441.777 0  150e
571866.446 3523416.164 439.239 0  200e
571915.523 3523402.764 443.369 0  250e
571960.612 3523390.744 453.339 0  300e
572010.809 3523370.143 441.327 0  350e
572106.944 3523351.088 438.933 0  450e
572684.361 3523205.788 430.730 0  1050e
572637.349 3523217.039 431.962 0  1000e
572593.123 3523227.768 432.940 0  950e
572540.906 3523237.016 434.313 0  900e
572493.372 3523252.636 435.621 0  850e
572448.141 3523265.622 436.589 0  800e
572400.574 3523284.186 434.713 0  750e
572350.222 3523289.833 433.233 0  700e
572301.379 3523305.673 433.232 0  650e
572251.572 3523312.512 435.492 0  600e
572204.856 3523326.894 435.324 0  550e
572158.881 3523338.667 437.249 0  500e
