573403.869 3523011.189 423.631 0  1800e
573361.286 3523024.823 422.844 0  1750e
573314.720 3523035.462 423.755 0  1700e
573265.341 3523051.798 423.716 0  1650e
573220.913 3523066.976 425.960 0  1650e
573171.723 3523074.281 428.199 0  1550e
573122.669 3523088.658 430.013 0  1500e
573070.974 3523098.603 433.887 0  1450e
573021.247 3523116.229 434.619 0  1400e
572974.269 3523130.301 435.822 0  1350e
572925.561 3523141.293 435.062 0  1300e
572826.711 3523163.862 434.539 0  1200e
572779.290 3523171.751 434.009 0  1150e
572730.074 3523188.347 432.369 0  1100e
