572332.201 3522278.714 449.303 0  
572280.181 3522282.183 452.052 0  
572227.204 3522296.102 452.714 0  
572176.783 3522310.205 458.885 0  
572130.929 3522321.732 460.764 0  
572096.586 3522331.636 475.799 0  
572066.407 3522336.935 487.377 0  
572037.591 3522345.092 502.282 0  
572015.158 3522345.054 512.362 0  
571983.707 3522358.612 497.021 0  
571955.202 3522366.753 484.558 0  
571926.267 3522374.451 471.299 0  
571892.603 3522383.886 461.063 0  
571846.655 3522396.025 453.659 0  
571812.516 3522409.645 449.804 0  
571820.740 3522461.991 450.275 0  
571834.302 3522509.953 452.119 0  
571847.857 3522559.864 454.169 0  
571861.826 3522608.898 451.920 0  
571876.136 3522661.128 452.920 0  
571890.456 3522710.696 451.979 0  
571909.912 3522759.294 449.192 0  
571922.201 3522811.454 448.232 0  
571933.158 3522861.738 446.426 0  
571945.185 3522914.903 444.425 0  
571958.346 3522964.777 444.493 0  
571971.100 3523013.381 444.280 0  
571982.733 3523064.199 443.897 0  
571998.058 3523114.579 442.720 0  
572010.961 3523164.392 439.810 0  
572023.883 3523215.722 436.781 0  
572040.882 3523265.165 431.617 0  
572053.630 3523319.302 435.671 0  
572065.255 3523365.906 439.486 0  
572078.299 3523413.133 443.039 0  
572090.746 3523462.570 442.753 0  
572106.260 3523511.695 441.071 0  
572123.034 3523560.313 442.763 0  
572134.372 3523608.833 444.644 0  
572145.527 3523659.226 448.005 0  
572160.420 3523709.025 449.451 0  
572168.559 3523740.513 448.101 0  
572219.101 3523736.061 443.452 0  
572269.372 3523721.122 440.479 0  
572319.798 3523706.405 441.793 0  
572366.772 3523692.954 444.294 0  
572415.380 3523681.036 448.087 0  
572460.105 3523668.955 452.852 0  
572509.394 3523654.296 456.600 0  
572557.305 3523642.773 457.884 0  
572605.013 3523631.098 459.992 0  
572647.558 3523620.144 464.192 0  
572685.867 3523612.853 474.522 0  
572720.739 3523599.656 483.241 0  
572764.909 3523590.323 485.917 0  
572797.767 3523583.552 475.320 0  
572829.551 3523574.832 462.447 0  
572869.309 3523564.080 451.975 0  
572910.736 3523541.828 444.863 0  
572903.293 3523501.521 443.164 0  
572944.179 3523465.136 438.144 0  
572927.805 3523422.850 437.128 0  
572914.004 3523371.851 436.040 0  
572904.250 3523320.018 434.875 0  
572893.739 3523266.633 434.114 0  
572878.274 3523214.582 434.489 0  
572864.541 3523163.803 433.902 0  
572850.316 3523110.085 432.319 0  
572835.718 3523056.441 430.899 0  
572816.364 3523007.665 434.152 0  
572805.364 3522955.000 435.447 0  
572796.759 3522902.763 433.099 0  
572782.367 3522852.505 429.606 0  
572765.845 3522802.387 427.287 0  
572750.981 3522745.893 424.912 0  
572738.808 3522697.463 425.060 0  
572723.946 3522646.914 430.398 0  
572708.146 3522597.399 431.969 0  
572694.039 3522547.288 433.467 0  
572680.592 3522495.728 433.110 0  
572666.722 3522445.014 430.443 0  
572651.331 3522393.934 432.972 0  
572635.526 3522345.498 431.632 0  
572627.001 3522294.071 430.998 0  
572612.171 3522240.382 430.924 0  
572603.181 3522217.163 430.518 0  
572550.812 3522212.252 430.716 0  
572501.725 3522223.425 434.033 0  
572452.398 3522236.086 438.037 0  
572406.000 3522254.143 443.552 0  
572356.702 3522268.665 447.360 0  
