ls
ls
<CR>
         TIME          Size       File name 
----A 2021/10/23 11:11       744  1023
----A 2021/10/24 14:33      7464  1024
----A 2021/10/24 10:53    128000  10241037
----A 2021/10/24 11:10    128000  10241054
----A 2021/10/24 11:27    128000  10241111
----A 2021/10/24 11:44    128000  10241129
----A 2021/10/24 12:01    128000  10241146
----A 2021/10/24 12:18    128000  10241203
----A 2021/10/24 12:35    128000  10241220
----A 2021/10/24 12:52    128000  10241237
----A 2021/10/24 13:09    128000  10241254
----A 2021/10/24 13:26    128000  10241311
----A 2021/10/24 13:43    128000  10241328
----A 2021/10/24 14:00    128000  10241345
----A 2021/10/24 14:17    128000  10241402
----A 2021/10/24 14:19      2560  10241419
----A 2021/10/25 14:55      8352  1025
----A 2021/10/25 10:12    128000  10250957
----A 2021/10/25 10:29    128000  10251014
----A 2021/10/25 10:46    128000  10251031
----A 2021/10/25 11:03    128000  10251048
----A 2021/10/25 11:20    128000  10251105
----A 2021/10/25 11:37    128000  10251122
----A 2021/10/25 11:54    128000  10251139
----A 2021/10/25 12:11    128000  10251156
----A 2021/10/25 12:28    128000  10251213
----A 2021/10/25 12:45    128000  10251230
----A 2021/10/25 13:02    128000  10251247
----A 2021/10/25 13:35    128000  10251304
----A 2021/10/25 13:35      2560  10251335
----A 2021/10/25 13:51    128000  10251336
----A 2021/10/25 14:08    128000  10251353
----A 2021/10/25 14:25    128000  10251410
----A 2021/10/25 14:42    128000  10251427
----A 2021/10/25 14:44      2560  10251444

  35 File(s),   3736240 bytes total
   0 Dir(s),     996768K bytes free

/> 
read 1025
read 1025
<CR>Time:2021/10/25 14:44
Hours Minutes Seconds  Nb_Samples    Aver. Current 
9 15 57 12 15352 
9 16 13 13 17194 
9 16 27 12 18484 
9 16 43 13 18975 
9 16 57 12 19036 
9 17 13 13 19036 
9 17 27 12 19036 
9 17 43 13 19036 
9 17 57 12 19036 
9 18 13 13 19036 
9 18 27 12 19036 
9 18 43 13 19036 
9 18 57 12 19036 
9 19 13 13 19036 
9 19 27 12 19036 
9 19 43 13 19036 
9 19 57 12 19036 
9 20 13 13 19036 
9 20 27 12 19036 
9 20 43 13 19036 
9 20 57 12 18975 
9 21 13 13 18975 
9 21 27 12 18975 
9 21 43 13 18975 
9 21 57 12 18975 
9 22 13 13 18975 
9 22 27 12 18975 
9 22 43 13 19036 
9 22 57 12 18975 
9 23 13 13 18975 
9 23 27 12 18975 
9 23 43 13 18975 
9 23 57 12 18975 
9 24 13 13 18975 
9 24 27 12 18975 
9 24 43 13 18975 
9 24 57 12 18975 
9 25 13 13 18975 
9 25 27 12 18975 
9 25 43 13 18975 
9 25 57 12 18975 
9 26 13 13 18975 
9 26 27 12 18975 
9 26 43 13 18975 
9 26 57 12 18975 
9 27 13 13 18975 
9 27 27 12 18975 
9 27 43 13 18975 
9 27 57 12 18975 
9 28 13 13 18975 
9 28 27 12 18975 
9 28 43 13 18975 
9 28 57 12 18975 
9 29 13 13 18975 
9 29 27 12 18975 
9 29 43 13 18975 
9 29 57 12 18975 
9 57 35 12 17010 
9 57 50 13 17010 
9 58 5 12 17010 
9 58 20 13 17010 
9 58 35 12 17010 
9 58 50 13 17010 
9 59 5 12 17010 
9 59 20 13 17010 
9 59 35 12 17010 
9 59 50 13 17010 
10 0 5 12 17010 
10 0 20 13 17010 
10 0 35 12 17010 
10 0 50 13 17010 
10 1 5 12 17010 
10 1 20 13 17010 
10 1 35 12 17010 
10 1 50 13 17010 
10 2 5 12 17010 
10 2 20 13 17010 
10 2 35 12 17010 
10 2 50 13 17010 
10 3 5 12 17010 
10 3 20 13 17010 
10 3 35 12 17010 
10 3 50 13 17010 
10 4 5 12 17010 
10 4 20 13 17010 
10 4 35 12 17010 
10 4 50 13 17010 
10 5 5 12 17010 
10 5 20 13 17010 
10 5 35 12 17010 
10 5 50 13 17010 
10 6 5 12 17010 
10 6 20 13 17010 
10 6 35 12 17010 
10 6 50 13 17010 
10 7 5 12 17010 
10 7 20 13 17010 
10 7 35 12 17010 
10 7 50 13 17010 
10 8 5 12 17010 
10 8 20 13 17010 
10 8 35 12 17010 
10 8 50 13 17010 
10 9 5 12 17010 
10 9 20 13 17010 
10 9 35 12 17010 
10 9 50 13 17010 
10 10 5 12 17010 
10 10 20 13 17010 
10 10 35 12 17010 
10 10 50 13 17010 
10 11 5 12 17010 
10 11 20 13 17010 
10 11 35 12 17010 
10 11 50 13 17010 
10 12 5 12 17010 
10 14 35 12 17010 
10 14 50 13 17010 
10 15 5 12 17010 
10 15 20 13 17010 
10 15 35 12 17010 
10 15 50 13 17010 
10 16 5 12 17010 
10 16 20 13 17010 
10 16 35 12 17010 
10 16 50 13 17010 
10 17 5 12 17010 
10 17 20 13 17010 
10 17 36 13 17010 
10 17 50 12 17010 
10 18 6 13 17010 
10 18 20 12 17010 
10 18 36 13 17010 
10 18 50 12 17010 
10 19 6 13 17010 
10 19 20 12 17010 
10 19 36 13 17010 
10 19 50 12 17010 
10 20 6 13 17010 
10 20 20 12 17010 
10 20 36 13 17010 
10 20 50 12 17010 
10 21 6 13 17010 
10 21 20 12 17010 
10 21 36 13 17010 
10 21 50 12 17010 
10 22 6 13 17010 
10 22 20 12 17010 
10 22 36 13 17010 
10 22 50 12 17010 
10 23 6 13 17010 
10 23 20 12 17010 
10 23 36 13 17010 
10 23 50 12 17010 
10 24 6 13 17010 
10 24 20 12 17010 
10 24 36 13 17010 
10 24 50 12 17010 
10 25 6 13 17010 
10 25 20 12 17010 
10 25 36 13 17010 
10 25 50 12 17010 
10 26 6 13 17010 
10 26 20 12 17010 
10 26 36 13 17010 
10 26 50 12 17010 
10 27 6 13 17010 
10 27 20 12 17010 
10 27 36 13 17010 
10 27 50 12 17010 
10 28 6 13 17010 
10 28 20 12 17010 
10 28 36 13 17010 
10 28 50 12 17010 
10 29 6 13 17010 
10 31 36 13 17010 
10 31 50 12 17010 
10 32 6 13 17010 
10 32 20 12 17010 
10 32 36 13 17010 
10 32 50 12 17010 
10 33 6 13 17010 
10 33 20 12 17010 
10 33 36 13 17010 
10 33 50 12 17010 
10 34 6 13 17010 
10 34 20 12 17010 
10 34 36 13 17010 
10 34 50 12 17010 
10 35 6 13 17010 
10 35 20 12 17010 
10 35 36 13 17010 
10 35 50 12 17010 
10 36 6 13 17010 
10 36 20 12 17010 
10 36 36 13 17010 
10 36 50 12 17010 
10 37 6 13 17010 
10 37 20 12 17010 
10 37 36 13 17010 
10 37 50 12 17010 
10 38 6 13 17010 
10 38 20 12 17010 
10 38 36 13 17010 
10 38 50 12 17010 
10 39 6 13 17010 
10 39 20 12 17010 
10 39 36 13 17010 
10 39 50 12 17010 
10 40 6 13 17010 
10 40 20 12 17010 
10 40 36 13 17010 
10 40 50 12 17010 
10 41 6 13 17010 
10 41 20 12 17010 
10 41 36 13 17010 
10 41 50 12 17010 
10 42 6 13 17010 
10 42 20 12 17010 
10 42 36 13 17010 
10 42 50 12 17010 
10 43 6 13 17010 
10 43 20 12 17010 
10 43 36 13 17010 
10 43 50 12 17010 
10 44 6 13 17010 
10 44 20 12 17010 
10 44 36 13 17010 
10 44 50 12 17010 
10 45 6 13 17010 
10 45 20 12 17010 
10 45 36 13 17010 
10 45 50 12 17010 
10 46 6 13 17010 
10 48 36 13 17010 
10 48 50 12 17010 
10 49 6 13 17010 
10 49 20 12 17010 
10 49 36 13 17010 
10 49 50 12 17010 
10 50 6 13 17010 
10 50 20 12 17010 
10 50 36 13 17010 
10 50 50 12 17010 
10 51 6 13 17010 
10 51 20 12 17010 
10 51 36 13 17010 
10 51 50 12 17010 
10 52 6 13 17010 
10 52 20 12 17010 
10 52 36 13 17010 
10 52 50 12 17010 
10 53 6 13 17010 
10 53 20 12 17010 
10 53 36 13 17010 
10 53 50 12 17010 
10 54 6 13 17010 
10 54 20 12 17010 
10 54 36 13 17010 
10 54 50 12 17010 
10 55 6 13 17010 
10 55 20 12 17010 
10 55 36 13 17010 
10 55 50 12 17010 
10 56 6 13 17010 
10 56 21 12 17010 
10 56 36 13 17010 
10 56 51 12 17010 
10 57 6 13 17010 
10 57 21 12 17010 
10 57 36 13 17010 
10 57 51 12 17010 
10 58 6 13 17010 
10 58 21 12 17010 
10 58 36 13 17010 
10 58 51 12 17010 
10 59 6 13 17010 
10 59 21 12 17010 
10 59 36 13 17010 
10 59 51 12 17010 
11 0 6 13 17010 
11 0 21 12 17010 
11 0 36 13 17010 
11 0 51 12 17010 
11 1 6 13 17010 
11 1 21 12 17010 
11 1 36 13 17010 
11 1 51 12 17010 
11 2 6 13 17010 
11 2 21 12 17010 
11 2 36 13 17010 
11 2 51 12 17010 
11 3 6 13 17010 
11 5 36 13 17010 
11 5 51 12 17010 
11 6 6 13 17010 
11 6 21 12 17010 
11 6 36 13 17010 
11 6 51 12 17010 
11 7 6 13 17010 
11 7 21 12 17010 
11 7 36 13 17010 
11 7 51 12 17010 
11 8 6 13 17010 
11 8 21 12 17010 
11 8 36 13 17010 
11 8 51 12 17010 
11 9 6 13 17010 
11 9 21 12 17010 
11 9 36 13 17010 
11 9 51 12 17010 
11 10 6 13 17010 
11 10 21 12 17010 
11 10 36 13 17010 
11 10 51 12 17010 
11 11 6 13 17010 
11 11 21 12 17010 
11 11 36 13 17010 
11 11 51 12 17010 
11 12 6 13 17010 
11 12 21 12 17010 
11 12 36 13 17010 
11 12 51 12 17010 
11 13 6 13 17010 
11 13 21 12 17010 
11 13 36 13 17010 
11 13 51 12 17010 
11 14 6 13 17010 
11 14 21 12 17010 
11 14 36 13 17010 
11 14 51 12 17010 
11 15 6 13 17010 
11 15 21 12 17010 
11 15 36 13 17010 
11 15 51 12 17010 
11 16 6 13 17010 
11 16 21 12 17010 
11 16 36 13 17010 
11 16 51 12 17010 
11 17 6 13 17010 
11 17 21 12 17010 
11 17 36 13 17010 
11 17 51 12 17010 
11 18 6 13 17010 
11 18 21 12 17010 
11 18 36 13 17010 
11 18 51 12 17010 
11 19 6 13 17010 
11 19 21 12 17010 
11 19 36 13 17010 
11 19 51 12 17010 
11 20 6 13 17010 
11 22 36 13 17010 
11 22 51 12 17010 
11 23 6 13 17010 
11 23 21 12 17010 
11 23 36 13 17010 
11 23 51 12 17010 
11 24 6 13 17010 
11 24 21 12 17010 
11 24 36 13 17010 
11 24 51 12 17010 
11 25 6 13 17010 
11 25 21 12 17010 
11 25 36 13 17010 
11 25 51 12 17010 
11 26 6 13 17010 
11 26 21 12 17010 
11 26 36 13 17010 
11 26 51 12 17010 
11 27 6 13 17010 
11 27 21 12 17010 
11 27 36 13 17010 
11 27 51 12 17010 
11 28 6 13 17010 
11 28 21 12 17010 
11 28 36 13 17010 
11 28 51 12 17010 
11 29 6 13 17010 
11 29 21 12 17010 
11 29 36 13 17010 
11 29 51 12 17010 
11 30 6 13 17010 
11 30 21 12 17010 
11 30 36 13 17010 
11 30 51 12 17010 
11 31 6 13 17010 
11 31 21 12 17010 
11 31 36 13 17010 
11 31 51 12 17010 
11 32 6 13 17010 
11 32 21 12 17010 
11 32 36 13 17010 
11 32 51 12 17010 
11 33 6 13 17010 
11 33 21 12 17010 
11 33 36 13 17010 
11 33 51 12 17010 
11 34 6 13 17010 
11 34 21 12 17010 
11 34 36 13 17010 
11 34 51 12 17010 
11 35 6 13 17010 
11 35 21 12 17010 
11 35 36 13 17010 
11 35 51 12 17010 
11 36 6 13 17010 
11 36 21 12 17010 
11 36 36 13 17010 
11 36 51 12 17010 
11 37 6 13 17010 
11 39 37 13 17010 
11 39 52 12 17010 
11 40 7 13 17010 
11 40 22 12 17010 
11 40 37 13 17010 
11 40 52 12 17010 
11 41 7 13 17010 
11 41 22 12 17010 
11 41 37 13 17010 
11 41 52 12 17010 
11 42 7 13 17010 
11 42 22 12 17010 
11 42 37 13 17010 
11 42 52 12 17010 
11 43 7 13 17010 
11 43 22 12 17010 
11 43 37 13 17010 
11 43 52 12 17010 
11 44 7 13 17010 
11 44 22 12 17010 
11 44 37 13 17010 
11 44 52 12 17010 
11 45 7 13 17010 
11 45 22 12 17010 
11 45 37 13 17010 
11 45 52 12 17010 
11 46 7 13 17010 
11 46 22 12 17010 
11 46 37 13 17010 
11 46 52 12 17010 
11 47 7 13 17010 
11 47 22 12 17010 
11 47 37 13 17010 
11 47 52 12 17010 
11 48 7 13 17010 
11 48 22 12 17010 
11 48 37 13 17010 
11 48 52 12 17010 
11 49 7 13 17010 
11 49 22 12 17010 
11 49 37 13 17010 
11 49 52 12 17010 
11 50 7 13 17010 
11 50 22 12 17010 
11 50 37 13 17010 
11 50 52 12 17010 
11 51 7 13 17010 
11 51 22 12 17010 
11 51 37 13 17010 
11 51 52 12 17010 
11 52 7 13 17010 
11 52 22 12 17010 
11 52 37 13 17010 
11 52 52 12 17010 
11 53 7 13 17010 
11 53 22 12 17010 
11 53 37 13 17010 
11 53 52 12 17010 
11 54 7 13 17010 
11 56 37 13 17010 
11 56 52 12 17010 
11 57 7 13 17010 
11 57 22 12 17010 
11 57 37 13 17010 
11 57 52 12 17010 
11 58 7 13 17010 
11 58 22 12 17010 
11 58 37 13 17010 
11 58 52 12 17010 
11 59 7 13 17010 
11 59 22 12 17010 
11 59 37 13 17010 
11 59 52 12 17010 
12 0 7 13 17010 
12 0 22 12 17010 
12 0 37 13 17010 
12 0 52 12 17010 
12 1 7 13 17010 
12 1 22 12 17010 
12 1 37 13 17010 
12 1 52 12 17010 
12 2 7 13 17010 
12 2 22 12 17010 
12 2 37 13 17010 
12 2 52 12 17010 
12 3 7 13 17010 
12 3 22 12 17010 
12 3 37 13 17010 
12 3 52 12 17010 
12 4 7 13 17010 
12 4 22 12 17010 
12 4 37 13 17010 
12 4 52 12 17010 
12 5 7 13 17010 
12 5 22 12 17010 
12 5 37 13 17010 
12 5 52 12 17010 
12 6 7 13 17010 
12 6 22 12 17010 
12 6 37 13 17010 
12 6 52 12 17010 
12 7 7 13 17010 
12 7 22 12 17010 
12 7 37 13 17010 
12 7 52 12 17010 
12 8 7 13 17010 
12 8 22 12 17010 
12 8 37 13 17010 
12 8 52 12 17010 
12 9 7 13 17010 
12 9 22 12 17010 
12 9 37 13 17010 
12 9 52 12 17010 
12 10 7 13 17010 
12 10 22 12 17010 
12 10 37 13 17010 
12 10 52 12 17010 
12 11 7 13 17010 
12 13 37 13 17010 
12 13 52 12 17010 
12 14 7 13 17010 
12 14 22 12 17010 
12 14 37 13 17010 
12 14 52 12 17010 
12 15 7 13 17010 
12 15 22 12 17010 
12 15 37 13 17010 
12 15 52 12 17010 
12 16 7 13 17010 
12 16 22 12 17010 
12 16 37 13 17010 
12 16 52 12 17010 
12 17 7 13 17010 
12 17 22 12 17010 
12 17 37 13 17010 
12 17 52 12 17010 
12 18 7 13 17010 
12 18 22 12 17010 
12 18 37 13 17010 
12 18 52 12 17010 
12 19 7 13 17010 
12 19 22 12 17010 
12 19 37 13 17010 
12 19 52 12 17010 
12 20 7 13 17010 
12 20 22 12 17010 
12 20 37 13 17010 
12 20 52 12 17010 
12 21 7 13 17010 
12 21 22 12 17010 
12 21 37 13 17010 
12 21 52 12 17010 
12 22 7 13 17010 
12 22 22 12 17010 
12 22 37 13 17010 
12 22 52 12 17010 
12 23 7 13 17010 
12 23 22 12 17010 
12 23 37 13 17010 
12 23 52 12 17010 
12 24 7 13 17010 
12 24 22 12 17010 
12 24 37 13 17010 
12 24 52 12 17010 
12 25 7 13 17010 
12 25 22 12 17010 
12 25 37 13 17010 
12 25 52 12 17010 
12 26 7 13 17010 
12 26 22 12 17010 
12 26 37 13 17010 
12 26 52 12 17010 
12 27 7 13 17010 
12 27 22 12 17010 
12 27 37 13 17010 
12 27 52 12 17010 
12 28 7 13 17010 
12 30 39 13 17010 
12 30 53 12 17010 
12 31 9 13 17010 
12 31 23 12 17010 
12 31 39 13 17010 
12 31 53 12 17010 
12 32 9 13 17010 
12 32 23 12 17010 
12 32 39 13 17010 
12 32 53 12 17010 
12 33 9 13 17010 
12 33 23 12 17010 
12 33 39 13 17010 
12 33 53 12 17010 
12 34 9 13 17010 
12 34 23 12 17010 
12 34 39 13 17010 
12 34 53 12 17010 
12 35 9 13 17010 
12 35 23 12 17010 
12 35 39 13 17010 
12 35 53 12 17010 
12 36 9 13 17010 
12 36 23 12 17010 
12 36 39 13 17010 
12 36 53 12 17010 
12 37 9 13 17010 
12 37 23 12 17010 
12 37 39 13 17010 
12 37 53 12 17010 
12 38 9 13 17010 
12 38 23 12 17010 
12 38 39 13 17010 
12 38 53 12 17010 
12 39 9 13 17010 
12 39 23 12 17010 
12 39 39 13 17010 
12 39 53 12 17010 
12 40 9 13 17010 
12 40 23 12 17010 
12 40 39 13 17010 
12 40 53 12 17010 
12 41 9 13 17010 
12 41 23 12 17010 
12 41 39 13 17010 
12 41 53 12 17010 
12 42 9 13 17010 
12 42 23 12 17010 
12 42 39 13 17010 
12 42 53 12 17010 
12 43 9 13 17010 
12 43 23 12 17010 
12 43 39 13 17010 
12 43 53 12 17010 
12 44 9 13 17010 
12 44 23 12 17010 
12 44 39 13 17010 
12 44 53 12 17010 
12 45 9 13 17010 
12 47 39 13 17010 
12 47 53 12 17010 
12 48 9 13 17010 
12 48 23 12 17010 
12 48 39 13 17010 
12 48 53 12 17010 
12 49 9 13 17010 
12 49 23 12 17010 
12 49 39 13 17010 
12 49 53 12 17010 
12 50 9 13 17010 
12 50 23 12 17010 
12 50 39 13 17010 
12 50 53 12 17010 
12 51 9 13 17010 
12 51 23 12 17010 
12 51 39 13 17010 
12 51 53 12 17010 
12 52 9 13 17010 
12 52 23 12 17010 
12 52 39 13 17010 
12 52 53 12 17010 
12 53 9 13 17010 
12 53 23 12 17010 
12 53 39 13 17010 
12 53 53 12 17010 
12 54 9 13 17010 
12 54 23 12 17010 
12 54 39 13 17010 
12 54 53 12 17010 
12 55 9 13 17010 
12 55 23 12 17010 
12 55 39 13 17010 
12 55 53 12 17010 
12 56 9 13 17010 
12 56 23 12 17010 
12 56 39 13 17010 
12 56 53 12 17010 
12 57 9 13 17010 
12 57 23 12 17010 
12 57 39 13 17010 
12 57 53 12 17010 
12 58 9 13 17010 
12 58 23 12 17010 
12 58 39 13 17010 
12 58 53 12 17010 
12 59 9 13 17010 
12 59 23 12 17010 
12 59 39 13 17010 
12 59 53 12 17010 
13 0 9 13 17010 
13 0 23 12 17010 
13 0 39 13 17010 
13 0 53 12 17010 
13 1 9 13 17010 
13 1 23 12 17010 
13 1 39 13 17010 
13 1 53 12 17010 
13 2 9 13 17010 
13 4 40 13 17010 
13 4 54 12 17010 
13 5 10 13 17010 
13 5 24 12 17010 
13 5 40 13 17010 
13 5 54 12 17010 
13 6 10 13 17010 
13 6 24 12 17010 
13 6 40 13 17010 
13 6 54 12 17010 
13 7 10 13 17010 
13 7 24 12 17010 
13 7 40 13 17010 
13 7 54 12 17010 
13 8 10 13 17010 
13 8 24 12 17010 
13 8 40 13 17010 
13 8 54 12 17010 
13 9 10 13 17010 
13 9 24 12 17010 
13 9 40 13 17010 
13 9 54 12 17010 
13 10 10 13 17010 
13 10 24 12 17010 
13 10 40 13 17010 
13 10 54 12 17010 
13 11 10 13 17010 
13 11 24 12 17010 
13 11 40 13 17010 
13 11 54 12 17010 
13 12 10 13 17010 
13 12 24 12 17010 
13 12 40 13 17010 
13 12 54 12 17010 
13 13 10 13 17010 
13 13 24 12 17010 
13 13 40 13 17010 
13 13 54 12 17010 
13 14 10 13 17010 
13 14 24 12 17010 
13 14 40 13 17010 
13 14 54 12 17010 
13 15 10 13 17010 
13 15 24 12 17010 
13 15 40 13 17010 
13 15 54 12 17010 
13 16 10 13 17010 
13 16 24 12 17010 
13 16 40 13 17010 
13 16 54 12 17010 
13 17 10 13 17010 
13 17 24 12 17010 
13 17 40 13 17010 
13 17 54 12 17010 
13 18 10 13 17010 
13 18 24 12 17010 
13 18 40 13 17010 
13 18 54 12 17010 
13 33 55 8 7184 
13 36 41 12 17071 
13 36 57 13 17071 
13 37 11 12 17071 
13 37 27 13 17071 
13 37 41 12 17071 
13 37 57 13 17071 
13 38 11 12 17071 
13 38 27 13 17071 
13 38 41 12 17071 
13 38 57 13 17071 
13 39 11 12 17071 
13 39 27 13 17071 
13 39 41 12 17071 
13 39 57 13 17071 
13 40 11 12 17071 
13 40 27 13 17071 
13 40 41 12 17071 
13 40 57 13 17071 
13 41 11 12 17071 
13 41 27 13 17071 
13 41 41 12 17071 
13 41 57 13 17071 
13 42 11 12 17071 
13 42 27 13 17071 
13 42 41 12 17071 
13 42 57 13 17071 
13 43 11 12 17071 
13 43 27 13 17071 
13 43 41 12 17071 
13 43 57 13 17071 
13 44 11 12 17071 
13 44 27 13 17071 
13 44 41 12 17071 
13 44 57 13 17071 
13 45 11 12 17071 
13 45 27 13 17071 
13 45 41 12 17071 
13 45 57 13 17071 
13 46 11 12 17071 
13 46 27 13 17071 
13 46 41 12 17071 
13 46 57 13 17071 
13 47 11 12 17071 
13 47 27 13 17071 
13 47 41 12 17071 
13 47 57 13 17071 
13 48 11 12 17071 
13 48 27 13 17071 
13 48 41 12 17071 
13 48 57 13 17071 
13 49 11 12 17071 
13 49 27 13 17071 
13 49 41 12 17071 
13 49 57 13 17071 
13 50 11 12 17071 
13 50 27 13 17071 
13 50 41 12 17071 
13 50 57 13 17071 
13 51 11 12 17071 
13 53 41 12 17071 
13 53 57 13 17071 
13 54 11 12 17071 
13 54 27 13 17071 
13 54 41 12 17071 
13 54 57 13 17071 
13 55 11 12 17071 
13 55 27 13 17071 
13 55 41 12 17071 
13 55 57 13 17071 
13 56 11 12 17071 
13 56 27 13 17071 
13 56 41 12 17071 
13 56 57 13 17071 
13 57 11 12 17071 
13 57 27 13 17071 
13 57 41 12 17071 
13 57 57 13 17071 
13 58 11 12 17010 
13 58 27 13 17071 
13 58 41 12 17071 
13 58 57 13 17071 
13 59 11 12 17010 
13 59 27 13 17071 
13 59 41 12 17071 
13 59 57 13 17071 
14 0 11 12 17071 
14 0 27 13 17071 
14 0 41 12 17010 
14 0 57 13 17071 
14 1 11 12 17071 
14 1 27 13 17071 
14 1 41 12 17071 
14 1 57 13 17071 
14 2 11 12 17010 
14 2 27 13 17010 
14 2 41 12 17010 
14 2 57 13 17010 
14 3 11 12 17071 
14 3 27 13 17071 
14 3 41 12 17071 
14 3 57 13 17071 
14 4 11 12 17071 
14 4 27 13 17071 
14 4 41 12 17071 
14 4 57 13 17071 
14 5 11 12 17010 
14 5 27 13 17071 
14 5 41 12 17010 
14 5 57 13 17071 
14 6 11 12 17071 
14 6 27 13 17071 
14 6 41 12 17071 
14 6 57 13 17071 
14 7 11 12 17010 
14 7 27 13 17071 
14 7 41 12 17010 
14 7 57 13 17071 
14 8 11 12 17071 
14 10 41 12 17010 
14 10 57 13 17010 
14 11 11 12 17071 
14 11 27 13 17071 
14 11 41 12 17071 
14 11 57 13 17010 
14 12 11 12 17010 
14 12 27 13 17010 
14 12 41 12 17010 
14 12 57 13 17010 
14 13 12 13 17010 
14 13 27 12 17010 
14 13 42 13 17071 
14 13 57 12 17010 
14 14 12 13 17010 
14 14 27 12 17010 
14 14 42 13 17010 
14 14 57 12 17010 
14 15 12 13 17071 
14 15 27 12 17071 
14 15 42 13 17071 
14 15 57 12 17071 
14 16 12 13 17010 
14 16 27 12 17010 
14 16 42 13 17010 
14 16 57 12 17010 
14 17 12 13 17071 
14 17 27 12 17010 
14 17 42 13 17010 
14 17 57 12 17010 
14 18 12 13 17010 
14 18 27 12 17010 
14 18 42 13 17071 
14 18 57 12 17010 
14 19 12 13 17010 
14 19 27 12 17010 
14 19 42 13 17071 
14 19 57 12 17010 
14 20 12 13 17071 
14 20 27 12 17071 
14 20 42 13 17010 
14 20 57 12 17071 
14 21 12 13 17071 
14 21 27 12 17010 
14 21 42 13 17071 
14 21 57 12 17010 
14 22 12 13 17010 
14 22 27 12 17010 
14 22 42 13 17071 
14 22 57 12 17010 
14 23 12 13 17010 
14 23 27 12 17010 
14 23 42 13 17010 
14 23 57 12 17010 
14 24 12 13 17010 
14 24 27 12 17010 
14 24 42 13 17071 
14 24 57 12 17010 
14 25 12 13 17071 
14 27 42 13 17071 
14 27 57 12 17010 
14 28 12 13 17010 
14 28 27 12 17010 
14 28 42 13 17010 
14 28 57 12 17010 
14 29 12 13 17010 
14 29 27 12 17071 
14 29 42 13 17010 
14 29 57 12 17010 
14 30 12 13 17071 
14 30 27 12 17010 
14 30 42 13 17071 
14 30 57 12 17010 
14 31 12 13 17010 
14 31 27 12 17071 
14 31 42 13 17071 
14 31 57 12 17071 
14 32 12 13 17010 
14 32 27 12 17010 
14 32 42 13 17071 
14 32 57 12 17071 
14 33 12 13 17071 
14 33 27 12 17071 
14 33 42 13 17010 
14 33 57 12 17010 
14 34 12 13 17010 
14 34 27 12 17010 
14 34 42 13 17010 
14 34 57 12 17010 
14 35 12 13 17071 
14 35 27 12 17010 
14 35 42 13 17010 
14 35 57 12 17010 
14 36 12 13 17010 
14 36 27 12 17010 
14 36 42 13 17010 
14 36 57 12 17071 
14 37 12 13 17010 
14 37 27 12 17010 
14 37 42 13 17071 
14 37 57 12 17010 
14 38 12 13 17010 
14 38 27 12 17010 
14 38 42 13 17010 
14 38 57 12 17010 
14 39 12 13 17010 
14 39 27 12 17010 
14 39 42 13 17071 
14 39 57 12 17010 
14 40 12 13 17010 
14 40 27 12 17010 
14 40 42 13 17071 
14 40 57 12 17010 
14 41 12 13 17010 
14 41 27 12 17010 
14 41 42 13 17071 
14 41 57 12 17010 
14 42 12 13 17071 
14 44 42 13 17010 
14 44 57 12 17071 
14 45 12 13 17010 
14 45 27 12 17071 
14 45 42 13 17071 
14 45 57 12 17010 
14 46 12 13 17071 
14 46 27 12 17071 
14 46 42 13 17010 
14 46 57 12 17010 
14 47 12 13 17071 
14 47 27 12 17071 
14 47 42 13 17010 
14 47 57 12 17010 
14 48 12 13 17071 
14 48 27 12 17071 
14 48 42 13 17071 
14 48 57 12 17010 
14 49 12 13 17071 
14 49 27 12 17010 
14 49 42 13 17010 
14 49 57 12 17071 
14 50 12 13 17010 
14 50 27 12 17010 
14 50 42 13 17071 
14 50 57 12 17010 
14 51 12 13 17071 
14 51 27 12 17071 
14 51 42 13 17071 
14 51 57 12 17071 
14 52 12 13 17010 
14 52 27 12 17071 
14 52 42 13 17010 
14 52 57 12 17010 
14 53 12 13 17010 
14 53 27 12 17010 
14 53 42 13 17010 
14 53 57 12 17071 
14 54 12 13 17010 
14 54 27 12 17010 
14 54 42 13 17010 
14 54 57 12 17071 
14 55 12 13 17071 

/> 
read_ramp 10251230
read_ramp 10251230
<CR>Time:2021/10/25 14:44Ramp data first polarity: 
783 784 784 783 784 784 784 783 784 784 784 784 784 784 784 784 783 783 785 783 784 784 785 784 784 783 784 784 784 784 784 783 783 783 784 784 784 785 785 783 783 783 783 784 784 784 784 783 784 783 783 783 784 784 784 784 784 783 784 783 783 783 783 782 780 778 775 771 768 764 762 761 758 757 755 754 752 751 749 749 746 745 743 741 739 738 736 735 733 731 731 729 727 725 723 722 720 719 717 716 713 713 711 710 708 706 705 702 701 700 698 698 696 693 692 690 688 687 686 684 682 680 679 677 675 674 673 671 670 668 666 665 663 661 660 658 657 655 655 653 650 649 648 646 645 644 641 639 638 637 635 634 633 631 629 627 625 625 623 621 621 619 617 615 613 612 610 609 608 606 604 603 602 600 598 598 596 594 592 591 589 588 586 586 584 583 581 580 578 576 574 573 572 571 569 566 565 565 562 561 560 559 558 555 554 553 551 549 548 547 546 543 542 541 539 538 537 536 534 533 530 530 528 526 524 524 523 521 519 518 516 515 514 513 512 510 508 507 506 506 506 505 506 505 505 506 506 506 506 505 506 505 505 505 505 505 506 505 506 505 505 505 505 505 505 505 506 506 505 505 505 504 505 504 505 505 505 505 505 505 506 505 506 506 505 505 505 505 506 505 506 505 505 505 505 505 506 505 506 505 505 506 505 505 506 505 506 506 505 505 505 505 506 505 506 506 505 505 505 505 
ramp data second polarity
228 229 230 230 228 229 229 229 229 229 229 229 229 228 229 229 229 229 230 229 229 229 229 229 228 229 229 229 228 229 228 229 229 228 229 229 229 229 228 229 229 228 229 229 228 228 229 229 229 228 229 229 228 229 229 229 229 229 229 228 228 229 229 229 231 233 234 238 241 244 246 249 253 254 257 257 259 260 261 264 265 267 269 269 272 273 274 276 278 280 282 282 285 286 287 289 291 293 294 295 297 299 300 302 303 305 307 307 310 311 313 315 316 317 320 320 322 324 326 327 329 330 333 334 335 337 338 340 342 344 346 346 348 350 351 353 354 356 359 359 360 362 364 365 367 369 370 371 373 374 376 378 380 382 383 384 385 387 388 390 391 393 395 395 397 400 401 402 404 405 407 408 410 411 412 414 416 417 419 420 421 423 425 425 428 429 431 433 433 435 436 437 439 440 443 444 445 446 448 449 451 452 454 456 457 459 460 461 462 464 467 468 468 469 471 472 475 476 478 479 479 482 482 484 485 487 489 490 491 493 494 495 497 498 500 501 502 503 505 506 506 506 507 507 507 507 507 508 508 507 507 508 506 507 507 507 508 507 508 507 507 507 507 507 507 507 509 508 507 507 507 508 508 507 508 507 507 507 507 507 507 507 508 508 507 507 507 507 507 508 507 507 506 507 507 507 507 507 508 508 506 507 506 507 507 507 508 507 506 507 507 507 507 507 508 507 507 507 507 507 
Oscillation data first polarity :
233 234 238 242 245 247 250 252 255 256 258 260 260 262 264 265 267 269 271 272 273 274 277 278 279 281 284 285 286 287 289 291 293 294 296 298 299 300 302 303 305 307 308 310 311 313 314 316 318 320 321 324 324 326 328 329 331 332 334 336 337 338 340 341 343 345 347 349 350 351 353 354 356 358 359 362 363 364 365 367 368 371 372 374 375 376 378 379 381 383 385 386 387 388 390 392 393 395 397 398 399 401 402 404 405 407 409 410 411 412 414 415 417 419 421 422 423 425 426 428 429 431 432 434 435 436 438 440 441 443 444 446 447 447 450 451 452 455 456 458 458 460 461 463 464 466 467 469 470 471 473 474 476 477 478 481 482 483 484 486 487 489 490 492 493 494 495 497 498 500 501 503 505 505 505 506 507 508 507 507 509 506 508 510 507 507 507 507 508 507 507 507 507 507 507 508 507 507 507 507 507 508 508 508 507 507 507 507 507 508 507 508 507 507 507 507 507 508 507 507 507 507 507 507 507 508 508 508 507 507 507 507 507 507 507 508 508 506 507 507 506 508 507 508 508 507 508 507 507 507 507 508 508 507 507 507 507 507 508 508 508 507 507 508 507 507 508 507 509 507 507 507 507 507 508 507 508 507 507 507 506 507 507 507 508 508 507 507 508 507 507 506 507 507 507 507 507 507 507 507 508 508 507 507 507 507 507 507 509 508 507 507 507 507 507 507 508 508 507 507 
Oscillation data second polarity :
778 778 774 771 768 764 761 759 757 755 755 753 752 749 748 747 745 744 742 741 739 737 735 734 733 731 729 728 727 724 723 721 719 718 717 716 714 712 710 709 707 706 704 702 701 699 697 696 694 693 692 689 688 686 684 683 681 680 678 676 676 674 671 670 668 667 666 663 662 661 658 658 657 654 653 651 651 649 647 645 644 643 641 639 638 636 634 633 631 629 628 626 626 625 622 621 619 617 616 614 613 612 609 607 607 605 604 603 601 601 597 596 594 593 592 591 588 588 586 584 583 581 580 578 577 576 574 572 571 569 568 567 565 564 563 560 559 558 556 555 553 553 551 549 547 546 545 543 541 541 539 538 536 534 533 532 530 529 528 525 523 523 522 520 519 517 516 514 514 512 510 509 508 507 507 505 504 505 505 505 505 505 505 505 505 505 505 505 505 505 506 505 505 505 505 505 505 506 506 505 505 505 505 505 505 505 505 505 505 505 505 506 505 506 505 505 505 505 505 504 505 505 506 505 505 505 505 505 505 504 505 505 505 505 505 505 505 505 505 505 505 505 505 505 505 505 506 505 505 505 505 505 505 505 506 505 505 505 505 505 505 506 506 505 505 506 505 505 505 505 506 506 504 505 505 506 505 506 505 505 506 505 505 505 505 506 506 505 505 505 505 505 505 504 505 506 506 505 505 505 505 505 505 506 506 505 505 505 505 505 505 505 506 505 505 505 505 505 505 505 
/> 