   0  
311441.161 8808144.528 4795.263 0  
311378.698 8808116.671 4777.729 0  
311359.156 8808109.141 4770.793 0  
311344.367 8808101.720 4760.382 0  
311323.465 8808092.931 4752.918 0  
311309.347 8808086.518 4752.093 0  
311296.993 8808081.170 4745.600 0  
311275.609 8808072.749 4743.522 0  
311251.114 8808062.917 4735.489 0  
311229.643 8808056.968 4734.507 0  
311211.423 8808050.406 4726.042 0  
311191.041 8808042.527 4726.920 0  
311169.883 8808034.717 4728.101 0  
311150.899 8808025.698 4734.274 0  
311134.358 8808023.130 4735.869 0  
311125.832 8808000.410 4724.954 0  
311121.530 8807991.296 4713.820 0  
311108.803 8807979.701 4689.225 0  
311094.563 8807980.748 4673.580 0  
311060.950 8807968.869 4662.669 0  
311061.837 8807968.183 4662.324 0  
311037.894 8807967.177 4644.107 0  
311021.093 8807968.627 4632.068 0  
311008.810 8807971.426 4622.998 0  
310990.306 8807972.091 4614.109 0  
310972.734 8807970.516 4606.734 0  
310982.568 8807931.792 4600.027 0  
310991.323 8807913.712 4599.365 0  
311006.002 8807896.131 4594.063 0  
311014.883 8807880.723 4595.530 0  
311023.800 8807860.220 4597.721 0  
311027.370 8807851.645 4599.095 0  
311013.358 8807813.290 4590.756 0  
311010.198 8807796.338 4589.289 0  
311006.907 8807783.079 4587.212 0  
311005.596 8807768.737 4586.249 0  
311008.072 8807746.827 4582.907 0  
311008.399 8807725.982 4582.566 0  
311008.238 8807707.928 4582.988 0  
311008.668 8807685.355 4581.549 0  
311009.106 8807661.939 4580.585 0  
311011.710 8807647.697 4579.971 0  
311019.097 8807631.198 4579.438 0  
311028.234 8807615.807 4578.889 0  
311330.165 8807405.211 4587.161 0  
311318.470 8807435.212 4585.986 0  
311313.173 8807462.090 4586.890 0  
311283.539 8807465.407 4586.586 0  
311258.918 8807471.241 4586.491 0  
311232.847 8807468.626 4586.933 0  
311218.485 8807465.083 4586.584 0  
311187.221 8807459.746 4585.823 0  
311164.214 8807456.289 4586.282 0  
311147.406 8807465.606 4585.432 0  
311129.670 8807479.401 4583.468 0  
311115.103 8807490.626 4581.386 0  
311099.962 8807505.356 4582.240 0  
311084.478 8807527.082 4582.074 0  
311075.346 8807541.894 4582.561 0  
311064.834 8807561.659 4583.665 0  
311055.830 8807579.108 4583.321 0  
311045.338 8807598.402 4580.621 0  
311035.913 8807611.627 4579.957 0  
311449.967 8808145.008 4798.628 0  
311466.043 8808117.423 4813.493 0  
311472.208 8808097.821 4825.389 0  
311479.956 8808078.455 4832.488 0  
311490.873 8808056.232 4837.015 0  
311503.793 8808027.077 4832.872 0  
311508.722 8808012.997 4823.571 0  
311522.803 8807985.438 4823.466 0  
311536.040 8807960.388 4821.309 0  
311551.044 8807940.874 4820.039 0  
311567.379 8807918.381 4816.378 0  
311579.320 8807900.680 4811.782 0  
311590.839 8807881.142 4809.793 0  
311602.114 8807860.892 4804.690 0  
311616.515 8807832.959 4800.548 0  
311631.135 8807804.533 4801.324 0  
311660.557 8807774.604 4800.979 0  
311675.317 8807753.492 4795.082 0  
311680.722 8807740.915 4793.737 0  
311686.969 8807717.982 4790.191 0  
311693.300 8807692.182 4790.030 0  
311700.358 8807677.550 4789.992 0  
311669.920 8807659.105 4781.748 0  
311653.874 8807649.692 4773.506 0  
311642.618 8807641.459 4767.843 0  
311626.814 8807627.103 4756.002 0  
311608.963 8807611.322 4751.795 0  
311590.181 8807593.268 4744.548 0  
311567.984 8807572.134 4728.924 0  
311551.228 8807557.777 4719.888 0  
311541.726 8807547.913 4711.538 0  
311541.548 8807548.326 4710.848 0  
311505.982 8807519.511 4699.928 0  
311487.210 8807506.782 4690.463 0  
311479.303 8807498.370 4683.502 0  
311466.804 8807489.925 4674.996 0  
311451.466 8807477.834 4668.787 0  
311437.069 8807465.455 4661.084 0  
311411.220 8807445.813 4632.940 0  
311395.336 8807440.433 4620.075 0  
311373.696 8807430.278 4610.776 0  
311354.136 8807416.424 4596.545 0  
