12 7 2 224 11021 
12 7 17 224 11021 
12 8 9 224 11021 
12 8 24 224 11021 
12 8 39 224 11021 
12 8 54 224 11021 
12 9 9 224 11021 
12 9 24 224 11021 
12 9 39 224 11021 
12 9 54 224 11021 
12 10 9 224 11021 
12 10 24 224 11021 
12 10 39 224 11021 
12 10 54 224 11021 
12 11 9 224 11021 
12 11 24 224 11021 
12 11 39 224 11021 
12 11 54 224 11021 
12 12 9 224 11021 
12 12 24 224 11021 
12 12 39 224 11021 
12 12 54 224 11021 
12 13 9 224 11021 
12 13 24 224 11021 
12 13 39 224 11021 
12 13 54 224 11021 
12 14 9 224 11021 
12 14 24 224 11021 
12 14 39 224 11021 
12 14 54 224 11021 
12 15 9 224 11021 
12 15 24 224 11021 
12 15 39 224 11021 
12 15 54 224 11021 
12 16 9 224 11021 
12 16 24 224 11021 
12 16 39 223 11021 
12 16 54 224 11021 
12 17 9 224 11021 
12 17 24 224 11021 
12 17 39 224 11021 
12 17 54 224 11021 
12 18 9 224 11021 
12 18 24 224 11021 
12 18 39 224 11021 
12 18 54 223 11021 
12 19 9 224 11021 
12 19 24 224 11021 
12 19 39 224 11021 
12 19 54 224 11021 
12 20 9 224 11021 
12 20 24 224 11021 
12 20 39 224 11021 
12 20 54 224 11021 
12 21 9 224 11021 
12 21 24 224 11021 
12 21 39 224 11021 
12 21 54 224 11021 
12 22 9 224 11021 
12 22 24 224 11021 
12 23 16 224 11021 
12 23 31 224 11021 
12 23 46 224 11021 
12 24 1 224 11021 
12 24 16 224 11021 
12 24 31 224 11021 
12 24 46 224 11021 
12 25 1 224 11021 
12 25 16 224 11021 
12 25 31 224 11021 
12 25 46 224 11021 
12 26 1 224 11021 
12 26 16 224 11021 
12 26 31 224 11021 
12 26 46 224 11021 
12 27 1 224 11021 
12 27 16 224 11021 
12 27 31 224 11021 
12 27 46 224 11021 
12 28 1 224 11021 
12 28 16 224 11021 
12 28 31 224 11021 
12 28 46 224 11021 
12 29 1 224 11021 
12 29 16 224 11021 
12 29 31 224 11021 
12 29 46 223 11021 
12 30 1 224 11021 
12 30 16 224 11021 
12 30 31 224 11021 
12 30 46 224 11021 
12 31 1 224 11021 
12 31 16 224 11021 
12 31 31 224 11021 
12 31 46 224 11021 
12 32 1 224 11021 
12 32 16 224 11021 
12 32 31 224 11021 
12 32 46 224 11021 
12 33 1 224 11021 
12 33 16 224 11021 
12 33 31 224 11021 
12 33 46 224 11021 
12 34 1 224 11021 
12 34 16 223 11021 
12 34 31 224 11021 
12 34 46 224 11021 
12 35 1 224 11021 
12 35 16 224 11021 
12 35 31 224 11021 
12 35 46 224 11021 
12 36 1 224 11021 
12 36 16 224 11021 
12 36 31 224 11021 
12 36 46 224 11021 
12 37 1 224 11021 
12 37 16 224 11021 
12 37 31 224 11021 
12 38 8 224 11021 
12 38 23 224 11021 
12 38 38 224 11021 
12 38 53 224 11021 
12 39 8 224 11021 
12 39 23 224 11021 
12 39 38 224 11021 
12 39 53 224 11021 
12 40 8 224 11021 
12 40 23 224 11021 
12 40 38 224 11021 
12 40 53 224 11021 
12 41 8 224 11021 
12 41 23 224 11021 
12 41 38 224 11021 
12 41 53 224 11021 
12 42 8 224 11021 
12 42 23 224 11021 
12 42 38 223 11021 
12 42 53 224 11021 
12 43 8 224 11021 
12 43 23 224 11021 
12 43 38 224 11021 
12 43 53 224 11021 
12 44 8 224 11021 
12 44 23 224 11021 
12 44 38 224 11021 
12 44 53 224 11021 
12 45 8 224 11021 
12 45 23 224 11021 
12 45 38 224 11021 
12 45 53 224 11021 
12 46 8 224 11021 
12 46 23 224 11021 
12 46 38 224 11021 
12 46 53 224 11021 
12 47 8 224 11021 
12 47 23 224 11021 
12 47 38 224 11021 
12 47 53 224 11021 
12 48 8 224 11021 
12 48 23 224 11021 
12 48 38 224 11021 
12 48 53 223 11021 
12 49 8 224 11021 
12 49 23 224 11021 
12 49 38 224 11021 
12 49 53 224 11021 
12 50 8 224 11021 
12 50 23 224 11021 
12 50 38 224 11021 
12 50 53 224 11021 
12 51 8 224 11021 
12 51 23 224 11021 
12 51 38 224 11021 
12 51 53 224 11021 
12 52 8 224 11021 
12 52 23 224 11021 
12 52 38 224 11021 
12 53 30 224 11021 
12 53 45 224 11021 
12 54 0 224 11021 
12 54 15 224 11021 
12 54 30 224 11021 
12 54 45 224 11021 
12 55 0 224 11021 
12 55 15 224 11021 
12 55 30 224 11021 
12 55 45 224 11021 
12 56 0 223 11021 
12 56 15 224 11021 
12 56 30 224 11021 
12 56 45 224 11021 
12 57 0 224 11021 
12 57 15 224 11021 
12 57 30 224 11021 
12 57 45 224 11021 
12 58 0 224 11021 
12 58 15 224 11021 
12 58 30 224 11021 
12 58 45 224 11021 
12 59 0 224 11021 
12 59 15 224 11021 
12 59 30 224 11021 
12 59 45 224 11021 
13 0 0 224 11021 
13 0 15 224 11021 
13 0 30 224 11021 
13 0 45 224 11021 
13 1 0 224 11021 
13 1 15 224 11021 
13 1 30 224 11021 
13 1 45 224 11021 
13 2 0 224 11021 
13 2 15 224 11021 
13 2 30 224 11021 
13 2 45 224 11021 
13 3 0 224 11021 
13 3 15 224 11021 
13 3 30 224 11021 
13 3 45 224 11021 
13 4 0 224 11021 
13 4 15 224 11021 
13 4 30 224 11021 
13 4 45 224 11021 
13 5 0 224 11021 
13 5 15 223 11021 
13 5 31 224 11021 
13 5 46 224 11021 
13 6 1 224 11021 
13 6 16 224 11021 
13 6 31 224 11021 
13 6 46 224 11021 
13 7 1 224 11021 
13 7 16 224 11021 
13 7 31 224 11021 
13 7 46 224 11021 
13 8 23 224 11021 
13 8 38 224 11021 
13 8 53 223 11021 
13 9 8 224 11021 
13 9 23 224 11021 
13 9 38 224 11021 
13 9 53 224 11021 
13 10 8 224 11021 
13 10 23 224 11021 
13 10 38 224 11021 
13 10 53 224 11021 
13 11 8 224 11021 
13 11 23 224 11021 
13 11 38 224 11021 
13 11 53 224 11021 
13 12 8 224 11021 
13 12 23 224 11021 
13 12 38 224 11021 
13 12 53 224 11021 
13 13 8 224 11021 
13 13 23 224 11021 
13 13 38 224 11021 
13 13 53 224 11021 
13 14 8 224 11021 
13 14 23 224 11021 
13 14 38 224 11021 
13 14 53 224 11021 
13 15 8 224 11021 
13 15 23 224 11021 
13 15 38 224 11021 
13 15 53 224 11021 
13 16 8 224 11021 
13 16 23 224 11021 
13 16 38 224 11021 
13 16 53 224 11021 
13 17 8 224 11021 
13 17 23 224 11021 
13 17 38 224 11021 
13 17 53 224 11021 
13 18 8 224 11021 
13 18 23 224 11021 
13 18 38 224 11021 
13 18 53 224 11021 
13 19 8 224 11021 
13 19 23 224 11021 
13 19 38 224 11021 
13 19 53 224 11021 
13 20 8 224 11021 
13 20 23 224 11021 
13 20 38 224 11021 
13 20 53 224 11021 
13 21 8 224 11021 
13 21 23 224 11021 
13 21 38 224 11021 
13 21 53 224 11021 
13 22 8 224 11021 
13 22 23 224 11021 
13 22 38 224 11021 
13 22 53 224 11021 
13 23 45 224 11021 
13 24 0 224 11021 
13 24 15 224 11021 
13 24 30 224 11021 
13 24 45 223 11021 
13 25 0 224 11021 
13 25 15 224 11021 
13 25 30 224 11021 
13 25 45 224 11021 
13 26 0 224 11021 
13 26 15 224 11021 
13 26 30 224 11021 
13 26 45 224 11021 
13 27 0 224 11021 
13 27 15 224 11021 
13 27 30 224 11021 
13 27 45 224 11021 
13 28 0 224 11021 
13 28 15 224 11021 
13 28 30 224 11021 
13 28 45 224 11021 
13 29 0 224 11021 
13 29 15 224 11021 
13 29 30 224 11021 
13 29 45 224 11021 
13 30 0 224 11021 
13 30 15 224 11021 
13 30 30 224 11021 
13 30 45 224 11021 
13 31 0 224 11021 
13 31 15 224 11021 
13 31 30 224 11021 
13 31 45 224 11021 
13 32 0 224 11021 
13 32 15 224 11021 
13 32 30 224 11021 
13 32 45 224 11021 
13 33 0 224 11021 
13 33 15 224 11021 
13 33 30 224 11021 
13 33 45 224 11021 
13 34 0 224 11021 
13 34 15 224 11021 
13 34 30 224 11021 
13 34 45 224 11021 
13 35 0 224 11021 
13 35 15 224 11021 
13 35 30 224 11021 
13 35 45 224 11021 
13 36 0 224 11021 
13 36 15 224 11021 
13 36 30 224 11021 
13 36 45 224 11021 
13 37 0 224 11021 
13 37 15 224 11021 
13 37 30 224 11021 
13 37 45 224 11021 
13 38 0 223 11021 
13 38 37 224 11021 
13 38 52 224 11021 
13 39 7 224 11021 
13 39 22 224 11021 
13 39 37 224 11021 
13 39 52 224 11021 
13 40 7 224 11021 
13 40 22 224 11021 
13 40 37 224 11021 
13 40 52 224 11021 
13 41 7 224 11021 
13 41 22 224 11021 
13 41 37 224 11021 
13 41 52 224 11021 
13 42 7 224 11021 
13 42 22 224 11021 
13 42 37 224 11021 
13 42 52 224 11021 
13 43 7 224 11021 
13 43 22 224 11021 
13 43 37 224 11021 
13 43 52 224 11021 
13 44 7 224 11021 
13 44 22 224 11021 
13 44 37 224 11021 
13 44 52 224 11021 
13 45 7 224 11021 
13 45 22 224 11021 
13 45 37 224 11021 
13 45 52 224 11021 
13 46 7 224 11021 
13 46 22 224 11021 
13 46 37 224 11021 
13 46 52 224 11021 
13 47 7 224 11021 
13 47 22 224 11021 
13 47 37 224 11021 
13 47 52 224 11021 
13 48 7 224 11021 
13 48 22 224 11021 
13 48 37 224 11021 
13 48 52 224 11021 
13 49 7 224 11021 
13 49 22 224 11021 
13 49 37 224 11021 
13 49 52 224 11021 
13 50 7 224 11021 
13 50 22 224 11021 
13 50 37 224 11021 
13 50 52 223 11021 
13 51 7 224 11021 
13 51 22 224 11021 
13 51 37 224 11021 
13 51 52 224 11021 
13 52 7 224 11021 
13 52 22 224 11021 
13 52 37 224 11021 
13 52 52 224 11021 
13 53 7 224 11021 
13 53 59 224 11021 
13 54 14 224 11021 
13 54 29 224 11021 
13 54 44 224 11021 
13 54 59 223 11021 
13 55 14 224 11021 
13 55 29 224 11021 
13 55 44 224 11021 
13 55 59 224 11021 
13 56 14 224 11021 
13 56 29 224 11021 
13 56 44 224 11021 
13 56 59 224 11021 
13 57 14 224 11021 
13 57 29 224 11021 
13 57 44 224 11021 
13 57 59 224 11021 
13 58 14 224 11021 
13 58 29 224 11021 
13 58 44 224 11021 
13 58 59 224 11021 
13 59 14 224 11021 
13 59 29 224 11021 
13 59 44 224 11021 
13 59 59 224 11021 
14 0 14 224 11021 
14 0 29 224 11021 
14 0 44 224 11021 
14 0 59 224 11021 
14 1 14 224 11021 
14 1 29 224 11021 
14 1 44 224 11021 
14 1 59 224 11021 
14 2 14 224 11021 
14 2 29 224 11021 
14 2 44 224 11021 
14 2 59 224 11021 
14 3 14 224 11021 
14 3 29 224 11021 
14 3 44 224 11021 
14 3 59 224 11021 
14 4 14 223 11021 
14 4 29 224 11021 
14 4 44 224 11021 
14 4 59 224 11021 
14 5 14 224 11021 
14 5 29 224 11021 
14 5 44 224 11021 
14 5 59 224 11021 
14 6 14 224 11021 
14 6 29 224 11021 
14 6 44 224 11021 
14 6 59 224 11021 
14 7 14 224 11021 
14 7 29 224 11021 
14 7 44 224 11021 
14 7 59 224 11021 
14 8 14 224 11021 
14 8 51 224 11021 
14 9 6 223 11021 
14 9 21 224 11021 
14 9 36 224 11021 
14 9 51 224 11021 
14 10 6 224 11021 
14 10 21 224 11021 
14 10 36 224 11021 
14 10 51 224 11021 
14 11 6 224 11021 
14 11 21 224 11021 
14 11 36 224 11021 
14 11 51 224 11021 
14 12 6 224 11021 
14 12 21 224 11021 
14 12 36 224 11021 
14 12 51 224 11021 
14 13 6 224 11021 
14 13 21 224 11021 
14 13 36 224 11021 
14 13 51 224 11021 
14 14 6 224 11021 
14 14 21 224 11021 
14 14 36 224 11021 
14 14 51 224 11021 
14 15 6 224 11021 
14 15 21 224 11021 
14 15 36 224 11021 
14 15 51 224 11021 
14 16 6 224 11021 
14 16 21 224 11021 
14 16 36 224 11021 
14 16 51 224 11021 
14 17 6 223 11021 
14 17 21 224 11021 
14 17 36 224 11021 
14 17 51 224 11021 
14 18 6 224 11021 
14 18 21 224 11021 
14 18 36 224 11021 
14 18 51 224 11021 
14 19 6 224 11021 
14 19 21 224 11021 
14 19 36 224 11021 
14 19 51 224 11021 
14 20 6 224 11021 
14 20 21 224 11021 
14 20 36 224 11021 
14 20 51 224 11021 
14 21 6 224 11021 
14 21 21 224 11021 
14 21 36 224 11021 
14 21 51 224 11021 
14 22 6 224 11021 
14 22 21 224 11021 
14 22 36 224 11021 
14 22 51 224 11021 
14 23 6 224 11021 
14 23 21 224 11021 
14 24 13 224 11021 
14 24 28 224 11021 
14 24 43 224 11021 
14 24 58 224 11021 
14 25 13 224 11021 
14 25 28 224 11021 
14 25 43 224 11021 
14 25 58 224 11021 
14 26 13 224 11021 
14 26 28 224 11021 
14 26 43 224 11021 
14 26 58 224 11021 
14 27 13 224 11021 
14 27 28 224 11021 
14 27 43 224 11021 
14 27 58 224 11021 
14 28 13 224 11021 
14 28 28 224 11021 
14 28 43 224 11021 
14 28 58 224 11021 
14 29 13 224 11021 
14 29 28 224 11021 
14 29 43 224 11021 
14 29 58 224 11021 
14 30 13 224 11021 
14 30 28 223 11021 
14 30 43 224 11021 
14 30 58 224 11021 
14 31 13 224 11021 
14 31 28 224 11021 
14 31 43 224 11021 
14 31 58 224 11021 
14 32 13 224 11021 
14 32 28 224 11021 
14 32 43 224 11021 
14 32 58 224 11021 
14 33 13 224 11021 
14 33 28 224 11021 
14 33 43 224 11021 
14 33 58 224 11021 
14 34 13 224 11021 
14 34 28 224 11021 
14 34 43 224 11021 
14 34 58 224 11021 
14 35 13 224 11021 
14 35 28 224 11021 
14 35 43 224 11021 
14 35 58 224 11021 
14 36 13 224 11021 
14 36 28 224 11021 
14 36 43 224 11021 
14 36 58 224 11021 
14 37 13 224 11021 
14 37 28 224 11021 
14 37 43 224 11021 
14 37 58 224 11021 
14 38 13 224 11021 
14 38 28 224 11021 
14 39 20 224 11021 
14 39 35 224 11021 
14 39 50 224 11021 
14 40 5 224 11021 
14 40 20 224 11021 
14 40 35 224 11021 
14 40 50 224 11021 
14 41 5 224 11021 
14 41 20 224 11021 
14 41 35 224 11021 
14 41 50 224 11021 
14 42 5 224 11021 
14 42 20 224 11021 
14 42 35 224 11021 
14 42 50 224 11021 
14 43 5 224 11021 
14 43 20 224 11021 
14 43 35 223 11021 
14 43 50 224 11021 
14 44 5 224 11021 
14 44 20 224 11021 
14 44 35 224 11021 
14 44 50 224 11021 
14 45 5 224 11021 
14 45 20 224 11021 
14 45 35 224 11021 
14 45 50 224 11021 
14 46 5 224 11021 
14 46 20 224 11021 
14 46 35 224 11021 
14 46 50 224 11021 
14 47 5 224 11021 
14 47 20 224 11021 
14 47 35 224 11021 
14 47 50 224 11021 
14 48 5 224 11021 
14 48 20 224 11021 
14 48 35 224 11021 
14 48 50 224 11021 
14 49 5 224 11021 
14 49 20 224 11021 
14 49 35 224 11021 
14 49 50 224 11021 
14 50 5 224 11021 
14 50 20 224 11021 
14 50 35 224 11021 
14 50 50 224 11021 
14 51 5 224 11021 
14 51 20 224 11021 
14 51 36 224 11021 
14 51 51 224 11021 
14 52 6 224 11021 
14 52 21 224 11021 
14 52 36 224 11021 
14 52 51 224 11021 
14 53 6 224 11021 
14 53 21 224 11021 
14 53 36 224 11021 
14 54 28 224 11021 
14 54 43 224 11021 
14 54 58 224 11021 
14 55 13 224 11021 
14 55 28 224 11021 
14 55 43 223 11021 
14 55 58 224 11021 
14 56 13 224 11021 
14 56 28 224 11021 
14 56 43 223 11021 
14 56 58 224 11021 
14 57 13 224 11021 
14 57 28 224 11021 
14 57 43 224 11021 
14 57 58 224 11021 
14 58 13 224 11021 
14 58 28 224 11021 
14 58 43 224 11021 
14 58 58 224 11021 
14 59 13 224 11021 
14 59 28 224 11021 
14 59 43 224 11021 
14 59 58 224 11021 
15 0 13 224 11021 
15 0 28 224 11021 
15 0 43 224 11021 
15 0 58 224 11021 
15 1 13 224 11021 
15 1 28 224 11021 
15 1 43 224 11021 
15 1 58 224 11021 
15 2 13 224 11021 
15 2 28 224 11021 
15 2 43 224 11021 
15 2 58 224 11021 
15 3 13 224 11021 
15 3 28 224 11021 
15 3 43 224 11021 
15 3 58 224 11021 
15 4 13 224 11021 
15 4 28 224 11021 
15 4 43 224 11021 
15 4 58 224 11021 
15 5 13 224 11021 
15 5 28 224 11021 
15 5 43 224 11021 
15 5 58 224 11021 
15 6 13 224 11021 
15 6 28 224 11021 
15 6 43 224 11021 
15 6 58 224 11021 
15 7 13 224 11021 
15 7 28 224 11021 
15 7 43 224 11021 
15 7 58 224 11021 
15 8 13 224 11021 
15 8 28 224 11021 
15 8 43 224 11021 
15 9 20 224 11021 
15 9 35 223 11021 
15 9 50 224 11021 
15 10 5 224 11021 
15 10 20 224 11021 
15 10 35 224 11021 
15 10 50 224 11021 
15 11 5 224 11021 
15 11 20 224 11021 
15 11 35 224 11021 
15 11 50 224 11021 
15 12 5 224 11021 
15 12 20 224 11021 
15 12 35 224 11021 
15 12 50 224 11021 
15 13 5 224 11021 
15 13 20 224 11021 
15 13 35 224 11021 
15 13 50 224 11021 
15 14 5 224 11021 
15 14 20 224 11021 
15 14 35 224 11021 
15 14 50 224 11021 
15 15 5 224 11021 
15 15 20 224 11021 
15 15 35 224 11021 
15 15 50 224 11021 
15 16 5 224 11021 
15 16 20 224 11021 
15 16 35 224 11021 
15 16 50 224 11021 
15 17 5 224 11021 
15 17 20 224 11021 
15 17 35 224 11021 
15 17 50 224 11021 
15 18 5 224 11021 
15 18 20 224 11021 
15 18 35 224 11021 
15 18 50 224 11021 
15 19 5 224 11021 
15 19 20 224 11021 
15 19 35 224 11021 
15 19 50 224 11021 
15 20 5 224 11021 
15 20 20 224 11021 
15 20 35 224 11021 
15 20 50 224 11021 
15 21 5 224 11021 
15 21 20 224 11021 
15 21 35 224 11021 
15 21 50 224 11021 
15 22 5 224 11021 
15 22 20 224 11021 
15 22 35 224 11021 
15 22 50 224 11021 
15 23 5 224 11021 
15 23 20 224 11021 
15 23 35 224 11021 
15 23 50 224 11021 
15 24 42 224 11021 
15 24 57 224 11021 
15 25 12 224 11021 
15 25 27 224 11021 
15 25 42 223 11021 
15 25 57 224 11021 
15 26 12 224 11021 
15 26 27 224 11021 
15 26 42 224 11021 
15 26 57 224 11021 
15 27 12 224 11021 
15 27 27 224 11021 
15 27 42 224 11021 
15 27 57 224 11021 
15 28 12 224 11021 
15 28 27 224 11021 
15 28 42 224 11021 
15 28 57 224 11021 
15 29 12 224 11021 
15 29 27 224 11021 
15 29 42 224 11021 
15 29 57 224 11021 
15 30 12 224 11021 
15 30 27 224 11021 
15 30 42 224 11021 
15 30 57 224 11021 
15 31 12 224 11021 
15 31 27 224 11021 
15 31 42 224 11021 
15 31 57 224 11021 
15 32 12 224 11021 
15 32 27 224 11021 
15 32 42 224 11021 
15 32 57 224 11021 
15 33 12 224 11021 
15 33 27 224 11021 
15 33 42 224 11021 
15 33 57 224 11021 
15 34 12 224 11021 
15 34 27 224 11021 
15 34 42 224 11021 
15 34 57 224 11021 
15 35 12 224 11021 
15 35 27 224 11021 
15 35 42 224 11021 
15 35 57 224 11021 
15 36 12 224 11021 
15 36 27 224 11021 
15 36 42 224 11021 
15 36 57 224 11021 
15 37 12 224 11021 
15 37 27 224 11021 
15 37 42 224 11021 
15 37 57 224 11021 
15 38 12 224 11021 
15 38 27 224 11021 
15 38 42 223 11021 
15 38 57 224 11021 
15 39 49 224 11021 
15 40 4 223 11021 
15 40 19 224 11021 
15 40 34 224 11021 
15 40 49 224 11021 
15 41 4 224 11021 
15 41 19 224 11021 
15 41 34 224 11021 
15 41 49 224 11021 
15 42 4 224 11021 
15 42 19 224 11021 
15 42 34 224 11021 
15 42 49 224 11021 
15 43 4 224 11021 
15 43 19 224 11021 
15 43 34 224 11021 
15 43 49 224 11021 
15 44 4 224 11021 
15 44 19 224 11021 
15 44 34 224 11021 
15 44 49 224 11021 
15 45 4 224 11021 
15 45 19 224 11021 
15 45 34 224 11021 
15 45 49 224 11021 
15 46 4 224 11021 
15 46 19 224 11021 
15 46 34 224 11021 
15 46 49 224 11021 
15 47 4 224 11021 
15 47 19 224 11021 
15 47 34 224 11021 
15 47 49 224 11021 
15 48 4 224 11021 
15 48 19 224 11021 
15 48 34 224 11021 
15 48 49 224 11021 
15 49 4 225 11021 
15 49 19 224 11021 
15 49 34 224 11021 
15 49 49 224 11021 
15 50 4 224 11021 
15 50 19 224 11021 
15 50 34 224 11021 
15 50 49 224 11021 
15 51 4 224 11021 
15 51 19 224 11021 
15 51 34 224 11021 
15 51 49 223 11021 
15 52 4 224 11021 
15 52 19 224 11021 
15 52 34 224 11021 
15 52 49 224 11021 
15 53 4 224 11021 
15 53 19 224 11021 
15 53 34 224 11021 
15 53 49 224 11021 
15 54 4 224 11021 
15 54 56 224 11021 
15 55 11 224 11021 
15 55 26 224 11021 
15 55 41 224 11021 
15 55 56 224 11021 
15 56 11 223 11021 
15 56 26 224 11021 
15 56 41 224 11021 
15 56 56 224 11021 
15 57 11 224 11021 
15 57 26 224 11021 
15 57 41 224 11021 
15 57 56 224 11021 
15 58 11 224 11021 
15 58 26 224 11021 
15 58 41 224 11021 
15 58 56 224 11021 
15 59 11 224 11021 
15 59 26 224 11021 
15 59 41 224 11021 
15 59 56 224 11021 
16 0 11 224 11021 
16 0 26 224 11021 
16 0 41 224 11021 
16 0 56 224 11021 
16 1 11 224 11021 
16 1 26 224 11021 
16 1 41 224 11021 
16 1 56 224 11021 
16 2 11 224 11021 
16 2 26 224 11021 
16 2 41 224 10470 

/> 
ls
ls
<CR>
         TIME          Size       File name 
----A 2021/06/29 14:19     10376  0629
----A 2021/06/29 09:11    128640  06290855
----A 2021/06/29 09:27    128000  06290910
----A 2021/06/29 09:42    128640  06290925
----A 2021/06/29 09:55    128000  06290940
----A 2021/06/29 10:11    128640  06290955
----A 2021/06/29 10:26    128000  06291011
----A 2021/06/29 10:41    128640  06291026
----A 2021/06/29 10:56    128000  06291041
----A 2021/06/29 11:11    128640  06291056
----A 2021/06/29 11:27    128000  06291111
----A 2021/06/29 11:43    128640  06291126
----A 2021/06/29 11:58    128000  06291141
----A 2021/06/29 12:11    128640  06291156
----A 2021/06/29 12:27    128640  06291211
----A 2021/06/29 12:42    128640  06291227
----A 2021/06/29 12:57    128000  06291242
----A 2021/06/29 13:13    128640  06291257
----A 2021/06/29 13:27    128640  06291312
----A 2021/06/29 13:42    128640  06291327
----A 2021/06/29 13:59    128000  06291342
----A 2021/06/29 14:14    128640  06291357
----A 2021/06/29 14:15      2560  06291412
----A 2021/06/30 15:59      8264  0630
----A 2021/06/30 11:31      2560  06301130
----A 2021/06/30 12:19    128640  06301202
----A 2021/06/30 12:34    128640  06301217
----A 2021/06/30 12:47    128640  06301232
----A 2021/06/30 13:03    128640  06301248
----A 2021/06/30 13:18    128000  06301303
----A 2021/06/30 13:33    128640  06301318
----A 2021/06/30 13:49    128640  06301333
----A 2021/06/30 14:03    128640  06301348
----A 2021/06/30 14:18    128640  06301403
----A 2021/06/30 14:35    128640  06301418
----A 2021/06/30 14:51    128000  06301433
----A 2021/06/30 15:03    128000  06301448
----A 2021/06/30 15:19    128640  06301504
----A 2021/06/30 15:34    128000  06301519
----A 2021/06/30 15:49    128640  06301534
----A 2021/06/30 15:49      2560  06301549

  41 File(s),   4649680 bytes total
   0 Dir(s),     995888K bytes free

/> 
read 0630
read 0630
<CR>Time:2021/06/30 15:49
Hours Minutes Seconds  Nb_Samples    Aver. Current 
11 16 4 223 9748 
11 16 19 219 10290 
11 16 34 224 10470 
11 16 49 224 10832 
11 17 4 224 11132 
11 17 19 224 11012 
11 17 34 224 11012 
11 17 49 224 10952 
11 18 4 224 10952 
11 18 19 224 10952 
11 18 34 224 10952 
11 18 49 224 10952 
11 19 4 224 10952 
11 19 19 224 10952 
11 19 34 224 10952 
11 19 49 224 10952 
11 20 4 224 10952 
11 20 19 224 10952 
11 20 34 224 10952 
11 20 49 224 10892 
11 21 4 224 10952 
11 21 19 224 10952 
11 21 34 224 10952 
11 21 49 224 10952 
11 22 4 224 10952 
11 22 19 224 10892 
11 22 34 224 10952 
11 22 49 224 10952 
11 23 4 224 10952 
11 23 19 224 10952 
11 23 34 224 10952 
11 23 49 224 10952 
11 24 4 224 10952 
11 24 19 224 10892 
11 24 34 224 10892 
11 24 49 224 10952 
11 25 5 224 10952 
11 25 20 224 10892 
11 25 35 224 10952 
11 25 50 224 10952 
11 26 5 224 10952 
11 26 20 224 10892 
11 26 35 224 10892 
11 26 50 224 10952 
11 27 5 224 10952 
11 27 20 224 10892 
11 27 35 224 10952 
11 27 50 224 10892 
11 28 5 224 10952 
11 28 20 224 10892 
11 28 35 224 10952 
11 28 50 224 10892 
11 29 5 224 10892 
11 29 20 224 10952 
11 29 35 224 10892 
11 29 50 224 10892 
11 30 5 224 10892 
11 30 20 224 10892 
11 31 12 224 10892 
11 31 27 224 10892 
11 31 42 224 10892 
11 31 57 224 10892 
11 32 12 224 10892 
11 32 27 224 10892 
11 32 42 224 10892 
11 32 57 224 10892 
11 33 12 224 10892 
11 33 27 224 10892 
11 33 42 224 10892 
11 33 57 224 10892 
11 34 12 224 10892 
11 34 27 224 10892 
11 34 42 224 10892 
11 34 57 224 10651 
11 48 18 224 9869 
11 48 33 219 10290 
11 48 48 224 10771 
11 49 3 224 10892 
11 49 18 224 11012 
11 49 33 224 10952 
11 49 48 224 10952 
11 50 3 224 10952 
11 50 18 224 10651 
11 51 48 211 7040 
11 52 3 224 8485 
11 52 18 224 9387 
11 52 33 224 10832 
11 52 48 224 10892 
11 53 3 224 11012 
11 53 18 224 10952 
11 53 33 224 10952 
11 53 48 224 10952 
11 54 3 224 10952 
11 54 18 224 10952 
11 54 33 223 10952 
11 54 48 224 10952 
11 55 3 224 10952 
11 55 18 224 10952 
11 55 33 224 10952 
11 55 48 224 10952 
11 56 3 224 10952 
11 56 18 224 10952 
11 56 33 224 10952 
11 56 48 224 10952 
11 57 3 224 10952 
11 57 18 224 10952 
11 57 33 224 10952 
11 57 48 224 10952 
11 58 3 224 10952 
11 58 18 224 10952 
11 58 33 224 10952 
11 58 48 224 10952 
11 59 3 224 10952 
11 59 18 224 10952 
11 59 33 224 10952 
11 59 48 224 10952 
12 0 3 224 10952 
12 0 18 223 10952 
12 0 33 224 10952 
12 0 48 224 10952 
12 1 3 224 10952 
12 1 18 224 10952 
12 1 33 224 10952 
12 1 48 224 10952 
12 2 3 224 10952 
12 2 18 224 10952 
12 2 33 224 10952 
12 3 25 224 10952 
12 3 40 224 10952 
12 3 55 224 10952 
12 4 10 224 10952 
12 4 25 224 10952 
12 4 40 224 10952 
12 4 55 224 10952 
12 5 10 224 10952 
12 5 25 224 10952 
12 5 40 224 10952 
12 5 55 224 10952 
12 6 10 224 10952 
12 6 25 224 10952 
12 6 40 224 10952 
12 6 55 224 10952 
12 7 10 224 10952 
12 7 25 224 10952 
12 7 40 224 10952 
12 7 55 224 10952 
12 8 10 224 10952 
12 8 25 224 10952 
12 8 40 224 10952 
12 8 55 224 10952 
12 9 10 224 10952 
12 9 25 224 10952 
12 9 40 224 10952 
12 9 55 224 10952 
12 10 10 224 10952 
12 10 25 224 10952 
12 10 40 224 10952 
12 10 55 224 10952 
12 11 10 224 10952 
12 11 25 224 10952 
12 11 40 224 10952 
12 11 55 224 10952 
12 12 10 224 10952 
12 12 25 224 10952 
12 12 40 224 10952 
12 12 55 224 10952 
12 13 10 224 10952 
12 13 25 224 10952 
12 13 40 224 10952 
12 13 55 224 10952 
12 14 10 224 10952 
12 14 25 224 10952 
12 14 40 223 10952 
12 14 55 224 10952 
12 15 10 224 10952 
12 15 25 224 10952 
12 15 40 224 10952 
12 15 55 224 10952 
12 16 10 224 10952 
12 16 25 224 10952 
12 16 40 224 10952 
12 16 55 224 10952 
12 17 10 224 10952 
12 17 25 224 10952 
12 17 40 224 10952 
12 18 32 224 10952 
12 18 47 224 10952 
12 19 2 224 10952 
12 19 17 224 10952 
12 19 32 224 10952 
12 19 47 224 10952 
12 20 2 224 10952 
12 20 17 224 10952 
12 20 32 224 10952 
12 20 47 224 10952 
12 21 2 224 10952 
12 21 17 224 10952 
12 21 32 224 10952 
12 21 47 224 10952 
12 22 2 224 10952 
12 22 17 224 10952 
12 22 32 224 10952 
12 22 47 224 10952 
12 23 2 224 10952 
12 23 17 224 10952 
12 23 32 224 10952 
12 23 47 224 10952 
12 24 2 224 10952 
12 24 17 224 10952 
12 24 32 224 10952 
12 24 47 224 10952 
12 25 2 224 10952 
12 25 17 224 10952 
12 25 32 224 10952 
12 25 47 224 10952 
12 26 2 224 10952 
12 26 17 224 10952 
12 26 32 224 10952 
12 26 47 224 10952 
12 27 2 224 10952 
12 27 17 224 10952 
12 27 32 224 10952 
12 27 47 224 10952 
12 28 2 224 10952 
12 28 17 224 10952 
12 28 32 224 10952 
12 28 47 224 10952 
12 29 2 224 10952 
12 29 17 224 10952 
12 29 32 223 10952 
12 29 47 224 10952 
12 30 2 224 10952 
12 30 17 224 10952 
12 30 32 224 10952 
12 30 47 224 10952 
12 31 2 224 10952 
12 31 17 224 10952 
12 31 32 224 10952 
12 31 47 224 10952 
12 32 2 224 10952 
12 32 17 224 10952 
12 32 32 224 10952 
12 32 47 224 10952 
12 33 39 224 10952 
12 33 54 224 10952 
12 34 9 224 10952 
12 34 24 224 10952 
12 34 39 224 10952 
12 34 54 224 10952 
12 35 9 224 10952 
12 35 24 224 10952 
12 35 39 224 10952 
12 35 54 223 10952 
12 36 9 224 10952 
12 36 24 224 10952 
12 36 39 224 10952 
12 36 54 224 10952 
12 37 9 224 10952 
12 37 24 224 10952 
12 37 39 224 10952 
12 37 54 224 10952 
12 38 9 224 10952 
12 38 24 224 10952 
12 38 39 224 10952 
12 38 54 224 10952 
12 39 9 224 10952 
12 39 24 224 10952 
12 39 39 224 10952 
12 39 54 224 10952 
12 40 9 224 10952 
12 40 24 224 10952 
12 40 39 224 10952 
12 40 54 224 10952 
12 41 9 224 10952 
12 41 24 224 10952 
12 41 39 224 10952 
12 41 54 224 10952 
12 42 9 224 10952 
12 42 24 224 10952 
12 42 39 224 10952 
12 42 54 224 10952 
12 43 9 224 10952 
12 43 24 224 10952 
12 43 39 224 10952 
12 43 54 224 10952 
12 44 9 224 10952 
12 44 24 223 10952 
12 44 39 224 10952 
12 44 54 224 10952 
12 45 9 224 10952 
12 45 24 224 10952 
12 45 39 224 10952 
12 45 54 224 10952 
12 46 9 224 10952 
12 46 24 224 10952 
12 46 39 224 10952 
12 46 54 224 10952 
12 47 9 224 10952 
12 47 24 224 10952 
12 47 39 224 10952 
12 47 54 224 10952 
12 48 46 224 10952 
12 49 1 223 10952 
12 49 16 224 10952 
12 49 31 224 10952 
12 49 46 224 10952 
12 50 1 224 10952 
12 50 16 224 10952 
12 50 31 224 10952 
12 50 46 224 10952 
12 51 1 224 10952 
12 51 16 224 10952 
12 51 31 224 10952 
12 51 46 224 10952 
12 52 1 224 10952 
12 52 16 224 10952 
12 52 31 224 10952 
12 52 46 224 10952 
12 53 1 224 10952 
12 53 16 224 10952 
12 53 31 224 10952 
12 53 46 224 10952 
12 54 1 224 10952 
12 54 16 224 10952 
12 54 31 224 10952 
12 54 46 224 10952 
12 55 1 224 10952 
12 55 16 224 10952 
12 55 31 224 10952 
12 55 46 224 10952 
12 56 1 224 10952 
12 56 16 224 10952 
12 56 31 224 10952 
12 56 46 224 10952 
12 57 1 224 10952 
12 57 16 224 10952 
12 57 31 224 10952 
12 57 46 224 10952 
12 58 1 224 10952 
12 58 16 224 10952 
12 58 31 224 10952 
12 58 46 224 10952 
12 59 1 224 10952 
12 59 16 224 10952 
12 59 31 224 10952 
12 59 46 224 10952 
13 0 1 224 10952 
13 0 16 224 10952 
13 0 31 224 10952 
13 0 46 224 10952 
13 1 1 224 10952 
13 1 16 224 10952 
13 1 31 224 10952 
13 1 46 224 10952 
13 2 1 224 10952 
13 2 16 224 10952 
13 2 31 224 10952 
13 2 46 224 10952 
13 3 1 224 10952 
13 3 38 224 10952 
13 3 53 223 10952 
13 4 8 224 10952 
13 4 23 224 10952 
13 4 38 224 10952 
13 4 53 224 10952 
13 5 8 224 10952 
13 5 23 224 10952 
13 5 38 224 10952 
13 5 53 224 10952 
13 6 8 224 10952 
13 6 23 224 10952 
13 6 38 224 10952 
13 6 53 224 10952 
13 7 8 224 10952 
13 7 23 224 10952 
13 7 38 224 10952 
13 7 53 224 10952 
13 8 8 224 10952 
13 8 23 224 10952 
13 8 38 224 10952 
13 8 53 224 10952 
13 9 8 224 10952 
13 9 23 224 10952 
13 9 38 224 10952 
13 9 53 224 10952 
13 10 8 224 10952 
13 10 23 224 10952 
13 10 38 224 10952 
13 10 53 224 10952 
13 11 8 224 10952 
13 11 23 224 10952 
13 11 38 224 10952 
13 11 53 224 10952 
13 12 8 224 10952 
13 12 23 224 10952 
13 12 38 224 10952 
13 12 53 224 10952 
13 13 8 224 10952 
13 13 23 224 10952 
13 13 38 224 10952 
13 13 53 224 10952 
13 14 8 224 10952 
13 14 23 224 10952 
13 14 38 224 10952 
13 14 53 224 10952 
13 15 8 224 10952 
13 15 23 224 10952 
13 15 38 224 10952 
13 15 53 224 10952 
13 16 8 224 10952 
13 16 23 224 10952 
13 16 38 224 10952 
13 16 53 224 10952 
13 17 8 224 10952 
13 17 23 224 10952 
13 17 38 223 10952 
13 17 53 224 10952 
13 18 8 224 10952 
13 19 0 224 10952 
13 19 15 224 10952 
13 19 30 224 10952 
13 19 45 224 10952 
13 20 0 224 10952 
13 20 15 224 10952 
13 20 30 224 10952 
13 20 45 224 10952 
13 21 0 224 10952 
13 21 15 224 10952 
13 21 30 224 10952 
13 21 45 224 10952 
13 22 0 224 10952 
13 22 15 224 10952 
13 22 30 224 10952 
13 22 45 224 10952 
13 23 0 224 10952 
13 23 15 224 10952 
13 23 30 224 10952 
13 23 45 224 10952 
13 24 0 224 10952 
13 24 15 224 10952 
13 24 30 224 10952 
13 24 45 224 10952 
13 25 0 224 10952 
13 25 15 224 10952 
13 25 30 224 10952 
13 25 45 224 10952 
13 26 0 224 10952 
13 26 15 224 10952 
13 26 30 224 10952 
13 26 45 224 10952 
13 27 0 224 10952 
13 27 15 224 10952 
13 27 30 224 10952 
13 27 45 224 10952 
13 28 0 224 10952 
13 28 15 224 10952 
13 28 30 224 10952 
13 28 45 224 10952 
13 29 0 224 10952 
13 29 15 224 10952 
13 29 30 224 10952 
13 29 45 224 10952 
13 30 0 224 10952 
13 30 15 224 10952 
13 30 30 224 10952 
13 30 45 224 10952 
13 31 0 224 10952 
13 31 15 224 10952 
13 31 30 224 10952 
13 31 45 224 10952 
13 32 0 224 10952 
13 32 15 224 10952 
13 32 30 224 10952 
13 32 45 224 10952 
13 33 0 224 10952 
13 33 15 224 10952 
13 33 52 224 10952 
13 34 7 223 10952 
13 34 22 224 10952 
13 34 37 224 10952 
13 34 52 224 10952 
13 35 7 224 10952 
13 35 22 224 10952 
13 35 37 224 10952 
13 35 52 224 10952 
13 36 22 225 10952 
13 36 37 224 10952 
13 36 52 224 10952 
13 37 7 224 10952 
13 37 22 224 10952 
13 37 37 224 10952 
13 37 52 224 10952 
13 38 7 224 10952 
13 38 22 224 10952 
13 38 37 224 10952 
13 38 52 224 10952 
13 39 7 224 10952 
13 39 22 224 10952 
13 39 37 224 10952 
13 39 52 224 10952 
13 40 7 224 10952 
13 40 22 224 10952 
13 40 37 224 10952 
13 40 52 224 10952 
13 41 7 224 10952 
13 41 22 224 10952 
13 41 37 224 10952 
13 41 52 224 10952 
13 42 7 224 10952 
13 42 22 224 10952 
13 42 37 224 10952 
13 42 52 224 10952 
13 43 7 224 10952 
13 43 22 224 10952 
13 43 37 224 10952 
13 43 52 224 10952 
13 44 7 224 10952 
13 44 22 224 10952 
13 44 37 224 10952 
13 44 52 224 10952 
13 45 7 224 10952 
13 45 22 224 10952 
13 45 37 224 10952 
13 45 52 224 10952 
13 46 7 224 10952 
13 46 22 224 10952 
13 46 37 224 10952 
13 46 52 224 10952 
13 47 7 224 10952 
13 47 22 224 10952 
13 47 37 224 10952 
13 47 52 224 10952 
13 48 7 224 10952 
13 48 22 224 10952 
13 49 14 224 10952 
13 49 29 224 10952 
13 49 44 224 10952 
13 49 59 224 10952 
13 50 14 224 10952 
13 50 29 223 10952 
13 50 44 224 10952 
13 50 59 224 10952 
13 51 14 224 10952 
13 51 29 224 10952 
13 51 44 224 10952 
13 51 59 224 10952 
13 52 14 224 10952 
13 52 29 224 10952 
13 52 44 224 10952 
13 52 59 224 10952 
13 53 14 224 10952 
13 53 29 224 10952 
13 53 44 224 10952 
13 53 59 224 10952 
13 54 14 224 10952 
13 54 29 224 10952 
13 54 44 224 10952 
13 54 59 224 10952 
13 55 14 224 10952 
13 55 29 224 10952 
13 55 44 224 10952 
13 55 59 224 10952 
13 56 14 224 10952 
13 56 29 224 10952 
13 56 44 224 10952 
13 56 59 224 10952 
13 57 14 223 10952 
13 57 29 224 10952 
13 57 44 224 10952 
13 57 59 224 10952 
13 58 14 224 10952 
13 58 29 224 10952 
13 58 44 224 10952 
13 58 59 224 10952 
13 59 14 224 10952 
13 59 29 224 10952 
13 59 44 224 10952 
13 59 59 224 10952 
14 0 14 224 10952 
14 0 29 224 10952 
14 0 44 224 10952 
14 0 59 224 10952 
14 1 14 224 10952 
14 1 29 224 10952 
14 1 44 224 10952 
14 1 59 224 10952 
14 2 14 224 10952 
14 2 29 224 10952 
14 2 44 224 10952 
14 2 59 224 10952 
14 3 14 224 10952 
14 3 29 224 10952 
14 4 6 224 10952 
14 4 21 224 10952 
14 4 36 224 10952 
14 4 51 224 10952 
14 5 6 224 10952 
14 5 21 224 10952 
14 5 36 224 10952 
14 5 51 224 10952 
14 6 6 224 10952 
14 6 21 224 10952 
14 6 36 224 10952 
14 6 51 224 10952 
14 7 6 224 10952 
14 7 21 224 10952 
14 7 36 224 10952 
14 7 51 224 10952 
14 8 6 224 10952 
14 8 21 224 10952 
14 8 36 224 10952 
14 8 51 224 10952 
14 9 6 224 10952 
14 9 21 224 10952 
14 9 36 224 11012 
14 9 51 224 10952 
14 10 21 225 11012 
14 10 36 224 10952 
14 10 51 224 10952 
14 11 6 224 10952 
14 11 21 224 10952 
14 11 36 224 10952 
14 11 51 224 10952 
14 12 6 224 10952 
14 12 21 224 10952 
14 12 36 224 10952 
14 12 51 224 10952 
14 13 6 224 10952 
14 13 21 224 10952 
14 13 36 224 10952 
14 13 51 224 11012 
14 14 6 224 10952 
14 14 21 224 10952 
14 14 36 224 10952 
14 14 51 224 10952 
14 15 6 224 10952 
14 15 21 224 10952 
14 15 36 224 10952 
14 15 51 224 10952 
14 16 6 224 11012 
14 16 21 224 10952 
14 16 36 224 10952 
14 16 51 224 10952 
14 17 6 224 10952 
14 17 21 224 11012 
14 17 36 224 10952 
14 17 51 224 10952 
14 18 6 224 10952 
14 18 21 224 11012 
14 18 36 224 10952 
14 19 28 224 10952 
14 19 43 224 10952 
14 19 58 224 10952 
14 20 13 224 10952 
14 20 28 224 10952 
14 20 43 223 10952 
14 20 58 224 10952 
14 21 13 224 10952 
14 21 28 224 10952 
14 21 43 224 10952 
14 21 58 224 10952 
14 22 13 224 10952 
14 22 28 224 10952 
14 22 43 224 10952 
14 22 58 224 10952 
14 23 13 224 10952 
14 23 28 223 10952 
14 23 43 224 10952 
14 23 58 224 10952 
14 24 13 224 10952 
14 24 28 224 10952 
14 24 43 224 10952 
14 24 58 224 10952 
14 25 13 224 10952 
14 25 28 224 10952 
14 25 43 224 10952 
14 25 58 224 10952 
14 26 13 224 10952 
14 26 28 224 10952 
14 26 43 224 10952 
14 26 58 224 10952 
14 27 13 224 10952 
14 27 28 224 10952 
14 27 43 224 10952 
14 27 58 224 10952 
14 28 13 224 10952 
14 28 28 224 10952 
14 28 43 224 10952 
14 28 58 224 10952 
14 29 13 224 10952 
14 29 28 224 10952 
14 29 43 224 10952 
14 29 58 224 10952 
14 30 13 224 10952 
14 30 28 224 10952 
14 30 43 224 10952 
14 30 58 224 10952 
14 31 13 224 10952 
14 31 28 224 10952 
14 31 43 224 10952 
14 31 58 224 10952 
14 32 13 224 10952 
14 32 28 224 10952 
14 32 43 224 10952 
14 32 58 224 10952 
14 33 13 224 10952 
14 33 28 224 10952 
14 33 43 224 10952 
14 34 20 224 10952 
14 34 35 223 10952 
14 34 50 224 10952 
14 35 5 224 10952 
14 35 20 224 10952 
14 35 35 224 10952 
14 35 50 224 10952 
14 36 5 224 10952 
14 36 20 223 10952 
14 36 35 224 10952 
14 36 50 224 10952 
14 37 5 224 10952 
14 37 20 224 10952 
14 37 35 224 10952 
14 37 50 224 10952 
14 38 5 224 10952 
14 38 20 224 10952 
14 38 35 224 10952 
14 38 50 224 10952 
14 39 5 224 10952 
14 39 20 224 10952 
14 39 35 224 10952 
14 39 50 224 10952 
14 40 5 224 10952 
14 40 20 224 10952 
14 40 35 224 10952 
14 40 50 224 10952 
14 41 5 224 10952 
14 41 20 224 10952 
14 41 35 224 10952 
14 41 50 224 10952 
14 42 5 224 10952 
14 42 20 224 10952 
14 42 35 224 10952 
14 42 50 224 10952 
14 43 5 224 10952 
14 43 20 224 10952 
14 43 35 224 10952 
14 43 50 224 10952 
14 44 5 224 10952 
14 44 20 224 10952 
14 44 35 224 10952 
14 44 50 224 10952 
14 45 5 224 10952 
14 45 20 224 10952 
14 45 35 224 10952 
14 45 50 224 10952 
14 46 5 224 10952 
14 46 20 224 10952 
14 46 35 224 10952 
14 46 50 224 10952 
14 47 5 224 10952 
14 47 20 224 10952 
14 47 35 224 10952 
14 47 50 224 10952 
14 48 5 224 10952 
14 48 20 224 10952 
14 48 35 224 10952 
14 48 50 224 10952 
14 49 27 224 10952 
14 49 42 224 10952 
14 49 57 224 10952 
14 50 12 224 10952 
14 50 27 223 10952 
14 50 42 224 10952 
14 50 57 224 10952 
14 51 12 224 10952 
14 51 27 224 10952 
14 51 42 224 10952 
14 51 57 224 10952 
14 52 12 224 10952 
14 52 27 224 10952 
14 52 42 224 10952 
14 52 57 224 10952 
14 53 12 224 10952 
14 53 28 224 10952 
14 53 43 224 10952 
14 53 58 224 10952 
14 54 13 224 10952 
14 54 28 224 10952 
14 54 43 224 10952 
14 54 58 224 10952 
14 55 13 224 10952 
14 55 28 224 10952 
14 55 43 224 10952 
14 55 58 224 10952 
14 56 13 224 10952 
14 56 28 224 10952 
14 56 43 224 10952 
14 56 58 224 10952 
14 57 13 224 10952 
14 57 28 224 10952 
14 57 43 224 10952 
14 57 58 224 10952 
14 58 13 224 10952 
14 58 28 224 10952 
14 58 43 224 10952 
14 58 58 224 10952 
14 59 13 224 10952 
14 59 28 224 10952 
14 59 43 224 10952 
14 59 58 224 10952 
15 0 13 224 10952 
15 0 28 224 10952 
15 0 43 224 10952 
15 0 58 224 10952 
15 1 13 224 10952 
15 1 28 224 10952 
15 1 43 224 10952 
15 1 58 224 10952 
15 2 13 224 10952 
15 2 28 224 10952 
15 2 43 224 10952 
15 2 58 224 10952 
15 3 13 224 10952 
15 3 28 224 10952 
15 3 43 224 10952 
15 3 58 224 10952 
15 4 50 224 10952 
15 5 5 223 10952 
15 5 20 224 10952 
15 5 35 224 10952 
15 5 50 224 10952 
15 6 5 224 10952 
15 6 20 224 10952 
15 6 35 224 10952 
15 6 50 224 10952 
15 7 5 224 10952 
15 7 20 224 10952 
15 7 35 224 10952 
15 7 50 224 10952 
15 8 5 224 10952 
15 8 20 224 10952 
15 8 35 224 10952 
15 8 50 224 10952 
15 9 5 224 10952 
15 9 20 224 10952 
15 9 35 224 10952 
15 9 50 224 10952 
15 10 5 224 10952 
15 10 20 224 10952 
15 10 35 224 10952 
15 10 50 224 10952 
15 11 5 224 10952 
15 11 20 224 10952 
15 11 35 224 10952 
15 11 50 224 10952 
15 12 5 224 10952 
15 12 20 224 10952 
15 12 35 224 10952 
15 12 50 224 10952 
15 13 5 224 10952 
15 13 20 224 10952 
15 13 35 224 10952 
15 13 50 224 10952 
15 14 5 224 10952 
15 14 20 224 10952 
15 14 35 224 10952 
15 14 50 224 10952 
15 15 5 224 10952 
15 15 20 224 10952 
15 15 35 224 10952 
15 15 50 224 10952 
15 16 5 224 10952 
15 16 20 224 10952 
15 16 35 224 10952 
15 16 50 224 10952 
15 17 5 224 10952 
15 17 20 224 10952 
15 17 35 224 10952 
15 17 50 224 10952 
15 18 5 224 10952 
15 18 20 224 10952 
15 18 35 224 10952 
15 18 50 224 10952 
15 19 5 224 10952 
15 19 42 224 10952 
15 19 57 224 10952 
15 20 12 224 10952 
15 20 27 224 10952 
15 20 42 224 10952 
15 20 57 223 10952 
15 21 12 224 10952 
15 21 27 224 10952 
15 21 42 224 10952 
15 21 57 224 10952 
15 22 12 224 10952 
15 22 27 224 10952 
15 22 42 224 10952 
15 22 57 224 10952 
15 23 12 224 11012 
15 23 27 224 10952 
15 23 42 224 10952 
15 23 57 224 10952 
15 24 12 224 10952 
15 24 27 224 10952 
15 24 42 224 10952 
15 24 57 224 10952 
15 25 12 224 10952 
15 25 27 224 11012 
15 25 42 224 10952 
15 25 57 224 11012 
15 26 12 224 10952 
15 26 27 224 10952 
15 26 42 224 10952 
15 26 57 224 10952 
15 27 12 224 10952 
15 27 27 224 10952 
15 27 42 224 10952 
15 27 57 224 10952 
15 28 12 224 10952 
15 28 27 224 10952 
15 28 42 224 10952 
15 28 57 224 10952 
15 29 12 224 10952 
15 29 27 224 10952 
15 29 42 224 10952 
15 29 57 224 10952 
15 30 12 224 10952 
15 30 27 224 10952 
15 30 42 224 10952 
15 30 57 224 10952 
15 31 12 224 10952 
15 31 27 223 10952 
15 31 42 224 10952 
15 31 57 224 10952 
15 32 12 224 10952 
15 32 27 224 10952 
15 32 42 224 10952 
15 32 57 224 10952 
15 33 12 224 10952 
15 33 27 224 10952 
15 33 42 224 10952 
15 33 57 224 10952 
15 34 12 224 10952 
15 35 4 224 10952 
15 35 19 224 10952 
15 35 34 224 10952 
15 35 49 224 10952 
15 36 4 224 10952 
15 36 19 224 10952 
15 36 34 224 10952 
15 36 49 224 10952 
15 37 4 224 10952 
15 37 19 224 10952 
15 37 34 224 10952 
15 37 49 224 10952 
15 38 4 224 10952 
15 38 19 224 10952 
15 38 34 224 10952 
15 38 49 224 10952 
15 39 4 224 10952 
15 39 19 224 11012 
15 39 34 224 10952 
15 39 49 224 10952 
15 40 4 224 10952 
15 40 19 224 10952 
15 40 34 224 10952 
15 40 49 224 11012 
15 41 4 224 11012 
15 41 19 224 10952 
15 41 34 224 10952 
15 41 49 224 11012 
15 42 4 224 10952 
15 42 19 224 10952 
15 42 34 224 10952 
15 42 49 224 11012 
15 43 4 224 11012 
15 43 19 224 11012 
15 43 34 224 11012 
15 43 49 224 11012 
15 44 4 224 11012 
15 44 19 224 11012 
15 44 34 224 11012 
15 44 49 223 10952 
15 45 4 224 10952 
15 45 19 224 10952 
15 45 34 224 11012 
15 45 49 224 11012 
15 46 4 224 11012 
15 46 19 224 11012 
15 46 34 224 11012 
15 46 49 224 11012 
15 47 4 224 11012 
15 47 19 224 11012 
15 47 34 224 11012 
15 47 49 224 11012 
15 48 4 224 11012 
15 48 19 224 11012 
15 48 34 224 11012 
15 48 49 224 11012 
15 49 4 224 11012 
15 49 19 224 11012 
15 50 11 224 11012 
15 50 26 224 11012 
15 50 41 224 11012 
15 50 56 224 11012 
15 51 11 224 11012 
15 51 26 224 11012 
15 51 41 224 11012 
15 51 56 224 11012 
15 52 11 224 11012 
15 52 26 224 11012 
15 52 41 224 11012 
15 52 56 224 11012 
15 53 11 224 11012 
15 53 26 224 11012 
15 53 41 224 11012 
15 53 56 224 11012 
15 54 11 224 11012 
15 54 26 224 11012 
15 54 41 224 11012 
15 54 56 224 11012 
15 55 11 224 11012 
15 55 26 224 11012 
15 55 41 224 11012 
15 55 56 224 11012 
15 56 11 224 11012 
15 56 26 224 11012 
15 56 41 224 11012 
15 56 56 224 11012 
15 57 11 224 11012 
15 57 26 224 11012 
15 57 41 224 11012 
15 57 56 223 10591 

/> 