14 59 11 224 10952 
14 59 26 224 10952 
14 59 41 224 10952 
14 59 56 224 10952 
15 0 11 224 10952 
15 0 26 224 10952 
15 0 41 224 10952 
15 0 56 224 10952 
15 1 11 224 10952 
15 1 26 224 10952 
15 1 41 224 10952 
15 1 56 224 10952 
15 2 11 224 10952 
15 2 26 224 10952 
15 2 41 224 10952 
15 2 56 224 10952 
15 3 11 224 10952 
15 3 26 224 10952 
15 3 41 224 10952 
15 3 56 224 10952 
15 4 11 224 10952 
15 4 26 224 10952 
15 4 41 224 10952 
15 4 56 224 10952 
15 5 11 224 10952 
15 5 26 224 10952 
15 5 41 224 10952 
15 5 56 224 10952 
15 6 26 225 10952 
15 6 41 224 10952 
15 6 56 224 10952 
15 7 11 224 10952 
15 7 26 224 10952 
15 7 41 224 10952 
15 7 56 224 10952 
15 8 11 224 11012 
15 8 26 224 10952 
15 8 41 224 10952 
15 8 56 224 10952 
15 9 11 224 10952 
15 9 26 224 10952 
15 9 41 224 10952 
15 9 56 224 10952 
15 10 11 224 10952 
15 10 48 224 10952 
15 11 3 224 10952 
15 11 18 224 10952 
15 11 33 224 10952 
15 11 48 224 10952 
15 12 3 224 10952 
15 12 18 223 10952 
15 12 33 224 10952 
15 12 48 224 10952 
15 13 3 224 10952 
15 13 18 224 10952 
15 13 33 224 10952 
15 13 48 224 10952 
15 14 3 224 10952 
15 14 18 224 10952 
15 14 33 224 10952 
15 14 48 224 10952 
15 15 3 224 10952 
15 15 18 224 10952 
15 15 33 224 10952 
15 15 48 224 10952 
15 16 3 224 10952 
15 16 18 224 10952 
15 16 33 224 10952 
15 16 48 224 10952 
15 17 3 224 10952 
15 17 18 224 10952 
15 17 33 224 10952 
15 17 48 224 10952 
15 18 3 224 10952 
15 18 18 224 10952 
15 18 33 224 10952 
15 18 48 224 10952 
15 19 3 224 10952 
15 19 18 224 10952 
15 19 33 224 10952 
15 19 48 224 10952 
15 20 3 224 10952 
15 20 18 224 10952 
15 20 33 224 10952 
15 20 48 224 10952 
15 21 3 224 10952 
15 21 18 224 10952 
15 21 33 224 10952 
15 21 48 224 10952 
15 22 3 224 10952 
15 22 18 223 10952 
15 22 33 224 10952 
15 22 48 224 10952 
15 23 3 224 10952 
15 23 18 224 10952 
15 23 33 224 10952 
15 23 48 224 10952 
15 24 3 224 10952 
15 24 18 224 10952 
15 24 33 224 10952 
15 24 48 224 10952 
15 25 3 224 10952 
15 25 18 224 10952 
15 25 55 224 10952 
15 26 10 224 10952 
15 26 25 224 10952 
15 26 40 224 10952 
15 26 55 224 10952 
15 27 10 224 10952 
15 27 25 224 10952 
15 27 40 224 10952 
15 27 55 224 10952 
15 28 10 224 10952 
15 28 25 224 10952 
15 28 40 224 10952 
15 28 55 224 10952 
15 29 10 224 10952 
15 29 25 224 10952 
15 29 40 224 10952 
15 29 55 224 10952 
15 30 10 224 10952 
15 30 25 224 10952 
15 30 40 224 10952 
15 30 55 224 10952 
15 31 10 224 10952 
15 31 25 224 10952 
15 31 40 224 10952 
15 31 55 224 10952 
15 32 10 224 10952 
15 32 25 224 10952 
15 32 40 224 10952 
15 32 55 224 10952 
15 33 25 225 10952 
15 33 40 224 10952 
15 33 55 224 10952 
15 34 10 224 10952 
15 34 25 224 10952 
15 34 40 224 10952 
15 34 55 224 10952 
15 35 10 224 10952 
15 35 25 224 10952 
15 35 40 224 10952 
15 35 55 224 10952 
15 36 10 224 10952 
15 36 25 224 10952 
15 36 40 224 10952 
15 36 55 224 10952 
15 37 10 224 10952 
15 37 25 224 10952 
15 37 40 224 10952 
15 37 55 224 10952 
15 38 10 224 10952 
15 38 25 224 10952 
15 38 40 224 10952 
15 38 55 223 10952 
15 39 10 224 10952 
15 39 40 225 10952 
15 39 55 224 10952 
15 40 10 224 10952 
15 40 25 224 10952 
15 41 2 224 10952 
15 41 17 224 10952 
15 41 32 224 10952 
15 41 47 224 10952 
15 42 2 224 10952 
15 42 17 224 10952 
15 42 32 223 10952 
15 42 47 224 10952 
15 43 17 225 10952 
15 43 32 224 10952 
15 43 47 224 10952 
15 44 2 224 10952 
15 44 17 224 10952 
15 44 32 224 10952 
15 44 47 224 10952 
15 45 2 224 10952 
15 45 17 224 10952 
15 45 32 224 10952 
15 45 47 224 10952 
15 46 2 224 10952 
15 46 17 224 10952 
15 46 32 224 10952 
15 46 47 224 10952 
15 47 2 224 10952 
15 47 17 224 10952 
15 47 32 224 10952 
15 47 47 224 10952 
15 48 17 225 10952 
15 48 32 224 10952 
15 48 47 224 10952 
15 49 2 224 10952 
15 49 17 224 10952 
15 49 32 224 10952 
15 49 47 224 10952 
15 50 2 224 10952 
15 50 17 224 10952 
15 50 32 224 10952 
15 50 47 224 10952 
15 51 2 224 10952 
15 51 17 224 10952 
15 51 32 224 10952 
15 51 47 224 10952 
15 52 2 224 10952 
15 52 17 223 10952 
15 52 32 224 10952 
15 52 47 224 10952 
15 53 2 224 10952 
15 53 17 224 10952 
15 53 32 224 10952 
15 53 47 224 10952 
15 54 2 224 10952 
15 54 17 224 10952 
15 54 32 224 10952 
15 54 47 224 10952 
15 55 2 224 10952 
15 55 17 224 10952 
15 55 32 224 10952 
15 56 9 224 10952 
15 56 24 224 10952 
15 56 39 224 10952 
15 56 54 224 10952 
15 57 9 224 10952 
15 57 24 224 10952 
15 57 39 224 10952 
15 57 54 224 10952 
15 58 9 224 10952 
15 58 24 224 10952 
15 58 39 224 10952 
15 58 54 224 10952 
15 59 9 224 10952 
15 59 24 224 10952 
15 59 39 224 10952 
15 59 54 224 10952 
16 0 9 224 10952 
16 0 24 224 10952 
16 0 39 224 10952 
16 0 54 224 10952 
16 1 9 224 10952 
16 1 24 224 10952 
16 1 39 224 10952 
16 1 54 224 10952 
16 2 9 224 10952 
16 2 24 224 10952 
16 2 39 224 10952 
16 2 54 224 10952 
16 3 9 224 10952 
16 3 24 224 10290 

/> 
ls
ls
<CR>
         TIME          Size       File name 
----A 2021/06/29 14:21     10360  0629
----A 2021/06/29 09:15    128640  06290900
----A 2021/06/29 09:31    128000  06290915
----A 2021/06/29 09:46    128640  06290931
----A 2021/06/29 10:01    128000  06290946
----A 2021/06/29 10:17    128640  06291001
----A 2021/06/29 10:31    128000  06291016
----A 2021/06/29 10:46    128640  06291031
----A 2021/06/29 11:03    128640  06291046
----A 2021/06/29 11:18    128640  06291101
----A 2021/06/29 11:31    128000  06291116
----A 2021/06/29 11:47    128640  06291132
----A 2021/06/29 12:02    128640  06291147
----A 2021/06/29 12:17    128640  06291202
----A 2021/06/29 12:33    128000  06291217
----A 2021/06/29 12:47    128640  06291232
----A 2021/06/29 13:02    128000  06291247
----A 2021/06/29 13:19    128640  06291302
----A 2021/06/29 13:35    128000  06291317
----A 2021/06/29 13:47    128640  06291332
----A 2021/06/29 14:03    128000  06291348
----A 2021/06/29 14:18    128640  06291403
----A 2021/06/29 14:19      2560  06291418
----A 2021/06/30 16:02      8288  0630
----A 2021/06/30 11:35      2560  06301135
----A 2021/06/30 12:23    128640  06301207
----A 2021/06/30 12:37    128640  06301222
----A 2021/06/30 12:54    128000  06301237
----A 2021/06/30 13:07    128640  06301252
----A 2021/06/30 13:23    128000  06301307
----A 2021/06/30 13:38    128640  06301323
----A 2021/06/30 13:53    128000  06301338
----A 2021/06/30 14:08    128640  06301353
----A 2021/06/30 14:23    128000  06301408
----A 2021/06/30 14:39    128640  06301423
----A 2021/06/30 14:55    128640  06301438
----A 2021/06/30 15:10    128640  06301453
----A 2021/06/30 15:23    128000  06301508
----A 2021/06/30 15:39    128640  06301523
----A 2021/06/30 15:54    128640  06301539
----A 2021/06/30 15:54      2560  06301554
----A 2021/07/01 16:08     13328  0701
----A 2021/07/01 09:27    128640  07010912
----A 2021/07/01 09:43    128000  07010927
----A 2021/07/01 09:57    128640  07010942
----A 2021/07/01 10:14    128000  07010957
----A 2021/07/01 10:27    128640  07011012
----A 2021/07/01 10:43    128000  07011027
----A 2021/07/01 10:59    128640  07011042
----A 2021/07/01 11:13    128000  07011058
----A 2021/07/01 11:28    128640  07011113
----A 2021/07/01 11:43    128000  07011128
----A 2021/07/01 11:59    128640  07011143
----A 2021/07/01 12:15    128000  07011158
----A 2021/07/01 12:30    128640  07011213
----A 2021/07/01 12:43    128640  07011228
----A 2021/07/01 12:59    128640  07011243
----A 2021/07/01 13:14    128640  07011259
----A 2021/07/01 13:29    128640  07011314
----A 2021/07/01 13:45    128640  07011329
----A 2021/07/01 13:59    128640  07011344
----A 2021/07/01 14:15    128000  07011359
----A 2021/07/01 14:31    128640  07011414
----A 2021/07/01 14:46    128000  07011429
----A 2021/07/01 14:59    128000  07011444
----A 2021/07/01 15:15    128000  07011500
----A 2021/07/01 15:30    128000  07011515
----A 2021/07/01 15:45    128000  07011530
----A 2021/07/01 16:01    128000  07011545
----A 2021/07/01 16:01      2560  07011600

  70 File(s),   8129896 bytes total
   0 Dir(s),     992400K bytes free

/> 
read 0701
read 0701
<CR>Time:2021/07/01 16:01
Hours Minutes Seconds  Nb_Samples    Aver. Current 
8 58 9 223 11021 
8 58 24 219 11021 
8 58 39 224 11021 
8 58 54 224 11021 
8 59 9 224 11021 
8 59 24 224 11021 
8 59 39 224 11021 
8 59 54 223 11021 
9 0 9 224 11021 
9 0 24 224 11021 
9 0 39 224 11021 
9 0 54 224 11021 
9 1 9 224 11021 
9 1 24 224 11021 
9 1 39 224 11021 
9 1 54 224 11021 
9 2 9 224 11021 
9 2 24 224 11021 
9 2 39 224 11021 
9 2 54 224 11021 
9 3 9 224 11021 
9 3 24 224 11021 
9 3 39 224 11021 
9 3 54 224 11021 
9 4 9 224 11021 
9 4 24 224 11021 
9 4 39 224 11021 
9 4 54 224 11021 
9 5 9 224 11021 
9 5 24 224 11021 
9 5 39 224 11021 
9 5 54 224 11021 
9 6 9 224 11021 
9 6 24 224 11021 
9 6 39 224 11021 
9 6 54 224 11021 
9 7 9 224 11021 
9 7 24 224 11021 
9 7 39 224 11021 
9 7 54 224 11021 
9 8 9 224 11021 
9 8 24 224 11021 
9 8 39 224 11021 
9 8 54 224 11021 
9 9 9 223 11021 
9 9 24 224 11021 
9 9 39 224 11021 
9 9 54 224 11021 
9 10 9 224 11021 
9 10 24 224 11021 
9 10 39 224 11021 
9 10 54 224 11021 
9 11 9 224 11021 
9 11 24 224 11021 
9 11 39 224 11021 
9 11 54 224 11021 
9 12 9 224 11021 
9 13 1 224 11021 
9 13 16 224 11021 
9 13 31 224 11021 
9 13 46 224 11021 
9 14 1 224 11021 
9 14 16 224 11021 
9 14 31 224 11021 
9 14 46 224 11021 
9 15 1 223 11021 
9 15 16 224 11021 
9 15 31 224 11021 
9 15 46 224 11021 
9 16 1 224 11021 
9 16 16 224 11021 
9 16 31 224 11021 
9 16 46 224 11021 
9 17 1 224 11021 
9 17 16 224 11021 
9 17 31 224 11021 
9 17 46 224 11021 
9 18 1 224 11021 
9 18 16 224 11021 
9 18 31 224 11021 
9 18 46 224 11021 
9 19 1 224 11021 
9 19 16 224 11021 
9 19 31 224 11021 
9 19 46 224 11021 
9 20 1 224 11021 
9 20 16 224 11021 
9 20 31 224 11021 
9 20 46 224 11021 
9 21 1 224 11021 
9 21 16 224 11021 
9 21 31 224 11021 
9 21 46 224 11021 
9 22 1 224 11021 
9 22 16 224 11021 
9 22 31 224 11021 
9 22 46 224 11021 
9 23 1 224 11021 
9 23 16 224 11021 
9 23 31 223 11021 
9 23 46 224 11021 
9 24 1 224 11021 
9 24 16 224 11021 
9 24 31 224 11021 
9 24 46 224 11021 
9 25 1 224 11021 
9 25 16 224 11021 
9 25 31 224 11021 
9 25 46 224 11021 
9 26 1 224 11021 
9 26 16 224 11021 
9 26 31 224 11021 
9 26 46 224 11021 
9 27 1 224 11021 
9 27 16 224 11021 
9 27 53 224 11021 
9 28 8 224 11021 
9 28 23 224 11021 
9 28 38 224 11021 
9 28 53 224 11021 
9 29 8 224 11021 
9 29 23 224 11021 
9 29 38 224 11021 
9 29 53 224 11021 
9 30 8 224 11021 
9 30 23 224 11021 
9 30 38 224 11021 
9 30 53 224 11021 
9 31 8 224 11021 
9 31 23 224 11021 
9 31 38 224 11021 
9 31 53 224 11021 
9 32 8 224 11021 
9 32 23 224 11021 
9 32 38 224 11021 
9 32 53 224 11021 
9 33 8 224 11021 
9 33 23 224 11021 
9 33 38 224 11021 
9 33 53 224 11021 
9 34 8 224 11021 
9 34 23 224 11021 
9 34 38 224 11021 
9 34 53 224 11021 
9 35 8 224 11021 
9 35 23 224 11021 
9 35 38 224 11021 
9 35 53 224 11021 
9 36 8 224 11021 
9 36 23 224 11021 
9 36 38 224 11021 
9 36 53 224 11021 
9 37 8 224 11021 
9 37 23 224 11021 
9 37 38 224 11021 
9 37 53 224 11021 
9 38 8 224 11021 
9 38 23 224 11021 
9 38 38 223 11021 
9 38 53 224 11021 
9 39 8 224 11021 
9 39 23 224 11021 
9 39 38 224 11021 
9 39 53 224 11021 
9 40 8 224 11021 
9 40 23 224 11021 
9 40 38 224 11021 
9 40 53 224 11021 
9 41 8 224 11021 
9 41 23 224 11021 
9 41 38 224 11021 
9 41 53 224 11021 
9 42 8 224 11021 
9 42 23 224 11021 
9 43 15 224 11021 
9 43 30 224 11021 
9 43 45 224 11021 
9 44 0 224 11021 
9 44 15 224 11021 
9 44 30 224 11021 
9 44 45 224 11021 
9 45 0 224 11021 
9 45 15 224 11021 
9 45 30 224 11021 
9 45 45 224 11021 
9 46 0 224 11021 
9 46 15 224 11021 
9 46 30 224 11021 
9 46 45 224 11021 
9 47 0 224 11021 
9 47 15 224 11021 
9 47 30 224 11021 
9 47 45 224 11021 
9 48 0 224 11021 
9 48 15 224 11021 
9 48 30 224 11021 
9 48 45 224 11021 
9 49 0 224 11021 
9 49 15 224 11021 
9 49 30 224 11021 
9 49 45 224 11021 
9 50 0 224 11021 
9 50 15 224 11021 
9 50 30 224 11021 
9 50 45 224 11021 
9 51 0 224 11021 
9 51 15 224 11021 
9 51 30 224 11021 
9 51 45 224 11021 
9 52 0 224 11021 
9 52 15 224 11021 
9 52 30 224 11021 
9 52 45 224 11021 
9 53 0 224 11021 
9 53 15 224 11021 
9 53 30 224 11021 
9 53 45 224 11021 
9 54 0 224 11021 
9 54 15 224 11021 
9 54 30 224 11021 
9 54 45 224 11021 
9 55 0 223 11021 
9 55 15 224 11021 
9 55 30 224 11021 
9 55 45 224 11021 
9 56 0 224 11021 
9 56 15 224 11021 
9 56 30 224 11021 
9 56 45 224 11021 
9 57 0 223 11021 
9 57 15 224 11021 
9 57 30 224 11021 
9 58 7 224 11021 
9 58 22 223 11021 
9 58 37 224 11021 
9 58 52 224 11021 
9 59 7 224 11021 
9 59 22 224 11021 
9 59 37 224 11021 
9 59 52 224 11021 
10 0 7 224 11021 
10 0 22 224 11021 
10 0 37 224 11021 
10 0 52 224 11021 
10 1 7 224 11021 
10 1 22 224 11021 
10 1 37 224 11021 
10 1 52 224 11021 
10 2 7 224 11021 
10 2 22 224 11021 
10 2 37 224 11021 
10 2 52 224 11021 
10 3 7 224 11021 
10 3 22 224 11021 
10 3 37 224 11021 
10 3 52 224 11021 
10 4 7 224 11021 
10 4 22 224 11021 
10 4 37 224 11021 
10 4 52 224 11021 
10 5 7 224 11021 
10 5 22 224 11021 
10 5 37 224 11021 
10 5 52 224 11021 
10 6 7 224 11021 
10 6 22 224 11021 
10 6 37 224 11021 
10 6 52 224 11021 
10 7 7 224 11021 
10 7 22 224 11021 
10 7 37 224 11021 
10 7 52 224 11021 
10 8 7 224 11021 
10 8 22 224 11021 
10 8 37 224 11021 
10 8 52 224 11021 
10 9 7 224 11021 
10 9 22 224 11021 
10 9 37 224 11021 
10 9 52 223 11021 
10 10 7 224 11021 
10 10 22 224 11021 
10 10 37 224 11021 
10 10 52 224 11021 
10 11 7 224 11021 
10 11 22 224 11021 
10 11 37 224 11021 
10 11 52 224 11021 
10 12 7 224 11021 
10 12 22 224 11021 
10 12 37 224 11021 
10 13 29 224 11021 
10 13 44 224 11021 
10 13 59 224 11021 
10 14 14 224 11021 
10 14 29 223 11021 
10 14 44 224 11021 
10 14 59 224 11021 
10 15 14 224 11021 
10 15 29 224 11021 
10 15 44 224 11021 
10 15 59 224 11021 
10 16 14 224 11021 
10 16 29 224 11021 
10 16 44 224 11021 
10 16 59 224 11021 
10 17 14 224 11021 
10 17 29 224 11021 
10 17 44 224 11021 
10 17 59 224 11021 
10 18 14 224 11021 
10 18 29 224 11021 
10 18 44 224 11021 
10 18 59 224 11021 
10 19 14 224 11021 
10 19 29 224 11021 
10 19 44 224 11021 
10 19 59 224 11021 
10 20 14 224 11021 
10 20 29 224 11021 
10 20 44 224 11021 
10 20 59 224 11021 
10 21 14 224 11021 
10 21 29 224 11021 
10 21 44 224 11021 
10 21 59 224 11021 
10 22 14 224 11021 
10 22 29 224 11021 
10 22 44 224 11021 
10 22 59 224 11021 
10 23 14 223 11021 
10 23 29 224 11021 
10 23 44 224 11021 
10 23 59 224 11021 
10 24 14 224 11021 
10 24 29 224 11021 
10 24 44 224 11021 
10 24 59 224 11021 
10 25 14 224 11021 
10 25 29 224 11021 
10 25 44 224 11021 
10 25 59 224 11021 
10 26 14 224 11021 
10 26 29 224 11021 
10 26 44 224 11021 
10 26 59 224 11021 
10 27 14 224 11021 
10 27 29 224 11021 
10 27 44 224 11021 
10 28 21 224 11021 
10 28 36 223 11021 
10 28 51 224 11021 
10 29 6 224 11021 
10 29 21 224 11021 
10 29 36 224 11021 
10 29 51 224 11021 
10 30 6 224 11021 
10 30 21 224 11021 
10 30 36 224 11021 
10 30 51 224 11021 
10 31 6 224 11021 
10 31 21 224 11021 
10 31 36 224 11021 
10 31 51 224 11021 
10 32 6 224 11021 
10 32 21 224 11021 
10 32 36 224 11021 
10 32 51 224 11021 
10 33 6 224 11021 
10 33 21 224 11021 
10 33 36 224 11021 
10 33 51 224 11021 
10 34 6 224 11021 
10 34 21 224 11021 
10 34 36 224 11021 
10 34 51 224 11021 
10 35 6 224 11021 
10 35 21 224 11021 
10 35 36 224 11021 
10 35 51 224 11021 
10 36 6 223 11021 
10 36 21 224 11021 
10 36 36 224 11021 
10 36 51 224 11021 
10 37 6 224 11021 
10 37 21 224 11021 
10 37 36 224 11021 
10 37 51 224 11021 
10 38 6 224 11021 
10 38 21 224 11021 
10 38 36 224 11021 
10 38 51 224 11021 
10 39 6 224 11021 
10 39 21 224 11021 
10 39 36 224 11021 
10 39 51 224 11021 
10 40 6 224 11021 
10 40 21 224 11021 
10 40 36 224 11021 
10 40 51 224 11021 
10 41 6 224 11021 
10 41 21 224 11021 
10 41 36 224 11021 
10 41 51 224 11021 
10 42 6 224 11021 
10 42 21 224 11021 
10 42 36 224 11021 
10 42 51 224 11021 
10 43 43 224 11021 
10 43 58 224 11021 
10 44 13 224 11021 
10 44 28 224 11021 
10 44 43 223 11021 
10 44 58 224 11021 
10 45 13 224 11021 
10 45 28 224 11021 
10 45 43 224 11021 
10 45 58 224 11021 
10 46 13 224 11021 
10 46 28 224 11021 
10 46 43 224 11021 
10 46 58 224 11021 
10 47 13 224 11021 
10 47 28 224 11021 
10 47 43 224 11021 
10 47 58 224 11021 
10 48 13 224 11021 
10 48 28 224 11021 
10 48 43 224 11021 
10 48 58 224 11021 
10 49 13 224 11021 
10 49 28 223 11021 
10 49 43 224 11021 
10 49 58 224 11021 
10 50 13 224 11021 
10 50 28 224 11021 
10 50 44 224 11021 
10 50 59 224 11021 
10 51 14 224 11021 
10 51 29 224 11021 
10 51 44 224 11021 
10 51 59 224 11021 
10 52 14 224 11021 
10 52 29 224 11021 
10 52 44 224 11021 
10 52 59 224 11021 
10 53 14 224 11021 
10 53 29 224 11021 
10 53 44 224 11021 
10 53 59 224 11021 
10 54 14 224 11021 
10 54 29 224 11021 
10 54 44 224 11021 
10 54 59 224 11021 
10 55 14 224 11021 
10 55 29 224 11021 
10 55 44 224 11021 
10 55 59 224 11021 
10 56 14 224 11021 
10 56 29 224 11021 
10 56 44 224 11021 
10 56 59 224 11021 
10 57 14 224 11021 
10 57 29 224 11021 
10 57 44 224 11021 
10 57 59 224 11021 
10 58 36 224 11021 
10 58 51 223 11021 
10 59 6 224 11021 
10 59 21 224 11021 
10 59 36 224 11021 
10 59 51 224 11021 
11 0 6 224 11021 
11 0 21 224 11021 
11 0 36 224 11021 
11 0 51 224 11021 
11 1 6 224 11021 
11 1 21 224 11021 
11 1 36 224 11021 
11 1 51 224 11021 
11 2 6 224 11021 
11 2 21 223 11021 
11 2 36 224 11021 
11 2 51 224 11021 
11 3 6 224 11021 
11 3 21 224 11021 
11 3 36 224 11021 
11 3 51 224 11021 
11 4 6 224 11021 
11 4 21 224 11021 
11 4 36 224 11021 
11 4 51 224 11021 
11 5 6 224 11021 
11 5 21 224 11021 
11 5 36 224 11021 
11 5 51 224 11021 
11 6 6 224 11021 
11 6 21 224 11021 
11 6 36 224 11021 
11 6 51 224 11021 
11 7 6 224 11021 
11 7 21 224 11021 
11 7 36 224 11021 
11 7 51 224 11021 
11 8 6 224 11021 
11 8 21 224 11021 
11 8 36 224 11021 
11 8 51 224 11021 
11 9 6 224 11021 
11 9 21 224 11021 
11 9 36 224 11021 
11 9 51 224 11021 
11 10 6 224 11021 
11 10 21 224 11021 
11 10 36 224 11021 
11 10 51 224 11021 
11 11 6 224 11021 
11 11 21 224 11021 
11 11 36 224 11021 
11 11 51 224 11021 
11 12 6 224 11021 
11 12 21 224 11021 
11 12 36 224 11021 
11 12 51 224 11021 
11 13 6 224 11021 
11 13 58 224 11021 
11 14 13 224 11021 
11 14 28 224 11021 
11 14 43 224 11021 
11 14 58 223 11021 
11 15 13 224 11021 
11 15 28 224 11021 
11 15 43 223 11021 
11 15 58 224 11021 
11 16 13 224 11021 
11 16 28 224 11021 
11 16 43 224 11021 
11 16 58 224 11021 
11 17 13 224 11021 
11 17 28 224 11021 
11 17 43 224 11021 
11 17 58 224 11021 
11 18 13 224 11021 
11 18 28 224 11021 
11 18 43 224 11021 
11 18 58 224 11021 
11 19 13 224 11021 
11 19 28 224 11021 
11 19 43 224 11021 
11 19 58 224 11021 
11 20 13 224 11021 
11 20 28 224 11021 
11 20 43 224 11021 
11 20 58 224 11021 
11 21 13 224 11021 
11 21 28 224 11021 
11 21 43 224 11021 
11 21 58 224 11021 
11 22 13 224 11021 
11 22 28 224 11021 
11 22 43 224 11021 
11 22 58 224 11021 
11 23 13 224 11021 
11 23 28 224 11021 
11 23 43 224 11021 
11 23 58 224 11021 
11 24 13 224 11021 
11 24 28 224 11021 
11 24 43 224 11021 
11 24 58 224 11021 
11 25 13 224 11021 
11 25 28 224 11021 
11 25 43 224 11021 
11 25 58 224 11021 
11 26 13 224 11021 
11 26 28 224 11021 
11 26 43 224 11021 
11 26 58 224 11021 
11 27 13 224 11021 
11 27 28 224 11021 
11 27 43 224 11021 
11 27 58 224 11021 
11 28 13 224 11021 
11 28 50 224 11021 
11 29 5 223 11021 
11 29 20 224 11021 
11 29 35 224 11021 
11 29 50 224 11021 
11 30 5 224 11021 
11 30 20 224 11021 
11 30 35 224 11021 
11 30 50 224 11021 
11 31 5 224 11021 
11 31 20 224 11021 
11 31 35 224 11021 
11 31 50 224 11021 
11 32 5 224 11021 
11 32 20 224 11021 
11 32 35 224 11021 
11 32 50 224 11021 
11 33 5 224 11021 
11 33 20 224 11021 
11 33 35 224 11021 
11 33 50 224 11021 
11 34 5 224 11021 
11 34 20 224 11021 
11 34 35 224 11021 
11 34 50 224 11021 
11 35 5 224 11021 
11 35 20 224 11021 
11 35 35 224 11021 
11 35 50 224 11021 
11 36 5 224 11021 
11 36 20 224 11021 
11 36 35 224 11021 
11 36 50 224 11021 
11 37 5 224 11021 
11 37 20 224 11021 
11 37 35 224 11021 
11 37 50 224 11021 
11 38 5 224 11021 
11 38 20 224 11021 
11 38 35 224 11021 
11 38 50 224 11021 
11 39 5 224 11021 
11 39 20 224 11021 
11 39 35 224 11021 
11 39 50 224 11021 
11 40 5 224 11021 
11 40 20 224 11021 
11 40 35 224 11021 
11 40 50 224 11021 
11 41 5 224 11021 
11 41 20 224 11021 
11 41 35 224 11021 
11 41 50 224 11021 
11 42 5 224 11021 
11 42 20 224 11021 
11 42 35 224 11021 
11 42 50 224 11021 
11 43 5 224 11021 
11 43 20 224 11021 
11 44 12 224 11021 
11 44 27 224 11021 
11 44 42 224 11021 
11 44 57 224 11021 
11 45 12 223 11021 
11 45 27 224 11021 
11 45 42 224 11021 
11 45 57 224 11021 
11 46 12 224 11021 
11 46 27 224 11021 
11 46 42 224 11021 
11 46 57 224 11021 
11 47 12 224 11021 
11 47 27 224 11021 
11 47 42 224 11021 
11 47 57 224 11021 
11 48 12 224 11021 
11 48 27 224 11021 
11 48 42 224 11021 
11 48 57 224 11021 
11 49 12 224 11021 
11 49 27 224 11021 
11 49 42 224 11021 
11 49 57 224 11021 
11 50 12 224 11021 
11 50 27 224 11021 
11 50 42 224 11021 
11 50 57 224 11021 
11 51 12 224 11021 
11 51 27 224 11021 
11 51 42 224 11021 
11 51 57 224 11021 
11 52 12 224 11021 
11 52 27 224 11021 
11 52 42 224 11021 
11 52 57 224 11021 
11 53 12 224 11021 
11 53 27 224 11021 
11 53 42 224 11021 
11 53 57 224 11021 
11 54 12 224 11021 
11 54 27 224 11021 
11 54 42 224 11021 
11 54 57 224 11021 
11 55 12 224 11021 
11 55 27 224 11021 
11 55 42 224 11021 
11 55 57 224 11021 
11 56 12 224 11021 
11 56 27 224 11021 
11 56 42 224 11021 
11 56 57 224 11021 
11 57 12 224 11021 
11 57 27 224 11021 
11 57 42 223 11021 
11 57 57 224 11021 
11 58 12 224 11021 
11 58 27 224 11021 
11 59 4 224 11021 
11 59 19 223 11021 
11 59 34 224 11021 
11 59 49 224 11021 
12 0 4 224 11021 
12 0 19 224 11021 
12 0 34 224 11021 
12 0 49 224 11021 
12 1 4 224 11021 
12 1 19 224 11021 
12 1 34 224 11021 
12 1 49 224 11021 
12 2 4 224 11021 
12 2 19 224 11021 
12 2 34 224 11021 
12 2 49 224 11021 
12 3 4 224 11021 
12 3 19 224 11021 
12 3 34 224 11021 
12 3 49 224 11021 
12 4 4 224 11021 
12 4 19 224 11021 
12 4 34 224 11021 
12 4 49 224 11021 
12 5 4 224 11021 
12 5 19 224 11021 
12 5 34 224 11021 
12 5 49 224 11021 
12 6 4 224 11021 
12 6 19 224 11021 
12 6 34 224 11021 
12 6 49 224 11021 
12 7 4 224 11021 
12 7 19 224 11021 
12 7 34 224 11021 
12 7 49 224 11021 
12 8 4 224 11021 
12 8 19 224 11021 
12 8 34 224 11021 
12 8 49 224 11021 
12 9 4 224 11021 
12 9 19 224 11021 
12 9 34 224 11021 
12 9 49 224 11021 
12 10 4 224 11021 
12 10 19 224 11021 
12 10 34 223 11021 
12 10 49 224 11021 
12 11 4 224 11021 
12 11 19 224 11021 
12 11 34 224 11021 
12 11 49 224 11021 
12 12 4 224 11021 
12 12 19 224 11021 
12 12 34 224 11021 
12 12 49 224 11021 
12 13 4 224 11021 
12 13 19 224 11021 
12 13 34 224 11021 
12 14 26 224 11021 
12 14 41 224 11021 
12 14 56 224 11021 
12 15 11 224 11021 
12 15 26 223 11021 
12 15 41 224 11021 
12 15 56 224 11021 
12 16 11 224 11021 
12 16 26 224 11021 
12 16 41 224 11021 
12 16 56 224 11021 
12 17 11 224 11021 
12 17 26 224 11021 
12 17 41 224 11021 
12 17 56 224 11021 
12 18 11 224 11021 
12 18 26 224 11021 
12 18 41 224 11021 
12 18 56 224 11021 
12 19 11 224 11021 
12 19 26 224 11021 
12 19 41 224 11021 
12 19 56 224 11021 
12 20 11 224 11021 
12 20 26 224 11021 
12 20 41 224 11021 
12 20 56 224 11021 
12 21 11 224 11021 
12 21 26 224 11021 
12 21 41 224 11021 
12 21 56 224 11021 
12 22 11 224 11021 
12 22 26 224 11021 
12 22 41 224 11021 
12 22 56 224 11021 
12 23 11 224 11021 
12 23 26 224 11021 
12 23 41 224 11021 
12 23 56 223 11021 
12 24 11 224 11021 
12 24 26 224 11021 
12 24 41 224 11021 
12 24 56 224 11021 
12 25 11 224 11021 
12 25 26 224 11021 
12 25 41 224 11021 
12 25 56 224 11021 
12 26 11 224 11021 
12 26 26 224 11021 
12 26 41 224 11021 
12 26 56 224 11021 
12 27 11 224 11021 
12 27 26 224 11021 
12 27 41 224 11021 
12 27 56 224 11021 
12 28 11 224 11021 
12 28 26 224 11021 
12 28 41 224 11021 
12 29 33 224 11021 
12 29 48 223 11021 
12 30 3 224 11021 
12 30 18 224 11021 
12 30 33 224 11021 
12 30 48 224 11021 
12 31 3 224 11021 
12 31 18 224 11021 
12 31 33 224 11021 
12 31 48 224 11021 
12 32 3 224 11021 
12 32 18 224 11021 
12 32 33 224 11021 
12 32 48 224 11021 
12 33 3 224 11021 
12 33 18 224 11021 
12 33 33 224 11021 
12 33 48 224 11021 
12 34 3 224 11021 
12 34 18 224 11021 
12 34 33 224 11021 
12 34 48 224 11021 
12 35 3 224 11021 
12 35 18 224 11021 
12 35 33 224 11021 
12 35 48 224 11021 
12 36 3 224 11021 
12 36 18 224 11021 
12 36 33 224 11021 
12 36 48 224 11021 
12 37 3 223 11021 
12 37 18 224 11021 
12 37 33 224 11021 
12 37 48 224 11021 
12 38 3 224 11021 
12 38 18 224 11021 
12 38 33 224 11021 
12 38 48 224 11021 
12 39 3 224 11021 
12 39 18 224 11021 
12 39 33 224 11021 
12 39 48 223 11021 
12 40 3 224 11021 
12 40 18 224 11021 
12 40 33 224 11021 
12 40 48 224 11021 
12 41 3 224 11021 
12 41 18 224 11021 
12 41 33 224 11021 
12 41 48 224 11021 
12 42 3 224 11021 
12 42 18 224 11021 
12 42 33 224 11021 
12 42 48 224 11021 
12 43 3 224 11021 
12 43 18 224 11021 
12 43 33 224 11021 
12 43 48 224 11021 
12 44 41 224 11021 
12 44 56 224 11021 
12 45 11 224 11021 
12 45 26 224 11021 
12 45 41 224 11021 
12 45 55 223 11021 
12 46 11 224 11021 
12 46 26 224 11021 
12 46 41 224 11021 
12 46 56 224 11021 
12 47 11 224 11021 
12 47 26 224 11021 
12 47 41 224 11021 
12 47 56 224 11021 
12 48 11 224 11021 
12 48 26 224 11021 
12 48 41 224 11021 
12 48 56 224 11021 
12 49 11 224 11021 
12 49 26 224 11021 
12 49 41 224 11021 
12 49 56 224 11021 
12 50 11 223 11021 
12 50 26 224 11021 
12 50 41 224 11021 
12 50 56 224 11021 
12 51 11 224 11021 
12 51 26 224 11021 
12 51 41 224 11021 
12 51 56 224 11021 
12 52 11 224 11021 
12 52 26 224 11021 
12 52 41 224 11021 
12 52 56 224 11021 
12 53 11 224 11021 
12 53 26 224 11021 
12 53 41 224 11021 
12 53 56 224 11021 
12 54 11 224 11021 
12 54 26 224 11021 
12 54 41 224 11021 
12 54 56 224 11021 
12 55 11 224 11021 
12 55 26 224 11021 
12 55 41 224 11021 
12 55 56 224 11021 
12 56 11 224 11021 
12 56 26 224 11021 
12 56 41 224 11021 
12 56 56 224 11021 
12 57 11 224 11021 
12 57 26 224 11021 
12 57 41 224 11021 
12 57 56 224 11021 
12 58 11 224 11021 
12 58 26 224 11021 
12 58 41 224 11021 
12 58 56 224 11021 
12 59 48 224 11021 
13 0 3 223 11021 
13 0 18 224 11021 
13 0 33 224 11021 
13 0 48 224 11021 
13 1 3 224 11021 
13 1 18 224 11021 
13 1 33 224 11021 
13 1 48 224 11021 
13 2 3 224 11021 
13 2 18 224 11021 
13 2 33 224 11021 
13 2 48 224 11021 
13 3 3 224 11021 
13 3 18 223 11021 
13 3 33 224 11021 
13 3 48 224 11021 
13 4 3 224 11021 
13 4 18 224 11021 
13 4 33 224 11021 
13 4 48 224 11021 
13 5 3 224 11021 
13 5 18 224 11021 
13 5 33 224 11021 
13 5 48 224 11021 
13 6 3 224 11021 
13 6 18 224 11021 
13 6 33 224 11021 
13 6 48 224 11021 
13 7 3 224 11021 
13 7 18 224 11021 
13 7 33 224 11021 
13 7 48 224 11021 
13 8 3 224 11021 
13 8 18 224 11021 
13 8 33 224 11021 
13 8 48 224 11021 
13 9 3 224 11021 
13 9 18 224 11021 
13 9 33 224 11021 
13 9 48 224 11021 
13 10 3 224 11021 
13 10 18 224 11021 
13 10 33 224 11021 
13 10 48 224 11021 
13 11 3 224 11021 
13 11 18 224 11021 
13 11 33 224 11021 
13 11 48 224 11021 
13 12 3 224 11021 
13 12 18 224 11021 
13 12 33 224 11021 
13 12 48 224 11021 
13 13 3 224 11021 
13 13 18 224 11021 
13 13 33 224 11021 
13 13 48 224 11021 
13 14 3 224 11021 
13 14 55 224 11021 
13 15 10 224 11021 
13 15 25 224 11021 
13 15 40 224 11021 
13 15 55 224 11021 
13 16 10 223 11021 
13 16 25 223 11021 
13 16 40 224 11021 
13 16 55 224 11021 
13 17 10 224 11021 
13 17 25 224 11021 
13 17 40 224 11021 
13 17 55 224 11021 
13 18 10 224 11021 
13 18 25 224 11021 
13 18 40 224 11021 
13 18 55 224 11021 
13 19 10 224 11021 
13 19 25 224 11021 
13 19 40 224 11021 
13 19 55 224 11021 
13 20 10 224 11021 
13 20 25 224 11021 
13 20 40 224 11021 
13 20 55 224 11021 
13 21 10 224 11021 
13 21 25 224 11021 
13 21 40 224 11021 
13 21 55 224 11021 
13 22 10 224 11021 
13 22 25 224 11021 
13 22 40 224 11021 
13 22 55 224 11021 
13 23 10 224 11021 
13 23 25 224 11021 
13 23 40 224 11021 
13 23 55 224 11021 
13 24 10 224 11021 
13 24 25 224 11021 
13 24 40 224 11021 
13 24 55 224 11021 
13 25 10 224 11021 
13 25 25 224 11021 
13 25 40 224 11021 
13 25 55 224 11021 
13 26 10 224 11021 
13 26 25 224 11021 
13 26 40 224 11021 
13 26 55 224 11021 
13 27 10 224 11021 
13 27 25 224 11021 
13 27 40 224 11021 
13 27 55 224 11021 
13 28 10 224 11021 
13 28 25 224 11021 
13 28 40 224 11021 
13 28 55 224 11021 
13 29 10 224 11021 
13 30 2 224 11021 
13 30 17 224 11021 
13 30 32 224 11021 
13 30 47 224 11021 
13 31 2 224 11021 
13 31 17 224 11021 
13 31 32 224 11021 
13 31 47 224 11021 
13 32 2 224 11021 
13 32 17 224 11021 
13 32 32 224 11021 
13 32 47 224 11021 
13 33 2 224 11021 
13 33 17 224 11021 
13 33 32 224 11021 
13 33 47 224 11021 
13 34 2 224 11021 
13 34 17 224 11021 
13 34 32 224 11021 
13 34 47 224 11021 
13 35 2 224 11021 
13 35 17 224 11021 
13 35 32 224 11021 
13 35 47 224 11021 
13 36 2 224 11021 
13 36 17 224 11021 
13 36 32 224 11021 
13 36 47 224 11021 
13 37 2 224 11021 
13 37 17 224 11021 
13 37 32 224 11021 
13 37 47 224 11021 
13 38 2 224 11021 
13 38 17 224 11021 
13 38 32 224 11021 
13 38 47 224 11021 
13 39 2 224 11021 
13 39 17 224 11021 
13 39 32 224 11021 
13 39 47 224 11021 
13 40 2 224 11021 
13 40 17 224 11021 
13 40 32 224 11021 
13 40 47 224 11021 
13 41 2 224 11021 
13 41 17 224 11021 
13 41 32 224 11021 
13 41 47 224 11021 
13 42 2 224 11021 
13 42 17 224 11021 
13 42 32 224 11021 
13 42 47 224 11021 
13 43 2 224 11021 
13 43 17 224 11021 
13 43 32 224 11021 
13 43 47 224 11021 
13 44 2 224 11021 
13 44 17 224 11021 
13 45 9 224 11021 
13 45 24 224 11021 
13 45 39 224 11021 
13 45 54 224 11021 
13 46 9 224 11021 
13 46 24 223 11021 
13 46 39 224 11021 
13 46 54 224 11021 
13 47 9 224 11021 
13 47 24 224 11021 
13 47 39 224 11021 
13 47 54 224 11021 
13 48 9 224 11021 
13 48 24 224 11021 
13 48 39 224 11021 
13 48 54 224 11021 
13 49 9 224 11021 
13 49 24 224 11021 
13 49 39 224 11021 
13 49 54 224 11021 
13 50 9 224 11021 
13 50 24 224 11021 
13 50 39 224 11021 
13 50 54 224 11021 
13 51 9 224 11021 
13 51 24 224 11021 
13 51 39 224 11021 
13 51 54 224 11021 
13 52 9 224 11021 
13 52 24 224 11021 
13 52 39 224 11021 
13 52 54 224 11021 
13 53 9 224 11021 
13 53 24 224 11021 
13 53 39 224 11021 
13 53 54 224 11021 
13 54 9 224 11021 
13 54 24 224 11021 
13 54 39 224 11021 
13 54 54 224 11021 
13 55 9 224 11021 
13 55 24 224 11021 
13 55 39 224 11021 
13 55 54 224 11021 
13 56 9 224 11021 
13 56 24 224 11021 
13 56 39 224 11021 
13 56 54 224 11021 
13 57 9 224 11021 
13 57 24 224 11021 
13 57 39 224 11021 
13 57 54 224 11021 
13 58 9 224 11021 
13 58 24 223 11021 
13 58 39 224 11021 
13 58 54 224 11021 
13 59 9 224 11021 
13 59 24 224 11021 
14 0 1 224 11021 
14 0 16 223 11021 
14 0 31 224 11021 
14 0 46 224 11021 
14 1 1 224 11021 
14 1 16 224 11021 
14 1 31 224 11021 
14 1 46 224 11021 
14 2 1 224 11021 
14 2 16 224 11021 
14 2 31 224 11021 
14 2 46 224 11021 
14 3 1 224 11021 
14 3 16 224 11021 
14 3 31 224 11021 
14 3 46 224 11021 
14 4 1 224 11021 
14 4 16 224 11021 
14 4 31 224 11021 
14 4 46 224 11021 
14 5 1 224 11021 
14 5 16 224 11021 
14 5 31 224 11021 
14 5 46 224 11021 
14 6 1 224 11021 
14 6 16 224 11021 
14 6 31 224 11021 
14 6 46 224 11021 
14 7 1 224 11021 
14 7 16 224 11021 
14 7 31 224 11021 
14 7 46 224 11021 
14 8 1 224 11021 
14 8 16 224 11021 
14 8 31 224 11021 
14 8 46 224 11021 
14 9 1 224 11021 
14 9 16 224 11021 
14 9 31 224 11021 
14 9 46 224 11021 
14 10 1 224 11021 
14 10 16 224 11021 
14 10 31 224 11021 
14 10 46 224 11021 
14 11 1 224 11021 
14 11 16 223 11021 
14 11 31 224 11021 
14 11 46 224 11021 
14 12 1 224 11021 
14 12 16 224 11021 
14 12 31 224 11021 
14 12 46 224 11021 
14 13 1 224 11021 
14 13 16 224 11021 
14 13 31 224 11021 
14 13 46 224 11021 
14 14 1 224 11021 
14 14 16 224 11021 
14 14 31 224 11021 
14 15 23 224 11021 
14 15 38 224 11021 
14 15 53 224 11021 
14 16 8 224 11021 
14 16 23 223 11021 
14 16 38 224 11021 
14 16 53 224 11021 
14 17 8 224 11021 
14 17 23 224 11021 
14 17 38 224 11021 
14 17 53 224 11021 
14 18 8 224 11021 
14 18 23 224 11021 
14 18 38 224 11021 
14 18 53 224 11021 
14 19 8 224 11021 
14 19 23 224 11021 
14 19 38 224 11021 
14 19 53 224 11021 
14 20 8 224 11021 
14 20 23 224 11021 
14 20 38 224 11021 
14 20 53 224 11021 
14 21 8 224 11021 
14 21 23 224 11021 
14 21 38 224 11021 
14 21 53 224 11021 
14 22 8 224 11021 
14 22 23 224 11021 
14 22 38 224 11021 
14 22 53 224 11021 
14 23 8 224 11021 
14 23 23 224 11021 
14 23 38 224 11021 
14 23 53 224 11021 
14 24 8 224 11021 
14 24 23 224 11021 
14 24 38 223 11021 
14 24 53 224 11021 
14 25 8 224 11021 
14 25 23 224 11021 
14 25 38 224 11021 
14 25 53 224 11021 
14 26 8 224 11021 
14 26 23 224 11021 
14 26 38 224 11021 
14 26 53 224 11021 
14 27 8 224 11021 
14 27 23 224 11021 
14 27 38 224 11021 
14 27 53 224 11021 
14 28 8 224 11021 
14 28 23 224 11021 
14 28 38 224 11021 
14 28 53 224 11021 
14 29 8 224 11021 
14 29 23 224 11021 
14 29 39 224 11021 
14 30 16 224 11021 
14 30 31 223 11021 
14 30 46 224 11021 
14 31 1 224 11021 
14 31 16 224 11021 
14 31 31 224 11021 
14 31 46 224 11021 
14 32 1 224 11021 
14 32 16 224 11021 
14 32 31 224 11021 
14 32 46 224 11021 
14 33 1 224 11021 
14 33 16 224 11021 
14 33 31 224 11021 
14 33 46 224 11021 
14 34 1 224 11021 
14 34 16 224 11021 
14 34 31 224 11021 
14 34 46 224 11021 
14 35 1 224 11021 
14 35 16 224 11021 
14 35 31 224 11021 
14 35 46 224 11021 
14 36 1 224 11021 
14 36 16 224 11021 
14 36 31 224 11021 
14 36 46 224 11021 
14 37 1 224 11021 
14 37 16 224 11021 
14 37 31 223 11021 
14 37 46 224 11021 
14 38 1 224 11021 
14 38 16 224 11021 
14 38 31 224 11021 
14 38 46 224 11021 
14 39 1 224 11021 
14 39 16 224 11021 
14 39 31 224 11021 
14 39 46 224 11021 
14 40 1 224 11021 
14 40 16 224 11021 
14 40 31 224 11021 
14 40 46 224 11021 
14 41 1 224 11021 
14 41 16 224 11021 
14 41 31 224 11021 
14 41 46 224 11021 
14 42 1 224 11021 
14 42 16 224 11021 
14 42 31 224 11021 
14 42 46 224 11021 
14 43 1 224 11021 
14 43 16 224 11021 
14 43 31 224 11021 
14 43 46 224 11021 
14 44 1 224 11021 
14 44 16 224 11021 
14 44 31 224 11021 
14 44 46 224 11021 
14 45 23 224 11021 
14 45 38 224 11021 
14 45 53 224 11021 
14 46 8 224 11021 
14 46 23 223 11021 
14 46 38 224 11021 
14 46 53 224 11021 
14 47 8 224 11021 
14 47 23 224 11021 
14 47 38 224 11021 
14 47 53 224 11021 
14 48 8 224 11021 
14 48 23 224 11021 
14 48 38 224 11021 
14 48 53 224 11021 
14 49 8 224 11021 
14 49 23 224 11021 
14 49 38 224 11021 
14 49 53 224 11021 
14 50 8 224 11021 
14 50 23 224 11021 
14 50 38 223 11021 
14 50 53 224 11021 
14 51 8 224 11021 
14 51 23 224 11021 
14 51 38 224 11021 
14 51 53 224 11021 
14 52 8 224 11021 
14 52 23 224 11021 
14 52 38 224 11021 
14 52 53 224 11021 
14 53 8 224 11021 
14 53 23 224 11021 
14 53 38 224 11021 
14 53 53 224 11021 
14 54 8 224 11021 
14 54 23 224 11021 
14 54 38 224 11021 
14 54 53 224 11021 
14 55 8 224 11021 
14 55 23 224 11021 
14 55 38 224 11021 
14 55 53 224 11021 
14 56 8 224 11021 
14 56 23 224 11021 
14 56 38 224 11021 
14 56 53 224 11021 
14 57 8 224 11021 
14 57 23 224 11021 
14 57 38 224 11021 
14 57 53 224 11021 
14 58 8 224 11021 
14 58 23 224 11021 
14 58 38 224 11021 
14 58 53 224 11021 
14 59 8 224 11021 
14 59 23 224 11021 
14 59 38 224 11021 
14 59 53 224 11021 
15 0 30 224 11021 
15 0 45 223 11021 
15 1 0 224 11021 
15 1 15 224 11021 
15 1 30 224 11021 
15 1 45 224 11021 
15 2 0 224 11021 
15 2 15 224 11021 
15 2 30 224 11021 
15 2 45 224 11021 
15 3 0 224 11021 
15 3 15 224 11021 
15 3 30 224 11021 
15 3 45 223 11021 
15 4 0 224 11021 
15 4 15 224 11021 
15 4 30 224 11021 
15 4 45 224 11021 
15 5 0 224 11021 
15 5 15 224 11021 
15 5 30 224 11021 
15 5 45 224 11021 
15 6 0 224 11021 
15 6 15 224 11021 
15 6 30 224 11021 
15 6 45 224 11021 
15 7 0 224 11021 
15 7 15 224 11021 
15 7 30 224 11021 
15 7 45 224 11021 
15 8 0 224 11021 
15 8 15 224 11021 
15 8 30 224 11021 
15 8 45 224 11021 
15 9 0 224 11021 
15 9 15 224 11021 
15 9 30 224 11021 
15 9 45 224 11021 
15 10 0 224 11021 
15 10 15 224 11021 
15 10 30 224 11021 
15 10 45 224 11021 
15 11 0 224 11021 
15 11 15 224 11021 
15 11 30 224 11021 
15 11 45 224 11021 
15 12 0 224 11021 
15 12 15 224 11021 
15 12 30 224 11021 
15 12 45 224 11021 
15 13 0 224 11021 
15 13 15 224 11021 
15 13 30 224 11021 
15 13 45 224 11021 
15 14 0 224 11021 
15 14 15 224 11021 
15 14 30 224 11021 
15 14 45 224 11021 
15 15 0 224 11021 
15 15 37 224 11021 
15 15 52 224 11021 
15 16 7 224 11021 
15 16 22 224 11021 
15 16 37 223 11021 
15 16 52 224 11021 
15 17 7 224 11021 
15 17 22 224 11021 
15 17 37 224 11021 
15 17 52 224 11021 
15 18 7 224 11021 
15 18 22 224 11021 
15 18 37 224 11021 
15 18 52 224 11021 
15 19 7 224 11021 
15 19 22 224 11021 
15 19 37 224 11021 
15 19 52 224 11021 
15 20 7 224 11021 
15 20 22 224 11021 
15 20 37 224 11021 
15 20 52 224 11021 
15 21 7 224 11021 
15 21 22 224 11021 
15 21 37 224 11021 
15 21 52 224 11021 
15 22 7 224 11021 
15 22 22 224 11021 
15 22 37 224 11021 
15 22 52 224 11021 
15 23 7 224 11021 
15 23 22 224 11021 
15 23 37 224 11021 
15 23 52 224 11021 
15 24 7 224 11021 
15 24 22 224 11021 
15 24 37 224 11021 
15 24 52 224 11021 
15 25 7 224 11021 
15 25 22 224 11021 
15 25 37 224 11021 
15 25 52 224 11021 
15 26 7 224 11021 
15 26 22 224 11021 
15 26 37 224 11021 
15 26 52 224 11021 
15 27 7 224 11021 
15 27 22 224 11021 
15 27 37 224 11021 
15 27 52 224 11021 
15 28 7 224 11021 
15 28 22 224 11021 
15 28 37 224 11021 
15 28 52 224 11021 
15 29 7 224 11021 
15 29 22 224 11021 
15 29 37 224 11021 
15 29 52 224 11021 
15 30 7 224 11021 
15 30 44 224 11021 
15 30 59 223 11021 
15 31 14 224 11021 
15 31 29 224 11021 
15 31 44 224 11021 
15 31 59 224 11021 
15 32 14 224 11021 
15 32 29 224 11021 
15 32 44 224 11021 
15 32 59 224 11021 
15 33 14 224 11021 
15 33 29 224 11021 
15 33 44 224 11021 
15 33 59 224 11021 
15 34 14 224 11021 
15 34 29 224 11021 
15 34 44 224 11021 
15 34 59 224 11021 
15 35 14 224 11021 
15 35 29 224 11021 
15 35 44 224 11021 
15 35 59 224 11021 
15 36 14 224 11021 
15 36 29 224 11021 
15 36 44 224 11021 
15 36 59 224 11021 
15 37 14 224 11021 
15 37 29 224 11021 
15 37 44 224 11021 
15 37 59 224 11021 
15 38 14 224 11021 
15 38 29 224 11021 
15 38 44 224 11021 
15 38 59 224 11021 
15 39 14 224 11021 
15 39 29 224 11021 
15 39 44 224 11021 
15 39 59 224 11021 
15 40 14 224 11021 
15 40 29 224 11021 
15 40 44 224 11021 
15 40 59 224 11021 
15 41 14 224 11021 
15 41 29 224 11021 
15 41 44 224 11021 
15 41 59 224 11021 
15 42 14 224 11021 
15 42 29 224 11021 
15 42 44 224 11021 
15 42 59 224 11021 
15 43 14 224 11021 
15 43 29 224 11021 
15 43 44 224 11021 
15 43 59 224 11021 
15 44 14 224 11021 
15 44 29 224 11021 
15 44 44 224 11021 
15 44 59 224 11021 
15 45 14 224 11021 
15 45 51 224 11021 
15 46 6 224 11021 
15 46 21 224 11021 
15 46 36 224 11021 
15 46 51 223 11021 
15 47 6 224 11021 
15 47 21 224 11021 
15 47 36 224 11021 
15 47 51 224 11021 
15 48 6 224 11021 
15 48 21 224 11021 
15 48 36 224 11021 
15 48 51 224 11021 
15 49 6 224 11021 
15 49 21 224 11021 
15 49 36 224 11021 
15 49 51 224 11021 
15 50 6 224 11021 
15 50 21 224 11021 
15 50 36 224 11021 
15 50 51 224 11021 
15 51 6 224 11021 
15 51 21 224 11021 
15 51 36 224 11021 
15 51 51 224 11021 
15 52 6 224 11021 
15 52 21 224 11021 
15 52 36 224 11021 
15 52 51 224 11021 
15 53 6 224 11021 
15 53 21 224 11021 
15 53 36 224 11021 
15 53 51 224 11021 
15 54 6 224 11021 
15 54 21 224 11021 
15 54 36 224 11021 
15 54 51 224 11021 
15 55 6 224 11021 
15 55 21 224 11021 
15 55 36 224 11021 
15 55 51 224 11021 
15 56 6 224 11021 
15 56 21 224 11021 
15 56 36 224 11021 
15 56 51 224 11021 
15 57 6 224 11021 
15 57 21 224 11021 
15 57 36 224 11021 
15 57 51 224 11021 
15 58 6 224 11021 
15 58 21 224 11021 
15 58 36 224 11021 
15 58 51 223 11021 
15 59 6 224 11021 
15 59 21 224 11021 
15 59 36 224 11021 
15 59 51 224 11021 
16 0 6 224 11021 
16 0 21 224 11021 
16 0 58 224 11021 
16 1 13 223 11021 
16 1 28 224 11021 
16 1 43 224 11021 
16 1 58 224 11021 
16 2 13 224 11021 
16 2 28 224 11021 
16 2 43 224 11021 
16 2 58 224 11021 
16 3 13 224 11021 
16 3 28 224 11021 
16 3 43 224 11021 
16 3 58 224 11021 
16 4 13 224 11021 
16 4 28 224 11021 
16 4 43 224 11021 
16 4 58 224 11021 
16 5 13 224 11021 
16 5 28 224 11021 
16 5 43 224 11021 
16 5 58 224 11021 
16 6 13 224 11021 
16 6 28 224 11021 
16 6 43 224 11021 
16 6 58 224 11021 
16 7 13 224 11021 
16 7 28 224 11021 
16 7 43 224 11021 
16 7 58 224 11021 
16 8 13 224 10899 

/> 