14 32 16 224 11021 
14 32 31 224 11021 
14 32 46 224 11021 
14 33 1 224 11021 
14 33 16 224 11021 
14 33 31 224 11021 
14 33 46 224 11021 
14 34 1 224 11021 
14 34 16 224 11021 
14 34 31 224 11021 
14 34 46 224 11021 
14 35 1 224 11021 
14 35 16 224 11021 
14 35 31 224 11021 
14 35 46 224 11021 
14 36 1 224 11021 
14 36 16 224 11021 
14 36 31 224 11021 
14 36 46 224 11021 
14 37 1 224 11021 
14 37 16 224 11021 
14 37 31 223 11021 
14 37 46 224 11021 
14 38 1 224 11021 
14 38 16 224 11021 
14 38 31 224 11021 
14 38 46 224 11021 
14 39 1 224 11021 
14 39 16 224 11021 
14 39 31 224 11021 
14 39 46 224 11021 
14 40 1 224 11021 
14 40 16 224 11021 
14 40 31 224 11021 
14 40 46 224 11021 
14 41 1 224 11021 
14 41 16 224 11021 
14 41 31 224 11021 
14 41 46 224 11021 
14 42 1 224 11021 
14 42 16 224 11021 
14 42 31 224 11021 
14 42 46 224 11021 
14 43 1 224 11021 
14 43 16 224 11021 
14 43 31 224 11021 
14 43 46 224 11021 
14 44 1 224 11021 
14 44 16 224 11021 
14 44 31 224 11021 
14 44 46 224 11021 
14 45 23 224 11021 
14 45 38 224 11021 
14 45 53 224 11021 
14 46 8 224 11021 
14 46 23 223 11021 
14 46 38 224 11021 
14 46 53 224 11021 
14 47 8 224 11021 
14 47 23 224 11021 
14 47 38 224 11021 
14 47 53 224 11021 
14 48 8 224 11021 
14 48 23 224 11021 
14 48 38 224 11021 
14 48 53 224 11021 
14 49 8 224 11021 
14 49 23 224 11021 
14 49 38 224 11021 
14 49 53 224 11021 
14 50 8 224 11021 
14 50 23 224 11021 
14 50 38 223 11021 
14 50 53 224 11021 
14 51 8 224 11021 
14 51 23 224 11021 
14 51 38 224 11021 
14 51 53 224 11021 
14 52 8 224 11021 
14 52 23 224 11021 
14 52 38 224 11021 
14 52 53 224 11021 
14 53 8 224 11021 
14 53 23 224 11021 
14 53 38 224 11021 
14 53 53 224 11021 
14 54 8 224 11021 
14 54 23 224 11021 
14 54 38 224 11021 
14 54 53 224 11021 
14 55 8 224 11021 
14 55 23 224 11021 
14 55 38 224 11021 
14 55 53 224 11021 
14 56 8 224 11021 
14 56 23 224 11021 
14 56 38 224 11021 
14 56 53 224 11021 
14 57 8 224 11021 
14 57 23 224 11021 
14 57 38 224 11021 
14 57 53 224 11021 
14 58 8 224 11021 
14 58 23 224 11021 
14 58 38 224 11021 
14 58 53 224 11021 
14 59 8 224 11021 
14 59 23 224 11021 
14 59 38 224 11021 
14 59 53 224 11021 
15 0 30 224 11021 
15 0 45 223 11021 
15 1 0 224 11021 
15 1 15 224 11021 
15 1 30 224 11021 
15 1 45 224 11021 
15 2 0 224 11021 
15 2 15 224 11021 
15 2 30 224 11021 
15 2 45 224 11021 
15 3 0 224 11021 
15 3 15 224 11021 
15 3 30 224 11021 
15 3 45 223 11021 
15 4 0 224 11021 
15 4 15 224 11021 
15 4 30 224 11021 
15 4 45 224 11021 
15 5 0 224 11021 
15 5 15 224 11021 
15 5 30 224 11021 
15 5 45 224 11021 
15 6 0 224 11021 
15 6 15 224 11021 
15 6 30 224 11021 
15 6 45 224 11021 
15 7 0 224 11021 
15 7 15 224 11021 
15 7 30 224 11021 
15 7 45 224 11021 
15 8 0 224 11021 
15 8 15 224 11021 
15 8 30 224 11021 
15 8 45 224 11021 
15 9 0 224 11021 
15 9 15 224 11021 
15 9 30 224 11021 
15 9 45 224 11021 
15 10 0 224 11021 
15 10 15 224 11021 
15 10 30 224 11021 
15 10 45 224 11021 
15 11 0 224 11021 
15 11 15 224 11021 
15 11 30 224 11021 
15 11 45 224 11021 
15 12 0 224 11021 
15 12 15 224 11021 
15 12 30 224 11021 
15 12 45 224 11021 
15 13 0 224 11021 
15 13 15 224 11021 
15 13 30 224 11021 
15 13 45 224 11021 
15 14 0 224 11021 
15 14 15 224 11021 
15 14 30 224 11021 
15 14 45 224 11021 
15 15 0 224 11021 
15 15 37 224 11021 
15 15 52 224 11021 
15 16 7 224 11021 
15 16 22 224 11021 
15 16 37 223 11021 
15 16 52 224 11021 
15 17 7 224 11021 
15 17 22 224 11021 
15 17 37 224 11021 
15 17 52 224 11021 
15 18 7 224 11021 
15 18 22 224 11021 
15 18 37 224 11021 
15 18 52 224 11021 
15 19 7 224 11021 
15 19 22 224 11021 
15 19 37 224 11021 
15 19 52 224 11021 
15 20 7 224 11021 
15 20 22 224 11021 
15 20 37 224 11021 
15 20 52 224 11021 
15 21 7 224 11021 
15 21 22 224 11021 
15 21 37 224 11021 
15 21 52 224 11021 
15 22 7 224 11021 
15 22 22 224 11021 
15 22 37 224 11021 
15 22 52 224 11021 
15 23 7 224 11021 
15 23 22 224 11021 
15 23 37 224 11021 
15 23 52 224 11021 
15 24 7 224 11021 
15 24 22 224 11021 
15 24 37 224 11021 
15 24 52 224 11021 
15 25 7 224 11021 
15 25 22 224 11021 
15 25 37 224 11021 
15 25 52 224 11021 
15 26 7 224 11021 
15 26 22 224 11021 
15 26 37 224 11021 
15 26 52 224 11021 
15 27 7 224 11021 
15 27 22 224 11021 
15 27 37 224 11021 
15 27 52 224 11021 
15 28 7 224 11021 
15 28 22 224 11021 
15 28 37 224 11021 
15 28 52 224 11021 
15 29 7 224 11021 
15 29 22 224 11021 
15 29 37 224 11021 
15 29 52 224 11021 
15 30 7 224 11021 
15 30 44 224 11021 
15 30 59 223 11021 
15 31 14 224 11021 
15 31 29 224 11021 
15 31 44 224 11021 
15 31 59 224 11021 
15 32 14 224 11021 
15 32 29 224 11021 
15 32 44 224 11021 
15 32 59 224 11021 
15 33 14 224 11021 
15 33 29 224 11021 
15 33 44 224 11021 
15 33 59 224 11021 
15 34 14 224 11021 
15 34 29 224 11021 
15 34 44 224 11021 
15 34 59 224 11021 
15 35 14 224 11021 
15 35 29 224 11021 
15 35 44 224 11021 
15 35 59 224 11021 
15 36 14 224 11021 
15 36 29 224 11021 
15 36 44 224 11021 
15 36 59 224 11021 
15 37 14 224 11021 
15 37 29 224 11021 
15 37 44 224 11021 
15 37 59 224 11021 
15 38 14 224 11021 
15 38 29 224 11021 
15 38 44 224 11021 
15 38 59 224 11021 
15 39 14 224 11021 
15 39 29 224 11021 
15 39 44 224 11021 
15 39 59 224 11021 
15 40 14 224 11021 
15 40 29 224 11021 
15 40 44 224 11021 
15 40 59 224 11021 
15 41 14 224 11021 
15 41 29 224 11021 
15 41 44 224 11021 
15 41 59 224 11021 
15 42 14 224 11021 
15 42 29 224 11021 
15 42 44 224 11021 
15 42 59 224 11021 
15 43 14 224 11021 
15 43 29 224 11021 
15 43 44 224 11021 
15 43 59 224 11021 
15 44 14 224 11021 
15 44 29 224 11021 
15 44 44 224 11021 
15 44 59 224 11021 
15 45 14 224 11021 
15 45 51 224 11021 
15 46 6 224 11021 
15 46 21 224 11021 
15 46 36 224 11021 
15 46 51 223 11021 
15 47 6 224 11021 
15 47 21 224 11021 
15 47 36 224 11021 
15 47 51 224 11021 
15 48 6 224 11021 
15 48 21 224 11021 
15 48 36 224 11021 
15 48 51 224 11021 
15 49 6 224 11021 
15 49 21 224 11021 
15 49 36 224 11021 
15 49 51 224 11021 
15 50 6 224 11021 
15 50 21 224 11021 
15 50 36 224 11021 
15 50 51 224 11021 
15 51 6 224 11021 
15 51 21 224 11021 
15 51 36 224 11021 
15 51 51 224 11021 
15 52 6 224 11021 
15 52 21 224 11021 
15 52 36 224 11021 
15 52 51 224 11021 
15 53 6 224 11021 
15 53 21 224 11021 
15 53 36 224 11021 
15 53 51 224 11021 
15 54 6 224 11021 
15 54 21 224 11021 
15 54 36 224 11021 
15 54 51 224 11021 
15 55 6 224 11021 
15 55 21 224 11021 
15 55 36 224 11021 
15 55 51 224 11021 
15 56 6 224 11021 
15 56 21 224 11021 
15 56 36 224 11021 
15 56 51 224 11021 
15 57 6 224 11021 
15 57 21 224 11021 
15 57 36 224 11021 
15 57 51 224 11021 
15 58 6 224 11021 
15 58 21 224 11021 
15 58 36 224 11021 
15 58 51 223 11021 
15 59 6 224 11021 
15 59 21 224 11021 
15 59 36 224 11021 
15 59 51 224 11021 
16 0 6 224 11021 
16 0 21 224 11021 
16 0 58 224 11021 
16 1 13 223 11021 
16 1 28 224 11021 
16 1 43 224 11021 
16 1 58 224 11021 
16 2 13 224 11021 
16 2 28 224 11021 
16 2 43 224 11021 
16 2 58 224 11021 
16 3 13 224 11021 
16 3 28 224 11021 
16 3 43 224 11021 
16 3 58 224 11021 
16 4 13 224 11021 
16 4 28 224 11021 
16 4 43 224 11021 
16 4 58 224 11021 
16 5 13 224 11021 
16 5 28 224 11021 
16 5 43 224 11021 
16 5 58 224 11021 
16 6 13 224 11021 
16 6 28 224 11021 
16 6 43 224 11021 
16 6 58 224 11021 
16 7 13 224 11021 
16 7 28 224 11021 
16 7 43 224 11021 
16 7 58 224 11021 
16 8 13 224 10899 

/> 
ls
ls
<CR>
         TIME          Size       File name 
----A 2021/06/29 14:19     10376  0629
----A 2021/06/29 09:11    128640  06290855
----A 2021/06/29 09:27    128000  06290910
----A 2021/06/29 09:42    128640  06290925
----A 2021/06/29 09:55    128000  06290940
----A 2021/06/29 10:11    128640  06290955
----A 2021/06/29 10:26    128000  06291011
----A 2021/06/29 10:41    128640  06291026
----A 2021/06/29 10:56    128000  06291041
----A 2021/06/29 11:11    128640  06291056
----A 2021/06/29 11:27    128000  06291111
----A 2021/06/29 11:43    128640  06291126
----A 2021/06/29 11:58    128000  06291141
----A 2021/06/29 12:11    128640  06291156
----A 2021/06/29 12:27    128640  06291211
----A 2021/06/29 12:42    128640  06291227
----A 2021/06/29 12:57    128000  06291242
----A 2021/06/29 13:13    128640  06291257
----A 2021/06/29 13:27    128640  06291312
----A 2021/06/29 13:42    128640  06291327
----A 2021/06/29 13:59    128000  06291342
----A 2021/06/29 14:14    128640  06291357
----A 2021/06/29 14:15      2560  06291412
----A 2021/06/30 15:59      8264  0630
----A 2021/06/30 11:31      2560  06301130
----A 2021/06/30 12:19    128640  06301202
----A 2021/06/30 12:34    128640  06301217
----A 2021/06/30 12:47    128640  06301232
----A 2021/06/30 13:03    128640  06301248
----A 2021/06/30 13:18    128000  06301303
----A 2021/06/30 13:33    128640  06301318
----A 2021/06/30 13:49    128640  06301333
----A 2021/06/30 14:03    128640  06301348
----A 2021/06/30 14:18    128640  06301403
----A 2021/06/30 14:35    128640  06301418
----A 2021/06/30 14:51    128000  06301433
----A 2021/06/30 15:03    128000  06301448
----A 2021/06/30 15:19    128640  06301504
----A 2021/06/30 15:34    128000  06301519
----A 2021/06/30 15:49    128640  06301534
----A 2021/06/30 15:49      2560  06301549
----A 2021/07/01 16:03     13168  0701
----A 2021/07/01 09:23    129280  07010907
----A 2021/07/01 09:39    129280  07010922
----A 2021/07/01 09:54    128640  07010937
----A 2021/07/01 10:07    128640  07010952
----A 2021/07/01 10:23    129280  07011007
----A 2021/07/01 10:38    128640  07011023
----A 2021/07/01 10:53    128640  07011038
----A 2021/07/01 11:09    129920  07011053
----A 2021/07/01 11:23    128640  07011108
----A 2021/07/01 11:38    128640  07011123
----A 2021/07/01 11:55    128640  07011138
----A 2021/07/01 12:10    128000  07011153
----A 2021/07/01 12:23    129280  07011208
----A 2021/07/01 12:39    128640  07011224
----A 2021/07/01 12:54    128640  07011239
----A 2021/07/01 13:09    128640  07011254
----A 2021/07/01 13:25    128640  07011309
----A 2021/07/01 13:39    128000  07011324
----A 2021/07/01 13:54    129280  07011339
----A 2021/07/01 14:11    129280  07011354
----A 2021/07/01 14:27    129280  07011409
----A 2021/07/01 14:39    128000  07011424
----A 2021/07/01 14:55    128000  07011440
----A 2021/07/01 15:10    129280  07011455
----A 2021/07/01 15:25    128000  07011510
----A 2021/07/01 15:41    129280  07011525
----A 2021/07/01 15:55    129280  07011540
----A 2021/07/01 15:55      2560  07011555
----A 2021/07/02 15:43     12088  0702
----A 2021/07/02 08:59    128000  07020842
----A 2021/07/02 09:13    128000  07020858
----A 2021/07/02 09:28    128000  07020913
----A 2021/07/02 09:43    128000  07020928
----A 2021/07/02 09:59    128640  07020943
----A 2021/07/02 10:13    128000  07020958
----A 2021/07/02 10:30    128000  07021013
----A 2021/07/02 10:43    128000  07021028
----A 2021/07/02 10:59    128640  07021043
----A 2021/07/02 11:15    128000  07021058
----A 2021/07/02 11:29    128640  07021114
----A 2021/07/02 11:44    129280  07021129
----A 2021/07/02 11:59    128640  07021144
----A 2021/07/02 12:15    128000  07021159
----A 2021/07/02 12:31    128000  07021214
----A 2021/07/02 12:46    128640  07021229
----A 2021/07/02 12:59    128640  07021244
----A 2021/07/02 13:15    128000  07021259
----A 2021/07/02 13:30    128000  07021315
----A 2021/07/02 14:23     16000  07021330
----A 2021/07/02 14:51    128000  07021436
----A 2021/07/02 15:07    128000  07021451
----A 2021/07/02 15:23    128640  07021506
----A 2021/07/02 15:37    128640  07021522
----A 2021/07/02 15:37      2560  07021537

  96 File(s),  11124216 bytes total
   0 Dir(s),     989408K bytes free

/> 
read 0702
read 0702
<CR>Time:2021/07/02 15:37
Hours Minutes Seconds  Nb_Samples    Aver. Current 
8 28 4 223 10651 
8 28 19 219 11012 
8 29 16 224 11012 
8 29 31 224 11012 
8 29 46 223 11012 
8 30 1 224 11012 
8 30 16 224 11012 
8 30 31 224 11012 
8 30 46 224 11012 
8 31 1 224 11012 
8 31 16 224 11012 
8 31 31 224 11012 
8 31 46 224 11012 
8 32 1 224 11012 
8 32 16 224 11012 
8 32 31 224 11012 
8 32 46 224 11012 
8 33 1 224 11012 
8 33 16 224 11012 
8 33 31 224 11012 
8 33 46 224 11012 
8 34 1 224 11012 
8 34 16 224 11012 
8 34 31 224 11012 
8 34 46 224 11012 
8 35 1 224 11012 
8 35 16 224 11012 
8 35 31 224 11012 
8 35 46 224 11012 
8 36 1 224 11012 
8 36 16 224 11012 
8 36 31 224 11012 
8 36 46 224 11012 
8 37 1 224 11012 
8 37 16 224 11012 
8 37 31 224 11012 
8 37 46 224 11012 
8 38 1 224 11012 
8 38 16 224 11012 
8 38 31 224 11012 
8 38 46 224 11012 
8 39 1 224 11012 
8 39 16 224 11012 
8 39 31 224 11012 
8 39 46 224 11012 
8 40 1 224 11012 
8 40 16 224 11012 
8 40 31 224 11012 
8 40 46 224 11012 
8 41 1 224 11012 
8 41 16 224 11012 
8 41 31 224 11012 
8 41 46 224 11012 
8 42 1 224 11012 
8 42 16 224 11012 
8 42 31 224 11012 
8 42 46 224 11012 
8 43 23 224 11012 
8 43 38 224 11012 
8 43 53 224 11012 
8 44 8 224 11012 
8 44 23 224 11012 
8 44 38 223 11012 
8 44 53 224 11012 
8 45 8 224 11012 
8 45 23 224 11012 
8 45 38 224 11012 
8 45 53 224 11012 
8 46 8 224 11012 
8 46 23 224 11012 
8 46 38 224 11012 
8 46 53 224 11012 
8 47 8 224 11012 
8 47 23 224 11012 
8 47 38 224 11012 
8 47 53 224 11012 
8 48 8 224 11012 
8 48 23 224 11012 
8 48 38 224 11012 
8 48 53 224 11012 
8 49 8 224 11012 
8 49 23 224 11012 
8 49 38 224 11012 
8 49 53 224 11012 
8 50 8 224 11012 
8 50 23 224 11012 
8 50 38 224 11012 
8 50 53 224 11012 
8 51 8 224 11012 
8 51 23 224 11012 
8 51 38 224 11012 
8 51 53 224 11012 
8 52 8 224 11012 
8 52 23 224 11012 
8 52 38 224 11012 
8 52 53 224 11012 
8 53 8 224 11012 
8 53 23 224 11012 
8 53 38 224 11012 
8 53 53 224 11012 
8 54 8 224 11012 
8 54 23 224 11012 
8 54 38 224 11012 
8 54 53 224 11012 
8 55 8 224 11012 
8 55 23 224 11012 
8 55 38 224 11012 
8 55 53 224 11012 
8 56 8 224 11012 
8 56 23 224 11012 
8 56 38 224 11012 
8 56 53 224 11012 
8 57 8 224 11012 
8 57 23 224 11012 
8 57 38 224 11012 
8 57 53 223 11012 
8 58 30 224 11012 
8 58 45 224 11012 
8 59 0 224 11012 
8 59 15 224 11012 
8 59 30 224 11012 
8 59 45 224 11012 
9 0 0 224 11012 
9 0 15 224 11012 
9 0 30 224 11012 
9 0 45 224 11012 
9 1 0 224 11012 
9 1 15 224 11012 
9 1 30 224 11012 
9 1 45 224 11012 
9 2 0 224 11012 
9 2 15 224 11012 
9 2 30 224 11012 
9 2 45 224 11012 
9 3 0 224 11012 
9 3 15 224 11012 
9 3 30 224 11012 
9 3 45 224 11012 
9 4 0 224 11012 
9 4 15 224 11012 
9 4 30 224 11012 
9 4 45 224 11012 
9 5 0 224 11012 
9 5 15 224 11012 
9 5 30 224 11012 
9 5 45 224 11012 
9 6 0 224 11012 
9 6 15 224 11012 
9 6 30 224 11012 
9 6 45 224 11012 
9 7 0 224 11012 
9 7 15 224 11012 
9 7 30 224 11012 
9 7 45 224 11012 
9 8 0 224 11012 
9 8 15 224 11012 
9 8 30 224 11012 
9 8 45 224 11012 
9 9 0 224 11012 
9 9 15 224 11012 
9 9 30 224 11012 
9 9 45 224 11012 
9 10 0 224 11012 
9 10 15 224 11012 
9 10 30 224 11012 
9 10 45 224 11012 
9 11 0 224 11012 
9 11 15 224 11012 
9 11 30 224 11012 
9 11 45 224 11012 
9 12 0 223 11012 
9 12 15 224 11012 
9 12 30 224 11012 
9 12 45 224 11012 
9 13 0 224 11012 
9 13 37 224 11012 
9 13 52 224 11012 
9 14 7 224 11012 
9 14 22 224 11012 
9 14 37 224 11012 
9 14 52 224 11012 
9 15 7 224 11012 
9 15 22 224 11012 
9 15 37 224 11012 
9 15 52 224 11012 
9 16 7 224 11012 
9 16 22 224 11012 
9 16 37 224 11012 
9 16 52 224 11012 
9 17 7 224 11012 
9 17 22 224 11012 
9 17 37 224 11012 
9 17 52 224 11012 
9 18 7 224 11012 
9 18 22 224 11012 
9 18 37 224 11012 
9 18 52 224 11012 
9 19 7 224 11012 
9 19 22 224 11012 
9 19 37 224 11012 
9 19 52 224 11012 
9 20 7 224 11012 
9 20 22 224 11012 
9 20 37 224 11012 
9 20 52 224 11012 
9 21 7 224 11012 
9 21 22 224 11012 
9 21 37 224 11012 
9 21 52 224 11012 
9 22 7 224 11012 
9 22 22 224 11012 
9 22 37 224 11012 
9 22 52 224 11012 
9 23 7 224 11012 
9 23 22 224 11012 
9 23 37 224 11012 
9 23 52 224 11012 
9 24 7 224 11012 
9 24 22 224 11012 
9 24 37 224 11012 
9 24 52 224 11012 
9 25 7 224 11012 
9 25 22 224 11012 
9 25 37 224 11012 
9 25 52 224 11012 
9 26 7 224 11012 
9 26 22 224 11012 
9 26 37 223 11012 
9 26 52 223 11012 
9 27 7 224 11012 
9 27 22 224 11012 
9 27 37 224 11012 
9 27 52 224 11012 
9 28 7 223 11012 
9 28 44 224 11012 
9 28 59 223 11012 
9 29 14 224 11012 
9 29 29 224 11012 
9 29 44 224 11012 
9 29 59 224 11012 
9 30 14 224 11012 
9 30 29 224 11012 
9 30 44 224 11012 
9 30 59 224 11012 
9 31 14 224 11012 
9 31 29 224 11012 
9 31 44 224 11012 
9 31 59 224 11012 
9 32 14 224 11012 
9 32 29 224 11012 
9 32 44 224 11012 
9 32 59 224 11012 
9 33 14 224 11012 
9 33 29 224 11012 
9 33 44 224 11012 
9 33 59 224 11012 
9 34 14 224 11012 
9 34 29 224 11012 
9 34 44 224 11012 
9 34 59 224 11012 
9 35 14 224 11012 
9 35 29 224 11012 
9 35 44 224 11012 
9 35 59 224 11012 
9 36 14 224 11012 
9 36 29 224 11012 
9 36 44 224 11012 
9 36 59 224 11012 
9 37 14 224 11012 
9 37 29 224 11012 
9 37 44 224 11012 
9 37 59 224 11012 
9 38 14 224 11012 
9 38 29 224 11012 
9 38 44 224 11012 
9 38 59 224 11012 
9 39 14 224 11012 
9 39 29 224 11012 
9 39 44 223 11012 
9 39 59 224 11012 
9 40 14 224 11012 
9 40 29 224 11012 
9 40 44 224 11012 
9 40 59 224 11012 
9 41 14 224 11012 
9 41 29 224 11012 
9 41 44 224 11012 
9 41 59 224 11012 
9 42 14 224 11012 
9 42 29 224 11012 
9 42 44 224 11012 
9 42 59 224 11012 
9 43 14 224 11012 
9 43 51 224 11012 
9 44 6 224 11012 
9 44 21 224 11012 
9 44 36 224 11012 
9 44 51 223 11012 
9 45 6 224 11012 
9 45 21 224 11012 
9 45 36 224 11012 
9 45 51 224 11012 
9 46 6 224 11012 
9 46 21 224 11012 
9 46 36 224 11012 
9 46 51 224 11012 
9 47 6 224 11012 
9 47 21 224 11012 
9 47 36 224 11012 
9 47 51 224 11012 
9 48 6 224 11012 
9 48 21 224 11012 
9 48 36 224 11012 
9 48 51 224 11012 
9 49 6 224 11012 
9 49 21 224 11012 
9 49 36 224 11012 
9 49 51 224 11012 
9 50 6 224 11012 
9 50 21 224 11012 
9 50 36 224 11012 
9 50 51 224 11012 
9 51 6 224 11012 
9 51 21 224 11012 
9 51 51 225 11012 
9 52 6 224 11012 
9 52 21 224 11012 
9 52 36 224 11012 
9 52 51 224 11012 
9 53 6 223 11012 
9 53 21 224 11012 
9 53 36 224 11012 
9 53 51 224 11012 
9 54 6 223 11012 
9 54 21 224 11012 
9 54 36 224 11012 
9 54 51 224 11012 
9 55 6 224 11012 
9 55 21 224 11012 
9 55 36 224 11012 
9 55 51 224 11012 
9 56 6 224 11012 
9 56 21 224 11012 
9 56 36 224 11012 
9 56 51 224 11012 
9 57 6 224 11012 
9 57 21 224 11012 
9 57 36 224 11012 
9 57 51 224 11012 
9 58 6 224 11012 
9 58 21 224 11012 
9 58 58 224 11012 
9 59 13 223 11012 
9 59 28 224 11012 
9 59 43 224 11012 
9 59 58 224 11012 
10 0 13 224 11012 
10 0 28 224 11012 
10 0 43 224 11012 
10 0 58 224 11012 
10 1 13 224 11012 
10 1 28 224 11012 
10 1 43 224 11012 
10 1 58 224 11012 
10 2 13 224 11012 
10 2 28 224 11012 
10 2 43 224 11012 
10 2 58 224 11012 
10 3 13 224 11012 
10 3 28 224 11012 
10 3 43 224 11012 
10 3 58 224 11012 
10 4 13 224 11012 
10 4 28 224 11012 
10 4 43 224 11012 
10 4 58 224 11012 
10 5 13 224 11012 
10 5 28 224 11012 
10 5 43 224 11012 
10 5 58 223 11012 
10 6 13 223 11012 
10 6 28 224 11012 
10 6 43 224 11012 
10 6 58 224 11012 
10 7 13 224 11012 
10 7 28 224 11012 
10 7 43 224 11012 
10 7 58 224 11012 
10 8 13 224 11012 
10 8 28 224 11012 
10 8 43 224 11012 
10 8 58 224 11012 
10 9 13 224 11012 
10 9 28 224 11012 
10 9 43 224 11012 
10 9 58 224 11012 
10 10 13 224 11012 
10 10 28 224 11012 
10 10 43 224 11012 
10 10 58 224 11012 
10 11 13 223 11012 
10 11 28 224 11012 
10 11 43 224 11012 
10 11 58 224 11012 
10 12 13 224 11012 
10 12 28 224 11012 
10 12 43 224 11012 
10 12 58 224 11012 
10 13 13 224 11012 
10 13 28 224 11012 
10 14 5 224 11012 
10 14 20 224 11012 
10 14 35 224 11012 
10 14 50 224 11012 
10 15 5 224 11012 
10 15 20 223 11012 
10 15 35 224 11012 
10 15 50 224 11012 
10 16 5 224 11012 
10 16 20 224 11012 
10 16 35 224 11012 
10 16 50 224 11012 
10 17 5 224 11012 
10 17 20 224 11012 
10 17 35 224 11012 
10 17 50 224 11012 
10 18 5 224 11012 
10 18 20 224 11012 
10 18 35 224 11012 
10 18 50 224 11012 
10 19 5 223 11012 
10 19 20 224 11012 
10 19 35 224 11012 
10 19 50 224 11012 
10 20 5 224 11012 
10 20 20 224 11012 
10 20 35 224 11012 
10 20 50 224 11012 
10 21 5 224 11012 
10 21 20 224 11012 
10 21 35 224 11012 
10 21 50 224 11012 
10 22 5 224 11012 
10 22 20 224 11012 
10 22 35 224 11012 
10 22 50 224 11012 
10 23 5 224 11012 
10 23 20 224 11012 
10 23 35 224 11012 
10 23 50 224 11012 
10 24 5 224 11012 
10 24 20 224 11012 
10 24 35 224 11012 
10 24 50 224 11012 
10 25 5 224 11012 
10 25 20 224 11012 
10 25 35 224 11012 
10 25 50 224 11012 
10 26 5 224 11012 
10 26 20 224 11012 
10 26 35 224 11012 
10 26 50 224 11012 
10 27 5 224 11012 
10 27 20 224 11012 
10 27 35 224 11012 
10 27 50 224 11012 
10 28 5 224 11012 
10 28 20 224 11012 
10 28 35 224 11012 
10 29 12 224 11012 
10 29 27 223 11012 
10 29 42 224 11012 
10 29 57 224 11012 
10 30 12 224 11012 
10 30 27 224 11012 
10 30 42 224 11012 
10 30 57 224 11012 
10 31 12 224 11012 
10 31 27 224 11012 
10 31 42 224 11012 
10 31 57 224 11012 
10 32 12 223 11012 
10 32 27 224 11012 
10 32 42 224 11012 
10 32 57 224 11012 
10 33 12 224 11012 
10 33 27 224 11012 
10 33 42 224 11012 
10 33 57 224 11012 
10 34 12 224 11012 
10 34 27 224 11012 
10 34 42 224 11012 
10 34 57 224 11012 
10 35 12 224 11012 
10 35 27 224 11012 
10 35 42 224 11012 
10 35 57 224 11012 
10 36 12 224 11012 
10 36 27 224 11012 
10 36 42 224 11012 
10 36 57 224 11012 
10 37 12 224 11012 
10 37 27 224 11012 
10 37 42 224 11012 
10 37 57 224 11012 
10 38 12 224 11012 
10 38 27 224 11012 
10 38 42 224 11012 
10 38 57 224 11012 
10 39 12 224 11012 
10 39 27 224 11012 
10 39 42 224 11012 
10 39 57 224 11012 
10 40 12 224 11012 
10 40 27 224 11012 
10 40 42 224 11012 
10 40 57 224 11012 
10 41 12 224 11012 
10 41 27 224 11012 
10 41 42 224 11012 
10 41 57 224 11012 
10 42 12 224 11012 
10 42 27 224 11012 
10 42 42 224 11012 
10 42 57 224 11012 
10 43 12 224 11012 
10 43 27 224 11012 
10 43 42 224 11012 
10 44 19 224 11012 
10 44 34 224 11012 
10 44 49 224 11012 
10 45 4 224 11012 
10 45 19 222 11012 
10 45 34 224 11012 
10 45 49 224 11012 
10 46 4 224 11012 
10 46 19 224 11012 
10 46 34 224 11012 
10 46 49 224 11012 
10 47 4 224 11012 
10 47 19 224 11012 
10 47 34 224 11012 
10 47 49 224 11012 
10 48 4 224 11012 
10 48 19 224 11012 
10 48 34 224 11012 
10 48 49 224 11012 
10 49 4 224 11012 
10 49 19 224 11012 
10 49 34 224 11012 
10 49 49 224 11012 
10 50 4 224 11012 
10 50 19 224 11012 
10 50 34 224 11012 
10 50 49 224 11012 
10 51 4 224 11012 
10 51 19 224 11012 
10 51 34 224 11012 
10 51 49 224 11012 
10 52 4 224 11012 
10 52 19 224 11012 
10 52 34 224 11012 
10 52 49 224 11012 
10 53 4 224 11012 
10 53 19 224 11012 
10 53 34 224 11012 
10 53 49 224 11012 
10 54 4 224 11012 
10 54 19 224 11012 
10 54 34 224 11012 
10 54 49 224 11012 
10 55 4 224 11012 
10 55 34 225 11012 
10 55 49 224 11012 
10 56 4 224 11012 
10 56 19 224 11012 
10 56 34 224 11012 
10 56 49 224 11012 
10 57 4 224 11012 
10 57 19 224 11012 
10 57 34 224 11012 
10 57 49 224 11012 
10 58 4 224 11012 
10 58 19 224 11012 
10 58 34 224 11012 
10 58 49 224 11012 
10 59 26 224 11012 
10 59 41 223 11012 
10 59 56 224 11012 
11 0 11 224 11012 
11 0 26 224 11012 
11 0 41 224 11012 
11 0 56 224 11012 
11 1 11 224 11012 
11 1 26 224 11012 
11 1 41 224 11012 
11 1 56 224 11012 
11 2 11 224 11012 
11 2 26 224 11012 
11 2 41 224 11012 
11 2 56 224 11012 
11 3 11 224 11012 
11 3 26 224 11012 
11 3 41 224 11012 
11 3 56 224 11012 
11 4 11 224 11012 
11 4 26 224 11012 
11 4 41 224 11012 
11 4 56 224 11012 
11 5 11 224 11012 
11 5 26 224 11012 
11 5 41 224 11012 
11 5 56 224 11012 
11 6 11 224 11012 
11 6 26 224 11012 
11 6 41 224 11012 
11 6 56 224 11012 
11 7 11 224 11012 
11 7 26 224 11012 
11 7 41 224 11012 
11 7 56 224 11012 
11 8 11 224 11012 
11 8 26 224 11012 
11 8 41 224 11012 
11 8 56 224 11012 
11 9 11 224 11012 
11 9 26 224 11012 
11 9 41 224 11012 
11 9 56 224 11012 
11 10 11 224 11012 
11 10 26 224 11012 
11 10 41 224 11012 
11 10 56 224 11012 
11 11 11 224 11012 
11 11 26 224 11012 
11 11 41 224 11012 
11 11 56 224 11012 
11 12 11 224 11012 
11 12 26 224 11012 
11 12 41 224 11012 
11 12 56 224 11012 
11 13 11 224 11012 
11 13 26 224 11012 
11 13 41 224 11012 
11 13 56 224 11012 
11 14 33 224 11012 
11 14 48 224 11012 
11 15 3 224 11012 
11 15 18 224 11012 
11 15 48 225 11012 
11 16 3 224 11012 
11 16 18 224 11012 
11 16 33 224 11012 
11 16 48 224 11012 
11 17 3 224 11012 
11 17 18 224 11012 
11 17 33 224 11012 
11 17 48 224 11012 
11 18 3 224 11012 
11 18 18 224 11012 
11 18 33 224 11012 
11 18 48 224 11012 
11 19 3 224 11012 
11 19 18 224 11012 
11 19 33 224 11012 
11 19 48 224 11012 
11 20 3 224 11012 
11 20 18 224 11012 
11 20 33 224 11012 
11 20 48 224 11012 
11 21 3 224 11012 
11 21 18 224 11012 
11 21 33 224 11012 
11 21 48 224 11012 
11 22 3 224 11012 
11 22 18 224 11012 
11 22 33 224 11012 
11 22 48 224 11012 
11 23 3 224 11012 
11 23 18 224 11012 
11 23 33 224 11012 
11 23 48 224 11012 
11 24 3 224 11012 
11 24 18 224 11012 
11 24 33 224 11012 
11 24 48 224 11012 
11 25 3 224 11012 
11 25 18 224 11012 
11 25 33 224 11012 
11 25 48 224 11012 
11 26 3 224 11012 
11 26 18 224 11012 
11 26 33 224 11012 
11 26 48 224 11012 
11 27 3 224 11012 
11 27 18 224 11012 
11 27 33 223 11012 
11 27 48 224 11012 
11 28 3 224 11012 
11 28 18 224 11012 
11 28 33 224 11012 
11 28 48 224 11012 
11 29 3 224 11012 
11 29 55 225 11012 
11 30 10 223 11012 
11 30 25 224 11012 
11 30 40 224 11012 
11 30 55 224 11012 
11 31 10 224 11012 
11 31 25 224 11012 
11 31 40 224 11012 
11 31 55 224 11012 
11 32 10 224 11012 
11 32 25 224 11012 
11 32 40 224 11012 
11 32 55 224 11012 
11 33 10 224 11012 
11 33 25 224 11012 
11 33 40 224 11012 
11 33 55 224 11012 
11 34 10 224 11012 
11 34 25 224 11012 
11 34 40 224 11012 
11 34 55 224 11012 
11 35 10 224 11012 
11 35 25 224 11012 
11 35 40 224 11012 
11 35 55 224 11012 
11 36 10 224 11012 
11 36 25 224 11012 
11 36 40 224 11012 
11 36 55 224 11012 
11 37 10 224 11012 
11 37 26 224 11012 
11 37 41 224 11012 
11 37 56 224 11012 
11 38 11 224 11012 
11 38 26 224 11012 
11 38 41 224 11012 
11 38 56 224 11012 
11 39 11 224 11012 
11 39 26 224 11012 
11 39 41 224 11012 
11 39 56 224 11012 
11 40 11 224 11012 
11 40 26 224 11012 
11 40 40 223 11012 
11 40 56 224 11012 
11 41 11 224 11012 
11 41 26 224 11012 
11 41 41 224 11012 
11 42 10 225 11012 
11 42 26 224 11012 
11 42 41 224 11012 
11 42 56 224 11012 
11 43 11 224 11012 
11 43 26 224 11012 
11 43 41 224 11012 
11 43 56 224 11012 
11 44 11 224 11012 
11 44 48 224 11012 
11 45 3 224 11012 
11 45 18 224 11012 
11 45 33 224 11012 
11 45 48 224 11012 
11 46 3 224 11012 
11 46 18 223 11012 
11 46 33 224 11012 
11 46 48 224 11012 
11 47 3 224 11012 
11 47 18 224 11012 
11 47 33 224 11012 
11 47 48 224 11012 
11 48 3 224 11012 
11 48 18 224 11012 
11 48 33 224 11012 
11 48 48 224 11012 
11 49 3 224 11012 
11 49 18 224 11012 
11 49 33 224 11012 
11 49 48 224 11012 
11 50 3 224 11012 
11 50 18 224 11012 
11 50 33 224 11012 
11 51 3 225 11012 
11 51 18 224 11012 
11 51 33 224 11012 
11 51 48 224 11012 
11 52 3 224 11012 
11 52 18 224 11012 
11 52 33 224 11012 
11 52 48 224 11012 
11 53 3 224 11012 
11 53 18 224 11012 
11 53 33 224 11012 
11 53 48 223 11012 
11 54 3 224 11012 
11 54 18 224 11012 
11 54 33 224 11012 
11 54 48 224 11012 
11 55 3 224 11012 
11 55 18 224 11012 
11 55 33 224 11012 
11 55 48 224 11012 
11 56 3 224 11012 
11 56 18 224 11012 
11 56 33 224 11012 
11 56 48 224 11012 
11 57 3 224 11012 
11 57 18 224 11012 
11 57 33 224 11012 
11 57 48 224 11012 
11 58 3 224 11012 
11 58 18 224 11012 
11 58 33 224 11012 
11 58 48 224 11012 
11 59 3 224 11012 
11 59 18 224 11012 
11 59 55 224 11012 
12 0 10 223 11012 
12 0 25 224 11012 
12 0 40 224 11012 
12 0 55 224 11012 
12 1 10 224 11012 
12 1 25 224 11012 
12 1 40 224 11012 
12 1 55 224 11012 
12 2 10 224 11012 
12 2 25 224 11012 
12 2 40 224 11012 
12 2 55 224 11012 
12 3 10 224 11012 
12 3 25 224 11012 
12 3 40 224 11012 
12 3 55 224 11012 
12 4 10 224 11012 
12 4 25 224 11012 
12 4 40 224 11012 
12 4 55 224 11012 
12 5 10 224 11012 
12 5 25 224 11012 
12 5 40 224 11012 
12 5 55 224 11012 
12 6 10 224 11012 
12 6 25 224 11012 
12 6 40 223 11012 
12 6 55 224 11012 
12 7 10 224 11012 
12 7 25 224 11012 
12 7 40 224 11012 
12 7 55 224 11012 
12 8 10 224 11012 
12 8 25 224 11012 
12 8 40 224 11012 
12 8 55 224 11012 
12 9 10 224 11012 
12 9 25 224 11012 
12 9 40 224 11012 
12 9 55 224 11012 
12 10 10 224 11012 
12 10 25 224 11012 
12 10 40 224 11012 
12 10 55 224 11012 
12 11 10 224 11012 
12 11 25 224 11012 
12 11 40 224 11012 
12 11 55 224 11012 
12 12 10 224 11012 
12 12 25 224 11012 
12 12 40 224 11012 
12 12 55 224 11012 
12 13 10 224 11012 
12 13 25 224 11012 
12 13 40 224 11012 
12 13 55 224 11012 
12 14 10 224 11012 
12 14 25 224 11012 
12 15 2 224 11012 
12 15 17 224 11012 
12 15 32 224 11012 
12 15 47 224 11012 
12 16 2 223 11012 
12 16 17 223 11012 
12 16 32 224 11012 
12 16 47 224 11012 
12 17 2 224 11012 
12 17 17 224 11012 
12 17 32 224 11012 
12 17 47 224 11012 
12 18 2 224 11012 
12 18 17 224 11012 
12 18 32 224 11012 
12 18 47 224 11012 
12 19 2 224 11012 
12 19 17 224 11012 
12 19 32 224 11012 
12 19 47 223 11012 
12 20 2 224 11012 
12 20 17 224 11012 
12 20 32 224 11012 
12 20 47 224 11012 
12 21 2 224 11012 
12 21 17 224 11012 
12 21 32 224 11012 
12 21 47 224 11012 
12 22 2 224 11012 
12 22 17 224 11012 
12 22 32 224 11012 
12 22 47 224 11012 
12 23 2 224 11012 
12 23 17 224 11012 
12 23 32 224 11012 
12 23 47 224 11012 
12 24 2 224 11012 
12 24 17 224 11012 
12 24 32 224 11012 
12 24 47 224 11012 
12 25 2 224 11012 
12 25 17 224 11012 
12 25 32 224 11012 
12 25 47 224 11012 
12 26 2 224 11012 
12 26 17 224 11012 
12 26 32 224 11012 
12 26 47 224 11012 
12 27 2 224 11012 
12 27 17 224 11012 
12 27 32 224 11012 
12 27 47 224 11012 
12 28 2 224 11012 
12 28 17 224 11012 
12 28 32 224 11012 
12 28 47 223 11012 
12 29 2 224 11012 
12 29 17 224 11012 
12 29 32 224 11012 
12 30 9 224 11012 
12 30 39 225 11012 
12 30 54 224 11012 
12 31 9 224 11012 
12 31 24 224 11012 
12 31 39 224 11012 
12 31 54 224 11012 
12 32 9 224 11012 
12 32 24 224 11012 
12 32 39 224 11012 
12 32 54 224 11012 
12 33 9 223 11012 
12 33 24 224 11012 
12 33 39 224 11012 
12 33 54 224 11012 
12 34 9 224 11012 
12 34 24 224 11012 
12 34 39 224 11012 
12 34 54 224 11012 
12 35 9 224 11012 
12 35 24 224 11012 
12 35 39 224 11012 
12 35 54 224 11012 
12 36 9 224 11012 
12 36 24 224 11012 
12 36 39 224 11012 
12 36 54 224 11012 
12 37 9 224 11012 
12 37 24 224 11012 
12 37 39 224 11012 
12 37 54 224 11012 
12 38 9 224 11012 
12 38 24 224 11012 
12 38 39 224 11012 
12 38 54 224 11012 
12 39 9 224 11012 
12 39 24 224 11012 
12 39 39 224 11012 
12 39 54 224 11012 
12 40 9 224 11012 
12 40 24 224 11012 
12 40 39 224 11012 
12 40 54 224 11012 
12 41 9 224 11012 
12 41 24 224 11012 
12 41 39 224 11012 
12 41 54 224 11012 
12 42 9 224 11012 
12 42 24 224 11012 
12 42 39 224 11012 
12 42 54 224 11012 
12 43 9 224 11012 
12 43 24 224 11012 
12 43 39 224 11012 
12 43 54 224 11012 
12 44 9 224 11012 
12 44 24 224 11012 
12 44 39 224 11012 
12 45 31 224 11012 
12 45 46 224 11012 
12 46 1 224 11012 
12 46 16 223 11012 
12 46 31 224 11012 
12 46 46 223 11012 
12 47 1 224 11012 
12 47 16 224 11012 
12 47 31 224 11012 
12 47 46 224 11012 
12 48 1 224 11012 
12 48 16 224 11012 
12 48 31 224 11012 
12 48 46 224 11012 
12 49 1 224 11012 
12 49 16 224 11012 
12 49 31 224 11012 
12 49 46 224 11012 
12 50 1 224 11012 
12 50 16 224 11012 
12 50 31 224 11012 
12 50 46 224 11012 
12 51 1 224 11012 
12 51 16 224 11012 
12 51 31 224 11012 
12 51 46 224 11012 
12 52 1 224 11012 
12 52 16 224 11012 
12 52 31 224 11012 
12 52 46 224 11012 
12 53 1 224 11012 
12 53 16 224 11012 
12 53 31 224 11012 
12 53 46 224 11012 
12 54 1 224 11012 
12 54 16 224 11012 
12 54 31 224 11012 
12 54 46 224 11012 
12 55 1 224 11012 
12 55 16 224 11012 
12 55 31 224 11012 
12 55 46 224 11012 
12 56 1 224 11012 
12 56 16 224 11012 
12 56 31 224 11012 
12 56 46 224 11012 
12 57 1 224 11012 
12 57 16 224 11012 
12 57 31 224 11012 
12 57 46 224 11012 
12 58 1 224 11012 
12 58 16 224 11012 
12 58 31 224 11012 
12 58 46 224 11012 
12 59 1 224 11012 
12 59 16 224 11012 
12 59 31 224 11012 
12 59 46 224 11012 
13 0 23 224 11012 
13 0 38 223 11012 
13 0 53 224 11012 
13 1 8 224 11012 
13 1 23 224 11012 
13 1 38 224 11012 
13 1 53 224 11012 
13 2 8 224 11012 
13 2 23 224 11012 
13 2 38 224 11012 
13 2 53 224 11012 
13 3 8 224 11012 
13 3 23 224 11012 
13 3 38 224 11012 
13 3 53 224 11012 
13 4 8 224 11012 
13 4 23 224 11012 
13 4 38 224 11012 
13 4 53 224 11012 
13 5 8 224 11012 
13 5 23 224 11012 
13 5 38 224 11012 
13 5 53 224 11012 
13 6 8 224 11012 
13 6 23 224 11012 
13 6 38 224 11012 
13 6 53 224 11012 
13 7 8 224 11012 
13 7 23 224 11012 
13 7 38 224 11012 
13 7 53 224 11012 
13 8 8 224 11012 
13 8 23 224 11012 
13 8 38 224 11012 
13 8 53 224 11012 
13 9 8 224 11012 
13 9 23 224 11012 
13 9 38 224 11012 
13 9 53 224 11012 
13 10 8 224 11012 
13 10 23 224 11012 
13 10 38 224 11012 
13 10 53 224 11012 
13 11 8 224 11012 
13 11 23 224 11012 
13 11 38 224 11012 
13 11 53 224 11012 
13 12 8 224 11012 
13 12 23 224 11012 
13 12 38 224 11012 
13 12 53 224 11012 
13 13 8 224 11012 
13 13 23 224 11012 
13 13 38 224 11012 
13 13 53 224 11012 
13 14 8 224 11012 
13 14 23 224 11012 
13 14 38 224 11012 
13 14 53 223 11012 
13 15 30 224 11012 
13 15 45 224 11012 
13 16 0 224 11012 
13 16 15 224 11012 
13 16 30 223 11012 
13 16 45 224 11012 
13 17 0 224 11012 
13 17 15 224 11012 
13 17 30 224 11012 
13 17 45 224 11012 
13 18 0 224 11012 
13 18 15 223 11012 
13 18 30 224 11012 
13 18 45 224 11012 
13 19 0 224 11012 
13 19 15 224 11012 
13 19 30 224 11012 
13 19 45 224 11012 
13 20 0 224 11012 
13 20 15 224 11012 
13 20 30 224 11012 
13 20 45 224 11012 
13 21 0 224 11012 
13 21 15 224 11012 
13 21 30 224 11012 
13 21 45 224 11012 
13 22 0 224 11012 
13 22 15 224 11012 
13 22 30 224 11012 
13 22 45 224 11012 
13 23 0 224 11012 
13 23 15 224 11012 
13 23 30 224 11012 
13 23 45 224 11012 
13 24 0 224 11012 
13 24 15 224 11012 
13 24 30 224 11012 
13 24 45 224 11012 
13 25 0 224 11012 
13 25 15 224 11012 
13 25 30 224 11012 
13 25 45 224 11012 
13 26 0 224 11012 
13 26 15 224 11012 
13 26 30 224 11012 
13 26 45 224 11012 
13 27 0 224 11012 
13 27 15 224 11012 
13 27 30 224 11012 
13 27 45 224 11012 
13 28 0 223 11012 
13 28 15 223 11012 
13 28 30 224 11012 
13 28 45 224 11012 
13 29 0 224 11012 
13 29 15 224 11012 
13 29 30 224 11012 
13 29 45 224 11012 
13 30 0 224 11012 
13 30 37 224 11012 
13 30 52 223 11012 
13 31 7 224 11012 
13 31 22 224 11012 
13 31 37 224 11012 
13 31 52 224 11012 
13 32 7 224 11012 
13 32 22 224 11012 
13 32 37 224 11012 
13 32 52 224 11012 
13 33 7 224 11012 
13 33 22 224 11012 
13 33 37 224 11012 
13 33 52 224 11012 
13 34 7 224 11012 
13 34 22 224 11012 
13 34 37 224 11012 
13 34 52 224 11012 
13 35 7 224 11012 
13 35 22 224 11012 
13 35 37 224 11012 
13 35 52 224 11012 
13 36 7 224 11012 
13 36 22 224 11012 
14 20 52 64 9267 
14 22 23 224 9387 
14 22 38 219 9688 
14 22 53 224 10651 
14 23 8 224 10892 
14 23 23 224 10892 
14 23 38 224 10892 
14 23 53 224 10952 
14 24 8 224 11012 
14 24 23 224 11012 
14 24 38 224 11012 
14 24 53 224 11012 
14 25 8 224 11012 
14 25 23 224 11012 
14 25 38 224 11012 
14 25 53 224 11012 
14 26 8 224 11012 
14 26 23 224 11012 
14 26 38 224 11012 
14 26 53 224 11012 
14 27 8 224 11012 
14 27 23 224 11012 
14 27 38 224 11012 
14 27 53 224 11012 
14 28 8 224 11012 
14 28 23 224 11012 
14 28 38 224 11012 
14 28 53 224 11012 
14 29 8 224 11012 
14 29 23 224 11012 
14 29 38 224 11012 
14 29 53 224 11012 
14 30 8 224 11012 
14 30 23 224 11012 
14 30 38 224 11012 
14 30 53 224 11012 
14 31 8 224 11012 
14 31 23 224 11012 
14 31 38 224 11012 
14 31 53 223 11012 
14 32 8 223 11012 
14 32 23 224 11012 
14 32 38 224 11012 
14 32 53 224 11012 
14 33 8 224 11012 
14 33 23 224 11012 
14 33 38 224 11012 
14 33 53 224 11012 
14 34 8 224 11012 
14 34 23 224 11012 
14 34 38 224 11012 
14 34 53 224 11012 
14 35 8 224 11012 
14 35 23 224 11012 
14 35 38 224 11012 
14 35 53 224 11012 
14 36 8 224 11012 
14 36 23 224 11012 
14 36 38 224 11012 
14 37 15 224 11012 
14 37 30 224 11012 
14 37 45 224 11012 
14 38 0 224 11012 
14 38 15 224 11012 
14 38 30 224 11012 
14 38 45 224 11012 
14 39 0 224 11012 
14 39 15 224 11012 
14 39 30 224 11012 
14 39 45 224 11012 
14 40 0 224 11012 
14 40 15 224 11012 
14 40 30 224 11012 
14 40 45 224 11012 
14 41 0 224 11012 
14 41 15 224 11012 
14 41 30 223 11012 
14 41 45 224 11012 
14 42 0 224 11012 
14 42 15 224 11012 
14 42 30 224 11012 
14 42 45 224 11012 
14 43 0 224 11012 
14 43 15 224 11012 
14 43 30 224 11012 
14 43 45 224 11012 
14 44 0 224 11012 
14 44 15 224 11012 
14 44 30 224 11012 
14 44 45 224 11012 
14 45 0 224 11012 
14 45 15 224 11012 
14 45 30 224 11012 
14 45 45 224 11012 
14 46 0 224 11012 
14 46 15 224 11012 
14 46 30 224 11012 
14 46 45 224 11012 
14 47 0 224 11012 
14 47 15 224 11012 
14 47 30 224 11012 
14 47 45 224 11012 
14 48 0 223 11012 
14 48 15 224 11012 
14 48 30 224 11012 
14 48 45 224 11012 
14 49 0 224 11012 
14 49 15 224 11012 
14 49 30 224 11012 
14 49 45 224 11012 
14 50 0 224 11012 
14 50 15 224 11012 
14 50 30 224 11012 
14 50 45 224 11012 
14 51 0 224 11012 
14 51 15 224 11012 
14 51 30 224 11012 
14 51 45 224 11012 
14 52 22 224 11012 
14 52 37 224 11012 
14 52 52 224 11012 
14 53 7 224 11012 
14 53 22 224 11012 
14 53 37 224 11012 
14 53 52 223 11012 
14 54 7 224 11012 
14 54 22 224 11012 
14 54 37 224 11012 
14 54 52 224 11012 
14 55 7 224 11012 
14 55 22 224 11012 
14 55 37 224 11012 
14 55 52 224 11012 
14 56 7 224 11012 
14 56 22 224 11012 
14 56 37 224 11012 
14 56 52 224 11012 
14 57 7 224 11012 
14 57 22 224 11012 
14 57 37 224 11012 
14 57 52 224 11012 
14 58 7 224 11012 
14 58 22 224 11012 
14 58 37 224 11012 
14 58 52 224 11012 
14 59 7 224 11012 
14 59 22 224 11012 
14 59 37 224 11012 
14 59 52 224 11012 
15 0 7 224 11012 
15 0 22 224 11012 
15 0 37 224 11012 
15 0 52 224 11012 
15 1 7 224 11012 
15 1 22 224 11012 
15 1 37 224 11012 
15 1 52 224 11012 
15 2 7 224 11012 
15 2 22 224 11012 
15 2 37 224 11012 
15 2 52 224 11012 
15 3 7 224 11012 
15 3 22 224 11012 
15 3 37 224 11012 
15 3 52 224 11012 
15 4 7 223 11012 
15 4 22 224 11012 
15 4 37 224 11012 
15 4 52 224 11012 
15 5 7 223 11012 
15 5 22 224 11012 
15 5 37 224 11012 
15 5 52 224 11012 
15 6 7 224 11012 
15 6 22 224 11012 
15 6 37 224 11012 
15 6 52 224 11012 
15 7 29 224 11012 
15 7 44 223 11012 
15 7 59 224 11012 
15 8 14 224 11012 
15 8 29 224 11012 
15 8 44 224 11012 
15 8 59 224 11012 
15 9 14 224 11012 
15 9 29 224 11012 
15 9 44 224 11012 
15 9 59 224 11012 
15 10 14 224 11012 
15 10 29 224 11012 
15 10 44 224 11012 
15 10 59 224 11012 
15 11 14 224 11012 
15 11 29 224 11012 
15 11 44 224 11012 
15 12 14 225 11012 
15 12 29 224 11012 
15 12 44 224 11012 
15 12 59 224 11012 
15 13 14 224 11012 
15 13 29 224 11012 
15 13 44 224 11012 
15 13 59 224 11012 
15 14 14 224 11012 
15 14 29 224 11012 
15 14 44 224 11012 
15 14 59 224 11012 
15 15 14 224 11012 
15 15 29 224 11012 
15 15 44 224 11012 
15 15 59 224 11012 
15 16 14 224 11012 
15 16 29 224 11012 
15 16 44 224 11012 
15 16 59 224 11012 
15 17 14 224 11012 
15 17 29 224 11012 
15 17 44 224 11012 
15 17 59 224 11012 
15 18 14 224 11012 
15 18 29 223 11012 
15 18 44 224 11012 
15 18 59 224 11012 
15 19 14 224 11012 
15 19 29 224 11012 
15 19 44 224 11012 
15 19 59 224 11012 
15 20 14 224 11012 
15 20 29 224 11012 
15 20 44 224 11012 
15 20 59 224 11012 
15 21 14 224 11012 
15 21 29 224 11012 
15 21 44 224 11012 
15 21 59 224 11012 
15 22 36 224 11012 
15 22 51 224 11012 
15 23 6 224 11012 
15 23 21 224 11012 
15 23 36 224 11012 
15 23 51 223 11012 
15 24 6 224 11012 
15 24 21 224 11012 
15 24 36 224 11012 
15 24 51 224 11012 
15 25 6 224 11012 
15 25 21 224 11012 
15 25 36 224 11012 
15 25 51 224 11012 
15 26 6 224 11012 
15 26 21 224 11012 
15 26 51 225 11012 
15 27 6 224 11012 
15 27 21 224 11012 
15 27 36 224 11012 
15 27 51 224 11012 
15 28 6 224 11012 
15 28 21 224 11012 
15 28 36 224 11012 
15 28 51 224 11012 
15 29 6 224 11012 
15 29 21 224 11012 
15 29 36 224 11012 
15 29 51 224 11012 
15 30 6 224 11012 
15 30 21 224 11012 
15 30 36 224 11012 
15 30 51 224 11012 
15 31 6 224 11012 
15 31 21 224 11012 
15 31 36 223 11012 
15 31 51 223 11012 
15 32 6 224 11012 
15 32 21 224 11012 
15 32 36 224 11012 
15 32 51 224 11012 
15 33 6 224 11012 
15 33 21 224 11012 
15 33 36 224 11012 
15 33 51 224 11012 
15 34 6 224 11012 
15 34 21 224 11012 
15 34 36 224 11012 
15 34 51 224 11012 
15 35 6 224 11012 
15 35 21 224 11012 
15 35 36 224 11012 
15 35 51 224 11012 
15 36 6 224 11012 
15 36 21 224 11012 
15 36 36 224 11012 
15 36 51 224 11012 
15 37 6 224 11012 
15 37 58 224 11012 
15 38 13 223 11012 
15 38 28 224 11012 
15 38 43 224 11012 
15 38 58 224 11012 
15 39 13 224 11012 
15 39 28 224 11012 
15 39 43 224 11012 
15 39 58 224 11012 
15 40 13 224 11012 
15 40 28 224 11012 
15 40 43 224 11012 
15 40 58 224 11012 
15 41 13 224 11012 
15 41 28 224 11012 
15 41 43 224 11012 
15 41 58 224 11012 
15 42 13 224 11012 
15 42 28 224 11012 
15 42 43 224 11012 
15 42 58 224 11012 
15 43 13 224 11012 
15 43 28 224 11012 
15 43 43 224 8725 

/> 