13 23 30 224 11012 
13 23 45 224 11012 
13 24 0 224 11012 
13 24 15 224 11012 
13 24 30 224 11012 
13 24 45 224 11012 
13 25 0 224 11012 
13 25 15 224 11012 
13 25 30 224 11012 
13 25 45 224 11012 
13 26 0 224 11012 
13 26 15 224 11012 
13 26 30 224 11012 
13 26 45 224 11012 
13 27 0 224 11012 
13 27 15 224 11012 
13 27 30 224 11012 
13 27 45 224 11012 
13 28 0 223 11012 
13 28 15 223 11012 
13 28 30 224 11012 
13 28 45 224 11012 
13 29 0 224 11012 
13 29 15 224 11012 
13 29 30 224 11012 
13 29 45 224 11012 
13 30 0 224 11012 
13 30 37 224 11012 
13 30 52 223 11012 
13 31 7 224 11012 
13 31 22 224 11012 
13 31 37 224 11012 
13 31 52 224 11012 
13 32 7 224 11012 
13 32 22 224 11012 
13 32 37 224 11012 
13 32 52 224 11012 
13 33 7 224 11012 
13 33 22 224 11012 
13 33 37 224 11012 
13 33 52 224 11012 
13 34 7 224 11012 
13 34 22 224 11012 
13 34 37 224 11012 
13 34 52 224 11012 
13 35 7 224 11012 
13 35 22 224 11012 
13 35 37 224 11012 
13 35 52 224 11012 
13 36 7 224 11012 
13 36 22 224 11012 
14 20 52 64 9267 
14 22 23 224 9387 
14 22 38 219 9688 
14 22 53 224 10651 
14 23 8 224 10892 
14 23 23 224 10892 
14 23 38 224 10892 
14 23 53 224 10952 
14 24 8 224 11012 
14 24 23 224 11012 
14 24 38 224 11012 
14 24 53 224 11012 
14 25 8 224 11012 
14 25 23 224 11012 
14 25 38 224 11012 
14 25 53 224 11012 
14 26 8 224 11012 
14 26 23 224 11012 
14 26 38 224 11012 
14 26 53 224 11012 
14 27 8 224 11012 
14 27 23 224 11012 
14 27 38 224 11012 
14 27 53 224 11012 
14 28 8 224 11012 
14 28 23 224 11012 
14 28 38 224 11012 
14 28 53 224 11012 
14 29 8 224 11012 
14 29 23 224 11012 
14 29 38 224 11012 
14 29 53 224 11012 
14 30 8 224 11012 
14 30 23 224 11012 
14 30 38 224 11012 
14 30 53 224 11012 
14 31 8 224 11012 
14 31 23 224 11012 
14 31 38 224 11012 
14 31 53 223 11012 
14 32 8 223 11012 
14 32 23 224 11012 
14 32 38 224 11012 
14 32 53 224 11012 
14 33 8 224 11012 
14 33 23 224 11012 
14 33 38 224 11012 
14 33 53 224 11012 
14 34 8 224 11012 
14 34 23 224 11012 
14 34 38 224 11012 
14 34 53 224 11012 
14 35 8 224 11012 
14 35 23 224 11012 
14 35 38 224 11012 
14 35 53 224 11012 
14 36 8 224 11012 
14 36 23 224 11012 
14 36 38 224 11012 
14 37 15 224 11012 
14 37 30 224 11012 
14 37 45 224 11012 
14 38 0 224 11012 
14 38 15 224 11012 
14 38 30 224 11012 
14 38 45 224 11012 
14 39 0 224 11012 
14 39 15 224 11012 
14 39 30 224 11012 
14 39 45 224 11012 
14 40 0 224 11012 
14 40 15 224 11012 
14 40 30 224 11012 
14 40 45 224 11012 
14 41 0 224 11012 
14 41 15 224 11012 
14 41 30 223 11012 
14 41 45 224 11012 
14 42 0 224 11012 
14 42 15 224 11012 
14 42 30 224 11012 
14 42 45 224 11012 
14 43 0 224 11012 
14 43 15 224 11012 
14 43 30 224 11012 
14 43 45 224 11012 
14 44 0 224 11012 
14 44 15 224 11012 
14 44 30 224 11012 
14 44 45 224 11012 
14 45 0 224 11012 
14 45 15 224 11012 
14 45 30 224 11012 
14 45 45 224 11012 
14 46 0 224 11012 
14 46 15 224 11012 
14 46 30 224 11012 
14 46 45 224 11012 
14 47 0 224 11012 
14 47 15 224 11012 
14 47 30 224 11012 
14 47 45 224 11012 
14 48 0 223 11012 
14 48 15 224 11012 
14 48 30 224 11012 
14 48 45 224 11012 
14 49 0 224 11012 
14 49 15 224 11012 
14 49 30 224 11012 
14 49 45 224 11012 
14 50 0 224 11012 
14 50 15 224 11012 
14 50 30 224 11012 
14 50 45 224 11012 
14 51 0 224 11012 
14 51 15 224 11012 
14 51 30 224 11012 
14 51 45 224 11012 
14 52 22 224 11012 
14 52 37 224 11012 
14 52 52 224 11012 
14 53 7 224 11012 
14 53 22 224 11012 
14 53 37 224 11012 
14 53 52 223 11012 
14 54 7 224 11012 
14 54 22 224 11012 
14 54 37 224 11012 
14 54 52 224 11012 
14 55 7 224 11012 
14 55 22 224 11012 
14 55 37 224 11012 
14 55 52 224 11012 
14 56 7 224 11012 
14 56 22 224 11012 
14 56 37 224 11012 
14 56 52 224 11012 
14 57 7 224 11012 
14 57 22 224 11012 
14 57 37 224 11012 
14 57 52 224 11012 
14 58 7 224 11012 
14 58 22 224 11012 
14 58 37 224 11012 
14 58 52 224 11012 
14 59 7 224 11012 
14 59 22 224 11012 
14 59 37 224 11012 
14 59 52 224 11012 
15 0 7 224 11012 
15 0 22 224 11012 
15 0 37 224 11012 
15 0 52 224 11012 
15 1 7 224 11012 
15 1 22 224 11012 
15 1 37 224 11012 
15 1 52 224 11012 
15 2 7 224 11012 
15 2 22 224 11012 
15 2 37 224 11012 
15 2 52 224 11012 
15 3 7 224 11012 
15 3 22 224 11012 
15 3 37 224 11012 
15 3 52 224 11012 
15 4 7 223 11012 
15 4 22 224 11012 
15 4 37 224 11012 
15 4 52 224 11012 
15 5 7 223 11012 
15 5 22 224 11012 
15 5 37 224 11012 
15 5 52 224 11012 
15 6 7 224 11012 
15 6 22 224 11012 
15 6 37 224 11012 
15 6 52 224 11012 
15 7 29 224 11012 
15 7 44 223 11012 
15 7 59 224 11012 
15 8 14 224 11012 
15 8 29 224 11012 
15 8 44 224 11012 
15 8 59 224 11012 
15 9 14 224 11012 
15 9 29 224 11012 
15 9 44 224 11012 
15 9 59 224 11012 
15 10 14 224 11012 
15 10 29 224 11012 
15 10 44 224 11012 
15 10 59 224 11012 
15 11 14 224 11012 
15 11 29 224 11012 
15 11 44 224 11012 
15 12 14 225 11012 
15 12 29 224 11012 
15 12 44 224 11012 
15 12 59 224 11012 
15 13 14 224 11012 
15 13 29 224 11012 
15 13 44 224 11012 
15 13 59 224 11012 
15 14 14 224 11012 
15 14 29 224 11012 
15 14 44 224 11012 
15 14 59 224 11012 
15 15 14 224 11012 
15 15 29 224 11012 
15 15 44 224 11012 
15 15 59 224 11012 
15 16 14 224 11012 
15 16 29 224 11012 
15 16 44 224 11012 
15 16 59 224 11012 
15 17 14 224 11012 
15 17 29 224 11012 
15 17 44 224 11012 
15 17 59 224 11012 
15 18 14 224 11012 
15 18 29 223 11012 
15 18 44 224 11012 
15 18 59 224 11012 
15 19 14 224 11012 
15 19 29 224 11012 
15 19 44 224 11012 
15 19 59 224 11012 
15 20 14 224 11012 
15 20 29 224 11012 
15 20 44 224 11012 
15 20 59 224 11012 
15 21 14 224 11012 
15 21 29 224 11012 
15 21 44 224 11012 
15 21 59 224 11012 
15 22 36 224 11012 
15 22 51 224 11012 
15 23 6 224 11012 
15 23 21 224 11012 
15 23 36 224 11012 
15 23 51 223 11012 
15 24 6 224 11012 
15 24 21 224 11012 
15 24 36 224 11012 
15 24 51 224 11012 
15 25 6 224 11012 
15 25 21 224 11012 
15 25 36 224 11012 
15 25 51 224 11012 
15 26 6 224 11012 
15 26 21 224 11012 
15 26 51 225 11012 
15 27 6 224 11012 
15 27 21 224 11012 
15 27 36 224 11012 
15 27 51 224 11012 
15 28 6 224 11012 
15 28 21 224 11012 
15 28 36 224 11012 
15 28 51 224 11012 
15 29 6 224 11012 
15 29 21 224 11012 
15 29 36 224 11012 
15 29 51 224 11012 
15 30 6 224 11012 
15 30 21 224 11012 
15 30 36 224 11012 
15 30 51 224 11012 
15 31 6 224 11012 
15 31 21 224 11012 
15 31 36 223 11012 
15 31 51 223 11012 
15 32 6 224 11012 
15 32 21 224 11012 
15 32 36 224 11012 
15 32 51 224 11012 
15 33 6 224 11012 
15 33 21 224 11012 
15 33 36 224 11012 
15 33 51 224 11012 
15 34 6 224 11012 
15 34 21 224 11012 
15 34 36 224 11012 
15 34 51 224 11012 
15 35 6 224 11012 
15 35 21 224 11012 
15 35 36 224 11012 
15 35 51 224 11012 
15 36 6 224 11012 
15 36 21 224 11012 
15 36 36 224 11012 
15 36 51 224 11012 
15 37 6 224 11012 
15 37 58 224 11012 
15 38 13 223 11012 
15 38 28 224 11012 
15 38 43 224 11012 
15 38 58 224 11012 
15 39 13 224 11012 
15 39 28 224 11012 
15 39 43 224 11012 
15 39 58 224 11012 
15 40 13 224 11012 
15 40 28 224 11012 
15 40 43 224 11012 
15 40 58 224 11012 
15 41 13 224 11012 
15 41 28 224 11012 
15 41 43 224 11012 
15 41 58 224 11012 
15 42 13 224 11012 
15 42 28 224 11012 
15 42 43 224 11012 
15 42 58 224 11012 
15 43 13 224 11012 
15 43 28 224 11012 
15 43 43 224 8725 

/> 
ls
ls
<CR>
         TIME          Size       File name 
----A 2021/06/29 14:21     10360  0629
----A 2021/06/29 09:15    128640  06290900
----A 2021/06/29 09:31    128000  06290915
----A 2021/06/29 09:46    128640  06290931
----A 2021/06/29 10:01    128000  06290946
----A 2021/06/29 10:17    128640  06291001
----A 2021/06/29 10:31    128000  06291016
----A 2021/06/29 10:46    128640  06291031
----A 2021/06/29 11:03    128640  06291046
----A 2021/06/29 11:18    128640  06291101
----A 2021/06/29 11:31    128000  06291116
----A 2021/06/29 11:47    128640  06291132
----A 2021/06/29 12:02    128640  06291147
----A 2021/06/29 12:17    128640  06291202
----A 2021/06/29 12:33    128000  06291217
----A 2021/06/29 12:47    128640  06291232
----A 2021/06/29 13:02    128000  06291247
----A 2021/06/29 13:19    128640  06291302
----A 2021/06/29 13:35    128000  06291317
----A 2021/06/29 13:47    128640  06291332
----A 2021/06/29 14:03    128000  06291348
----A 2021/06/29 14:18    128640  06291403
----A 2021/06/29 14:19      2560  06291418
----A 2021/06/30 16:02      8288  0630
----A 2021/06/30 11:35      2560  06301135
----A 2021/06/30 12:23    128640  06301207
----A 2021/06/30 12:37    128640  06301222
----A 2021/06/30 12:54    128000  06301237
----A 2021/06/30 13:07    128640  06301252
----A 2021/06/30 13:23    128000  06301307
----A 2021/06/30 13:38    128640  06301323
----A 2021/06/30 13:53    128000  06301338
----A 2021/06/30 14:08    128640  06301353
----A 2021/06/30 14:23    128000  06301408
----A 2021/06/30 14:39    128640  06301423
----A 2021/06/30 14:55    128640  06301438
----A 2021/06/30 15:10    128640  06301453
----A 2021/06/30 15:23    128000  06301508
----A 2021/06/30 15:39    128640  06301523
----A 2021/06/30 15:54    128640  06301539
----A 2021/06/30 15:54      2560  06301554
----A 2021/07/01 16:08     13328  0701
----A 2021/07/01 09:27    128640  07010912
----A 2021/07/01 09:43    128000  07010927
----A 2021/07/01 09:57    128640  07010942
----A 2021/07/01 10:14    128000  07010957
----A 2021/07/01 10:27    128640  07011012
----A 2021/07/01 10:43    128000  07011027
----A 2021/07/01 10:59    128640  07011042
----A 2021/07/01 11:13    128000  07011058
----A 2021/07/01 11:28    128640  07011113
----A 2021/07/01 11:43    128000  07011128
----A 2021/07/01 11:59    128640  07011143
----A 2021/07/01 12:15    128000  07011158
----A 2021/07/01 12:30    128640  07011213
----A 2021/07/01 12:43    128640  07011228
----A 2021/07/01 12:59    128640  07011243
----A 2021/07/01 13:14    128640  07011259
----A 2021/07/01 13:29    128640  07011314
----A 2021/07/01 13:45    128640  07011329
----A 2021/07/01 13:59    128640  07011344
----A 2021/07/01 14:15    128000  07011359
----A 2021/07/01 14:31    128640  07011414
----A 2021/07/01 14:46    128000  07011429
----A 2021/07/01 14:59    128000  07011444
----A 2021/07/01 15:15    128000  07011500
----A 2021/07/01 15:30    128000  07011515
----A 2021/07/01 15:45    128000  07011530
----A 2021/07/01 16:01    128000  07011545
----A 2021/07/01 16:01      2560  07011600
----A 2021/07/02 15:50     12152  0702
----A 2021/07/02 09:02    128000  07020847
----A 2021/07/02 09:19    128000  07020902
----A 2021/07/02 09:35    128000  07020917
----A 2021/07/02 09:48    128000  07020933
----A 2021/07/02 10:03    128000  07020948
----A 2021/07/02 10:19    128000  07021003
----A 2021/07/02 10:33    128000  07021018
----A 2021/07/02 10:50    128640  07021033
----A 2021/07/02 11:03    128000  07021048
----A 2021/07/02 11:19    128000  07021103
----A 2021/07/02 11:35    128000  07021118
----A 2021/07/02 11:49    128000  07021134
----A 2021/07/02 12:04    128000  07021149
----A 2021/07/02 12:19    128000  07021204
----A 2021/07/02 12:35    128000  07021219
----A 2021/07/02 12:51    128000  07021234
----A 2021/07/02 13:06    128000  07021249
----A 2021/07/02 13:19    128000  07021304
----A 2021/07/02 13:35    128000  07021319
----A 2021/07/02 13:35      2560  07021335
----A 2021/07/02 14:54    128000  07021439
----A 2021/07/02 15:11    128000  07021454
----A 2021/07/02 15:27    128000  07021509
----A 2021/07/02 15:40    128000  07021525
----A 2021/07/02 15:40      2560  07021540

  96 File(s),  11091808 bytes total
   0 Dir(s),     989408K bytes free

/> 
read 0702
read 0702
<CR>Time:2021/07/02 15:40
Hours Minutes Seconds  Nb_Samples    Aver. Current 
8 33 1 224 10715 
8 33 16 219 11083 
8 34 22 224 11083 
8 34 37 224 11083 
8 34 52 224 11083 
8 35 7 224 11083 
8 35 22 224 11083 
8 35 37 224 11083 
8 35 52 224 11083 
8 36 7 224 11083 
8 36 22 224 11083 
8 36 37 224 11083 
8 36 52 224 11083 
8 37 7 223 11083 
8 37 22 224 11083 
8 37 37 224 11083 
8 37 52 224 11083 
8 38 7 224 11083 
8 38 22 224 11083 
8 38 37 224 11083 
8 38 52 224 11083 
8 39 7 224 11083 
8 39 22 224 11083 
8 39 37 224 11083 
8 39 52 224 11083 
8 40 7 224 11083 
8 40 22 224 11083 
8 40 37 224 11083 
8 40 52 224 11083 
8 41 7 224 11083 
8 41 22 224 11083 
8 41 37 224 11083 
8 41 52 224 11083 
8 42 7 224 11083 
8 42 22 224 11083 
8 42 37 224 11083 
8 42 52 224 11083 
8 43 7 224 11083 
8 43 22 224 11083 
8 43 37 223 11083 
8 43 52 224 11021 
8 44 7 224 11083 
8 44 22 224 11083 
8 44 37 224 11083 
8 44 52 224 11083 
8 45 7 224 11083 
8 45 22 224 11021 
8 45 37 224 11083 
8 45 52 224 11083 
8 46 7 224 11083 
8 46 22 224 11083 
8 46 37 224 11083 
8 46 52 224 11083 
8 47 7 224 11083 
8 47 22 224 11083 
8 47 37 224 11021 
8 48 14 224 11083 
8 48 29 224 11083 
8 48 44 224 11083 
8 48 59 224 11083 
8 49 14 224 11083 
8 49 29 224 11083 
8 49 44 224 11083 
8 49 59 224 11021 
8 50 14 224 11083 
8 50 29 224 11083 
8 50 44 224 11083 
8 50 59 224 11083 
8 51 14 224 11083 
8 51 29 224 11083 
8 51 44 224 11083 
8 51 59 223 11083 
8 52 14 224 11083 
8 52 29 224 11083 
8 52 44 224 11083 
8 52 59 224 11083 
8 53 14 224 11083 
8 53 29 224 11083 
8 53 44 224 11083 
8 53 59 224 11083 
8 54 14 224 11083 
8 54 29 224 11083 
8 54 44 224 11083 
8 54 59 224 11083 
8 55 14 224 11083 
8 55 29 224 11021 
8 55 44 224 11083 
8 55 59 224 11083 
8 56 14 224 11083 
8 56 29 224 11021 
8 56 44 224 11083 
8 56 59 224 11021 
8 57 14 224 11021 
8 57 29 224 11083 
8 57 44 223 11083 
8 57 59 224 11083 
8 58 14 224 11083 
8 58 29 224 11083 
8 58 44 224 11083 
8 58 59 224 11083 
8 59 14 224 11083 
8 59 29 224 11083 
8 59 44 224 11083 
8 59 59 224 11083 
9 0 14 224 11083 
9 0 29 224 11083 
9 0 44 224 11083 
9 0 59 224 11083 
9 1 14 224 11083 
9 1 29 224 11083 
9 1 44 224 11083 
9 1 59 224 11083 
9 2 14 224 11083 
9 2 29 224 11083 
9 2 44 224 11083 
9 3 21 224 11083 
9 3 36 224 11083 
9 3 51 224 11083 
9 4 6 224 11083 
9 4 21 224 11083 
9 4 36 224 11083 
9 4 51 224 11083 
9 5 6 223 11083 
9 5 21 224 11083 
9 5 36 224 11083 
9 5 51 224 11083 
9 6 6 224 11083 
9 6 21 224 11083 
9 6 36 224 11083 
9 6 52 224 11083 
9 7 7 224 11083 
9 7 22 224 11083 
9 7 37 224 11083 
9 7 52 224 11083 
9 8 7 224 11083 
9 8 22 224 11083 
9 8 37 224 11083 
9 8 52 224 11083 
9 9 7 224 11083 
9 9 22 224 11083 
9 9 37 224 11083 
9 9 52 224 11083 
9 10 7 224 11083 
9 10 22 224 11083 
9 10 37 224 11083 
9 10 52 224 11083 
9 11 7 224 11083 
9 11 22 224 11083 
9 11 37 224 11083 
9 11 52 224 11083 
9 12 7 224 11083 
9 12 22 224 11083 
9 12 37 224 11083 
9 12 52 224 11083 
9 13 7 224 11083 
9 13 22 224 11083 
9 13 37 224 11083 
9 13 52 224 11083 
9 14 7 224 11083 
9 14 22 224 11083 
9 14 37 224 11083 
9 14 52 224 11083 
9 15 7 224 11083 
9 15 22 224 11083 
9 15 37 224 11083 
9 15 52 224 11083 
9 16 7 224 11083 
9 16 22 224 11083 
9 16 37 224 11083 
9 16 52 223 11083 
9 17 7 224 11083 
9 17 22 224 11021 
9 17 37 224 11083 
9 17 52 224 11083 
9 18 29 224 11083 
9 18 44 224 11083 
9 18 59 224 11083 
9 19 14 224 11083 
9 19 29 224 11083 
9 19 44 224 11083 
9 19 59 224 11083 
9 20 14 224 11083 
9 20 29 224 11083 
9 20 44 224 11083 
9 20 59 224 11083 
9 21 14 224 11083 
9 21 29 224 11083 
9 21 44 224 11083 
9 21 59 224 11083 
9 22 14 224 11083 
9 22 29 224 11083 
9 22 44 224 11083 
9 22 59 224 11083 
9 23 14 224 11083 
9 23 29 224 11083 
9 23 44 224 11083 
9 23 59 224 11083 
9 24 14 224 11083 
9 24 29 224 11083 
9 24 44 224 11083 
9 24 59 224 11083 
9 25 14 224 11083 
9 25 29 224 11083 
9 25 44 224 11083 
9 25 59 224 11083 
9 26 14 224 11083 
9 26 29 224 11083 
9 26 44 224 11083 
9 26 59 224 11083 
9 27 14 224 11083 
9 27 29 224 11083 
9 27 44 224 11083 
9 27 59 224 11083 
9 28 14 224 11083 
9 28 29 224 11083 
9 28 44 224 11083 
9 28 59 224 11083 
9 29 14 224 11083 
9 29 29 224 11083 
9 29 44 224 11083 
9 29 59 224 11083 
9 30 14 224 11083 
9 30 29 224 11083 
9 30 44 224 11083 
9 30 59 224 11083 
9 31 14 224 11083 
9 31 29 224 11083 
9 31 44 224 11083 
9 31 59 224 11083 
9 32 14 224 11083 
9 32 29 224 11083 
9 32 44 224 11083 
9 32 59 223 11083 
9 33 36 224 11083 
9 33 51 223 11083 
9 34 6 224 11083 
9 34 21 224 11083 
9 34 36 224 11083 
9 34 51 224 11083 
9 35 6 224 11083 
9 35 21 224 11083 
9 35 36 224 11083 
9 35 51 224 11083 
9 36 6 224 11083 
9 36 21 224 11083 
9 36 36 224 11083 
9 36 51 224 11083 
9 37 6 224 11083 
9 37 21 224 11083 
9 37 36 224 11083 
9 37 51 224 11083 
9 38 6 224 11083 
9 38 21 224 11083 
9 38 36 224 11083 
9 38 51 224 11083 
9 39 6 224 11083 
9 39 21 224 11083 
9 39 36 224 11083 
9 39 51 224 11083 
9 40 6 224 11083 
9 40 21 224 11083 
9 40 36 224 11083 
9 40 51 224 11083 
9 41 6 224 11083 
9 41 21 224 11083 
9 41 36 224 11083 
9 41 51 224 11083 
9 42 6 224 11083 
9 42 21 224 11083 
9 42 36 224 11083 
9 42 51 224 11083 
9 43 6 224 11083 
9 43 21 224 11083 
9 43 36 224 11083 
9 43 51 224 11083 
9 44 6 224 11083 
9 44 21 224 11083 
9 44 36 224 11083 
9 44 51 224 11083 
9 45 6 224 11083 
9 45 21 224 11083 
9 45 36 224 11083 
9 45 51 224 11083 
9 46 6 224 11083 
9 46 21 224 11083 
9 46 36 224 11083 
9 46 51 224 11083 
9 47 6 223 11083 
9 47 21 223 11083 
9 47 36 224 11083 
9 47 51 224 11083 
9 48 6 224 11083 
9 48 43 224 11083 
9 48 58 224 11083 
9 49 13 224 11083 
9 49 28 224 11083 
9 49 43 223 11083 
9 49 58 223 11083 
9 50 13 224 11083 
9 50 28 224 11083 
9 50 43 224 11083 
9 50 58 224 11083 
9 51 13 224 11083 
9 51 28 224 11083 
9 51 43 224 11083 
9 51 58 224 11083 
9 52 13 224 11083 
9 52 28 224 11083 
9 52 43 224 11083 
9 52 58 224 11083 
9 53 13 224 11083 
9 53 28 224 11083 
9 53 43 224 11083 
9 53 58 224 11083 
9 54 13 224 11083 
9 54 28 224 11083 
9 54 43 224 11083 
9 54 58 224 11083 
9 55 13 224 11083 
9 55 28 224 11083 
9 55 43 224 11083 
9 55 58 224 11083 
9 56 13 224 11083 
9 56 28 224 11083 
9 56 43 224 11083 
9 56 58 224 11083 
9 57 13 224 11083 
9 57 28 224 11083 
9 57 43 224 11083 
9 57 58 224 11083 
9 58 13 224 11083 
9 58 28 224 11083 
9 58 43 224 11083 
9 58 58 224 11083 
9 59 13 224 11083 
9 59 28 224 11083 
9 59 43 224 11083 
9 59 58 224 11083 
10 0 13 223 11083 
10 0 28 224 11083 
10 0 43 224 11083 
10 0 58 224 11083 
10 1 13 224 11083 
10 1 28 224 11083 
10 1 43 224 11083 
10 1 58 224 11083 
10 2 13 224 11083 
10 2 28 224 11083 
10 2 43 224 11083 
10 2 58 224 11083 
10 3 13 224 11083 
10 3 50 224 11083 
10 4 5 223 11083 
10 4 20 224 11083 
10 4 35 224 11083 
10 4 50 224 11083 
10 5 5 224 11083 
10 5 20 224 11083 
10 5 35 224 11083 
10 5 50 224 11083 
10 6 5 224 11083 
10 6 20 224 11083 
10 6 35 224 11083 
10 6 50 224 11083 
10 7 5 224 11083 
10 7 20 224 11083 
10 7 35 224 11083 
10 7 50 224 11083 
10 8 5 224 11083 
10 8 20 224 11083 
10 8 35 224 11083 
10 8 50 224 11083 
10 9 5 224 11083 
10 9 20 224 11083 
10 9 35 224 11083 
10 9 50 224 11083 
10 10 5 224 11083 
10 10 20 224 11083 
10 10 35 224 11083 
10 10 50 224 11083 
10 11 5 224 11083 
10 11 20 224 11083 
10 11 35 224 11083 
10 11 50 224 11083 
10 12 5 224 11083 
10 12 20 224 11083 
10 12 35 224 11083 
10 12 50 224 11083 
10 13 5 224 11083 
10 13 20 223 11083 
10 13 35 224 11083 
10 13 50 224 11083 
10 14 5 224 11083 
10 14 20 224 11083 
10 14 35 224 11083 
10 14 50 224 11083 
10 15 5 224 11083 
10 15 20 224 11083 
10 15 35 224 11083 
10 15 50 224 11083 
10 16 5 224 11083 
10 16 20 224 11083 
10 16 35 224 11083 
10 16 50 224 11083 
10 17 5 224 11083 
10 17 20 224 11083 
10 17 35 224 11083 
10 17 50 224 11083 
10 18 5 224 11083 
10 18 20 224 11083 
10 18 57 224 11083 
10 19 12 224 11083 
10 19 27 224 11083 
10 19 42 224 11083 
10 19 57 223 11083 
10 20 12 224 11083 
10 20 27 224 11083 
10 20 42 224 11083 
10 20 57 224 11083 
10 21 12 224 11083 
10 21 27 224 11083 
10 21 42 224 11083 
10 21 57 224 11083 
10 22 12 224 11083 
10 22 27 224 11083 
10 22 42 224 11083 
10 22 57 224 11083 
10 23 12 224 11083 
10 23 27 224 11083 
10 23 42 224 11083 
10 23 57 224 11083 
10 24 12 224 11083 
10 24 27 224 11083 
10 24 42 224 11083 
10 24 57 224 11083 
10 25 12 224 11083 
10 25 27 224 11083 
10 25 42 224 11083 
10 25 57 224 11083 
10 26 12 224 11083 
10 26 27 223 11083 
10 26 42 223 11083 
10 26 57 224 11083 
10 27 12 224 11083 
10 27 27 224 11083 
10 27 42 224 11083 
10 27 57 224 11083 
10 28 12 224 11083 
10 28 27 224 11083 
10 28 42 224 11083 
10 28 57 224 11083 
10 29 12 224 11083 
10 29 27 224 11083 
10 29 42 224 11083 
10 29 57 224 11083 
10 30 12 224 11083 
10 30 27 224 11083 
10 30 42 223 11083 
10 30 57 224 11083 
10 31 12 224 11083 
10 31 27 224 11083 
10 31 42 224 11083 
10 31 57 224 11083 
10 32 12 224 11083 
10 32 27 224 11083 
10 32 42 224 11083 
10 32 57 224 11083 
10 33 12 224 11083 
10 33 27 224 11083 
10 34 4 224 11083 
10 34 19 223 11083 
10 34 34 224 11083 
10 34 49 224 11083 
10 35 4 224 11083 
10 35 19 224 11083 
10 35 34 224 11083 
10 35 49 224 11083 
10 36 4 224 11083 
10 36 19 224 11083 
10 36 34 224 11083 
10 36 49 224 11083 
10 37 4 224 11083 
10 37 19 224 11083 
10 37 34 224 11083 
10 37 49 224 11083 
10 38 4 224 11083 
10 38 19 224 11083 
10 38 34 224 11083 
10 38 49 224 11083 
10 39 4 224 11083 
10 39 19 224 11083 
10 39 34 223 11083 
10 39 49 224 11083 
10 40 4 224 11083 
10 40 19 224 11083 
10 40 34 224 11083 
10 40 49 224 11083 
10 41 4 224 11083 
10 41 19 224 11083 
10 41 34 224 11083 
10 41 49 224 11083 
10 42 4 224 11083 
10 42 19 224 11083 
10 42 34 224 11083 
10 42 49 224 11083 
10 43 4 224 11083 
10 43 19 224 11083 
10 43 34 224 11083 
10 43 49 224 11083 
10 44 4 224 11083 
10 44 19 224 11083 
10 44 34 224 11083 
10 44 49 224 11083 
10 45 4 224 11083 
10 45 19 224 11083 
10 45 34 224 11083 
10 45 49 224 11083 
10 46 19 225 11083 
10 46 34 224 11083 
10 46 49 224 11083 
10 47 4 224 11083 
10 47 19 224 11083 
10 47 34 224 11083 
10 47 49 224 11083 
10 48 4 224 11021 
10 48 19 224 11083 
10 48 34 224 11083 
10 49 11 224 11083 
10 49 26 224 11083 
10 49 41 224 11083 
10 49 56 224 11083 
10 50 11 224 11083 
10 50 27 224 11083 
10 50 42 223 11083 
10 50 57 224 11083 
10 51 12 224 11083 
10 51 27 224 11083 
10 51 42 224 11083 
10 51 57 224 11083 
10 52 12 224 11083 
10 52 27 224 11083 
10 52 42 223 11083 
10 52 57 224 11083 
10 53 12 224 11083 
10 53 27 224 11021 
10 53 42 224 11083 
10 53 57 224 11083 
10 54 12 224 11083 
10 54 27 224 11083 
10 54 42 224 11083 
10 54 57 224 11083 
10 55 12 224 11083 
10 55 27 224 11083 
10 55 42 224 11021 
10 55 57 224 11083 
10 56 12 224 11083 
10 56 27 224 11083 
10 56 42 224 11083 
10 56 57 224 11021 
10 57 12 224 11083 
10 57 27 224 11083 
10 57 42 224 11021 
10 57 57 224 11083 
10 58 12 224 11083 
10 58 27 224 11083 
10 58 42 224 11083 
10 58 57 224 11083 
10 59 12 224 11083 
10 59 27 224 11083 
10 59 42 224 11083 
10 59 57 224 11083 
11 0 12 224 11083 
11 0 27 224 11083 
11 0 42 224 11083 
11 0 57 224 11083 
11 1 12 224 11083 
11 1 27 224 11083 
11 1 42 224 11083 
11 1 57 224 11083 
11 2 12 224 11083 
11 2 27 224 11083 
11 2 42 224 11083 
11 2 57 224 11083 
11 3 12 224 11083 
11 3 27 224 11083 
11 3 42 224 11083 
11 4 19 224 11083 
11 4 34 223 11083 
11 4 49 224 11083 
11 5 4 224 11083 
11 5 19 224 11083 
11 5 34 224 11083 
11 5 49 223 11083 
11 6 4 223 11083 
11 6 19 224 11083 
11 6 34 224 11083 
11 6 49 224 11083 
11 7 4 224 11083 
11 7 19 224 11083 
11 7 34 224 11083 
11 7 49 224 11083 
11 8 4 224 11083 
11 8 19 224 11083 
11 8 34 224 11083 
11 8 49 224 11083 
11 9 4 224 11083 
11 9 19 224 11083 
11 9 34 224 11083 
11 9 49 224 11083 
11 10 4 224 11083 
11 10 19 224 11083 
11 10 34 224 11083 
11 10 49 224 11083 
11 11 4 224 11083 
11 11 19 224 11083 
11 11 34 224 11083 
11 11 49 224 11083 
11 12 4 224 11083 
11 12 19 224 11021 
11 12 34 224 11021 
11 12 49 224 11083 
11 13 4 224 11083 
11 13 19 224 11083 
11 13 34 224 11083 
11 13 49 224 11083 
11 14 4 224 11083 
11 14 19 224 11083 
11 14 34 224 11083 
11 14 49 224 11083 
11 15 4 224 11083 
11 15 19 224 11083 
11 15 34 224 11083 
11 15 49 224 11083 
11 16 4 224 11083 
11 16 19 224 11083 
11 16 34 224 11083 
11 16 49 224 11083 
11 17 4 224 11083 
11 17 19 224 11083 
11 17 34 224 11083 
11 17 49 224 11083 
11 18 4 224 11083 
11 18 19 224 11083 
11 18 34 224 11083 
11 18 49 224 11083 
11 19 26 224 11083 
11 19 41 224 11083 
11 19 56 224 11083 
11 20 11 224 11083 
11 20 26 223 11083 
11 20 41 223 11083 
11 20 56 224 11083 
11 21 11 224 11083 
11 21 26 224 11083 
11 21 41 224 11083 
11 21 56 224 11083 
11 22 11 224 11083 
11 22 26 224 11083 
11 22 41 224 11083 
11 22 56 224 11083 
11 23 11 224 11083 
11 23 26 224 11083 
11 23 41 224 11083 
11 23 56 224 11083 
11 24 11 224 11083 
11 24 26 224 11083 
11 24 41 224 11083 
11 24 56 224 11083 
11 25 11 224 11083 
11 25 26 224 11083 
11 25 41 224 11083 
11 25 56 224 11083 
11 26 11 224 11083 
11 26 26 224 11083 
11 26 41 224 11083 
11 26 56 224 11083 
11 27 11 224 11083 
11 27 26 224 11083 
11 27 41 224 11083 
11 27 56 224 11083 
11 28 11 224 11083 
11 28 26 224 11083 
11 28 41 224 11083 
11 28 56 224 11083 
11 29 11 224 11083 
11 29 26 224 11083 
11 29 41 224 11083 
11 29 56 224 11083 
11 30 11 224 11083 
11 30 26 224 11083 
11 30 41 224 11083 
11 30 56 224 11083 
11 31 11 224 11083 
11 31 26 224 11083 
11 31 41 224 11083 
11 31 56 224 11083 
11 32 11 224 11083 
11 32 26 224 11083 
11 32 41 224 11083 
11 32 56 224 11083 
11 33 11 224 11083 
11 33 26 224 11083 
11 33 41 224 11083 
11 33 56 224 11083 
11 34 33 224 11083 
11 34 48 223 11083 
11 35 3 224 11083 
11 35 18 224 11083 
11 35 33 224 11083 
11 35 48 224 11083 
11 36 3 224 11083 
11 36 18 224 11083 
11 36 33 224 11083 
11 36 48 224 11083 
11 37 3 224 11083 
11 37 18 224 11083 
11 37 33 224 11083 
11 37 48 224 11083 
11 38 3 224 11083 
11 38 18 224 11083 
11 38 33 224 11083 
11 38 48 224 11083 
11 39 3 224 11083 
11 39 18 224 11083 
11 39 33 224 11083 
11 39 48 224 11083 
11 40 3 224 11083 
11 40 18 224 11083 
11 40 33 224 11083 
11 40 48 224 11083 
11 41 3 224 11083 
11 41 18 224 11083 
11 41 33 224 11083 
11 41 48 224 11083 
11 42 3 224 11083 
11 42 18 224 11083 
11 42 33 224 11083 
11 42 48 224 11083 
11 43 3 224 11083 
11 43 18 224 11083 
11 43 33 224 11083 
11 43 48 224 11083 
11 44 3 224 11083 
11 44 18 224 11083 
11 44 33 224 11083 
11 44 48 224 11083 
11 45 3 224 11083 
11 45 18 224 11083 
11 45 33 224 11083 
11 45 48 224 11083 
11 46 3 224 11083 
11 46 18 224 11083 
11 46 33 224 11083 
11 46 48 224 11083 
11 47 3 224 11083 
11 47 18 224 11083 
11 47 33 224 11083 
11 47 48 223 11083 
11 48 3 224 11083 
11 48 18 224 11083 
11 48 33 224 11083 
11 48 48 224 11083 
11 49 3 224 11083 
11 49 40 224 11083 
11 49 55 224 11083 
11 50 10 224 11083 
11 50 25 224 11083 
11 50 40 223 11083 
11 50 55 224 11083 
11 51 10 224 11083 
11 51 25 224 11083 
11 51 40 224 11083 
11 51 55 224 11083 
11 52 10 224 11083 
11 52 25 224 11083 
11 52 40 224 11083 
11 52 55 224 11083 
11 53 10 224 11083 
11 53 25 224 11083 
11 53 40 224 11083 
11 53 55 224 11083 
11 54 10 224 11083 
11 54 25 224 11083 
11 54 40 224 11083 
11 54 55 224 11083 
11 55 10 224 11083 
11 55 25 224 11083 
11 55 40 224 11083 
11 55 55 224 11083 
11 56 10 224 11083 
11 56 25 224 11083 
11 56 40 224 11083 
11 56 55 224 11083 
11 57 10 224 11083 
11 57 25 224 11083 
11 57 40 224 11083 
11 57 55 224 11083 
11 58 10 224 11083 
11 58 25 224 11083 
11 58 40 224 11083 
11 58 55 224 11083 
11 59 10 224 11083 
11 59 25 224 11083 
11 59 40 224 11083 
11 59 55 224 11083 
12 0 10 224 11083 
12 0 25 224 11083 
12 0 40 224 11083 
12 0 55 223 11083 
12 1 10 224 11083 
12 1 25 224 11083 
12 1 40 224 11083 
12 1 55 224 11083 
12 2 10 224 11083 
12 2 25 224 11083 
12 2 40 224 11083 
12 2 55 224 11083 
12 3 10 224 11083 
12 3 25 224 11083 
12 3 40 224 11083 
12 3 55 224 11083 
12 4 10 224 11083 
12 4 47 224 11083 
12 5 2 223 11083 
12 5 17 224 11083 
12 5 32 224 11083 
12 5 47 224 11083 
12 6 2 224 11083 
12 6 17 224 11083 
12 6 32 224 11083 
12 6 47 224 11083 
12 7 2 224 11083 
12 7 17 224 11083 
12 7 32 224 11083 
12 7 47 224 11083 
12 8 2 224 11083 
12 8 17 224 11083 
12 8 32 224 11083 
12 8 47 224 11083 
12 9 2 224 11083 
12 9 17 224 11083 
12 9 32 224 11083 
12 9 47 224 11083 
12 10 2 224 11083 
12 10 17 224 11083 
12 10 32 224 11083 
12 10 47 224 11083 
12 11 2 224 11083 
12 11 17 224 11083 
12 11 32 224 11083 
12 11 47 224 11083 
12 12 2 224 11083 
12 12 17 224 11083 
12 12 32 224 11083 
12 12 47 224 11083 
12 13 2 224 11083 
12 13 17 224 11083 
12 13 32 224 11083 
12 13 47 224 11083 
12 14 2 223 11083 
12 14 17 224 11083 
12 14 32 224 11083 
12 14 47 224 11083 
12 15 2 224 11083 
12 15 17 224 11083 
12 15 32 224 11083 
12 15 47 224 11083 
12 16 2 224 11083 
12 16 17 224 11083 
12 16 32 224 11083 
12 16 47 224 11083 
12 17 2 224 11083 
12 17 17 224 11083 
12 17 32 224 11083 
12 17 47 224 11083 
12 18 2 224 11083 
12 18 17 224 11083 
12 18 32 224 11083 
12 18 47 224 11083 
12 19 2 224 11083 
12 19 17 224 11083 
12 19 54 224 11083 
12 20 9 224 11083 
12 20 24 224 11021 
12 20 39 224 11083 
12 20 54 223 11083 
12 21 9 224 11021 
12 21 24 224 11083 
12 21 39 224 11083 
12 21 54 224 11083 
12 22 9 224 11083 
12 22 24 224 11083 
12 22 39 224 11083 
12 22 54 224 11083 
12 23 9 224 11083 
12 23 24 224 11083 
12 23 39 224 11083 
12 23 54 224 11083 
12 24 9 224 11083 
12 24 24 224 11083 
12 24 39 224 11083 
12 24 54 224 11083 
12 25 9 224 11083 
12 25 24 224 11083 
12 25 39 224 11083 
12 25 54 224 11083 
12 26 9 224 11083 
12 26 24 224 11083 
12 26 39 224 11083 
12 26 54 224 11083 
12 27 9 223 11083 
12 27 24 224 11083 
12 27 39 224 11083 
12 27 54 224 11083 
12 28 9 224 11083 
12 28 24 224 11083 
12 28 39 224 11083 
12 28 54 224 11083 
12 29 9 224 11083 
12 29 24 224 11083 
12 29 39 224 11083 
12 29 54 224 11083 
12 30 9 224 11083 
12 30 24 224 11083 
12 30 39 224 11083 
12 30 54 224 11083 
12 31 9 224 11083 
12 31 24 224 11083 
12 31 39 224 11083 
12 31 54 224 11083 
12 32 9 224 11083 
12 32 24 224 11083 
12 32 39 224 11083 
12 32 54 224 11083 
12 33 9 224 11083 
12 33 24 224 11083 
12 33 39 224 11083 
12 33 54 224 11083 
12 34 9 224 11083 
12 34 24 224 11021 
12 35 1 224 11083 
12 35 16 223 11083 
12 35 31 224 11083 
12 35 46 224 11083 
12 36 1 224 11083 
12 36 16 224 11083 
12 36 31 224 11083 
12 36 46 224 11083 
12 37 1 224 11083 
12 37 16 224 11083 
12 37 31 224 11083 
12 37 46 224 11083 
12 38 1 224 11083 
12 38 16 224 11083 
12 38 31 224 11083 
12 38 46 224 11021 
12 39 1 224 11083 
12 39 16 224 11083 
12 39 31 224 11083 
12 39 46 224 11083 
12 40 1 224 11083 
12 40 16 223 11083 
12 40 31 224 11083 
12 40 46 224 11083 
12 41 1 224 11083 
12 41 16 224 11021 
12 41 31 224 11021 
12 41 46 224 11083 
12 42 1 224 11083 
12 42 16 224 11083 
12 42 31 224 11021 
12 42 47 224 11021 
12 43 2 224 11021 
12 43 17 224 11021 
12 43 32 224 11021 
12 43 47 224 11083 
12 44 2 224 11083 
12 44 17 224 11021 
12 44 32 224 11083 
12 44 47 224 11083 
12 45 2 224 11083 
12 45 17 224 11083 
12 45 32 224 11083 
12 45 47 224 11083 
12 46 2 224 11083 
12 46 17 224 11083 
12 46 32 224 11083 
12 46 47 224 11083 
12 47 2 224 11083 
12 47 17 224 11083 
12 47 32 224 11083 
12 47 47 224 11083 
12 48 2 224 11083 
12 48 17 224 11083 
12 48 32 224 11083 
12 48 47 224 11083 
12 49 2 224 11083 
12 49 17 224 11083 
12 49 32 224 11083 
12 50 9 224 11083 
12 50 24 224 11083 
12 50 39 224 11083 
12 50 54 224 11083 
12 51 9 223 11083 
12 51 24 223 11083 
12 51 39 224 11083 
12 51 54 224 11083 
12 52 9 224 11083 
12 52 24 224 11083 
12 52 39 224 11083 
12 52 54 224 11083 
12 53 9 224 11083 
12 53 24 223 11083 
12 53 39 224 11083 
12 53 54 224 11083 
12 54 9 224 11083 
12 54 24 223 11083 
12 54 39 224 11083 
12 54 54 224 11083 
12 55 9 224 11083 
12 55 24 224 11083 
12 55 39 224 11083 
12 55 54 224 11083 
12 56 9 224 11083 
12 56 24 224 11083 
12 56 39 224 11083 
12 56 54 224 11083 
12 57 9 224 11083 
12 57 24 224 11083 
12 57 39 224 11083 
12 57 54 224 11083 
12 58 9 224 11083 
12 58 24 224 11083 
12 58 39 224 11083 
12 58 54 224 11083 
12 59 9 224 11083 
12 59 24 224 11083 
12 59 39 224 11083 
12 59 54 224 11083 
13 0 9 224 11083 
13 0 24 224 11083 
13 0 39 224 11083 
13 0 54 224 11083 
13 1 9 224 11083 
13 1 24 224 11083 
13 1 39 224 11083 
13 1 54 224 11083 
13 2 9 224 11083 
13 2 24 224 11083 
13 2 39 224 11083 
13 2 54 224 11083 
13 3 9 224 11083 
13 3 24 224 11083 
13 3 39 224 11083 
13 3 54 224 11083 
13 4 9 224 11083 
13 4 24 224 11083 
13 4 39 224 11083 
13 5 16 224 11083 
13 5 31 223 11083 
13 5 46 224 11083 
13 6 1 224 11083 
13 6 16 224 11083 
13 6 31 223 11083 
13 6 46 224 11083 
13 7 1 224 11083 
13 7 16 224 11083 
13 7 31 224 11083 
13 7 46 224 11083 
13 8 1 224 11083 
13 8 16 224 11083 
13 8 31 224 11083 
13 8 46 224 11083 
13 9 1 224 11083 
13 9 16 224 11083 
13 9 31 224 11083 
13 9 46 224 11083 
13 10 1 224 11083 
13 10 16 224 11083 
13 10 31 224 11083 
13 10 46 224 11083 
13 11 1 224 11083 
13 11 16 224 11083 
13 11 31 224 11083 
13 11 46 224 11083 
13 12 1 224 11083 
13 12 16 224 11083 
13 12 31 224 11083 
13 12 46 224 11083 
13 13 1 224 11083 
13 13 16 224 11083 
13 13 31 224 11083 
13 13 46 224 11083 
13 14 1 224 11083 
13 14 16 224 11083 
13 14 31 224 11083 
13 14 46 224 11083 
13 15 1 224 11083 
13 15 16 224 11083 
13 15 31 224 11083 
13 15 46 224 11083 
13 16 1 224 11083 
13 16 16 224 11083 
13 16 31 224 11083 
13 16 46 224 11083 
13 17 1 224 11083 
13 17 16 224 11083 
13 17 31 224 11083 
13 17 46 224 11083 
13 18 1 224 11083 
13 18 16 224 11083 
13 18 31 224 11083 
13 18 46 224 11083 
13 19 1 224 11083 
13 19 16 224 11083 
13 19 31 224 11083 
13 19 46 224 11083 
13 20 23 224 11083 
13 20 38 224 11083 
13 20 53 224 11083 
13 21 8 224 11083 
13 21 23 223 11083 
13 21 38 224 11083 
13 21 53 224 11083 
13 22 8 224 11083 
13 22 23 224 11083 
13 22 38 224 11083 
13 22 53 224 11083 
13 23 8 224 11083 
13 23 23 224 11083 
13 23 38 224 11083 
13 23 53 224 11083 
13 24 8 224 11083 
13 24 23 224 11083 
13 24 38 224 11083 
13 24 53 224 11083 
13 25 8 224 11083 
13 25 23 224 11083 
13 25 38 224 11083 
13 25 53 224 11083 
13 26 8 224 11083 
13 26 23 224 11083 
13 26 38 224 11083 
13 26 53 224 11083 
13 27 8 224 11083 
13 27 23 224 11083 
13 27 38 224 11083 
13 27 53 224 11083 
13 28 8 224 11083 
13 28 23 224 11083 
13 28 38 224 11083 
13 28 53 224 11083 
13 29 8 224 11083 
13 29 23 224 11083 
13 29 38 224 11083 
13 29 53 224 11083 
13 30 8 224 11083 
13 30 23 224 11083 
13 30 38 224 11083 
13 30 53 224 11083 
13 31 8 224 11083 
13 31 23 223 11083 
13 31 38 224 11083 
13 31 53 224 11083 
13 32 8 224 11083 
13 32 23 224 11083 
13 32 38 224 11083 
13 32 53 224 11083 
13 33 8 224 11083 
13 33 23 224 11083 
13 33 38 224 11083 
13 33 53 224 11083 
13 34 8 224 11083 
13 34 23 224 11083 
13 34 38 224 11083 
13 34 53 224 11083 
13 35 30 224 11083 
13 35 45 223 11083 
13 36 0 224 11083 
13 36 15 224 11083 
13 36 30 224 11083 
13 36 45 224 11083 
13 37 0 224 11083 
13 37 15 224 11083 
13 37 30 224 11083 
13 37 45 224 11083 
13 38 0 224 11083 
13 38 15 224 11083 
13 38 30 224 11083 
13 38 45 224 11083 
13 39 0 224 11083 
13 39 15 224 11083 
13 39 30 224 11083 
13 39 45 224 11083 
13 40 0 224 11083 
13 40 15 224 11083 
13 40 30 224 11083 
13 40 45 224 11083 
13 41 0 224 11083 
13 41 15 224 11083 
14 27 22 224 9491 
14 27 37 219 9980 
14 27 52 224 10776 
14 28 7 224 10960 
14 28 22 224 10960 
14 28 37 224 10960 
14 28 52 224 11021 
14 29 7 224 11083 
14 29 22 224 11083 
14 29 37 224 11083 
14 29 52 224 11083 
14 30 7 224 11083 
14 30 22 224 11083 
14 30 37 224 11083 
14 30 52 224 11083 
14 31 7 224 11083 
14 31 22 224 11083 
14 31 37 224 11083 
14 31 52 224 11083 
14 32 7 224 11083 
14 32 22 224 11083 
14 32 37 224 11083 
14 32 52 224 11083 
14 33 7 224 11083 
14 33 22 224 11083 
14 33 37 224 11083 
14 33 52 224 11083 
14 34 7 224 11083 
14 34 22 223 11083 
14 34 37 223 11083 
14 34 52 224 11083 
14 35 7 224 11083 
14 35 22 224 11083 
14 35 37 224 11083 
14 35 52 224 11083 
14 36 7 224 11083 
14 36 22 224 11083 
14 36 37 224 11083 
14 36 52 224 11083 
14 37 7 223 11083 
14 37 22 224 11083 
14 37 37 224 11083 
14 37 52 224 11083 
14 38 7 224 11083 
14 38 22 224 11083 
14 38 37 224 11083 
14 38 52 224 11083 
14 39 7 224 11083 
14 39 22 224 11083 
14 39 37 224 11083 
14 40 14 224 11083 
14 40 29 224 11083 
14 40 44 224 11083 
14 40 59 224 11083 
14 41 14 224 11083 
14 41 29 224 11083 
14 41 44 224 11083 
14 41 59 224 11083 
14 42 14 224 11083 
14 42 29 224 11083 
14 42 44 224 11083 
14 42 59 224 11083 
14 43 14 224 11083 
14 43 29 224 11083 
14 43 44 224 11083 
14 43 59 224 11083 
14 44 14 224 11083 
14 44 29 224 11083 
14 44 44 224 11083 
14 44 59 224 11083 
14 45 14 224 11083 
14 45 29 224 11083 
14 45 44 224 11083 
14 45 59 224 11083 
14 46 14 224 11083 
14 46 29 224 11083 
14 46 44 224 11083 
14 46 59 224 11083 
14 47 14 224 11083 
14 47 29 224 11083 
14 47 44 224 11083 
14 47 59 224 11083 
14 48 14 224 11083 
14 48 29 224 11083 
14 48 44 224 11083 
14 48 59 224 11083 
14 49 14 223 11083 
14 49 29 224 11083 
14 49 44 224 11083 
14 49 59 224 11083 
14 50 14 224 11083 
14 50 29 224 11083 
14 50 44 224 11083 
14 50 59 224 11083 
14 51 14 224 11083 
14 51 29 224 11083 
14 51 44 224 11083 
14 51 59 224 11083 
14 52 14 224 11083 
14 52 29 224 11083 
14 52 44 224 11083 
14 52 59 224 11083 
14 53 14 223 11083 
14 53 29 224 11083 
14 53 44 224 11083 
14 53 59 224 11083 
14 54 14 224 11083 
14 54 29 224 11083 
14 54 44 224 11083 
14 55 21 224 11083 
14 55 36 224 11083 
14 55 51 224 11083 
14 56 6 224 11083 
14 56 21 224 11083 
14 56 36 224 11083 
14 56 51 224 11083 
14 57 6 224 11083 
14 57 21 224 11083 
14 57 36 224 11083 
14 57 51 224 11083 
14 58 6 224 11083 
14 58 21 224 11083 
14 58 36 224 11083 
14 58 51 224 11083 
14 59 6 224 11083 
14 59 21 224 11083 
14 59 36 224 11083 
14 59 51 224 11083 
15 0 6 224 11083 
15 0 21 224 11083 
15 0 36 224 11083 
15 0 51 224 11083 
15 1 6 224 11083 
15 1 21 224 11083 
15 1 36 224 11083 
15 1 51 224 11083 
15 2 6 224 11083 
15 2 21 223 11083 
15 2 36 224 11083 
15 2 51 224 11083 
15 3 6 224 11083 
15 3 21 224 11083 
15 3 36 224 11083 
15 3 51 224 11083 
15 4 6 224 11083 
15 4 21 224 11083 
15 4 36 224 11083 
15 4 51 224 11083 
15 5 6 224 11083 
15 5 21 224 11083 
15 5 36 224 11083 
15 5 51 224 11083 
15 6 6 224 11083 
15 6 21 224 11083 
15 6 36 224 11083 
15 6 51 224 11083 
15 7 6 224 11083 
15 7 21 224 11083 
15 7 36 224 11083 
15 7 51 224 11083 
15 8 6 224 11083 
15 8 21 224 11083 
15 8 36 224 11083 
15 8 51 224 11083 
15 9 7 224 11083 
15 9 22 223 11083 
15 9 36 223 11083 
15 9 52 224 11083 
15 10 29 224 11083 
15 10 43 223 11083 
15 10 59 224 11083 
15 11 14 224 11083 
15 11 29 224 11083 
15 11 44 224 11083 
15 11 59 224 11083 
15 12 14 224 11083 
15 12 29 224 11083 
15 12 44 224 11083 
15 12 59 224 11083 
15 13 14 224 11083 
15 13 29 224 11083 
15 13 44 224 11083 
15 13 59 224 11083 
15 14 14 224 11083 
15 14 29 224 11083 
15 14 44 224 11083 
15 14 59 224 11083 
15 15 14 224 11083 
15 15 29 223 11083 
15 15 44 224 11083 
15 15 59 224 11083 
15 16 14 224 11083 
15 16 29 224 11083 
15 16 44 224 11083 
15 16 59 224 11083 
15 17 14 224 11083 
15 17 29 224 11083 
15 17 44 224 11083 
15 17 59 224 11083 
15 18 14 224 11083 
15 18 29 224 11083 
15 18 44 224 11083 
15 18 59 224 11083 
15 19 14 224 11083 
15 19 29 224 11083 
15 19 44 224 11083 
15 19 59 224 11083 
15 20 14 224 11083 
15 20 29 224 11083 
15 20 44 224 11083 
15 20 59 224 11083 
15 21 14 224 11083 
15 21 29 224 11083 
15 21 44 224 11083 
15 21 59 224 11083 
15 22 14 224 11083 
15 22 29 224 11083 
15 22 44 224 11083 
15 22 59 224 11083 
15 23 14 224 11083 
15 23 29 224 11083 
15 23 44 224 11083 
15 23 59 224 11083 
15 24 14 224 11083 
15 24 29 224 11083 
15 24 44 224 11083 
15 24 59 224 11083 
15 25 36 224 11083 
15 25 51 224 11083 
15 26 6 224 11083 
15 26 21 224 11083 
15 26 36 223 11083 
15 26 51 224 11083 
15 27 6 224 11083 
15 27 21 224 11083 
15 27 36 224 11083 
15 27 51 224 11083 
15 28 6 224 11083 
15 28 21 224 11083 
15 28 36 223 11083 
15 28 51 224 11083 
15 29 6 224 11083 
15 29 21 224 11083 
15 29 36 224 11083 
15 29 51 224 11083 
15 30 6 224 11083 
15 30 21 224 11083 
15 30 36 224 11083 
15 30 51 224 11083 
15 31 6 224 11083 
15 31 21 224 11083 
15 31 36 224 11083 
15 31 51 224 11083 
15 32 6 224 11083 
15 32 21 224 11083 
15 32 36 224 11083 
15 32 51 224 11083 
15 33 6 224 11083 
15 33 21 224 11083 
15 33 36 224 11083 
15 33 51 224 11083 
15 34 6 224 11083 
15 34 21 224 11083 
15 34 36 224 11083 
15 34 51 224 11083 
15 35 6 224 11083 
15 35 21 224 11083 
15 35 36 224 11083 
15 35 51 224 11083 
15 36 6 224 11083 
15 36 21 224 11083 
15 36 36 224 11083 
15 36 51 224 11083 
15 37 6 224 11083 
15 37 21 224 11083 
15 37 36 224 11083 
15 37 51 224 11083 
15 38 6 224 11083 
15 38 21 224 11083 
15 38 36 224 11083 
15 38 51 224 11083 
15 39 6 224 11083 
15 39 21 224 11083 
15 39 36 224 11083 
15 39 51 224 11083 
15 40 6 224 11083 
15 40 43 224 11083 
15 40 58 223 11083 
15 41 13 224 11083 
15 41 28 224 11083 
15 41 43 223 11083 
15 41 58 224 11083 
15 42 13 224 11083 
15 42 28 224 11083 
15 42 43 224 11083 
15 42 58 224 11083 
15 43 13 224 11083 
15 43 28 224 11083 
15 43 43 224 11083 
15 43 58 224 11083 
15 44 13 224 11083 
15 44 28 224 11083 
15 44 43 224 11083 
15 44 58 224 11083 
15 45 13 224 11083 
15 45 28 224 11083 
15 45 43 224 11083 
15 45 58 224 11083 
15 46 13 224 11083 
15 46 28 224 11083 
15 46 43 224 11083 
15 46 58 224 11083 
15 47 13 224 11083 
15 47 28 224 11083 
15 47 43 224 11083 
15 47 58 224 11083 
15 48 13 224 11083 
15 48 28 224 11021 
15 48 43 224 7531 

/> 