15 24 13 224 11021 
15 24 28 223 11021 
15 24 43 224 11021 
15 24 58 223 11021 
15 25 13 224 11021 
15 25 28 223 11021 
15 25 43 224 11021 
15 25 58 223 11021 
15 26 13 224 11021 
15 26 28 223 11021 
15 26 43 224 11021 
15 26 58 223 11021 
15 27 13 224 11021 
15 27 28 223 11021 
15 27 43 224 11021 
15 27 58 223 11021 
15 28 13 224 11021 
15 28 28 223 11021 
15 28 43 224 11021 
15 29 20 224 11021 
15 29 35 223 11021 
15 29 50 224 11021 
15 30 5 223 11021 
15 30 20 224 11021 
15 30 35 223 11021 
15 30 50 224 11021 
15 31 5 223 11021 
15 31 20 224 11021 
15 31 35 223 11021 
15 31 50 224 11021 
15 32 5 223 11021 
15 32 20 224 11021 
15 32 35 223 11021 
15 32 50 224 11021 
15 33 5 223 11021 
15 33 20 223 11021 
15 33 35 224 11021 
15 33 50 224 11021 
15 34 5 223 11021 
15 34 20 224 11021 
15 34 35 223 11021 
15 34 50 224 11021 
15 35 5 223 11021 
15 35 20 224 11021 
15 35 35 223 11021 
15 35 50 224 11021 
15 36 5 223 11021 
15 36 20 224 11021 
15 36 35 223 11021 
15 36 50 224 11021 
15 37 5 223 11021 
15 37 20 224 11021 
15 37 35 223 11021 
15 37 50 224 11021 
15 38 5 223 11021 
15 38 20 224 11021 
15 38 35 223 11021 
15 38 50 224 11021 
15 39 5 223 11021 
15 39 20 224 11021 
15 39 35 223 11021 
15 39 50 224 11021 
15 40 5 223 11021 
15 40 20 224 11021 
15 40 35 223 11021 
15 40 50 224 11021 
15 41 5 223 11021 
15 41 20 224 11021 
15 41 35 223 11021 
15 41 50 224 11021 
15 42 5 223 11021 
15 42 20 224 11021 
15 42 35 223 11021 
15 42 50 224 11021 
15 43 5 223 11021 
15 43 20 224 11021 
15 43 35 223 11021 
15 43 50 224 11021 
15 44 27 224 11021 
15 44 43 224 11021 
15 44 57 223 11021 
15 45 13 224 11021 
15 45 28 223 11021 
15 45 42 223 11021 
15 45 58 224 11021 
15 46 12 223 11021 
15 46 28 224 11021 
15 46 42 223 11021 
15 46 58 224 11021 
15 47 12 223 11021 
15 47 28 224 11021 
15 47 42 223 11021 
15 47 58 224 11021 
15 48 12 223 11021 
15 48 28 224 11021 
15 48 42 223 11021 
15 48 58 224 11021 
15 49 12 223 11021 
15 49 28 224 11021 
15 49 42 223 11021 
15 49 58 224 11021 
15 50 13 223 11021 
15 50 28 224 11021 
15 50 43 223 11021 
15 50 58 224 11021 
15 51 13 223 11021 
15 51 28 224 11021 
15 51 43 223 11021 
15 51 58 224 11021 
15 52 13 223 11021 
15 52 28 224 11021 
15 52 43 223 11021 
15 52 58 224 11021 
15 53 13 223 11021 
15 53 28 224 11021 
15 53 43 223 11021 
15 53 58 224 11021 
15 54 13 223 11021 
15 54 28 224 11021 
15 54 43 223 11021 
15 54 58 224 11021 
15 55 13 223 11021 
15 55 28 224 11021 
15 55 43 223 11021 
15 55 58 224 11021 
15 56 13 223 11021 
15 56 28 224 11021 
15 56 43 223 11021 
15 56 58 224 11021 
15 57 13 223 11021 
15 57 28 224 11021 
15 57 43 223 11021 
15 57 58 224 11021 
15 58 13 223 11021 
15 58 28 224 11021 
15 58 43 223 11021 
15 58 58 224 11021 
15 59 35 224 11021 
15 59 50 223 11021 
16 0 5 224 11021 
16 0 20 223 11021 
16 0 35 224 11021 
16 0 50 223 11021 
16 1 5 224 11021 
16 1 20 223 11021 
16 1 35 224 11021 
16 1 50 223 11021 
16 2 5 224 11021 
16 2 20 223 11021 
16 2 35 224 11021 
16 2 50 223 11021 
16 3 5 224 11021 
16 3 20 223 11021 
16 3 35 224 8205 

/> 
ls
ls
<CR>
         TIME          Size       File name 
----A 2021/06/29 14:19     10376  0629
----A 2021/06/29 09:11    128640  06290855
----A 2021/06/29 09:27    128000  06290910
----A 2021/06/29 09:42    128640  06290925
----A 2021/06/29 09:55    128000  06290940
----A 2021/06/29 10:11    128640  06290955
----A 2021/06/29 10:26    128000  06291011
----A 2021/06/29 10:41    128640  06291026
----A 2021/06/29 10:56    128000  06291041
----A 2021/06/29 11:11    128640  06291056
----A 2021/06/29 11:27    128000  06291111
----A 2021/06/29 11:43    128640  06291126
----A 2021/06/29 11:58    128000  06291141
----A 2021/06/29 12:11    128640  06291156
----A 2021/06/29 12:27    128640  06291211
----A 2021/06/29 12:42    128640  06291227
----A 2021/06/29 12:57    128000  06291242
----A 2021/06/29 13:13    128640  06291257
----A 2021/06/29 13:27    128640  06291312
----A 2021/06/29 13:42    128640  06291327
----A 2021/06/29 13:59    128000  06291342
----A 2021/06/29 14:14    128640  06291357
----A 2021/06/29 14:15      2560  06291412
----A 2021/06/30 15:59      8264  0630
----A 2021/06/30 11:31      2560  06301130
----A 2021/06/30 12:19    128640  06301202
----A 2021/06/30 12:34    128640  06301217
----A 2021/06/30 12:47    128640  06301232
----A 2021/06/30 13:03    128640  06301248
----A 2021/06/30 13:18    128000  06301303
----A 2021/06/30 13:33    128640  06301318
----A 2021/06/30 13:49    128640  06301333
----A 2021/06/30 14:03    128640  06301348
----A 2021/06/30 14:18    128640  06301403
----A 2021/06/30 14:35    128640  06301418
----A 2021/06/30 14:51    128000  06301433
----A 2021/06/30 15:03    128000  06301448
----A 2021/06/30 15:19    128640  06301504
----A 2021/06/30 15:34    128000  06301519
----A 2021/06/30 15:49    128640  06301534
----A 2021/06/30 15:49      2560  06301549
----A 2021/07/01 16:03     13168  0701
----A 2021/07/01 09:23    129280  07010907
----A 2021/07/01 09:39    129280  07010922
----A 2021/07/01 09:54    128640  07010937
----A 2021/07/01 10:07    128640  07010952
----A 2021/07/01 10:23    129280  07011007
----A 2021/07/01 10:38    128640  07011023
----A 2021/07/01 10:53    128640  07011038
----A 2021/07/01 11:09    129920  07011053
----A 2021/07/01 11:23    128640  07011108
----A 2021/07/01 11:38    128640  07011123
----A 2021/07/01 11:55    128640  07011138
----A 2021/07/01 12:10    128000  07011153
----A 2021/07/01 12:23    129280  07011208
----A 2021/07/01 12:39    128640  07011224
----A 2021/07/01 12:54    128640  07011239
----A 2021/07/01 13:09    128640  07011254
----A 2021/07/01 13:25    128640  07011309
----A 2021/07/01 13:39    128000  07011324
----A 2021/07/01 13:54    129280  07011339
----A 2021/07/01 14:11    129280  07011354
----A 2021/07/01 14:27    129280  07011409
----A 2021/07/01 14:39    128000  07011424
----A 2021/07/01 14:55    128000  07011440
----A 2021/07/01 15:10    129280  07011455
----A 2021/07/01 15:25    128000  07011510
----A 2021/07/01 15:41    129280  07011525
----A 2021/07/01 15:55    129280  07011540
----A 2021/07/01 15:55      2560  07011555
----A 2021/07/02 15:43     12088  0702
----A 2021/07/02 08:59    128000  07020842
----A 2021/07/02 09:13    128000  07020858
----A 2021/07/02 09:28    128000  07020913
----A 2021/07/02 09:43    128000  07020928
----A 2021/07/02 09:59    128640  07020943
----A 2021/07/02 10:13    128000  07020958
----A 2021/07/02 10:30    128000  07021013
----A 2021/07/02 10:43    128000  07021028
----A 2021/07/02 10:59    128640  07021043
----A 2021/07/02 11:15    128000  07021058
----A 2021/07/02 11:29    128640  07021114
----A 2021/07/02 11:44    129280  07021129
----A 2021/07/02 11:59    128640  07021144
----A 2021/07/02 12:15    128000  07021159
----A 2021/07/02 12:31    128000  07021214
----A 2021/07/02 12:46    128640  07021229
----A 2021/07/02 12:59    128640  07021244
----A 2021/07/02 13:15    128000  07021259
----A 2021/07/02 13:30    128000  07021315
----A 2021/07/02 14:23     16000  07021330
----A 2021/07/02 14:51    128000  07021436
----A 2021/07/02 15:07    128000  07021451
----A 2021/07/02 15:23    128640  07021506
----A 2021/07/02 15:37    128640  07021522
----A 2021/07/02 15:37      2560  07021537
----A 2021/07/03 15:59     13624  0703
----A 2021/07/03 09:07    131200  07030850
----A 2021/07/03 09:22    128000  07030905
----A 2021/07/03 09:35    128640  07030920
----A 2021/07/03 09:51    128000  07030936
----A 2021/07/03 10:06    128000  07030951
----A 2021/07/03 10:21    128000  07031006
----A 2021/07/03 10:37    128000  07031021
----A 2021/07/03 10:51    128000  07031036
----A 2021/07/03 11:06    128000  07031051
----A 2021/07/03 11:23    128000  07031106
----A 2021/07/03 11:39    128000  07031121
----A 2021/07/03 11:51    128000  07031136
----A 2021/07/03 12:07    128000  07031152
----A 2021/07/03 12:22    128640  07031207
----A 2021/07/03 12:37    128640  07031222
----A 2021/07/03 12:53    128640  07031237
----A 2021/07/03 13:07    129280  07031252
----A 2021/07/03 13:22    128000  07031307
----A 2021/07/03 13:39    128640  07031322
----A 2021/07/03 13:55    128640  07031337
----A 2021/07/03 14:08    129280  07031353
----A 2021/07/03 14:23    128000  07031408
----A 2021/07/03 14:38    128000  07031423
----A 2021/07/03 14:53    128640  07031438
----A 2021/07/03 15:09    128640  07031453
----A 2021/07/03 15:23    128640  07031508
----A 2021/07/03 15:38    129280  07031523
----A 2021/07/03 15:55    128000  07031538
----A 2021/07/03 15:55      2560  07031553

 126 File(s),  14737200 bytes total
   0 Dir(s),     985776K bytes free

/> 
read 0703
read 0703
<CR>Time:2021/07/03 15:55
Hours Minutes Seconds  Nb_Samples    Aver. Current 
8 36 25 225 11012 
8 37 16 224 11012 
8 37 31 223 11012 
8 37 46 224 11012 
8 38 1 223 11012 
8 38 16 224 11012 
8 38 31 223 11012 
8 38 46 224 11012 
8 39 1 223 11012 
8 39 16 224 11012 
8 39 31 223 11012 
8 39 46 224 11012 
8 40 1 223 11012 
8 40 16 224 11012 
8 40 31 223 11012 
8 40 46 224 11012 
8 41 1 223 11012 
8 41 16 224 11012 
8 41 31 223 11012 
8 41 46 224 11012 
8 42 1 223 11012 
8 42 16 224 11012 
8 42 31 223 11012 
8 42 46 224 11012 
8 43 1 223 11012 
8 43 16 224 11012 
8 43 31 223 11012 
8 43 46 224 11012 
8 44 1 223 10952 
8 44 16 224 11012 
8 44 31 223 11012 
8 44 46 224 11012 
8 45 1 223 11012 
8 45 16 224 11012 
8 45 31 223 11012 
8 45 46 224 10952 
8 46 1 223 11012 
8 46 16 224 11012 
8 46 31 223 11012 
8 46 46 224 11012 
8 47 1 223 11012 
8 47 16 224 10952 
8 47 31 223 11012 
8 47 46 224 11012 
8 48 1 223 10952 
8 48 16 224 11012 
8 48 46 225 11012 
8 49 1 224 11012 
8 49 16 223 11012 
8 49 31 224 11012 
8 49 46 223 11012 
8 50 1 224 11012 
8 50 16 223 10952 
8 50 31 224 10952 
8 51 23 224 10952 
8 51 38 224 10952 
8 51 53 223 11012 
8 52 8 224 11012 
8 52 23 223 11012 
8 52 38 224 11012 
8 52 53 223 11012 
8 53 8 224 11012 
8 53 23 223 11012 
8 53 38 224 11012 
8 53 53 223 11012 
8 54 8 224 10952 
8 54 23 223 11012 
8 54 53 225 11012 
8 55 8 224 10952 
8 55 23 223 11012 
8 55 38 224 11012 
8 55 53 223 11012 
8 56 8 224 11012 
8 56 23 223 10952 
8 56 38 224 11012 
8 57 8 225 11012 
8 57 23 224 11012 
8 57 38 223 10952 
8 57 53 224 11012 
8 58 8 223 10952 
8 58 23 224 11012 
8 58 38 223 11012 
8 58 53 224 11012 
8 59 8 223 10952 
8 59 23 224 11012 
8 59 38 223 11012 
8 59 53 224 11012 
9 0 8 223 11012 
9 0 23 224 10952 
9 0 38 223 10952 
9 1 8 225 11012 
9 1 23 224 11012 
9 1 53 225 10952 
9 2 8 224 10952 
9 2 23 223 10952 
9 2 38 224 11012 
9 2 53 223 10952 
9 3 8 224 11012 
9 3 23 223 11012 
9 3 38 224 11012 
9 3 53 223 11012 
9 4 8 224 11012 
9 4 23 223 10952 
9 4 38 224 10952 
9 4 53 224 10952 
9 5 8 223 10952 
9 5 23 224 10952 
9 5 38 223 10952 
9 6 15 224 10952 
9 6 30 224 10952 
9 6 45 223 10952 
9 7 0 224 10952 
9 7 15 223 10952 
9 7 30 224 10952 
9 7 45 223 10952 
9 8 0 224 10952 
9 8 15 223 11012 
9 8 30 224 10952 
9 8 45 223 10952 
9 9 0 224 10952 
9 9 15 223 10952 
9 9 30 224 10952 
9 9 45 223 10952 
9 10 0 224 10952 
9 10 15 223 10952 
9 10 30 224 10952 
9 10 45 223 10952 
9 11 0 224 10952 
9 11 15 223 11012 
9 11 30 224 10952 
9 11 45 223 10952 
9 12 0 224 10952 
9 12 15 223 10952 
9 12 30 224 10952 
9 12 45 223 10952 
9 13 0 224 10952 
9 13 15 223 10952 
9 13 30 224 10952 
9 13 45 223 10952 
9 14 0 224 10952 
9 14 15 223 10952 
9 14 30 224 10952 
9 14 45 223 10952 
9 15 0 224 10952 
9 15 15 223 10952 
9 15 30 224 10952 
9 15 45 223 10952 
9 16 0 224 10952 
9 16 15 223 10952 
9 16 30 224 10952 
9 16 45 223 10952 
9 17 0 224 10952 
9 17 15 223 10952 
9 17 30 224 10952 
9 17 45 223 10952 
9 18 0 223 10952 
9 18 15 224 11012 
9 18 30 223 10952 
9 18 45 224 10952 
9 19 0 223 10952 
9 19 15 224 10952 
9 19 30 223 10952 
9 19 45 224 10952 
9 20 0 223 10952 
9 20 15 224 10952 
9 20 30 223 10952 
9 20 45 224 10952 
9 21 22 224 10952 
9 21 37 223 10952 
9 21 52 224 10952 
9 22 7 223 10952 
9 22 22 224 10952 
9 22 37 223 11012 
9 22 52 224 10952 
9 23 7 223 10952 
9 23 22 224 11012 
9 23 37 223 10952 
9 23 52 224 10952 
9 24 7 223 10952 
9 24 22 224 10952 
9 24 37 223 10952 
9 24 52 224 10952 
9 25 7 223 10952 
9 25 22 224 10952 
9 25 37 223 10952 
9 25 52 224 10952 
9 26 7 223 10952 
9 26 22 224 10952 
9 26 37 223 10952 
9 26 52 224 10952 
9 27 7 223 10952 
9 27 22 224 10952 
9 27 37 223 10952 
9 27 52 224 10952 
9 28 7 223 10952 
9 28 22 224 10952 
9 28 37 223 10952 
9 28 52 224 10952 
9 29 7 223 10952 
9 29 22 224 10952 
9 29 37 223 10952 
9 29 52 224 10952 
9 30 7 223 10952 
9 30 22 224 10952 
9 30 37 223 10952 
9 30 52 224 10952 
9 31 7 223 10952 
9 31 22 224 10952 
9 31 37 223 10952 
9 31 52 224 10952 
9 32 22 225 10952 
9 32 37 224 10952 
9 32 52 223 10952 
9 33 7 224 10952 
9 33 22 223 10952 
9 33 37 224 10952 
9 33 52 223 10952 
9 34 7 224 10952 
9 34 22 223 10952 
9 34 37 224 11012 
9 34 52 223 10952 
9 35 7 224 10952 
9 35 22 223 10952 
9 35 37 224 10952 
9 35 52 223 10952 
9 36 29 224 10952 
9 36 44 224 10952 
9 36 59 223 10952 
9 37 14 224 10952 
9 37 29 223 10952 
9 37 44 224 11012 
9 37 59 223 10952 
9 38 14 224 10952 
9 38 29 223 11012 
9 38 44 224 11012 
9 38 59 223 10952 
9 39 14 224 10952 
9 39 29 223 10952 
9 39 44 224 10952 
9 39 59 223 10952 
9 40 14 224 10952 
9 40 29 223 10952 
9 40 44 224 10952 
9 40 59 223 10952 
9 41 14 224 10952 
9 41 29 223 10952 
9 41 44 224 11012 
9 41 59 223 10952 
9 42 14 224 10952 
9 42 29 224 10952 
9 42 44 223 10952 
9 42 59 224 10952 
9 43 14 223 10952 
9 43 29 224 10952 
9 43 44 223 10952 
9 43 59 224 10952 
9 44 14 223 10952 
9 44 29 224 10952 
9 44 44 223 11012 
9 44 59 224 10952 
9 45 14 223 11012 
9 45 29 224 10952 
9 45 44 223 10952 
9 45 59 224 11012 
9 46 14 223 10952 
9 46 29 224 10952 
9 46 44 223 11012 
9 46 59 224 10952 
9 47 14 223 11012 
9 47 29 224 11012 
9 47 44 223 10952 
9 47 59 223 11012 
9 48 14 224 11012 
9 48 29 223 11012 
9 48 44 224 11012 
9 48 59 223 11012 
9 49 14 224 11012 
9 49 29 223 10952 
9 49 44 224 10952 
9 49 59 223 10952 
9 50 14 224 10952 
9 50 29 223 10952 
9 50 44 224 10952 
9 50 59 223 10952 
9 51 36 224 11012 
9 51 51 223 11012 
9 52 6 224 10952 
9 52 21 223 10952 
9 52 36 224 10952 
9 52 51 223 10952 
9 53 6 224 10952 
9 53 21 223 10952 
9 53 36 224 10952 
9 53 51 223 10952 
9 54 6 224 10952 
9 54 21 223 10952 
9 54 36 224 11012 
9 54 51 223 10952 
9 55 6 224 10952 
9 55 21 223 10952 
9 55 36 224 10952 
9 55 51 223 10952 
9 56 6 224 10952 
9 56 21 223 10952 
9 56 36 224 10952 
9 56 51 223 10952 
9 57 6 224 10952 
9 57 21 223 10952 
9 57 36 224 10952 
9 57 51 223 10952 
9 58 6 224 10952 
9 58 21 223 10952 
9 58 36 224 10952 
9 58 51 223 10952 
9 59 6 224 10952 
9 59 21 223 10952 
9 59 36 224 10952 
9 59 51 223 10952 
10 0 6 224 10952 
10 0 21 223 10952 
10 0 36 224 10952 
10 0 51 223 10952 
10 1 6 224 10952 
10 1 21 223 10952 
10 1 36 224 10952 
10 1 51 223 10952 
10 2 6 224 10952 
10 2 21 223 10952 
10 2 36 224 10952 
10 2 51 223 10952 
10 3 6 224 10952 
10 3 21 223 10952 
10 3 36 224 10952 
10 3 51 223 10952 
10 4 6 224 10952 
10 4 21 223 10952 
10 4 36 224 10952 
10 4 51 223 10952 
10 5 6 224 10952 
10 5 21 223 10952 
10 5 36 224 10952 
10 5 51 223 10952 
10 6 6 224 10952 
10 6 43 224 10952 
10 6 58 223 10952 
10 7 13 224 10952 
10 7 28 223 10952 
10 7 43 223 10952 
10 7 58 224 10952 
10 8 13 223 10952 
10 8 28 224 10952 
10 8 43 223 10952 
10 8 58 224 10952 
10 9 13 223 10952 
10 9 28 224 10952 
10 9 43 223 10952 
10 9 58 224 10952 
10 10 13 223 10952 
10 10 28 224 10952 
10 10 43 223 10952 
10 10 58 224 10952 
10 11 13 223 10952 
10 11 28 224 10952 
10 11 43 223 10952 
10 11 58 224 10952 
10 12 13 223 10952 
10 12 28 224 10952 
10 12 43 223 10952 
10 12 58 224 10952 
10 13 13 223 10952 
10 13 28 224 10952 
10 13 43 223 10952 
10 13 58 223 10952 
10 14 13 224 10952 
10 14 28 223 10952 
10 14 43 224 10952 
10 14 58 223 10952 
10 15 13 224 10952 
10 15 28 223 10952 
10 15 43 224 10952 
10 15 58 223 10952 
10 16 13 224 10952 
10 16 28 223 10952 
10 16 43 224 10952 
10 16 59 224 10952 
10 17 14 223 10952 
10 17 29 224 10952 
10 17 44 223 10952 
10 17 59 224 10952 
10 18 14 223 10952 
10 18 29 224 10952 
10 18 44 223 10952 
10 18 59 224 11012 
10 19 14 223 10952 
10 19 29 224 10952 
10 19 44 223 10952 
10 19 59 224 10952 
10 20 14 223 10952 
10 20 29 224 10952 
10 20 44 223 10952 
10 20 59 224 11012 
10 21 14 223 10952 
10 21 51 224 10952 
10 22 6 223 10952 
10 22 21 224 10952 
10 22 36 223 10952 
10 22 51 224 10952 
10 23 6 223 10952 
10 23 21 224 10952 
10 23 36 223 10952 
10 23 51 224 10952 
10 24 6 223 10952 
10 24 21 224 11012 
10 24 36 223 10952 
10 24 51 224 10952 
10 25 6 223 10952 
10 25 21 224 10952 
10 25 36 223 10952 
10 25 51 224 10952 
10 26 6 223 10952 
10 26 21 224 10952 
10 26 36 223 10952 
10 26 51 224 10952 
10 27 6 223 10952 
10 27 21 223 10952 
10 27 36 224 11012 
10 27 51 223 11012 
10 28 6 224 11012 
10 28 21 223 11012 
10 28 36 224 11012 
10 28 51 223 10952 
10 29 6 224 11012 
10 29 21 223 10952 
10 29 36 224 11012 
10 29 51 223 11012 
10 30 6 224 11012 
10 30 21 223 11012 
10 30 36 224 11012 
10 30 51 223 11012 
10 31 6 224 11012 
10 31 21 223 11012 
10 31 36 224 11012 
10 31 51 223 10952 
10 32 6 224 11012 
10 32 21 223 10952 
10 32 36 224 10952 
10 32 51 223 10952 
10 33 6 224 10952 
10 33 21 223 10952 
10 33 36 224 11012 
10 33 51 223 10952 
10 34 6 224 11012 
10 34 21 223 11012 
10 34 36 224 11012 
10 34 51 223 10952 
10 35 6 224 10952 
10 35 21 223 10952 
10 35 36 224 11012 
10 35 51 223 10952 
10 36 6 224 10952 
10 36 21 223 11012 
10 36 58 224 11012 
10 37 13 224 10952 
10 37 28 223 10952 
10 37 43 224 11012 
10 37 58 223 10952 
10 38 13 224 11012 
10 38 28 223 11012 
10 38 43 224 11012 
10 38 58 223 10952 
10 39 13 224 11012 
10 39 28 223 10952 
10 39 43 224 11012 
10 39 58 223 10952 
10 40 13 223 11012 
10 40 28 224 11012 
10 40 43 223 10952 
10 40 58 224 11012 
10 41 13 223 11012 
10 41 28 224 11012 
10 41 43 223 11012 
10 41 58 224 10952 
10 42 13 223 11012 
10 42 28 224 11012 
10 42 43 223 11012 
10 42 58 224 11012 
10 43 13 223 11012 
10 43 28 224 11012 
10 43 43 223 11012 
10 43 58 224 10952 
10 44 13 223 11012 
10 44 28 224 11012 
10 44 43 223 11012 
10 44 58 224 11012 
10 45 13 223 11012 
10 45 28 224 11012 
10 45 43 223 11012 
10 45 58 224 11012 
10 46 13 223 11012 
10 46 28 224 11012 
10 46 43 223 11012 
10 46 58 224 11012 
10 47 13 223 11012 
10 47 28 224 11012 
10 47 43 223 11012 
10 47 58 224 11012 
10 48 13 223 11012 
10 48 28 224 11012 
10 48 43 223 11012 
10 48 58 224 11012 
10 49 13 223 11012 
10 49 28 224 11012 
10 49 43 223 11012 
10 49 58 224 11012 
10 50 13 223 10952 
10 50 28 224 11012 
10 50 43 224 11012 
10 50 58 223 11012 
10 51 13 224 11012 
10 51 28 223 11012 
10 52 5 224 11012 
10 52 20 223 10952 
10 52 35 224 10952 
10 52 50 223 11012 
10 53 5 224 10952 
10 53 20 223 10952 
10 53 35 224 10952 
10 53 50 223 10952 
10 54 5 224 10952 
10 54 20 223 10952 
10 54 35 224 11012 
10 54 50 223 10952 
10 55 5 224 10952 
10 55 20 223 10952 
10 55 35 224 10952 
10 55 50 223 10952 
10 56 5 224 10952 
10 56 20 223 10952 
10 56 35 224 10952 
10 56 50 223 10952 
10 57 5 224 10952 
10 57 20 223 11012 
10 57 35 224 10952 
10 57 50 223 10952 
10 58 5 224 10952 
10 58 20 223 10952 
10 58 35 224 10952 
10 58 50 223 10952 
10 59 5 224 10952 
10 59 20 223 10952 
10 59 35 224 10952 
10 59 50 223 10952 
11 0 5 224 10952 
11 0 20 223 10952 
11 0 35 224 10952 
11 0 50 223 10952 
11 1 5 224 10952 
11 1 20 223 10952 
11 1 35 224 10952 
11 1 50 223 10952 
11 2 5 224 10952 
11 2 20 223 10952 
11 2 35 224 10952 
11 2 50 223 10952 
11 3 5 224 10952 
11 3 20 223 10952 
11 3 35 224 10952 
11 3 50 223 10952 
11 4 5 224 10952 
11 4 20 223 10952 
11 4 35 224 10952 
11 4 50 223 10952 
11 5 5 224 10952 
11 5 20 223 10952 
11 5 35 224 10952 
11 5 50 223 10952 
11 6 5 224 10952 
11 6 20 223 10952 
11 6 35 224 10952 
11 7 12 224 10952 
11 7 27 223 10952 
11 7 42 224 10952 
11 7 57 223 10952 
11 8 12 223 10952 
11 8 27 224 10952 
11 8 42 223 10952 
11 8 57 224 10952 
11 9 12 223 10952 
11 9 27 224 10952 
11 9 42 223 10952 
11 9 57 224 10952 
11 10 12 223 10952 
11 10 27 224 10952 
11 10 42 223 10952 
11 10 57 224 10952 
11 11 12 223 10952 
11 11 27 224 10952 
11 11 42 223 10952 
11 11 57 224 10952 
11 12 12 223 10952 
11 12 27 224 10952 
11 12 42 223 10952 
11 12 57 224 10952 
11 13 12 223 10952 
11 13 27 224 10952 
11 13 42 223 10952 
11 13 57 224 10952 
11 14 12 223 10952 
11 14 27 224 10952 
11 14 42 223 10952 
11 14 57 224 10952 
11 15 12 223 10952 
11 15 27 224 10952 
11 15 42 223 10952 
11 15 57 224 10952 
11 16 12 223 10952 
11 16 27 224 10952 
11 16 42 223 10952 
11 16 57 224 10952 
11 17 12 223 10952 
11 17 27 224 10952 
11 17 42 223 10952 
11 17 57 224 10952 
11 18 12 223 10952 
11 18 27 224 10952 
11 18 42 223 10952 
11 18 57 224 10952 
11 19 12 223 10952 
11 19 27 224 10952 
11 19 42 223 10952 
11 19 57 224 10952 
11 20 12 223 10952 
11 20 27 224 10952 
11 20 42 223 10952 
11 20 57 224 10952 
11 21 12 223 10952 
11 21 27 224 10952 
11 21 42 223 10952 
11 22 19 224 10952 
11 22 34 223 10952 
11 22 49 223 10952 
11 23 4 224 10952 
11 23 19 223 10952 
11 23 34 224 10952 
11 23 49 223 10952 
11 24 4 224 10952 
11 24 19 224 10952 
11 24 34 223 10952 
11 24 49 224 10952 
11 25 4 223 10952 
11 25 19 224 10952 
11 25 34 223 10952 
11 25 49 224 10952 
11 26 4 223 10952 
11 26 19 224 10952 
11 26 34 223 10952 
11 26 49 224 10952 
11 27 4 223 10952 
11 27 19 224 10952 
11 27 34 223 10952 
11 27 49 224 10952 
11 28 4 223 10952 
11 28 19 224 10952 
11 28 34 223 10952 
11 28 49 224 10952 
11 29 4 223 10952 
11 29 19 224 10952 
11 29 34 223 10952 
11 29 49 224 10952 
11 30 4 223 10952 
11 30 19 224 10952 
11 30 34 223 10952 
11 30 49 224 10952 
11 31 4 223 10952 
11 31 19 224 10952 
11 31 34 223 10952 
11 31 49 224 10952 
11 32 4 223 10952 
11 32 19 224 10952 
11 32 34 223 11012 
11 32 49 224 10952 
11 33 4 223 10952 
11 33 19 224 11012 
11 33 34 223 11012 
11 33 49 224 10952 
11 34 4 223 11012 
11 34 19 224 11012 
11 34 34 223 11012 
11 34 49 224 11012 
11 35 4 223 10952 
11 35 19 223 11012 
11 35 34 224 10952 
11 35 49 223 11012 
11 36 4 224 10952 
11 36 19 223 10952 
11 36 34 224 10952 
11 36 49 223 10952 
11 37 26 224 11012 
11 37 41 224 11012 
11 37 56 223 11012 
11 38 11 224 11012 
11 38 26 223 10952 
11 38 41 224 10952 
11 38 56 223 10952 
11 39 11 224 10952 
11 39 26 223 10952 
11 39 41 224 10952 
11 39 56 223 10952 
11 40 11 224 10952 
11 40 26 223 11012 
11 40 41 224 11012 
11 40 56 223 10952 
11 41 11 224 10952 
11 41 26 223 10952 
11 41 41 224 10952 
11 41 56 223 10952 
11 42 11 224 10952 
11 42 26 223 10952 
11 42 41 224 10952 
11 42 56 223 10952 
11 43 11 224 10952 
11 43 26 223 10952 
11 43 41 224 10952 
11 43 56 223 10952 
11 44 11 224 10952 
11 44 26 223 11012 
11 44 41 224 10952 
11 44 56 223 11012 
11 45 11 224 10952 
11 45 26 223 11012 
11 45 41 224 10952 
11 45 56 223 10952 
11 46 11 224 10952 
11 46 26 223 10952 
11 46 41 224 11012 
11 46 56 223 11012 
11 47 11 224 11012 
11 47 26 223 11012 
11 47 41 224 11012 
11 47 56 223 10952 
11 48 11 224 11012 
11 48 26 223 11012 
11 48 41 224 11012 
11 48 56 223 11012 
11 49 11 224 10952 
11 49 26 223 10952 
11 49 41 224 11012 
11 49 56 223 10952 
11 50 11 224 10952 
11 50 26 223 10952 
11 50 41 224 10952 
11 50 56 223 10952 
11 51 11 224 11012 
11 51 26 223 10952 
11 51 41 224 10952 
11 51 56 223 10952 
11 52 33 224 10952 
11 52 48 223 10952 
11 53 3 224 10952 
11 53 18 223 10952 
11 53 33 224 10952 
11 53 48 223 10952 
11 54 3 224 10952 
11 54 18 223 10952 
11 54 33 224 10952 
11 54 48 223 10952 
11 55 3 224 10952 
11 55 18 223 10952 
11 55 33 224 10952 
11 55 48 223 10952 
11 56 3 224 10952 
11 56 18 223 10952 
11 56 33 224 10952 
11 56 48 223 10952 
11 57 3 224 10952 
11 57 18 223 10952 
11 57 33 224 10952 
11 57 48 223 10952 
11 58 3 224 10952 
11 58 18 224 10952 
11 58 33 223 10952 
11 58 48 224 10952 
11 59 3 223 10952 
11 59 18 224 10952 
11 59 33 223 10952 
11 59 48 224 10952 
12 0 3 223 10952 
12 0 18 224 10952 
12 0 33 223 10952 
12 0 48 224 10952 
12 1 3 223 10952 
12 1 18 224 10952 
12 1 33 223 10952 
12 1 48 224 10952 
12 2 3 223 10952 
12 2 18 224 10952 
12 2 33 223 10952 
12 2 48 224 10952 
12 3 3 223 10952 
12 3 18 224 10952 
12 3 33 223 10952 
12 3 48 224 10952 
12 4 3 223 10952 
12 4 18 224 10952 
12 4 33 223 10952 
12 4 48 224 10952 
12 5 3 223 10952 
12 5 18 224 10952 
12 5 33 223 10952 
12 5 48 224 10952 
12 6 3 223 10952 
12 6 18 224 10952 
12 6 33 223 10952 
12 6 48 224 10952 
12 7 3 223 10952 
12 7 40 224 10952 
12 7 55 224 10952 
12 8 10 223 10952 
12 8 40 225 10952 
12 8 55 223 10952 
12 9 10 224 10952 
12 9 25 223 10952 
12 9 40 224 10952 
12 9 55 223 10952 
12 10 10 224 10952 
12 10 25 223 10952 
12 10 40 224 10952 
12 10 55 223 10952 
12 11 10 224 10952 
12 11 25 223 10952 
12 11 40 224 10952 
12 11 55 223 10952 
12 12 10 224 10952 
12 12 25 223 10952 
12 12 40 224 10952 
12 12 55 223 10952 
12 13 10 224 10952 
12 13 25 223 10952 
12 13 40 224 10952 
12 13 55 223 10952 
12 14 10 224 10952 
12 14 25 223 11012 
12 14 40 224 10952 
12 14 55 223 10952 
12 15 10 224 10952 
12 15 25 223 10952 
12 15 40 224 10952 
12 15 55 223 10952 
12 16 10 224 10952 
12 16 25 223 11012 
12 16 40 224 10952 
12 16 55 223 11012 
12 17 10 224 10952 
12 17 25 223 11012 
12 17 40 224 10952 
12 17 55 223 10952 
12 18 10 224 10952 
12 18 25 223 11012 
12 18 40 224 10952 
12 18 55 223 10952 
12 19 10 224 10952 
12 19 25 223 10952 
12 19 40 224 11012 
12 19 55 223 10952 
12 20 10 224 10952 
12 20 25 223 10952 
12 20 40 224 10952 
12 20 55 223 10952 
12 21 10 224 10952 
12 21 25 223 10952 
12 21 40 224 10952 
12 21 55 223 10952 
12 22 10 224 10952 
12 23 2 224 10952 
12 23 17 223 10952 
12 23 32 224 10952 
12 23 47 223 10952 
12 24 2 224 10952 
12 24 17 223 10952 
12 24 32 224 10952 
12 24 47 223 10952 
12 25 2 224 10952 
12 25 17 223 10952 
12 25 32 224 10952 
12 25 47 223 10952 
12 26 2 224 10952 
12 26 17 223 10952 
12 26 32 224 10952 
12 26 47 223 10952 
12 27 2 224 10952 
12 27 17 223 10952 
12 27 32 224 10952 
12 27 47 223 10952 
12 28 2 223 10952 
12 28 17 224 10952 
12 28 32 223 10952 
12 28 47 224 10952 
12 29 2 223 10952 
12 29 17 224 10952 
12 29 32 223 10952 
12 29 47 224 10952 
12 30 2 223 10952 
12 30 17 224 10952 
12 30 32 223 10952 
12 30 47 224 10952 
12 31 2 223 10952 
12 31 17 224 10952 
12 31 32 223 10952 
12 31 47 224 10952 
12 32 2 224 10952 
12 32 17 224 10952 
12 32 32 223 10952 
12 32 47 224 10952 
12 33 2 223 10952 
12 33 17 224 10952 
12 33 32 223 10952 
12 33 47 224 10952 
12 34 2 223 10952 
12 34 17 224 10952 
12 34 32 223 10952 
12 34 47 224 10952 
12 35 2 223 10952 
12 35 17 224 10952 
12 35 32 223 10952 
12 35 47 224 11012 
12 36 2 223 11012 
12 36 17 224 10952 
12 36 32 223 11012 
12 36 47 224 11012 
12 37 2 223 11012 
12 37 17 224 11012 
12 37 54 224 10952 
12 38 9 223 10952 
12 38 24 224 10952 
12 38 39 223 10952 
12 38 54 224 11012 
12 39 9 223 11012 
12 39 24 224 11012 
12 39 39 223 11012 
12 39 54 224 11012 
12 40 9 223 11012 
12 40 24 224 10952 
12 40 39 223 11012 
12 40 54 223 11012 
12 41 9 224 11012 
12 41 24 223 11012 
12 41 39 224 11012 
12 41 54 223 11012 
12 42 9 224 11012 
12 42 24 223 11012 
12 42 39 224 11012 
12 42 54 223 10952 
12 43 9 224 11012 
12 43 24 223 10952 
12 43 39 224 11012 
12 43 54 223 11012 
12 44 9 224 10952 
12 44 24 223 10952 
12 44 39 224 10952 
12 44 54 223 10952 
12 45 9 224 10952 
12 45 24 223 10952 
12 45 39 224 10952 
12 45 54 223 10952 
12 46 9 224 10952 
12 46 24 223 10952 
12 46 39 224 10952 
12 46 54 223 10952 
12 47 9 224 10952 
12 47 24 223 10952 
12 47 39 224 10952 
12 47 54 223 10952 
12 48 9 224 10952 
12 48 24 223 10952 
12 48 39 224 10952 
12 48 54 223 10952 
12 49 9 224 10952 
12 49 24 223 10952 
12 49 39 224 10952 
12 49 54 223 10952 
12 50 9 224 10952 
12 50 24 223 10952 
12 50 39 224 10952 
12 50 54 223 10952 
12 51 9 224 10952 
12 51 24 223 10952 
12 51 39 224 10952 
12 51 54 223 10952 
12 52 24 225 10952 
12 53 16 224 10952 
12 53 31 223 10952 
12 53 46 224 10952 
12 54 1 223 10952 
12 54 16 223 10952 
12 54 31 224 10952 
12 54 46 223 10952 
12 55 1 224 10952 
12 55 16 223 10952 
12 55 31 224 10952 
12 55 46 223 10952 
12 56 1 224 10952 
12 56 16 223 10952 
12 56 31 224 10952 
12 56 46 223 10952 
12 57 1 224 10952 
12 57 16 223 10952 
12 57 31 224 10952 
12 57 46 223 10952 
12 58 1 224 10952 
12 58 16 223 10952 
12 58 31 224 10952 
12 58 46 223 10952 
12 59 1 224 10952 
12 59 16 223 10952 
12 59 31 224 10952 
12 59 46 223 10952 
13 0 1 224 10952 
13 0 16 223 10952 
13 0 31 224 10952 
13 0 46 223 10952 
13 1 1 224 10952 
13 1 16 223 10952 
13 1 31 224 10952 
13 1 46 223 10952 
13 2 1 224 10952 
13 2 16 223 10952 
13 2 31 224 10952 
13 2 46 223 10952 
13 3 1 224 10952 
13 3 16 223 10952 
13 3 46 225 10952 
13 4 1 223 10952 
13 4 16 224 10952 
13 4 31 223 10952 
13 4 46 224 10952 
13 5 1 223 10952 
13 5 16 224 10952 
13 5 31 223 10952 
13 5 46 224 10952 
13 6 1 223 10952 
13 6 16 224 10952 
13 6 31 224 10952 
13 6 46 223 10952 
13 7 1 224 10952 
13 7 16 223 10952 
13 7 31 224 10952 
13 8 8 224 10952 
13 8 23 224 10952 
13 8 38 223 10952 
13 8 53 224 10952 
13 9 8 223 10952 
13 9 23 224 10952 
13 9 38 223 10952 
13 9 53 224 10952 
13 10 8 223 10952 
13 10 23 224 10952 
13 10 38 223 10952 
13 10 53 224 10952 
13 11 8 223 10952 
13 11 23 224 10952 
13 11 38 223 10952 
13 11 53 224 10952 
13 12 8 223 10952 
13 12 23 224 10952 
13 12 38 223 10952 
13 12 53 224 10952 
13 13 8 223 10952 
13 13 23 224 10952 
13 13 38 223 10952 
13 13 53 224 10952 
13 14 8 223 10952 
13 14 23 224 10952 
13 14 38 223 10952 
13 14 53 224 10952 
13 15 8 223 10952 
13 15 23 224 10952 
13 15 38 223 10952 
13 15 53 224 10952 
13 16 8 223 10952 
13 16 23 224 10952 
13 16 38 223 10952 
13 16 53 224 10952 
13 17 8 223 10952 
13 17 23 224 10952 
13 17 38 223 11012 
13 17 53 224 10952 
13 18 8 223 10952 
13 18 23 224 10952 
13 18 38 223 10952 
13 18 53 224 10952 
13 19 8 223 10952 
13 19 23 224 10952 
13 19 38 223 10952 
13 19 53 224 10952 
13 20 8 223 11012 
13 20 23 224 10952 
13 20 38 223 10952 
13 20 53 224 10952 
13 21 8 223 10952 
13 21 23 224 10952 
13 21 38 223 10952 
13 21 53 224 10952 
13 22 8 223 10952 
13 22 23 224 10952 
13 22 38 223 10952 
13 23 15 224 10952 
13 23 30 223 10952 
13 23 45 224 10952 
13 24 0 223 10952 
13 24 15 224 10952 
13 24 30 223 10952 
13 24 45 224 10952 
13 25 0 223 10952 
13 25 15 224 10952 
13 25 30 223 10952 
13 25 45 224 10952 
13 26 0 223 10952 
13 26 15 224 10952 
13 26 30 223 10952 
13 26 45 224 10952 
13 27 0 223 10952 
13 27 15 224 10952 
13 27 30 223 10952 
13 27 45 224 10952 
13 28 0 223 10952 
13 28 15 224 10952 
13 28 30 223 10952 
13 28 45 224 10952 
13 29 0 223 10952 
13 29 15 224 10952 
13 29 30 223 10952 
13 29 45 224 10952 
13 30 0 223 10952 
13 30 15 224 10952 
13 30 30 223 10952 
13 30 45 224 10952 
13 31 0 223 10952 
13 31 15 224 10952 
13 31 30 223 10952 
13 31 45 224 10952 
13 32 0 223 10952 
13 32 15 224 10952 
13 32 30 223 10952 
13 32 45 224 10952 
13 33 0 223 10952 
13 33 15 224 10952 
13 33 30 223 10952 
13 33 45 224 10952 
13 34 0 223 10952 
13 34 15 224 10952 
13 34 30 223 10952 
13 34 45 224 10952 
13 35 0 223 10952 
13 35 15 224 10952 
13 35 30 223 10952 
13 35 45 224 10952 
13 36 15 225 10952 
13 36 30 224 10952 
13 36 45 223 10952 
13 37 0 224 10952 
13 37 15 223 10952 
13 37 30 224 10952 
13 37 45 223 10952 
13 38 22 224 10952 
13 38 37 223 10952 
13 38 52 224 10952 
13 39 7 223 10952 
13 39 22 224 10952 
13 39 37 223 10952 
13 39 52 224 10952 
13 40 7 223 10952 
13 40 22 224 10952 
13 40 37 224 10952 
13 40 52 223 10952 
13 41 7 224 10952 
13 41 22 223 10952 
13 41 37 224 10952 
13 41 52 223 10952 
13 42 7 224 10952 
13 42 22 223 10952 
13 42 37 224 10952 
13 42 52 223 10952 
13 43 7 224 10952 
13 43 22 223 10952 
13 43 37 224 10952 
13 43 52 223 10952 
13 44 7 224 10952 
13 44 22 223 10952 
13 44 37 224 10952 
13 44 52 223 10952 
13 45 7 224 10952 
13 45 22 223 10952 
13 45 37 224 10952 
13 45 52 223 10952 
13 46 7 224 10952 
13 46 22 223 10952 
13 46 37 224 10952 
13 46 52 223 10952 
13 47 7 224 10952 
13 47 22 223 10952 
13 47 37 224 10952 
13 47 52 223 10952 
13 48 7 224 10952 
13 48 22 223 10952 
13 48 37 224 10952 
13 48 52 223 10952 
13 49 7 223 10952 
13 49 22 224 10952 
13 49 37 223 10952 
13 49 52 224 10952 
13 50 7 223 10952 
13 50 22 224 10952 
13 50 37 223 10952 
13 50 52 224 10952 
13 51 7 223 10952 
13 51 22 224 10952 
13 51 52 225 10952 
13 52 7 224 10952 
13 52 22 223 10952 
13 52 37 224 10952 
13 52 52 223 10952 
13 53 44 224 10952 
13 53 59 224 10952 
13 54 14 223 10952 
13 54 29 224 10952 
13 54 44 223 10952 
13 54 59 224 10952 
13 55 14 223 10952 
13 55 29 224 10952 
13 55 44 223 10952 
13 55 59 224 10952 
13 56 14 223 10952 
13 56 29 224 10952 
13 56 44 223 10952 
13 56 59 224 10952 
13 57 14 223 10952 
13 57 29 224 10952 
13 57 44 223 10952 
13 57 59 224 10952 
13 58 14 223 10952 
13 58 29 224 10952 
13 58 44 223 10952 
13 58 59 224 10952 
13 59 14 223 10952 
13 59 29 224 10952 
13 59 44 223 10952 
13 59 59 224 10952 
14 0 14 223 10952 
14 0 29 224 10952 
14 0 44 223 10952 
14 0 59 224 10952 
14 1 14 223 10952 
14 1 29 224 10952 
14 1 44 223 10952 
14 1 59 224 10952 
14 2 14 223 10952 
14 2 29 223 10952 
14 2 59 225 10952 
14 3 14 223 10952 
14 3 29 224 10952 
14 3 44 223 10952 
14 3 59 224 10952 
14 4 14 223 10952 
14 4 29 224 10952 
14 4 44 223 10952 
14 4 59 224 10952 
14 5 14 223 10952 
14 5 29 224 10952 
14 5 44 223 10952 
14 5 59 224 10952 
14 6 14 223 10952 
14 6 29 224 10952 
14 6 44 223 10952 
14 7 0 224 10952 
14 7 14 223 10952 
14 7 30 224 10952 
14 7 44 223 10952 
14 8 0 224 10952 
14 8 37 224 10952 
14 8 51 223 10952 
14 9 7 224 10952 
14 9 21 223 10952 
14 9 37 224 10952 
14 9 51 223 10952 
14 10 6 223 10952 
14 10 22 224 10952 
14 10 36 223 10952 
14 10 52 224 10952 
14 11 6 223 10952 
14 11 22 224 10952 
14 11 36 223 10952 
14 11 52 224 10952 
14 12 6 223 10952 
14 12 22 224 10952 
14 12 36 223 10952 
14 12 52 224 10952 
14 13 6 223 10952 
14 13 22 224 10952 
14 13 37 223 10952 
14 13 52 224 10952 
14 14 7 224 10952 
14 14 22 223 10952 
14 14 37 224 10952 
14 14 52 223 10952 
14 15 7 224 10952 
14 15 22 223 10952 
14 15 37 224 10952 
14 15 52 223 10952 
14 16 7 224 10952 
14 16 22 223 10952 
14 16 37 224 10952 
14 16 52 223 10952 
14 17 7 224 10952 
14 17 22 223 10952 
14 17 37 224 10952 
14 17 52 223 10952 
14 18 7 224 10952 
14 18 22 223 10952 
14 18 37 224 10952 
14 18 52 223 10952 
14 19 7 224 10952 
14 19 22 223 10952 
14 19 37 224 10952 
14 19 52 223 10952 
14 20 7 224 10952 
14 20 22 223 10952 
14 20 37 224 10952 
14 20 52 223 10952 
14 21 7 224 10952 
14 21 22 223 10952 
14 21 37 224 10952 
14 21 52 223 10952 
14 22 7 224 10952 
14 22 22 223 10952 
14 22 37 224 10952 
14 22 52 223 10952 
14 23 7 224 10952 
14 23 44 224 10952 
14 23 59 223 10952 
14 24 14 223 10952 
14 24 29 224 10952 
14 24 44 223 10952 
14 24 59 224 10952 
14 25 14 223 10952 
14 25 29 224 10952 
14 25 44 223 10952 
14 25 59 224 10952 
14 26 14 223 10952 
14 26 29 224 10952 
14 26 44 223 10952 
14 26 59 224 10952 
14 27 14 223 10952 
14 27 29 224 10952 
14 27 44 223 10952 
14 27 59 224 10952 
14 28 14 223 10952 
14 28 29 223 10952 
14 28 44 224 10952 
14 28 59 223 10952 
14 29 14 224 10952 
14 29 29 223 10952 
14 29 44 224 10952 
14 29 59 223 10952 
14 30 14 224 10952 
14 30 29 223 10952 
14 30 44 224 10952 
14 30 59 223 10952 
14 31 14 224 10952 
14 31 29 223 10952 
14 31 44 224 10952 
14 31 59 223 10952 
14 32 14 224 10952 
14 32 29 223 10952 
14 32 44 224 10952 
14 32 59 223 10952 
14 33 14 224 10952 
14 33 29 223 10952 
14 33 44 224 10952 
14 33 59 223 10952 
14 34 14 224 10952 
14 34 29 223 10952 
14 34 44 224 10952 
14 34 59 223 10952 
14 35 14 224 10952 
14 35 29 223 10952 
14 35 44 224 10952 
14 35 59 223 10952 
14 36 14 224 10952 
14 36 29 223 10952 
14 36 44 224 10952 
14 36 59 223 10952 
14 37 14 224 10952 
14 37 29 223 10952 
14 37 44 224 10952 
14 37 59 223 10952 
14 38 14 224 10952 
14 38 51 224 10952 
14 39 6 223 10952 
14 39 21 224 10952 
14 39 36 223 10952 
14 39 51 223 10952 
14 40 6 224 10952 
14 40 21 223 10952 
14 40 36 224 10952 
14 40 51 223 10952 
14 41 6 224 10952 
14 41 21 223 10952 
14 41 36 223 10952 
14 41 51 224 10952 
14 42 6 223 10952 
14 42 21 224 10952 
14 42 36 223 10952 
14 42 51 224 10952 
14 43 6 223 10952 
14 43 21 224 10952 
14 43 36 223 10952 
14 43 51 224 10952 
14 44 6 223 10952 
14 44 21 224 10952 
14 44 36 223 10952 
14 44 51 224 10952 
14 45 6 223 10952 
14 45 21 224 10952 
14 45 36 223 10952 
14 45 51 224 10952 
14 46 21 225 10952 
14 46 36 224 10952 
14 46 51 223 10952 
14 47 6 224 10952 
14 47 21 223 10952 
14 47 36 224 10952 
14 47 51 224 10952 
14 48 6 223 10952 
14 48 21 224 10952 
14 48 36 223 10952 
14 48 51 224 10952 
14 49 6 223 10952 
14 49 21 224 11012 
14 49 36 223 10952 
14 49 51 224 10952 
14 50 6 223 10952 
14 50 21 224 11012 
14 50 36 223 10952 
14 50 51 224 11012 
14 51 6 223 11012 
14 51 21 224 10952 
14 51 36 223 11012 
14 51 51 224 10952 
14 52 6 223 10952 
14 52 21 224 10952 
14 52 36 223 10952 
14 52 51 224 10952 
14 53 6 223 10952 
14 53 21 224 10952 
14 54 13 224 10952 
14 54 28 223 10952 
14 54 43 224 10952 
14 54 58 223 10952 
14 55 13 224 11012 
14 55 28 223 10952 
14 55 43 224 10952 
14 55 58 223 10952 
14 56 13 224 11012 
14 56 28 223 10952 
14 56 43 224 10952 
14 56 58 223 10952 
14 57 13 224 10952 
14 57 28 223 10952 
14 57 43 224 10952 
14 57 58 223 10952 
14 58 13 224 10952 
14 58 28 223 10952 
14 58 43 224 10952 
14 58 58 223 11012 
14 59 13 224 11012 
14 59 28 223 10952 
14 59 43 224 11012 
14 59 58 223 10952 
15 0 13 224 11012 
15 0 28 223 11012 
15 0 43 224 11012 
15 0 58 223 11012 
15 1 13 224 10952 
15 1 28 223 10952 
15 1 43 224 10952 
15 1 58 223 11012 
15 2 13 224 11012 
15 2 28 223 11012 
15 2 43 224 10952 
15 2 58 223 11012 
15 3 13 224 11012 
15 3 28 223 10952 
15 3 43 224 11012 
15 3 58 223 11012 
15 4 13 224 11012 
15 4 28 223 11012 
15 4 43 224 11012 
15 4 58 223 11012 
15 5 13 224 11012 
15 5 28 223 11012 
15 5 43 224 10952 
15 5 58 223 11012 
15 6 13 224 11012 
15 6 28 223 11012 
15 6 43 224 11012 
15 6 58 223 11012 
15 7 13 224 11012 
15 7 28 223 10952 
15 7 43 224 11012 
15 7 58 223 11012 
15 8 13 224 11012 
15 8 28 223 11012 
15 9 5 224 11012 
15 9 20 223 11012 
15 9 35 224 11012 
15 9 50 223 11012 
15 10 5 224 11012 
15 10 20 223 11012 
15 10 35 224 11012 
15 10 50 223 11012 
15 11 5 224 11012 
15 11 20 223 10952 
15 11 35 224 11012 
15 11 50 223 11012 
15 12 5 224 11012 
15 12 20 223 11012 
15 12 35 224 11012 
15 12 50 223 11012 
15 13 5 224 11012 
15 13 20 223 11012 
15 13 35 224 11012 
15 13 50 223 11012 
15 14 5 224 11012 
15 14 20 223 11012 
15 14 35 224 11012 
15 14 50 223 11012 
15 15 5 224 11012 
15 15 20 223 11012 
15 15 35 224 11012 
15 16 5 225 11012 
15 16 20 224 11012 
15 16 35 223 11012 
15 16 50 224 11012 
15 17 5 223 11012 
15 17 20 224 10952 
15 17 35 223 11012 
15 17 50 224 11012 
15 18 5 223 11012 
15 18 20 224 11012 
15 18 35 223 11012 
15 18 50 224 11012 
15 19 5 223 11012 
15 19 20 224 11012 
15 19 35 223 11012 
15 19 50 224 11012 
15 20 5 223 11012 
15 20 20 224 11012 
15 20 35 223 10952 
15 20 50 224 11012 
15 21 5 224 11012 
15 21 20 223 11012 
15 21 35 224 11012 
15 21 50 223 11012 
15 22 5 224 11012 
15 22 20 223 10952 
15 22 35 224 11012 
15 22 50 223 11012 
15 23 5 224 11012 
15 23 20 223 11012 
15 23 35 224 11012 
15 24 27 224 11012 
15 24 42 223 11012 
15 24 57 223 11012 
15 25 12 224 11012 
15 25 27 223 11012 
15 25 42 224 11012 
15 25 57 223 11012 
15 26 12 224 11012 
15 26 27 223 11012 
15 26 42 224 11012 
15 26 57 223 11012 
15 27 12 224 11012 
15 27 27 223 11012 
15 27 57 225 11012 
15 28 12 224 11012 
15 28 27 223 11012 
15 28 42 224 11012 
15 28 57 223 11012 
15 29 12 224 11012 
15 29 27 223 11012 
15 29 42 224 11012 
15 29 57 223 11012 
15 30 12 224 11012 
15 30 27 223 11012 
15 30 42 224 11012 
15 30 57 223 11012 
15 31 12 224 11012 
15 31 27 223 11012 
15 31 42 224 11012 
15 31 57 223 11012 
15 32 12 224 11012 
15 32 27 223 11012 
15 32 42 224 11012 
15 32 57 223 11012 
15 33 12 224 11012 
15 33 27 223 11012 
15 33 42 224 11012 
15 33 57 223 11012 
15 34 12 224 11012 
15 34 27 223 11012 
15 34 42 224 11012 
15 34 57 223 11012 
15 35 12 224 11012 
15 35 27 223 11012 
15 35 42 224 11012 
15 35 57 223 11012 
15 36 12 224 11012 
15 36 27 223 11012 
15 36 42 224 11012 
15 36 57 223 11012 
15 37 12 223 11012 
15 37 27 224 11012 
15 37 42 223 11012 
15 37 57 224 11012 
15 38 12 223 11012 
15 38 27 224 11012 
15 38 42 223 11012 
15 39 19 224 11012 
15 39 34 223 11012 
15 39 49 224 10952 
15 40 4 223 11012 
15 40 19 224 10952 
15 40 34 223 11012 
15 40 49 223 11012 
15 41 4 224 11012 
15 41 19 223 11012 
15 41 34 224 11012 
15 41 49 223 11012 
15 42 4 224 11012 
15 42 19 223 11012 
15 42 34 224 11012 
15 42 49 223 11012 
15 43 4 224 10952 
15 43 19 223 11012 
15 43 34 224 11012 
15 43 49 223 11012 
15 44 4 224 11012 
15 44 19 223 11012 
15 44 34 224 10952 
15 44 49 223 11012 
15 45 4 224 11012 
15 45 19 223 11012 
15 45 34 224 11012 
15 45 49 223 10952 
15 46 4 224 11012 
15 46 19 223 11012 
15 46 34 224 11012 
15 46 49 223 10952 
15 47 4 224 11012 
15 47 19 223 11012 
15 47 34 224 11012 
15 47 49 223 11012 
15 48 4 224 11012 
15 48 19 223 11012 
15 48 34 224 10952 
15 48 49 223 11012 
15 49 4 224 11012 
15 49 19 223 11012 
15 49 34 224 11012 
15 49 49 223 11012 
15 50 4 224 11012 
15 50 19 223 10952 
15 50 34 224 11012 
15 50 49 223 11012 
15 51 4 224 11012 
15 51 19 223 11012 
15 51 34 224 10952 
15 51 49 223 11012 
15 52 4 224 11012 
15 52 19 223 11012 
15 52 34 224 10952 
15 52 49 223 11012 
15 53 4 224 11012 
15 53 19 223 11012 
15 53 34 224 11012 
15 53 49 223 11012 
15 54 26 224 11012 
15 54 41 223 11012 
15 54 56 224 11012 
15 55 11 223 11012 
15 55 26 224 11012 
15 55 41 223 11012 
15 55 56 224 11012 
15 56 11 223 11012 
15 56 26 224 11012 
15 56 41 223 11012 
15 56 56 224 11012 
15 57 11 223 11012 
15 57 26 224 11012 
15 57 41 223 11012 
15 57 56 224 11012 
15 58 11 223 11012 
15 58 26 224 10230 

/> 