14 34 37 223 11021 
14 34 52 224 11021 
14 35 7 223 11021 
14 35 22 224 11021 
14 35 37 223 11021 
14 35 52 224 11021 
14 36 7 223 11021 
14 36 22 224 11021 
14 36 37 223 11021 
14 36 52 223 11021 
14 37 7 224 11021 
14 37 22 223 11021 
14 37 37 224 11021 
14 37 52 223 11021 
14 38 7 224 11021 
14 38 22 223 11021 
14 38 37 224 11021 
14 38 52 223 11021 
14 39 7 224 11021 
14 39 22 223 11021 
14 39 37 224 11021 
14 39 52 223 11021 
14 40 7 224 11021 
14 40 22 224 11021 
14 40 37 223 11021 
14 40 52 224 11021 
14 41 7 223 11021 
14 41 22 224 11021 
14 41 37 223 11021 
14 41 53 224 11021 
14 42 7 223 11021 
14 42 23 224 11021 
14 42 37 223 11021 
14 42 53 224 11021 
14 43 7 223 11021 
14 43 23 224 11021 
14 43 37 223 11021 
14 43 53 224 11021 
14 44 8 223 11021 
14 44 23 224 11021 
14 44 38 223 11021 
14 44 53 224 11021 
14 45 8 223 11021 
14 45 23 224 11021 
14 45 38 223 11021 
14 45 53 224 11021 
14 46 8 223 11021 
14 46 23 224 11021 
14 46 38 223 11021 
14 46 53 224 11021 
14 47 8 223 11021 
14 47 23 224 11021 
14 47 38 223 11021 
14 47 53 224 11021 
14 48 8 223 11021 
14 48 23 224 11021 
14 49 1 224 11021 
14 49 16 224 11021 
14 49 31 223 11021 
14 49 46 224 11021 
14 50 1 222 11021 
14 50 16 224 11021 
14 50 31 223 11021 
14 50 46 224 11021 
14 51 1 223 11021 
14 51 16 224 11021 
14 51 31 223 11021 
14 51 46 224 11021 
14 52 1 223 11021 
14 52 16 224 11021 
14 52 31 223 11021 
14 52 46 224 11021 
14 53 1 223 11021 
14 53 16 224 11021 
14 53 31 223 11021 
14 53 46 224 11021 
14 54 1 223 11021 
14 54 16 224 11021 
14 54 31 223 11021 
14 54 46 224 11021 
14 55 1 223 11021 
14 55 16 224 11021 
14 55 31 223 11021 
14 55 46 224 11021 
14 56 1 223 11021 
14 56 16 224 11021 
14 56 31 223 11021 
14 56 46 224 11021 
14 57 1 223 11021 
14 57 16 224 11021 
14 57 31 223 11021 
14 57 46 224 11021 
14 58 1 223 11021 
14 58 16 224 11021 
14 58 31 223 11021 
14 58 46 224 11021 
14 59 1 223 11021 
14 59 16 224 11021 
14 59 31 223 11021 
14 59 46 224 11021 
15 0 1 223 11021 
15 0 16 224 11021 
15 0 31 223 11021 
15 0 46 224 11021 
15 1 1 223 11021 
15 1 16 224 11021 
15 1 31 223 11021 
15 1 46 224 11021 
15 2 1 223 11021 
15 2 16 224 11021 
15 2 31 223 11021 
15 2 46 224 11021 
15 3 1 223 11021 
15 3 16 224 11021 
15 3 31 223 11021 
15 4 8 224 11021 
15 4 23 223 11021 
15 4 38 223 11021 
15 4 53 224 11021 
15 5 8 223 11021 
15 5 23 224 11021 
15 5 38 223 11021 
15 5 53 224 11021 
15 6 8 223 11021 
15 6 23 224 11021 
15 6 38 223 11021 
15 6 53 224 11021 
15 7 8 223 11021 
15 7 23 224 11021 
15 7 38 223 11021 
15 7 53 224 11021 
15 8 8 223 11021 
15 8 23 224 11021 
15 8 38 223 11021 
15 8 53 224 11021 
15 9 8 223 11021 
15 9 23 224 11021 
15 9 38 223 11021 
15 9 53 224 11021 
15 10 8 223 11021 
15 10 23 224 11021 
15 10 38 223 11021 
15 10 53 224 11021 
15 11 8 223 11021 
15 11 23 224 11021 
15 11 38 223 11021 
15 11 53 224 11021 
15 12 8 223 11021 
15 12 23 224 11021 
15 12 38 223 11021 
15 12 53 224 11021 
15 13 8 223 11021 
15 13 23 224 11021 
15 13 38 223 11021 
15 13 53 224 11021 
15 14 8 223 11021 
15 14 23 224 11021 
15 14 38 223 11021 
15 14 53 224 11021 
15 15 8 223 11021 
15 15 23 224 11021 
15 15 38 223 11021 
15 15 53 224 11021 
15 16 8 223 11021 
15 16 23 224 11021 
15 16 38 223 11021 
15 16 53 224 11021 
15 17 8 223 11021 
15 17 23 224 11021 
15 17 38 223 11021 
15 17 53 224 11021 
15 18 8 223 11021 
15 18 23 224 11021 
15 18 38 223 11021 
15 19 16 224 11021 
15 19 31 223 11021 
15 19 46 224 11021 
15 20 1 224 11021 
15 20 16 223 11021 
15 20 31 223 11021 
15 20 46 224 11021 
15 21 1 223 11021 
15 21 16 224 11021 
15 21 31 223 11021 
15 21 46 224 11021 
15 22 1 223 11021 
15 22 16 224 11021 
15 22 31 223 11021 
15 22 46 224 11021 
15 23 1 223 11021 
15 23 16 224 11021 
15 23 31 223 11021 
15 23 46 224 11021 
15 24 1 223 11021 
15 24 16 224 11021 
15 24 31 223 11021 
15 24 46 224 11021 
15 25 1 223 11021 
15 25 16 224 11021 
15 25 31 223 11021 
15 25 46 224 11021 
15 26 1 223 11021 
15 26 16 224 11021 
15 26 31 223 11021 
15 26 46 224 11021 
15 27 1 223 11021 
15 27 16 224 11021 
15 27 31 223 11021 
15 27 46 224 11021 
15 28 1 223 11021 
15 28 16 224 11021 
15 28 31 223 11021 
15 28 46 224 11021 
15 29 1 223 11021 
15 29 16 224 11021 
15 29 31 223 11021 
15 29 46 224 11021 
15 30 1 223 11021 
15 30 16 224 11021 
15 30 31 223 11021 
15 30 46 224 11021 
15 31 1 223 11021 
15 31 16 224 11021 
15 31 31 223 11021 
15 31 46 224 11021 
15 32 1 223 11021 
15 32 16 223 11021 
15 32 31 224 11021 
15 32 46 223 11021 
15 33 1 224 11021 
15 33 16 223 11021 
15 33 31 224 11021 
15 33 46 223 11021 
15 34 23 224 11021 
15 34 38 223 11021 
15 34 53 224 11021 
15 35 8 223 11021 
15 35 23 224 11021 
15 35 38 223 11021 
15 35 53 224 11021 
15 36 8 223 11021 
15 36 23 224 11021 
15 36 38 223 11021 
15 36 53 224 11021 
15 37 8 223 11021 
15 37 23 224 11021 
15 37 38 223 11021 
15 37 53 224 11021 
15 38 8 223 11021 
15 38 23 224 11021 
15 38 38 223 11021 
15 38 53 224 11021 
15 39 8 223 11021 
15 39 23 224 11021 
15 39 38 223 11021 
15 39 53 224 11021 
15 40 8 223 11021 
15 40 23 224 11021 
15 40 38 223 11021 
15 40 53 224 11021 
15 41 8 223 11021 
15 41 23 224 11021 
15 41 38 223 11021 
15 41 53 224 11021 
15 42 8 223 11021 
15 42 23 224 11021 
15 42 38 223 11021 
15 42 53 224 11021 
15 43 8 223 11021 
15 43 23 224 11021 
15 43 38 223 11021 
15 43 53 224 11021 
15 44 8 223 11021 
15 44 23 224 11021 
15 44 38 223 11021 
15 44 53 224 11021 
15 45 8 223 11021 
15 45 23 223 11021 
15 45 38 224 11021 
15 45 53 223 11021 
15 46 8 224 11021 
15 46 23 223 11021 
15 46 38 224 11021 
15 46 53 223 11021 
15 47 8 224 11021 
15 47 23 223 11021 
15 47 38 224 11021 
15 47 53 223 11021 
15 48 8 224 11021 
15 48 23 223 11021 
15 48 38 224 11021 
15 48 53 223 11021 
15 49 31 224 11021 
15 49 46 224 11021 
15 50 1 223 11021 
15 50 16 224 11021 
15 50 31 223 11021 
15 50 46 223 11021 
15 51 1 224 11021 
15 51 16 223 11021 
15 51 31 224 11021 
15 51 46 223 11021 
15 52 1 224 11021 
15 52 16 223 11021 
15 52 31 224 11021 

/> 
ls
ğ<NUL>

Serial communication
Type 'h or ?' for help.

/> 
ls
ls
<CR>
         TIME          Size       File name 
----A 2021/06/29 14:19     10376  0629
----A 2021/06/29 09:11    128640  06290855
----A 2021/06/29 09:27    128000  06290910
----A 2021/06/29 09:42    128640  06290925
----A 2021/06/29 09:55    128000  06290940
----A 2021/06/29 10:11    128640  06290955
----A 2021/06/29 10:26    128000  06291011
----A 2021/06/29 10:41    128640  06291026
----A 2021/06/29 10:56    128000  06291041
----A 2021/06/29 11:11    128640  06291056
----A 2021/06/29 11:27    128000  06291111
----A 2021/06/29 11:43    128640  06291126
----A 2021/06/29 11:58    128000  06291141
----A 2021/06/29 12:11    128640  06291156
----A 2021/06/29 12:27    128640  06291211
----A 2021/06/29 12:42    128640  06291227
----A 2021/06/29 12:57    128000  06291242
----A 2021/06/29 13:13    128640  06291257
----A 2021/06/29 13:27    128640  06291312
----A 2021/06/29 13:42    128640  06291327
----A 2021/06/29 13:59    128000  06291342
----A 2021/06/29 14:14    128640  06291357
----A 2021/06/29 14:15      2560  06291412
----A 2021/06/30 15:59      8264  0630
----A 2021/06/30 11:31      2560  06301130
----A 2021/06/30 12:19    128640  06301202
----A 2021/06/30 12:34    128640  06301217
----A 2021/06/30 12:47    128640  06301232
----A 2021/06/30 13:03    128640  06301248
----A 2021/06/30 13:18    128000  06301303
----A 2021/06/30 13:33    128640  06301318
----A 2021/06/30 13:49    128640  06301333
----A 2021/06/30 14:03    128640  06301348
----A 2021/06/30 14:18    128640  06301403
----A 2021/06/30 14:35    128640  06301418
----A 2021/06/30 14:51    128000  06301433
----A 2021/06/30 15:03    128000  06301448
----A 2021/06/30 15:19    128640  06301504
----A 2021/06/30 15:34    128000  06301519
----A 2021/06/30 15:49    128640  06301534
----A 2021/06/30 15:49      2560  06301549
----A 2021/07/01 16:03     13168  0701
----A 2021/07/01 09:23    129280  07010907
----A 2021/07/01 09:39    129280  07010922
----A 2021/07/01 09:54    128640  07010937
----A 2021/07/01 10:07    128640  07010952
----A 2021/07/01 10:23    129280  07011007
----A 2021/07/01 10:38    128640  07011023
----A 2021/07/01 10:53    128640  07011038
----A 2021/07/01 11:09    129920  07011053
----A 2021/07/01 11:23    128640  07011108
----A 2021/07/01 11:38    128640  07011123
----A 2021/07/01 11:55    128640  07011138
----A 2021/07/01 12:10    128000  07011153
----A 2021/07/01 12:23    129280  07011208
----A 2021/07/01 12:39    128640  07011224
----A 2021/07/01 12:54    128640  07011239
----A 2021/07/01 13:09    128640  07011254
----A 2021/07/01 13:25    128640  07011309
----A 2021/07/01 13:39    128000  07011324
----A 2021/07/01 13:54    129280  07011339
----A 2021/07/01 14:11    129280  07011354
----A 2021/07/01 14:27    129280  07011409
----A 2021/07/01 14:39    128000  07011424
----A 2021/07/01 14:55    128000  07011440
----A 2021/07/01 15:10    129280  07011455
----A 2021/07/01 15:25    128000  07011510
----A 2021/07/01 15:41    129280  07011525
----A 2021/07/01 15:55    129280  07011540
----A 2021/07/01 15:55      2560  07011555
----A 2021/07/02 15:43     12088  0702
----A 2021/07/02 08:59    128000  07020842
----A 2021/07/02 09:13    128000  07020858
----A 2021/07/02 09:28    128000  07020913
----A 2021/07/02 09:43    128000  07020928
----A 2021/07/02 09:59    128640  07020943
----A 2021/07/02 10:13    128000  07020958
----A 2021/07/02 10:30    128000  07021013
----A 2021/07/02 10:43    128000  07021028
----A 2021/07/02 10:59    128640  07021043
----A 2021/07/02 11:15    128000  07021058
----A 2021/07/02 11:29    128640  07021114
----A 2021/07/02 11:44    129280  07021129
----A 2021/07/02 11:59    128640  07021144
----A 2021/07/02 12:15    128000  07021159
----A 2021/07/02 12:31    128000  07021214
----A 2021/07/02 12:46    128640  07021229
----A 2021/07/02 12:59    128640  07021244
----A 2021/07/02 13:15    128000  07021259
----A 2021/07/02 13:30    128000  07021315
----A 2021/07/02 14:23     16000  07021330
----A 2021/07/02 14:51    128000  07021436
----A 2021/07/02 15:07    128000  07021451
----A 2021/07/02 15:23    128640  07021506
----A 2021/07/02 15:37    128640  07021522
----A 2021/07/02 15:37      2560  07021537
----A 2021/07/03 15:59     13624  0703
----A 2021/07/03 09:07    131200  07030850
----A 2021/07/03 09:22    128000  07030905
----A 2021/07/03 09:35    128640  07030920
----A 2021/07/03 09:51    128000  07030936
----A 2021/07/03 10:06    128000  07030951
----A 2021/07/03 10:21    128000  07031006
----A 2021/07/03 10:37    128000  07031021
----A 2021/07/03 10:51    128000  07031036
----A 2021/07/03 11:06    128000  07031051
----A 2021/07/03 11:23    128000  07031106
----A 2021/07/03 11:39    128000  07031121
----A 2021/07/03 11:51    128000  07031136
----A 2021/07/03 12:07    128000  07031152
----A 2021/07/03 12:22    128640  07031207
----A 2021/07/03 12:37    128640  07031222
----A 2021/07/03 12:53    128640  07031237
----A 2021/07/03 13:07    129280  07031252
----A 2021/07/03 13:22    128000  07031307
----A 2021/07/03 13:39    128640  07031322
----A 2021/07/03 13:55    128640  07031337
----A 2021/07/03 14:08    129280  07031353
----A 2021/07/03 14:23    128000  07031408
----A 2021/07/03 14:38    128000  07031423
----A 2021/07/03 14:53    128640  07031438
----A 2021/07/03 15:09    128640  07031453
----A 2021/07/03 15:23    128640  07031508
----A 2021/07/03 15:38    129280  07031523
----A 2021/07/03 15:55    128000  07031538
----A 2021/07/03 15:55      2560  07031553
----A 2021/07/04 15:47     12136  0704
----A 2021/07/04 09:39    128640  07040924
----A 2021/07/04 09:54    128000  07040939
----A 2021/07/04 10:09    128000  07040954
----A 2021/07/04 10:25    128640  07041009
----A 2021/07/04 10:39    131200  07041024
----A 2021/07/04 10:54    128640  07041039
----A 2021/07/04 11:11    128640  07041054
----A 2021/07/04 11:27    128640  07041109
----A 2021/07/04 11:40    129280  07041125
----A 2021/07/04 11:55    128640  07041140
----A 2021/07/04 12:11    129920  07041155
----A 2021/07/04 12:25    129280  07041210
----A 2021/07/04 12:41    128640  07041225
----A 2021/07/04 12:55    129280  07041240
----A 2021/07/04 13:10    129920  07041255
----A 2021/07/04 13:27    128000  07041310
----A 2021/07/04 13:43    129280  07041326
----A 2021/07/04 13:56    129280  07041341
----A 2021/07/04 14:11    128640  07041356
----A 2021/07/04 14:27    129280  07041411
----A 2021/07/04 14:41    129280  07041426
----A 2021/07/04 14:58    128000  07041441
----A 2021/07/04 15:11    128000  07041456
----A 2021/07/04 15:27    128640  07041511
----A 2021/07/04 15:42    128640  07041527
----A 2021/07/04 15:42      2560  07041542

 153 File(s),  17974296 bytes total
   0 Dir(s),     982528K bytes free

/> 
read 0704

read 0704
<CR>Time:2021/07/04 15:42e:2021/07/04 15:42
Hours Minutes Seconds  Nb_Samples    Aver. Current 
9 5 54 2 5656 
9 6 29 1 7943 
9 7 53 1 7221 
9 8 27 1 3430 
9 10 3 1 8846 
9 10 17 207 9809 
9 10 56 224 9869 
9 11 11 224 9929 
9 11 26 223 10892 
9 12 14 224 11012 
9 12 29 224 11012 
9 12 44 223 11012 
9 12 59 224 11012 
9 13 14 223 11012 
9 13 29 224 11012 
9 13 44 223 11012 
9 13 59 223 11012 
9 14 14 224 11012 
9 14 29 223 10952 
9 14 44 224 10952 
9 14 59 223 11012 
9 15 14 224 10952 
9 15 29 223 11012 
9 15 44 224 11012 
9 15 59 223 10952 
9 16 14 224 11012 
9 16 29 223 10952 
9 16 59 225 10952 
9 17 14 224 10952 
9 17 29 223 11012 
9 17 44 224 10952 
9 17 59 223 11012 
9 18 14 224 11012 
9 18 29 223 10952 
9 18 44 224 10952 
9 18 59 223 11012 
9 19 14 224 10952 
9 19 29 223 11012 
9 19 44 224 11012 
9 19 59 223 10952 
9 20 14 223 10952 
9 20 29 224 10952 
9 20 44 223 10952 
9 20 59 224 10952 
9 21 14 223 10952 
9 21 29 224 10952 
9 21 44 223 10952 
9 21 59 224 10952 
9 22 14 223 10952 
9 22 29 224 10952 
9 22 44 223 10952 
9 22 59 224 10952 
9 23 14 224 10952 
9 23 29 223 10952 
9 23 44 224 10952 
9 23 59 223 10952 
9 24 36 224 10952 
9 24 51 223 10952 
9 25 6 224 10952 
9 25 21 223 10952 
9 25 36 224 10952 
9 25 51 223 10952 
9 26 6 224 10952 
9 26 21 223 10952 
9 26 36 224 10952 
9 26 51 223 10952 
9 27 6 224 10952 
9 27 21 223 10952 
9 27 36 224 10952 
9 27 51 223 10952 
9 28 6 224 10952 
9 28 21 223 10952 
9 28 36 224 10952 
9 28 51 223 10952 
9 29 6 223 10952 
9 29 21 224 10952 
9 29 36 223 10952 
9 29 51 224 10952 
9 30 6 223 10952 
9 30 21 224 11012 
9 30 51 225 10952 
9 31 6 224 10952 
9 31 21 223 10952 
9 31 36 224 10952 
9 31 51 223 10952 
9 32 6 224 10952 
9 32 21 223 10952 
9 32 36 224 10952 
9 32 51 223 10952 
9 33 6 224 10952 
9 33 21 223 10952 
9 33 36 224 10952 
9 33 51 223 10952 
9 34 6 224 10952 
9 34 21 223 10952 
9 34 36 223 10952 
9 34 51 224 10952 
9 35 6 223 10952 
9 35 21 224 10952 
9 35 36 223 10952 
9 35 51 224 10952 
9 36 6 223 10952 
9 36 21 224 10952 
9 36 36 223 10952 
9 36 51 224 10952 
9 37 6 223 10952 
9 37 21 224 10952 
9 37 36 223 10952 
9 37 51 224 10952 
9 38 6 223 10952 
9 38 21 224 10952 
9 38 36 223 10952 
9 38 51 224 10952 
9 39 6 223 10952 
9 39 43 224 10952 
9 39 58 224 10952 
9 40 13 223 10952 
9 40 28 224 10952 
9 40 43 223 10952 
9 40 58 224 10952 
9 41 13 223 10952 
9 41 28 224 10952 
9 41 43 223 10952 
9 41 58 224 10952 
9 42 13 223 10952 
9 42 28 223 10952 
9 42 43 224 10952 
9 42 58 223 10952 
9 43 13 224 10952 
9 43 28 223 10952 
9 43 43 224 10952 
9 43 58 223 10952 
9 44 13 224 10952 
9 44 28 223 10952 
9 44 43 224 10952 
9 44 58 223 10952 
9 45 13 224 10952 
9 45 28 223 10952 
9 45 43 224 10952 
9 45 58 223 10952 
9 46 13 224 10952 
9 46 28 223 10952 
9 46 43 224 10952 
9 46 58 223 10952 
9 47 13 224 10952 
9 47 28 223 10952 
9 47 43 224 10952 
9 47 58 223 10952 
9 48 13 224 10952 
9 48 28 223 10952 
9 48 43 224 10952 
9 48 58 223 10952 
9 49 13 224 10952 
9 49 28 223 10952 
9 49 43 224 10952 
9 49 58 223 10952 
9 50 13 224 10952 
9 50 28 223 10952 
9 50 43 223 10952 
9 50 58 224 10952 
9 51 13 223 10952 
9 51 28 224 10952 
9 51 43 223 10952 
9 51 58 224 10952 
9 52 13 223 10952 
9 52 28 224 10952 
9 52 43 223 10952 
9 52 58 224 10952 
9 53 13 223 10952 
9 53 28 224 10952 
9 53 43 223 10952 
9 53 58 224 10952 
9 54 13 223 10952 
9 54 50 224 10952 
9 55 5 224 10952 
9 55 20 223 10952 
9 55 35 223 10952 
9 55 50 224 10952 
9 56 5 223 10952 
9 56 20 224 10952 
9 56 35 223 10952 
9 56 50 224 10952 
9 57 5 223 10952 
9 57 20 224 10952 
9 57 35 223 10952 
9 57 50 224 10952 
9 58 5 223 10952 
9 58 20 224 10952 
9 58 35 224 10952 
9 58 50 223 10952 
9 59 5 224 10952 
9 59 20 223 10952 
9 59 35 224 10952 
9 59 50 223 10952 
10 0 5 224 10952 
10 0 20 223 10952 
10 0 35 224 10952 
10 0 50 223 10952 
10 1 5 224 10952 
10 1 20 223 10952 
10 1 35 224 10952 
10 1 50 223 10952 
10 2 5 224 10952 
10 2 20 223 10952 
10 2 35 224 10952 
10 2 50 223 10952 
10 3 5 224 10952 
10 3 20 223 10952 
10 3 35 224 10952 
10 3 50 223 10952 
10 4 5 224 10952 
10 4 20 223 10952 
10 4 35 224 10952 
10 4 50 223 10952 
10 5 5 224 10952 
10 5 20 223 10952 
10 5 35 223 10952 
10 5 50 224 10952 
10 6 5 223 10952 
10 6 20 224 10952 
10 6 35 223 10952 
10 6 50 224 10952 
10 7 5 223 10952 
10 7 20 224 10952 
10 7 35 223 10952 
10 7 50 224 10952 
10 8 5 223 10952 
10 8 20 224 10952 
10 8 35 223 10952 
10 8 50 224 10952 
10 9 5 223 10952 
10 9 20 224 10952 
10 9 57 224 10952 
10 10 12 224 10952 
10 10 27 223 10952 
10 10 42 224 10952 
10 10 57 223 10952 
10 11 12 224 10952 
10 11 27 223 10952 
10 11 42 224 10952 
10 11 57 223 10952 
10 12 12 224 10952 
10 12 27 223 10952 
10 12 42 224 10952 
10 12 57 223 10952 
10 13 12 224 10952 
10 13 27 223 10952 
10 13 42 224 10952 
10 13 57 223 10952 
10 14 27 225 10952 
10 14 42 224 10952 
10 14 57 223 10952 
10 15 12 224 10952 
10 15 27 223 10952 
10 15 42 224 10952 
10 15 57 223 10952 
10 16 12 224 10952 
10 16 27 223 10952 
10 16 42 224 10952 
10 16 57 223 10952 
10 17 12 224 10952 
10 17 27 223 10952 
10 17 42 224 10952 
10 17 57 223 10952 
10 18 12 224 10952 
10 18 27 223 11012 
10 18 42 224 10952 
10 18 57 223 10952 
10 19 12 224 10952 
10 19 27 223 10952 
10 19 42 224 11012 
10 19 57 223 10952 
10 20 12 224 10952 
10 20 27 223 10952 
10 20 42 224 10952 
10 20 57 223 10952 
10 21 12 224 10952 
10 21 27 223 10952 
10 21 42 224 10952 
10 21 57 223 10952 
10 22 12 223 10952 
10 22 27 224 11012 
10 22 42 223 11012 
10 22 57 224 10952 
10 23 12 223 10952 
10 23 27 224 10952 
10 23 42 223 10952 
10 23 57 224 11012 
10 24 12 223 10952 
10 24 27 223 11012 
10 25 19 224 10952 
10 25 34 223 10952 
10 25 49 224 10952 
10 26 4 223 10952 
10 26 19 224 10952 
10 26 34 223 10952 
10 26 49 224 11012 
10 27 4 223 10952 
10 27 19 224 10952 
10 27 34 223 10952 
10 27 49 224 10952 
10 28 4 223 11012 
10 28 19 224 10952 
10 28 34 223 10952 
10 28 49 224 10952 
10 29 4 223 10952 
10 29 19 224 10952 
10 29 34 223 10952 
10 29 49 224 10952 
10 30 4 223 10952 
10 30 19 224 10952 
10 30 34 223 10952 
10 30 49 224 10952 
10 31 4 223 10952 
10 31 19 224 10952 
10 31 34 223 10952 
10 31 49 224 10952 
10 32 4 223 10952 
10 32 19 224 10952 
10 32 34 224 10952 
10 32 49 223 10952 
10 33 4 224 10952 
10 33 19 223 10952 
10 33 49 225 10952 
10 34 4 223 10952 
10 34 19 224 10952 
10 34 34 223 10952 
10 34 49 224 10952 
10 35 4 223 10952 
10 35 34 225 10952 
10 35 49 223 10952 
10 36 4 224 10952 
10 36 34 225 10952 
10 36 49 224 10952 
10 37 4 223 11012 
10 37 19 224 10952 
10 37 34 223 11012 
10 37 49 224 10952 
10 38 19 225 10952 
10 38 34 223 10952 
10 38 49 224 10952 
10 39 4 223 11012 
10 39 19 224 11012 
10 39 34 223 10952 
10 40 11 224 11012 
10 40 26 223 10952 
10 40 41 224 10952 
10 40 56 223 10952 
10 41 11 224 10952 
10 41 26 223 10952 
10 41 41 224 10952 
10 41 56 223 10952 
10 42 11 224 10952 
10 42 26 223 10952 
10 42 41 223 10952 
10 42 56 224 10952 
10 43 11 223 10952 
10 43 26 224 10952 
10 43 41 223 10952 
10 43 56 224 10952 
10 44 11 223 10952 
10 44 26 224 10952 
10 44 41 223 10952 
10 44 56 224 10952 
10 45 11 223 10952 
10 45 26 224 10952 
10 45 41 223 10952 
10 45 56 224 10952 
10 46 11 223 10952 
10 46 26 224 10952 
10 46 41 223 10952 
10 46 56 224 10952 
10 47 11 223 10952 
10 47 26 224 10952 
10 47 41 223 10952 
10 47 56 224 10952 
10 48 11 223 10952 
10 48 26 224 10952 
10 48 41 223 10952 
10 48 56 224 10952 
10 49 11 223 10952 
10 49 26 224 10952 
10 49 41 223 10952 
10 49 56 224 10952 
10 50 11 223 10952 
10 50 41 225 10952 
10 50 56 224 10952 
10 51 11 223 10952 
10 51 26 224 10952 
10 51 41 223 10952 
10 51 56 224 10952 
10 52 11 223 10952 
10 52 26 224 10952 
10 52 41 223 10952 
10 52 56 224 10952 
10 53 11 223 10952 
10 53 26 224 10952 
10 53 41 223 10952 
10 53 56 224 10952 
10 54 11 223 10952 
10 54 26 224 10952 
10 54 41 223 10952 
10 55 33 224 10952 
10 55 48 223 10952 
10 56 3 223 10952 
10 56 18 224 10952 
10 56 33 223 10952 
10 56 48 224 10952 
10 57 3 223 10952 
10 57 18 224 10952 
10 57 33 223 10952 
10 57 48 224 10952 
10 58 3 223 10952 
10 58 18 224 10952 
10 58 33 223 10952 
10 58 48 224 10952 
10 59 3 223 10952 
10 59 18 224 10952 
10 59 33 223 10952 
10 59 48 224 10952 
11 0 3 223 10952 
11 0 18 224 10952 
11 0 33 223 10952 
11 0 48 224 10952 
11 1 3 223 10952 
11 1 18 224 10952 
11 1 33 223 10952 
11 1 48 224 10952 
11 2 3 223 10952 
11 2 18 224 10952 
11 2 33 223 10952 
11 2 48 224 10952 
11 3 3 223 10952 
11 3 18 224 10952 
11 3 33 223 10952 
11 3 48 223 10952 
11 4 3 224 10952 
11 4 18 223 10952 
11 4 33 224 10952 
11 4 48 223 10952 
11 5 3 224 10952 
11 5 18 224 10952 
11 5 33 223 10952 
11 5 48 224 10952 
11 6 3 223 10952 
11 6 18 224 10952 
11 6 33 223 10952 
11 6 48 224 10952 
11 7 3 223 10952 
11 7 18 224 10952 
11 7 33 223 10952 
11 7 48 224 10952 
11 8 3 223 10952 
11 8 18 224 10952 
11 8 33 223 10952 
11 8 48 224 10952 
11 9 3 223 10952 
11 9 18 224 10952 
11 9 33 223 10952 
11 9 48 224 10952 
11 10 25 224 10952 
11 10 40 223 10952 
11 10 55 224 10952 
11 11 10 223 10952 
11 11 25 224 10952 
11 11 40 223 10952 
11 11 55 223 10952 
11 12 10 224 10952 
11 12 25 223 10952 
11 12 40 224 10952 
11 12 55 223 10952 
11 13 10 224 10952 
11 13 25 223 10952 
11 13 40 224 10952 
11 13 55 223 10952 
11 14 10 224 10952 
11 14 25 223 10952 
11 14 40 224 10952 
11 14 55 223 10952 
11 15 10 224 10952 
11 15 25 223 10952 
11 15 40 224 10952 
11 15 55 223 10952 
11 16 10 224 10952 
11 16 25 223 10952 
11 16 40 223 10952 
11 16 55 224 10952 
11 17 10 223 10952 
11 17 25 224 10952 
11 17 40 223 10952 
11 17 55 224 10952 
11 18 10 223 10952 
11 18 25 224 10952 
11 18 40 223 10952 
11 18 55 224 10952 
11 19 10 223 10952 
11 19 25 224 10952 
11 19 40 223 10952 
11 19 55 224 10952 
11 20 10 223 10952 
11 20 25 224 10952 
11 20 40 223 10952 
11 20 55 224 10952 
11 21 25 225 10952 
11 21 40 224 10952 
11 21 55 223 10952 
11 22 10 224 10952 
11 22 25 223 10952 
11 22 40 224 10952 
11 22 55 223 10952 
11 23 10 224 10952 
11 23 25 223 10952 
11 23 40 224 10952 
11 23 55 223 10952 
11 24 10 224 10952 
11 24 25 223 10952 
11 24 40 224 10952 
11 24 55 223 10952 
11 25 47 224 10952 
11 26 2 223 10952 
11 26 17 223 10952 
11 26 32 224 10952 
11 26 47 223 10952 
11 27 2 224 10952 
11 27 17 223 10952 
11 27 32 224 10952 
11 27 47 223 10952 
11 28 2 224 10952 
11 28 17 223 10952 
11 28 32 224 10952 
11 28 47 223 10952 
11 29 2 224 10952 
11 29 17 223 10952 
11 29 32 224 10952 
11 29 47 223 10952 
11 30 2 223 10952 
11 30 17 224 10952 
11 30 32 223 10952 
11 30 47 224 10952 
11 31 2 223 10952 
11 31 17 224 10952 
11 31 32 223 10952 
11 31 47 224 10952 
11 32 2 223 10952 
11 32 17 224 10952 
11 32 32 223 10952 
11 32 47 224 10952 
11 33 2 223 10952 
11 33 17 224 10952 
11 33 32 223 10952 
11 33 47 224 10952 
11 34 2 223 10952 
11 34 17 224 10952 
11 34 32 223 10952 
11 34 47 224 10952 
11 35 2 223 10952 
11 35 17 224 10952 
11 35 32 223 10952 
11 35 47 224 10952 
11 36 17 225 10952 
11 36 32 224 10952 
11 36 47 223 10952 
11 37 2 224 10952 
11 37 17 223 10952 
11 37 32 224 10952 
11 37 47 223 10952 
11 38 2 224 10952 
11 38 17 224 10952 
11 38 32 223 10952 
11 38 47 224 10952 
11 39 2 223 10952 
11 39 17 224 10952 
11 39 32 223 10952 
11 39 47 224 10952 
11 40 2 223 10952 
11 40 39 224 10952 
11 40 54 224 10952 
11 41 9 223 10952 
11 41 24 224 10952 
11 41 39 223 10952 
11 41 54 224 10952 
11 42 9 223 10952 
11 42 24 223 10952 
11 42 39 224 10952 
11 42 54 223 10952 
11 43 9 223 10952 
11 43 24 224 10952 
11 43 39 223 10952 
11 43 54 224 10952 
11 44 9 223 10952 
11 44 24 224 10952 
11 44 39 223 10952 
11 44 54 224 10952 
11 45 9 223 10952 
11 45 24 224 10952 
11 45 39 223 10952 
11 45 54 224 10952 
11 46 24 225 10952 
11 46 39 224 10952 
11 46 54 223 10952 
11 47 9 224 10952 
11 47 24 223 10952 
11 47 39 224 10952 
11 47 54 223 10952 
11 48 9 224 10952 
11 48 24 223 10952 
11 48 39 224 10952 
11 48 54 223 10952 
11 49 9 224 10952 
11 49 24 223 10952 
11 49 39 224 10952 
11 49 54 223 10952 
11 50 9 224 10952 
11 50 24 223 10952 
11 50 39 224 10952 
11 50 54 223 10952 
11 51 9 224 10952 
11 51 24 223 10952 
11 51 39 224 10952 
11 51 54 223 10952 
11 52 9 224 10952 
11 52 24 223 10952 
11 52 39 224 10952 
11 52 54 223 10952 
11 53 9 224 10952 
11 53 24 223 10952 
11 53 39 224 10952 
11 53 54 223 10952 
11 54 9 224 10952 
11 54 24 223 10952 
11 54 39 224 10952 
11 54 54 223 10952 
11 55 9 224 10952 
11 56 1 224 10952 
11 56 16 223 10952 
11 56 31 223 10952 
11 57 1 225 10952 
11 57 16 223 10952 
11 57 31 224 10952 
11 57 46 223 10952 
11 58 1 224 10952 
11 58 16 223 10952 
11 58 31 224 10952 
11 58 46 223 10952 
11 59 1 224 10952 
11 59 31 225 10952 
11 59 47 224 10952 
12 0 1 223 10952 
12 0 17 224 10952 
12 0 31 223 10952 
12 0 47 224 10952 
12 1 1 223 10952 
12 1 17 224 10952 
12 1 31 223 10952 
12 1 47 224 10952 
12 2 1 223 10952 
12 2 17 224 10952 
12 2 31 223 10952 
12 2 47 224 10952 
12 3 1 223 10952 
12 3 17 224 10952 
12 3 31 223 10952 
12 3 47 224 10952 
12 4 1 223 10952 
12 4 17 224 10952 
12 4 31 223 10952 
12 4 47 224 10952 
12 5 1 223 10952 
12 5 17 224 10952 
12 5 31 223 10952 
12 5 47 224 10952 
12 6 1 223 10952 
12 6 17 224 10952 
12 6 31 223 10952 
12 6 47 224 10952 
12 7 2 223 10952 
12 7 17 224 10952 
12 7 32 223 10952 
12 7 47 224 10952 
12 8 2 223 10952 
12 8 17 224 10952 
12 8 32 223 10952 
12 8 47 224 10952 
12 9 2 223 10952 
12 9 17 224 10952 
12 9 32 223 10952 
12 9 47 224 10952 
12 10 2 223 10952 
12 10 17 224 10952 
12 10 54 224 10952 
12 11 9 224 10952 
12 11 24 223 10952 
12 11 39 224 10952 
12 11 54 223 10952 
12 12 9 224 10952 
12 12 24 223 10952 
12 12 39 223 10952 
12 12 54 224 10952 
12 13 9 223 10952 
12 13 24 224 10952 
12 13 39 223 10952 
12 13 54 224 10952 
12 14 9 223 10952 
12 14 24 224 10952 
12 14 39 223 10952 
12 14 54 224 10952 
12 15 9 223 10952 
12 15 24 224 10952 
12 15 39 223 10952 
12 15 54 224 10952 
12 16 9 223 10952 
12 16 39 225 10952 
12 16 54 224 10952 
12 17 9 223 10952 
12 17 24 224 10952 
12 17 54 225 10952 
12 18 9 224 10952 
12 18 24 223 10952 
12 18 39 224 10952 
12 18 54 223 10952 
12 19 9 224 10952 
12 19 24 223 10952 
12 19 39 224 10952 
12 19 54 223 10952 
12 20 9 224 10952 
12 20 24 223 10952 
12 20 39 224 10952 
12 20 54 223 10952 
12 21 9 224 10952 
12 21 24 223 10952 
12 21 39 224 10952 
12 21 54 223 10952 
12 22 9 224 10952 
12 22 24 223 10952 
12 22 39 224 10952 
12 22 54 223 10952 
12 23 9 224 10952 
12 23 24 223 10952 
12 23 39 224 10952 
12 23 54 223 10952 
12 24 9 224 10952 
12 24 24 223 10952 
12 24 39 224 10952 
12 24 54 223 10952 
12 25 9 224 10952 
12 25 24 223 10952 
12 26 1 224 10952 
12 26 16 223 10952 
12 26 31 223 10952 
12 27 1 225 10952 
12 27 16 224 10952 
12 27 31 223 10952 
12 27 46 224 10952 
12 28 1 223 10952 
12 28 16 224 10952 
12 28 31 223 10952 
12 28 46 224 10952 
12 29 1 223 10952 
12 29 16 224 10952 
12 29 31 223 10952 
12 29 46 224 10952 
12 30 1 223 10952 
12 30 16 224 10952 
12 30 31 223 10952 
12 30 46 224 10952 
12 31 1 223 10952 
12 31 16 224 10952 
12 31 31 223 10952 
12 31 46 224 10952 
12 32 1 223 10952 
12 32 16 224 10952 
12 32 31 223 10952 
12 32 46 224 10952 
12 33 1 223 10952 
12 33 16 224 10952 
12 33 31 223 10952 
12 33 46 224 10952 
12 34 1 223 10952 
12 34 16 224 10952 
12 34 31 223 10952 
12 34 46 224 10952 
12 35 1 223 10952 
12 35 16 224 10952 
12 35 31 223 10952 
12 35 46 224 10952 
12 36 1 223 10952 
12 36 16 224 10952 
12 36 31 223 10952 
12 36 46 224 10952 
12 37 1 223 10952 
12 37 16 224 10952 
12 37 31 223 10952 
12 37 46 224 10952 
12 38 1 223 10952 
12 38 16 223 10952 
12 38 31 224 10952 
12 38 46 223 10952 
12 39 1 224 10952 
12 39 16 223 10952 
12 39 31 224 10952 
12 39 46 223 10952 
12 40 1 224 10952 
12 40 16 223 10952 
12 40 31 224 10952 
12 41 8 224 10952 
12 41 23 223 10952 
12 41 38 224 10952 
12 41 53 223 10952 
12 42 8 224 10952 
12 42 23 223 10952 
12 42 38 223 10952 
12 43 8 225 10952 
12 43 23 224 10952 
12 43 38 223 10952 
12 43 53 224 10952 
12 44 8 223 10952 
12 44 23 224 10952 
12 44 38 223 10952 
12 44 53 224 10952 
12 45 8 223 10952 
12 45 23 224 10952 
12 45 38 223 10952 
12 45 53 224 10952 
12 46 8 223 10952 
12 46 23 224 10952 
12 46 38 223 10952 
12 46 53 224 10952 
12 47 8 223 10952 
12 47 23 224 10952 
12 47 38 223 10952 
12 47 53 224 10952 
12 48 8 223 10952 
12 48 23 224 10952 
12 48 38 223 10952 
12 48 53 224 10952 
12 49 8 223 10952 
12 49 23 224 10952 
12 49 38 223 10952 
12 49 53 224 10952 
12 50 8 223 10952 
12 50 23 224 10952 
12 50 38 223 10952 
12 50 53 224 10952 
12 51 8 223 10952 
12 51 23 223 10952 
12 51 38 224 10952 
12 51 53 223 10952 
12 52 8 224 10952 
12 52 23 223 10952 
12 52 38 224 10952 
12 52 53 223 10952 
12 53 8 224 10952 
12 53 23 223 10952 
12 53 53 225 10952 
12 54 8 223 10952 
12 54 23 224 10952 
12 54 38 223 10952 
12 54 53 224 10952 
12 55 8 223 11012 
12 55 23 224 10952 
12 55 38 223 10952 
12 56 15 224 10952 
12 56 30 223 10952 
12 56 45 224 10952 
12 57 0 223 10952 
12 57 15 224 10952 
12 57 30 223 10952 
12 57 45 224 10952 
12 58 0 223 10952 
12 58 15 224 10952 
12 58 30 223 10952 
12 58 45 224 10952 
12 59 0 223 10952 
12 59 15 224 10952 
12 59 30 223 10952 
12 59 45 224 10952 
13 0 0 223 10952 
13 0 15 224 10952 
13 0 30 223 10952 
13 0 45 224 10952 
13 1 15 225 10952 
13 1 30 224 10952 
13 1 45 223 10952 
13 2 0 224 10952 
13 2 15 223 10952 
13 2 30 224 10952 
13 2 45 223 10952 
13 3 0 224 10952 
13 3 15 223 10952 
13 3 45 225 10952 
13 4 0 223 10952 
13 4 15 224 10952 
13 4 30 223 10952 
13 4 45 223 10952 
13 5 0 224 10952 
13 5 15 223 10952 
13 5 30 224 10952 
13 6 0 225 10952 
13 6 15 224 10952 
13 6 30 223 10952 
13 6 45 224 10952 
13 7 0 223 10952 
13 7 15 224 10952 
13 7 30 223 10952 
13 7 45 224 10952 
13 8 0 223 10952 
13 8 15 224 10952 
13 8 30 223 10952 
13 8 45 224 10952 
13 9 0 223 10952 
13 9 15 224 10952 
13 9 30 223 10952 
13 9 45 224 10952 
13 10 0 223 10952 
13 10 15 224 10952 
13 10 30 223 10952 
13 10 45 224 10952 
13 11 22 224 10952 
13 11 37 224 10952 
13 11 52 223 10952 
13 12 7 224 10952 
13 12 22 223 10952 
13 12 37 224 10952 
13 12 52 223 10952 
13 13 7 223 10952 
13 13 22 224 10952 
13 13 37 223 10952 
13 13 52 224 10952 
13 14 7 223 10952 
13 14 22 224 10952 
13 14 37 223 10952 
13 14 52 224 10952 
13 15 7 224 10952 
13 15 22 223 10952 
13 15 37 224 10952 
13 15 52 223 10952 
13 16 7 224 10952 
13 16 22 223 10952 
13 16 37 224 10952 
13 16 52 223 10952 
13 17 7 224 10952 
13 17 22 223 10952 
13 17 37 223 10952 
13 17 52 224 10952 
13 18 7 223 10952 
13 18 22 224 10952 
13 18 37 223 10952 
13 18 52 224 10952 
13 19 7 223 10952 
13 19 22 224 10952 
13 19 37 223 10952 
13 19 52 224 10952 
13 20 7 223 10952 
13 20 22 224 10952 
13 20 37 223 10952 
13 20 52 224 10952 
13 21 7 223 10952 
13 21 22 224 10952 
13 21 37 223 10952 
13 21 52 224 10952 
13 22 7 223 10952 
13 22 22 224 10952 
13 22 37 223 10952 
13 22 52 224 10952 
13 23 7 223 10952 
13 23 22 224 10952 
13 23 37 223 10952 
13 23 52 224 10952 
13 24 7 223 10952 
13 24 22 224 10952 
13 24 37 223 10952 
13 24 52 224 10952 
13 25 7 223 10952 
13 25 22 224 10952 
13 25 37 223 10952 
13 25 52 224 10952 
13 26 29 224 10952 
13 26 44 223 10952 
13 27 14 225 10952 
13 27 29 224 10952 
13 27 44 223 10952 
13 27 59 224 10952 
13 28 14 223 10952 
13 28 29 224 10952 
13 28 44 223 10952 
13 28 59 224 10952 
13 29 14 223 10952 
13 29 29 224 10952 
13 29 44 223 10952 
13 29 59 224 10952 
13 30 14 223 10952 
13 30 29 224 10952 
13 30 44 223 10952 
13 30 59 223 10952 
13 31 14 224 10952 
13 31 29 223 10952 
13 31 44 224 10952 
13 31 59 223 10952 
13 32 14 224 10952 
13 32 29 223 10952 
13 32 44 224 10952 
13 32 59 223 10952 
13 33 14 224 10952 
13 33 29 223 10952 
13 33 44 224 10952 
13 33 59 223 10952 
13 34 14 224 10952 
13 34 29 223 10952 
13 34 44 224 10952 
13 34 59 223 10952 
13 35 14 224 10952 
13 35 29 223 10952 
13 35 44 224 10952 
13 35 59 223 10952 
13 36 14 224 10952 
13 36 29 223 10952 
13 36 44 224 10952 
13 36 59 223 10952 
13 37 14 224 10952 
13 37 29 223 10952 
13 37 44 224 10952 
13 38 14 225 10952 
13 38 29 224 10952 
13 38 44 223 10952 
13 38 59 224 10952 
13 39 14 223 10952 
13 39 29 224 10952 
13 39 44 223 10952 
13 39 59 224 10952 
13 40 14 223 10952 
13 40 29 224 10952 
13 40 44 223 10952 
13 40 59 224 10952 
13 41 36 224 10952 
13 41 51 223 10952 
13 42 6 224 10952 
13 42 21 223 10952 
13 42 36 224 10952 
13 42 51 223 10952 
13 43 6 223 10952 
13 43 21 224 10952 
13 43 36 223 10952 
13 43 51 223 10952 
13 44 36 225 10952 
13 44 51 224 10952 
13 45 6 223 10952 
13 45 21 224 10952 
13 45 36 223 10952 
13 45 51 224 10952 
13 46 6 223 10952 
13 46 21 224 10952 
13 46 36 223 10952 
13 46 51 224 10952 
13 47 6 223 10952 
13 47 21 224 10952 
13 47 36 224 10952 
13 47 51 223 10952 
13 48 6 224 10952 
13 48 21 223 10952 
13 48 36 224 10952 
13 48 51 223 10952 
13 49 6 224 10952 
13 49 21 223 10952 
13 49 36 224 10952 
13 49 51 223 10952 
13 50 6 224 10952 
13 50 21 223 10952 
13 50 36 224 10952 
13 50 51 223 10952 
13 51 6 224 10952 
13 51 21 223 10952 
13 51 36 224 10952 
13 51 51 223 10952 
13 52 6 224 10952 
13 52 21 223 10952 
13 52 36 224 10952 
13 52 51 223 10952 
13 53 6 224 10952 
13 53 21 223 10952 
13 53 36 224 10952 
13 53 51 223 10952 
13 54 6 224 10952 
13 54 21 223 10952 
13 54 36 224 10952 
13 54 51 223 10952 
13 55 6 224 10952 
13 55 21 223 10952 
13 55 36 224 10952 
13 55 51 223 10952 
13 56 6 224 10952 
13 56 59 224 10952 
13 57 14 223 10952 
13 57 29 224 10952 
13 57 44 223 10952 
13 57 59 224 10952 
13 58 14 223 10952 
13 58 29 224 10952 
13 58 44 223 10952 
13 58 59 224 10952 
13 59 14 223 10952 
13 59 29 224 10952 
13 59 44 223 10952 
13 59 59 224 10952 
14 0 14 223 10952 
14 0 29 224 10952 
14 0 44 223 10952 
14 0 59 224 10952 
14 1 14 223 10952 
14 1 29 224 10952 
14 1 44 223 10952 
14 1 59 224 10952 
14 2 14 223 10952 
14 2 29 224 10952 
14 2 44 223 10952 
14 2 59 224 10952 
14 3 14 223 10952 
14 3 29 224 10952 
14 3 44 223 10952 
14 3 59 224 10952 
14 4 14 223 10952 
14 4 29 224 10952 
14 4 44 223 10952 
14 4 59 224 10952 
14 5 14 223 10952 
14 5 29 224 10952 
14 5 44 223 10952 
14 5 59 224 10952 
14 6 14 223 10952 
14 6 29 224 10952 
14 6 44 223 10952 
14 6 59 224 10952 
14 7 14 223 10952 
14 7 29 224 10952 
14 7 44 223 10952 
14 7 59 224 10952 
14 8 14 223 10952 
14 8 29 224 10952 
14 8 44 223 10952 
14 8 59 224 10952 
14 9 14 223 10952 
14 9 29 224 10952 
14 9 44 223 10952 
14 9 59 224 10952 
14 10 14 223 10952 
14 10 29 224 10952 
14 10 44 223 10952 
14 10 59 224 10952 
14 11 14 223 10952 
14 11 52 224 10952 
14 12 7 224 10952 
14 12 22 223 10952 
14 12 37 224 10952 
14 12 52 223 10952 
14 13 7 223 10952 
14 13 37 225 10952 
14 13 52 223 10952 
14 14 7 224 10952 
14 14 22 223 10952 
14 14 37 224 10952 
14 14 52 223 10952 
14 15 7 224 10952 
14 15 22 223 10952 
14 15 37 224 10952 
14 15 52 223 10952 
14 16 7 224 10952 
14 16 22 223 10952 
14 16 37 224 10952 
14 16 52 223 10952 
14 17 7 224 10952 
14 17 22 223 10952 
14 17 37 224 10952 
14 17 52 223 10952 
14 18 7 224 10952 
14 18 22 223 10952 
14 18 37 224 10952 
14 18 52 223 10952 
14 19 7 224 10952 
14 19 22 223 10952 
14 19 37 224 10952 
14 19 52 224 10952 
14 20 7 223 10952 
14 20 22 224 10952 
14 20 37 223 10952 
14 20 52 224 10952 
14 21 7 223 10952 
14 21 22 224 10952 
14 21 37 223 10952 
14 21 52 224 10952 
14 22 7 223 10952 
14 22 22 224 10952 
14 22 37 223 10952 
14 22 52 224 10952 
14 23 7 223 10952 
14 23 22 224 10952 
14 23 37 223 10952 
14 23 52 224 10952 
14 24 7 223 10952 
14 24 22 224 10952 
14 24 37 223 10952 
14 24 52 224 10952 
14 25 7 223 10952 
14 25 22 224 10952 
14 25 37 223 10952 
14 25 52 223 10952 
14 26 22 225 10952 
14 27 0 224 10952 
14 27 30 225 10952 
14 27 45 224 10952 
14 28 0 223 10952 
14 28 15 224 10952 
14 28 30 223 10952 
14 28 45 224 10952 
14 29 0 223 10952 
14 29 15 224 10952 
14 29 30 223 10952 
14 29 45 224 10952 
14 30 0 223 10952 
14 30 15 224 10952 
14 30 30 223 10952 
14 30 45 224 10952 
14 31 0 223 10952 
14 31 15 224 10952 
14 31 30 223 10952 
14 31 45 224 10952 
14 32 0 223 10952 
14 32 15 224 10952 
14 32 30 223 10952 
14 32 45 224 10952 
14 33 0 223 10952 
14 33 15 224 10952 
14 33 30 223 10952 
14 33 45 224 10952 
14 34 0 223 10952 
14 34 15 224 10952 
14 34 30 223 10952 
14 34 45 224 10952 
14 35 0 223 10952 
14 35 15 224 10952 
14 35 30 223 10952 
14 35 45 224 10952 
14 36 15 225 10952 
14 36 30 224 10952 
14 36 45 223 10952 
14 37 0 224 10952 
14 37 15 223 10952 
14 37 30 224 10952 
14 37 45 223 10952 
14 38 0 224 10952 
14 38 15 223 10952 
14 38 30 224 10952 
14 38 45 223 10952 
14 39 0 224 10952 
14 39 15 223 10952 
14 39 30 223 10952 
14 39 45 224 10952 
14 40 0 223 10952 
14 40 15 224 10952 
14 40 30 223 10952 
14 40 45 224 10952 
14 41 0 223 10952 
14 41 15 224 10952 
14 41 30 223 10952 
14 42 8 224 10952 
14 42 23 224 10952 
14 42 38 223 10952 
14 42 53 224 10952 
14 43 8 223 10952 
14 43 23 224 10952 
14 43 38 223 10952 
14 43 53 223 10952 
14 44 8 224 10952 
14 44 23 223 10952 
14 44 38 224 10952 
14 44 53 223 10952 
14 45 8 224 10952 
14 45 23 223 10952 
14 45 38 224 11012 
14 45 53 223 10952 
14 46 8 224 10952 
14 46 23 223 10952 
14 46 38 224 10952 
14 46 53 223 10952 
14 47 8 224 10952 
14 47 23 223 10952 
14 47 38 224 10952 
14 47 53 223 10952 
14 48 8 224 10952 
14 48 23 223 10952 
14 48 38 224 10952 
14 48 53 223 10952 
14 49 8 224 10952 
14 49 23 223 10952 
14 49 38 224 10952 
14 49 53 223 10952 
14 50 8 224 10952 
14 50 23 223 10952 
14 50 38 224 10952 
14 50 53 223 10952 
14 51 8 224 10952 
14 51 23 223 10952 
14 51 38 224 10952 
14 51 53 223 11012 
14 52 8 224 11012 
14 52 23 223 10952 
14 52 38 224 10952 
14 52 53 223 10952 
14 53 8 224 10952 
14 53 23 223 10952 
14 53 38 224 10952 
14 53 53 223 10952 
14 54 8 224 11012 
14 54 23 223 10952 
14 54 38 224 10952 
14 54 53 223 10952 
14 55 8 224 10952 
14 55 23 223 10952 
14 55 38 224 10952 
14 55 53 223 10952 
14 56 8 224 10952 
14 56 23 223 10952 
14 56 38 224 10952 
14 57 16 224 10952 
14 57 31 223 10952 
14 57 46 223 10952 
14 58 1 224 10952 
14 58 16 223 10952 
14 58 31 224 10952 
14 58 46 223 10952 
14 59 1 224 10952 
14 59 16 223 10952 
14 59 31 224 10952 
14 59 46 223 10952 
15 0 1 224 10952 
15 0 16 223 10952 
15 0 31 224 10952 
15 0 46 223 10952 
15 1 1 224 10952 
15 1 16 223 10952 
15 1 31 224 10952 
15 1 46 223 10952 
15 2 1 224 10952 
15 2 16 223 10952 
15 2 31 224 10952 
15 2 46 223 10952 
15 3 1 224 11012 
15 3 16 223 10952 
15 3 31 224 10952 
15 3 46 223 10952 
15 4 1 224 10952 
15 4 16 223 10952 
15 4 31 224 10952 
15 4 46 223 10952 
15 5 1 223 10952 
15 5 16 224 10952 
15 5 31 223 10952 
15 5 46 224 10952 
15 6 1 223 10952 
15 6 16 224 10952 
15 6 31 223 10952 
15 6 46 224 10952 
15 7 1 223 10952 
15 7 16 224 10952 
15 7 31 223 10952 
15 7 46 224 10952 
15 8 1 223 10952 
15 8 16 224 10952 
15 8 31 223 10952 
15 8 46 224 10952 
15 9 1 223 10952 
15 9 16 224 10952 
15 9 31 223 10952 
15 9 46 224 10952 
15 10 1 223 11012 
15 10 16 224 11012 
15 10 31 223 10952 
15 10 46 224 10952 
15 11 1 223 10952 
15 11 16 224 10952 
15 11 31 223 11012 
15 11 46 224 10952 
15 12 24 224 10952 
15 12 39 223 10952 
15 13 9 225 10952 
15 13 24 223 10952 
15 13 39 223 10952 
15 13 54 224 10952 
15 14 9 223 10952 
15 14 24 224 10952 
15 14 39 223 10952 
15 14 54 224 10952 
15 15 9 223 10952 
15 15 24 224 10952 
15 15 39 223 10952 
15 15 54 224 10952 
15 16 9 223 11012 
15 16 24 224 11012 
15 16 39 223 10952 
15 16 54 224 10952 
15 17 9 223 10952 
15 17 24 224 10952 
15 17 39 223 11012 
15 17 54 224 10952 
15 18 9 223 10952 
15 18 24 223 10952 
15 18 39 224 10952 
15 18 54 224 10952 
15 19 9 223 10952 
15 19 24 223 11012 
15 19 39 224 10952 
15 19 54 223 10952 
15 20 9 224 10952 
15 20 24 223 11012 
15 20 39 224 11012 
15 20 54 223 10952 
15 21 9 224 11012 
15 21 24 223 11012 
15 21 39 224 11012 
15 21 54 223 10952 
15 22 9 224 10952 
15 22 24 223 11012 
15 22 39 224 11012 
15 22 54 223 10952 
15 23 9 224 10952 
15 23 24 223 10952 
15 23 39 224 10952 
15 23 54 223 11012 
15 24 9 224 11012 
15 24 24 224 10952 
15 24 39 223 11012 
15 24 54 224 11012 
15 25 9 223 11012 
15 25 24 224 11012 
15 25 39 223 11012 
15 25 54 224 11012 
15 26 9 223 10952 
15 26 24 224 10952 
15 26 39 223 11012 
15 26 54 224 10952 
15 27 31 224 11012 
15 27 46 223 11012 
15 28 1 224 11012 
15 28 16 223 11012 
15 28 31 224 11012 
15 28 46 223 11012 
15 29 1 224 10952 
15 29 16 223 11012 
15 29 31 224 10952 
15 29 46 223 10952 
15 30 1 224 10952 
15 30 16 223 10952 
15 30 31 224 10952 
15 30 46 223 10952 
15 31 1 224 10952 
15 31 16 223 11012 
15 31 31 223 10952 
15 31 46 224 11012 
15 32 1 223 11012 
15 32 16 224 11012 
15 32 46 225 11012 
15 33 1 224 11012 
15 33 16 223 10952 
15 33 31 224 10952 
15 33 46 223 10952 
15 34 1 224 10952 
15 34 16 223 11012 
15 34 31 224 11012 
15 34 46 223 11012 
15 35 1 224 11012 
15 35 16 223 10952 
15 35 31 224 11012 
15 35 46 223 11012 
15 36 1 224 11012 
15 36 16 223 10952 
15 36 31 224 11012 
15 36 46 223 10952 
15 37 1 224 11012 
15 37 16 223 10952 
15 37 31 224 10952 
15 37 46 223 10952 
15 38 1 224 10952 
15 38 16 223 10952 
15 38 31 224 10952 
15 38 46 223 10952 
15 39 1 224 10952 
15 39 16 223 10952 
15 39 31 224 11012 
15 39 46 223 11012 
15 40 1 224 10952 
15 40 16 223 10952 
15 40 31 224 10952 
15 40 46 223 10952 
15 41 1 224 10952 
15 41 16 223 10952 
15 41 31 224 10952 
15 41 46 223 10952 
15 42 1 224 10952 
15 42 39 224 10952 
15 42 54 224 11012 
15 43 9 223 10952 
15 43 24 224 10952 
15 43 39 223 10952 
15 43 54 223 10952 
15 44 9 224 10952 
15 44 24 223 10952 
15 44 39 223 10952 
15 44 54 224 10952 
15 45 9 223 10952 
15 45 24 224 10952 
15 45 39 223 10952 
15 45 54 224 10952 
15 46 9 223 10952 
15 46 24 224 10952 
15 46 39 223 10952 
15 46 54 224 10952 
15 47 9 223 10952 
15 47 24 224 10952 
15 47 45 176 9086 

/> 