14 44 21 224 10952 
14 44 36 223 10952 
14 44 51 224 10952 
14 45 6 223 10952 
14 45 21 224 10952 
14 45 36 223 10952 
14 45 51 224 10952 
14 46 21 225 10952 
14 46 36 224 10952 
14 46 51 223 10952 
14 47 6 224 10952 
14 47 21 223 10952 
14 47 36 224 10952 
14 47 51 224 10952 
14 48 6 223 10952 
14 48 21 224 10952 
14 48 36 223 10952 
14 48 51 224 10952 
14 49 6 223 10952 
14 49 21 224 11012 
14 49 36 223 10952 
14 49 51 224 10952 
14 50 6 223 10952 
14 50 21 224 11012 
14 50 36 223 10952 
14 50 51 224 11012 
14 51 6 223 11012 
14 51 21 224 10952 
14 51 36 223 11012 
14 51 51 224 10952 
14 52 6 223 10952 
14 52 21 224 10952 
14 52 36 223 10952 
14 52 51 224 10952 
14 53 6 223 10952 
14 53 21 224 10952 
14 54 13 224 10952 
14 54 28 223 10952 
14 54 43 224 10952 
14 54 58 223 10952 
14 55 13 224 11012 
14 55 28 223 10952 
14 55 43 224 10952 
14 55 58 223 10952 
14 56 13 224 11012 
14 56 28 223 10952 
14 56 43 224 10952 
14 56 58 223 10952 
14 57 13 224 10952 
14 57 28 223 10952 
14 57 43 224 10952 
14 57 58 223 10952 
14 58 13 224 10952 
14 58 28 223 10952 
14 58 43 224 10952 
14 58 58 223 11012 
14 59 13 224 11012 
14 59 28 223 10952 
14 59 43 224 11012 
14 59 58 223 10952 
15 0 13 224 11012 
15 0 28 223 11012 
15 0 43 224 11012 
15 0 58 223 11012 
15 1 13 224 10952 
15 1 28 223 10952 
15 1 43 224 10952 
15 1 58 223 11012 
15 2 13 224 11012 
15 2 28 223 11012 
15 2 43 224 10952 
15 2 58 223 11012 
15 3 13 224 11012 
15 3 28 223 10952 
15 3 43 224 11012 
15 3 58 223 11012 
15 4 13 224 11012 
15 4 28 223 11012 
15 4 43 224 11012 
15 4 58 223 11012 
15 5 13 224 11012 
15 5 28 223 11012 
15 5 43 224 10952 
15 5 58 223 11012 
15 6 13 224 11012 
15 6 28 223 11012 
15 6 43 224 11012 
15 6 58 223 11012 
15 7 13 224 11012 
15 7 28 223 10952 
15 7 43 224 11012 
15 7 58 223 11012 
15 8 13 224 11012 
15 8 28 223 11012 
15 9 5 224 11012 
15 9 20 223 11012 
15 9 35 224 11012 
15 9 50 223 11012 
15 10 5 224 11012 
15 10 20 223 11012 
15 10 35 224 11012 
15 10 50 223 11012 
15 11 5 224 11012 
15 11 20 223 10952 
15 11 35 224 11012 
15 11 50 223 11012 
15 12 5 224 11012 
15 12 20 223 11012 
15 12 35 224 11012 
15 12 50 223 11012 
15 13 5 224 11012 
15 13 20 223 11012 
15 13 35 224 11012 
15 13 50 223 11012 
15 14 5 224 11012 
15 14 20 223 11012 
15 14 35 224 11012 
15 14 50 223 11012 
15 15 5 224 11012 
15 15 20 223 11012 
15 15 35 224 11012 
15 16 5 225 11012 
15 16 20 224 11012 
15 16 35 223 11012 
15 16 50 224 11012 
15 17 5 223 11012 
15 17 20 224 10952 
15 17 35 223 11012 
15 17 50 224 11012 
15 18 5 223 11012 
15 18 20 224 11012 
15 18 35 223 11012 
15 18 50 224 11012 
15 19 5 223 11012 
15 19 20 224 11012 
15 19 35 223 11012 
15 19 50 224 11012 
15 20 5 223 11012 
15 20 20 224 11012 
15 20 35 223 10952 
15 20 50 224 11012 
15 21 5 224 11012 
15 21 20 223 11012 
15 21 35 224 11012 
15 21 50 223 11012 
15 22 5 224 11012 
15 22 20 223 10952 
15 22 35 224 11012 
15 22 50 223 11012 
15 23 5 224 11012 
15 23 20 223 11012 
15 23 35 224 11012 
15 24 27 224 11012 
15 24 42 223 11012 
15 24 57 223 11012 
15 25 12 224 11012 
15 25 27 223 11012 
15 25 42 224 11012 
15 25 57 223 11012 
15 26 12 224 11012 
15 26 27 223 11012 
15 26 42 224 11012 
15 26 57 223 11012 
15 27 12 224 11012 
15 27 27 223 11012 
15 27 57 225 11012 
15 28 12 224 11012 
15 28 27 223 11012 
15 28 42 224 11012 
15 28 57 223 11012 
15 29 12 224 11012 
15 29 27 223 11012 
15 29 42 224 11012 
15 29 57 223 11012 
15 30 12 224 11012 
15 30 27 223 11012 
15 30 42 224 11012 
15 30 57 223 11012 
15 31 12 224 11012 
15 31 27 223 11012 
15 31 42 224 11012 
15 31 57 223 11012 
15 32 12 224 11012 
15 32 27 223 11012 
15 32 42 224 11012 
15 32 57 223 11012 
15 33 12 224 11012 
15 33 27 223 11012 
15 33 42 224 11012 
15 33 57 223 11012 
15 34 12 224 11012 
15 34 27 223 11012 
15 34 42 224 11012 
15 34 57 223 11012 
15 35 12 224 11012 
15 35 27 223 11012 
15 35 42 224 11012 
15 35 57 223 11012 
15 36 12 224 11012 
15 36 27 223 11012 
15 36 42 224 11012 
15 36 57 223 11012 
15 37 12 223 11012 
15 37 27 224 11012 
15 37 42 223 11012 
15 37 57 224 11012 
15 38 12 223 11012 
15 38 27 224 11012 
15 38 42 223 11012 
15 39 19 224 11012 
15 39 34 223 11012 
15 39 49 224 10952 
15 40 4 223 11012 
15 40 19 224 10952 
15 40 34 223 11012 
15 40 49 223 11012 
15 41 4 224 11012 
15 41 19 223 11012 
15 41 34 224 11012 
15 41 49 223 11012 
15 42 4 224 11012 
15 42 19 223 11012 
15 42 34 224 11012 
15 42 49 223 11012 
15 43 4 224 10952 
15 43 19 223 11012 
15 43 34 224 11012 
15 43 49 223 11012 
15 44 4 224 11012 
15 44 19 223 11012 
15 44 34 224 10952 
15 44 49 223 11012 
15 45 4 224 11012 
15 45 19 223 11012 
15 45 34 224 11012 
15 45 49 223 10952 
15 46 4 224 11012 
15 46 19 223 11012 
15 46 34 224 11012 
15 46 49 223 10952 
15 47 4 224 11012 
15 47 19 223 11012 
15 47 34 224 11012 
15 47 49 223 11012 
15 48 4 224 11012 
15 48 19 223 11012 
15 48 34 224 10952 
15 48 49 223 11012 
15 49 4 224 11012 
15 49 19 223 11012 
15 49 34 224 11012 
15 49 49 223 11012 
15 50 4 224 11012 
15 50 19 223 10952 
15 50 34 224 11012 
15 50 49 223 11012 
15 51 4 224 11012 
15 51 19 223 11012 
15 51 34 224 10952 
15 51 49 223 11012 
15 52 4 224 11012 
15 52 19 223 11012 
15 52 34 224 10952 
15 52 49 223 11012 
15 53 4 224 11012 
15 53 19 223 11012 
15 53 34 224 11012 
15 53 49 223 11012 
15 54 26 224 11012 
15 54 41 223 11012 
15 54 56 224 11012 
15 55 11 223 11012 
15 55 26 224 11012 
15 55 41 223 11012 
15 55 56 224 11012 
15 56 11 223 11012 
15 56 26 224 11012 
15 56 41 223 11012 
15 56 56 224 11012 
15 57 11 223 11012 
15 57 26 224 11012 
15 57 41 223 11012 
15 57 56 224 11012 
15 58 11 223 11012 
15 58 26 224 10230 

/> 
ls
ls
<CR>
         TIME          Size       File name 
----A 2021/06/29 14:21     10360  0629
----A 2021/06/29 09:15    128640  06290900
----A 2021/06/29 09:31    128000  06290915
----A 2021/06/29 09:46    128640  06290931
----A 2021/06/29 10:01    128000  06290946
----A 2021/06/29 10:17    128640  06291001
----A 2021/06/29 10:31    128000  06291016
----A 2021/06/29 10:46    128640  06291031
----A 2021/06/29 11:03    128640  06291046
----A 2021/06/29 11:18    128640  06291101
----A 2021/06/29 11:31    128000  06291116
----A 2021/06/29 11:47    128640  06291132
----A 2021/06/29 12:02    128640  06291147
----A 2021/06/29 12:17    128640  06291202
----A 2021/06/29 12:33    128000  06291217
----A 2021/06/29 12:47    128640  06291232
----A 2021/06/29 13:02    128000  06291247
----A 2021/06/29 13:19    128640  06291302
----A 2021/06/29 13:35    128000  06291317
----A 2021/06/29 13:47    128640  06291332
----A 2021/06/29 14:03    128000  06291348
----A 2021/06/29 14:18    128640  06291403
----A 2021/06/29 14:19      2560  06291418
----A 2021/06/30 16:02      8288  0630
----A 2021/06/30 11:35      2560  06301135
----A 2021/06/30 12:23    128640  06301207
----A 2021/06/30 12:37    128640  06301222
----A 2021/06/30 12:54    128000  06301237
----A 2021/06/30 13:07    128640  06301252
----A 2021/06/30 13:23    128000  06301307
----A 2021/06/30 13:38    128640  06301323
----A 2021/06/30 13:53    128000  06301338
----A 2021/06/30 14:08    128640  06301353
----A 2021/06/30 14:23    128000  06301408
----A 2021/06/30 14:39    128640  06301423
----A 2021/06/30 14:55    128640  06301438
----A 2021/06/30 15:10    128640  06301453
----A 2021/06/30 15:23    128000  06301508
----A 2021/06/30 15:39    128640  06301523
----A 2021/06/30 15:54    128640  06301539
----A 2021/06/30 15:54      2560  06301554
----A 2021/07/01 16:08     13328  0701
----A 2021/07/01 09:27    128640  07010912
----A 2021/07/01 09:43    128000  07010927
----A 2021/07/01 09:57    128640  07010942
----A 2021/07/01 10:14    128000  07010957
----A 2021/07/01 10:27    128640  07011012
----A 2021/07/01 10:43    128000  07011027
----A 2021/07/01 10:59    128640  07011042
----A 2021/07/01 11:13    128000  07011058
----A 2021/07/01 11:28    128640  07011113
----A 2021/07/01 11:43    128000  07011128
----A 2021/07/01 11:59    128640  07011143
----A 2021/07/01 12:15    128000  07011158
----A 2021/07/01 12:30    128640  07011213
----A 2021/07/01 12:43    128640  07011228
----A 2021/07/01 12:59    128640  07011243
----A 2021/07/01 13:14    128640  07011259
----A 2021/07/01 13:29    128640  07011314
----A 2021/07/01 13:45    128640  07011329
----A 2021/07/01 13:59    128640  07011344
----A 2021/07/01 14:15    128000  07011359
----A 2021/07/01 14:31    128640  07011414
----A 2021/07/01 14:46    128000  07011429
----A 2021/07/01 14:59    128000  07011444
----A 2021/07/01 15:15    128000  07011500
----A 2021/07/01 15:30    128000  07011515
----A 2021/07/01 15:45    128000  07011530
----A 2021/07/01 16:01    128000  07011545
----A 2021/07/01 16:01      2560  07011600
----A 2021/07/02 15:50     12152  0702
----A 2021/07/02 09:02    128000  07020847
----A 2021/07/02 09:19    128000  07020902
----A 2021/07/02 09:35    128000  07020917
----A 2021/07/02 09:48    128000  07020933
----A 2021/07/02 10:03    128000  07020948
----A 2021/07/02 10:19    128000  07021003
----A 2021/07/02 10:33    128000  07021018
----A 2021/07/02 10:50    128640  07021033
----A 2021/07/02 11:03    128000  07021048
----A 2021/07/02 11:19    128000  07021103
----A 2021/07/02 11:35    128000  07021118
----A 2021/07/02 11:49    128000  07021134
----A 2021/07/02 12:04    128000  07021149
----A 2021/07/02 12:19    128000  07021204
----A 2021/07/02 12:35    128000  07021219
----A 2021/07/02 12:51    128000  07021234
----A 2021/07/02 13:06    128000  07021249
----A 2021/07/02 13:19    128000  07021304
----A 2021/07/02 13:35    128000  07021319
----A 2021/07/02 13:35      2560  07021335
----A 2021/07/02 14:54    128000  07021439
----A 2021/07/02 15:11    128000  07021454
----A 2021/07/02 15:27    128000  07021509
----A 2021/07/02 15:40    128000  07021525
----A 2021/07/02 15:40      2560  07021540
----A 2021/07/03 16:03     13800  0703
----A 2021/07/03 09:10    128000  07030855
----A 2021/07/03 09:27    128000  07030910
----A 2021/07/03 09:43    128000  07030926
----A 2021/07/03 09:56    128000  07030941
----A 2021/07/03 10:11    128000  07030956
----A 2021/07/03 10:27    128000  07031011
----A 2021/07/03 10:41    128000  07031026
----A 2021/07/03 10:58    128000  07031041
----A 2021/07/03 11:11    128000  07031056
----A 2021/07/03 11:27    128000  07031111
----A 2021/07/03 11:43    128000  07031126
----A 2021/07/03 11:57    128000  07031142
----A 2021/07/03 12:12    128000  07031157
----A 2021/07/03 12:27    128000  07031212
----A 2021/07/03 12:43    128000  07031227
----A 2021/07/03 12:59    128000  07031242
----A 2021/07/03 13:14    128000  07031257
----A 2021/07/03 13:27    128000  07031312
----A 2021/07/03 13:43    128000  07031327
----A 2021/07/03 13:58    128000  07031343
----A 2021/07/03 14:13    128640  07031358
----A 2021/07/03 14:28    128000  07031413
----A 2021/07/03 14:43    128000  07031428
----A 2021/07/03 14:59    128000  07031443
----A 2021/07/03 15:15    128000  07031458
----A 2021/07/03 15:30    128000  07031513
----A 2021/07/03 15:43    128000  07031528
----A 2021/07/03 15:59    128000  07031543
----A 2021/07/03 15:59      2560  07031559
----A 2021/07/04 15:53     12352  0704
----A 2021/07/04 09:47    128000  07040930
----A 2021/07/04 10:01    128000  07040946
----A 2021/07/04 10:16    128000  07041001
----A 2021/07/04 10:31    128000  07041016
----A 2021/07/04 10:47    128000  07041031
----A 2021/07/04 11:03    128000  07041046
----A 2021/07/04 11:18    128000  07041101
----A 2021/07/04 11:31    128000  07041116
----A 2021/07/04 11:47    128000  07041131
----A 2021/07/04 12:02    128000  07041147
----A 2021/07/04 12:17    128000  07041202
----A 2021/07/04 12:32    128000  07041217
----A 2021/07/04 12:47    128000  07041232
----A 2021/07/04 13:03    128000  07041247
----A 2021/07/04 13:19    128000  07041302
----A 2021/07/04 13:34    128000  07041317
----A 2021/07/04 13:47    128000  07041332
----A 2021/07/04 14:03    128000  07041347
----A 2021/07/04 14:18    128000  07041403
----A 2021/07/04 14:33    128000  07041418
----A 2021/07/04 14:49    128000  07041433
----A 2021/07/04 15:03    128000  07041448
----A 2021/07/04 15:18    128000  07041503
----A 2021/07/04 15:35    128000  07041518
----A 2021/07/04 15:51    128000  07041533
----A 2021/07/04 15:49      2560  07041549

 153 File(s),  17907720 bytes total
   0 Dir(s),     982560K bytes free

/> 
read 0704

read 0704
<CR>Time:2021/07/04 15:4907/04 15:49
Hours Minutes Seconds  Nb_Samples    Aver. Current 
9 16 18 224 9980 
9 16 33 219 10899 
9 17 35 224 11021 
9 17 50 223 11021 
9 18 5 224 11021 
9 18 20 223 11021 
9 18 35 224 11021 
9 18 50 223 11021 
9 19 5 224 11021 
9 19 20 223 11021 
9 19 35 224 11021 
9 19 50 223 11021 
9 20 5 224 11021 
9 20 20 223 11021 
9 20 35 224 11021 
9 20 50 223 11021 
9 21 5 224 11021 
9 21 20 223 11021 
9 21 35 224 11021 
9 21 50 223 11021 
9 22 5 224 11021 
9 22 20 223 11021 
9 22 35 224 11021 
9 22 50 223 11021 
9 23 5 224 11021 
9 23 20 223 11021 
9 23 35 224 11021 
9 23 50 223 11021 
9 24 5 224 11021 
9 24 20 223 11021 
9 24 35 224 11021 
9 24 50 223 11021 
9 25 5 224 11021 
9 25 20 223 11021 
9 25 35 224 11021 
9 25 50 223 11021 
9 26 5 224 11021 
9 26 20 223 11021 
9 26 35 224 11021 
9 26 50 223 11021 
9 27 5 223 11021 
9 27 20 224 11021 
9 27 35 223 11021 
9 27 50 224 11021 
9 28 5 223 11021 
9 28 20 224 11021 
9 28 35 223 11021 
9 28 50 224 11021 
9 29 5 223 11021 
9 29 20 224 11021 
9 29 35 223 11021 
9 29 50 224 11021 
9 30 5 223 11021 
9 30 20 224 11021 
9 30 35 223 11021 
9 30 50 224 11021 
9 31 27 224 11021 
9 31 42 224 11021 
9 31 57 223 11021 
9 32 12 224 11021 
9 32 27 223 11021 
9 32 42 224 11021 
9 32 57 223 11021 
9 33 12 224 11021 
9 33 27 223 11021 
9 33 42 224 11021 
9 33 57 223 11021 
9 34 12 224 11021 
9 34 27 223 11021 
9 34 42 224 11021 
9 34 57 223 11021 
9 35 12 224 11021 
9 35 27 223 11021 
9 35 42 224 11021 
9 35 57 223 11021 
9 36 12 224 11021 
9 36 27 223 11021 
9 36 42 224 11021 
9 36 57 223 11021 
9 37 12 224 11021 
9 37 27 223 11021 
9 37 42 224 11021 
9 37 57 223 11021 
9 38 12 224 11021 
9 38 27 223 11021 
9 38 42 224 11021 
9 38 57 223 11021 
9 39 12 224 11021 
9 39 27 223 11021 
9 39 42 224 11021 
9 39 57 223 11021 
9 40 12 224 11021 
9 40 27 223 11021 
9 40 42 224 11021 
9 40 57 223 11021 
9 41 12 223 11021 
9 41 27 224 11021 
9 41 42 223 11021 
9 41 57 224 11021 
9 42 12 223 11021 
9 42 27 224 11021 
9 42 42 223 11021 
9 42 57 223 11021 
9 43 12 224 11021 
9 43 27 223 11021 
9 43 42 224 11021 
9 43 57 223 11021 
9 44 12 224 11021 
9 44 27 223 11021 
9 44 42 224 11021 
9 44 57 223 11021 
9 45 12 224 11021 
9 45 27 223 11021 
9 45 42 224 11021 
9 45 57 223 11021 
9 46 34 224 11021 
9 46 49 224 11021 
9 47 4 223 11021 
9 47 19 224 11021 
9 47 34 223 11021 
9 47 49 224 11021 
9 48 4 223 11021 
9 48 19 224 11021 
9 48 34 223 11021 
9 48 49 224 11021 
9 49 4 223 11021 
9 49 19 224 11021 
9 49 34 223 11021 
9 49 49 224 11021 
9 50 4 223 11021 
9 50 19 224 11021 
9 50 34 223 11021 
9 50 49 224 11021 
9 51 4 223 11021 
9 51 19 224 11021 
9 51 34 223 11021 
9 51 49 224 11021 
9 52 4 223 11021 
9 52 19 224 11021 
9 52 34 223 11021 
9 52 49 224 11021 
9 53 4 223 11021 
9 53 19 224 11021 
9 53 34 223 11021 
9 53 49 224 11021 
9 54 4 223 11021 
9 54 19 224 11021 
9 54 34 223 11021 
9 54 49 224 11021 
9 55 4 223 11021 
9 55 19 224 11021 
9 55 34 223 11021 
9 55 49 224 11021 
9 56 4 223 11021 
9 56 19 223 11021 
9 56 34 224 11021 
9 56 49 223 11021 
9 57 4 224 11021 
9 57 19 223 11021 
9 57 34 224 11021 
9 57 49 223 11021 
9 58 4 223 11021 
9 58 19 224 11021 
9 58 34 223 11021 
9 58 49 224 11021 
9 59 4 223 11021 
9 59 19 224 11021 
9 59 34 223 11021 
9 59 49 224 11021 
10 0 4 223 11021 
10 0 19 224 11021 
10 0 34 223 11021 
10 0 49 224 11021 
10 1 4 223 11021 
10 1 41 224 11021 
10 1 56 223 11021 
10 2 11 224 11021 
10 2 26 224 11021 
10 2 41 223 11021 
10 2 56 224 11021 
10 3 11 223 11021 
10 3 26 224 11021 
10 3 41 223 11021 
10 3 56 224 11021 
10 4 11 223 11021 
10 4 26 224 11021 
10 4 41 223 11021 
10 4 56 224 11021 
10 5 11 223 11021 
10 5 26 224 11021 
10 5 41 223 11021 
10 5 56 224 11021 
10 6 11 223 11021 
10 6 26 224 11021 
10 6 41 223 11021 
10 6 56 224 11021 
10 7 11 223 11021 
10 7 26 224 11021 
10 7 41 223 11021 
10 7 56 224 11021 
10 8 11 223 11021 
10 8 26 224 11021 
10 8 41 223 11021 
10 8 56 224 11021 
10 9 11 223 11021 
10 9 26 223 11021 
10 9 41 224 11021 
10 9 56 223 11021 
10 10 11 224 11021 
10 10 26 223 11021 
10 10 41 224 11021 
10 10 56 223 11021 
10 11 11 224 11021 
10 11 26 223 11021 
10 11 41 224 11021 
10 11 56 223 11021 
10 12 11 224 11021 
10 12 26 223 11021 
10 12 41 224 11021 
10 12 56 223 11021 
10 13 11 223 11021 
10 13 26 224 11021 
10 13 41 223 11021 
10 13 56 224 11021 
10 14 11 223 11021 
10 14 26 224 11021 
10 14 41 223 11021 
10 14 56 224 11021 
10 15 11 223 11021 
10 15 26 224 11021 
10 15 41 223 11021 
10 15 56 224 11021 
10 16 11 223 11021 
10 16 48 224 11021 
10 17 3 224 11021 
10 17 18 223 11021 
10 17 33 224 11021 
10 17 48 223 11021 
10 18 3 224 11021 
10 18 18 223 11021 
10 18 33 224 11021 
10 18 48 223 11021 
10 19 3 224 11021 
10 19 18 223 11021 
10 19 33 224 11021 
10 19 48 223 11021 
10 20 3 224 11021 
10 20 18 223 11021 
10 20 33 224 11021 
10 20 48 223 11021 
10 21 3 224 11021 
10 21 18 223 11021 
10 21 33 224 11021 
10 21 48 223 11021 
10 22 3 224 11021 
10 22 18 223 11021 
10 22 33 223 11021 
10 22 48 224 11021 
10 23 3 223 11021 
10 23 18 224 11021 
10 23 33 223 11021 
10 23 48 224 11021 
10 24 3 223 11021 
10 24 18 224 11021 
10 24 33 223 11021 
10 24 48 224 11021 
10 25 3 223 11021 
10 25 18 224 11021 
10 25 33 223 11021 
10 25 48 224 11021 
10 26 3 223 11021 
10 26 18 224 11021 
10 26 33 223 11021 
10 26 48 224 11021 
10 27 3 223 11021 
10 27 18 224 11021 
10 27 33 223 11021 
10 27 48 224 11021 
10 28 3 223 11021 
10 28 18 224 11021 
10 28 33 223 11021 
10 28 48 224 11021 
10 29 3 223 11021 
10 29 18 224 11021 
10 29 33 223 11021 
10 29 48 224 11021 
10 30 3 223 11021 
10 30 18 224 11021 
10 30 33 223 11021 
10 30 48 224 11021 
10 31 3 223 11021 
10 31 18 224 11021 
10 31 55 224 11021 
10 32 10 223 11021 
10 32 25 223 11021 
10 32 40 224 11021 
10 32 55 223 11021 
10 33 10 224 11021 
10 33 25 223 11021 
10 33 40 224 11021 
10 33 55 223 11021 
10 34 10 224 11021 
10 34 25 223 11021 
10 34 40 224 11021 
10 34 55 223 11021 
10 35 10 224 11021 
10 35 25 223 11021 
10 35 40 223 11021 
10 35 55 224 11021 
10 36 10 223 11021 
10 36 25 224 11021 
10 36 40 223 11021 
10 36 55 224 11021 
10 37 10 223 11021 
10 37 25 224 11021 
10 37 40 223 11021 
10 37 55 224 11021 
10 38 10 223 11021 
10 38 25 224 11021 
10 38 40 223 11021 
10 38 55 224 11021 
10 39 10 223 11021 
10 39 25 224 11021 
10 39 40 223 11021 
10 39 55 224 11021 
10 40 10 223 11021 
10 40 25 224 11021 
10 40 40 223 11021 
10 40 55 224 11021 
10 41 10 223 11021 
10 41 25 224 11021 
10 41 40 223 11021 
10 41 55 224 11021 
10 42 10 223 11021 
10 42 25 224 11021 
10 42 40 223 11021 
10 42 55 224 11021 
10 43 10 223 11021 
10 43 25 224 11021 
10 43 40 223 11021 
10 43 55 224 11021 
10 44 10 223 11021 
10 44 25 224 11021 
10 44 40 223 11021 
10 44 55 224 11021 
10 45 10 223 11021 
10 45 25 224 11021 
10 45 40 224 11021 
10 45 55 223 11021 
10 46 10 224 11021 
10 46 25 223 11021 
10 47 2 224 11021 
10 47 17 223 11021 
10 47 32 224 11021 
10 47 47 223 11021 
10 48 2 223 11021 
10 48 17 224 11021 
10 48 32 223 11021 
10 48 47 223 11021 
10 49 2 224 11021 
10 49 17 223 11021 
10 49 33 224 11021 
10 49 47 223 11021 
10 50 3 224 11021 
10 50 17 223 11021 
10 50 33 224 11021 
10 50 47 223 11021 
10 51 3 224 11021 
10 51 17 223 11021 
10 51 33 224 11021 
10 51 47 223 11021 
10 52 3 224 11021 
10 52 17 223 11021 
10 52 33 224 11021 
10 52 47 223 11021 
10 53 3 224 11021 
10 53 17 223 11021 
10 53 33 224 11021 
10 53 47 223 11021 
10 54 3 224 11021 
10 54 17 223 11021 
10 54 33 224 11021 
10 54 47 223 11021 
10 55 3 224 11021 
10 55 18 223 11021 
10 55 33 224 11021 
10 55 48 223 11021 
10 56 3 224 11021 
10 56 18 223 11021 
10 56 33 224 11021 
10 56 48 223 11021 
10 57 3 224 11021 
10 57 18 223 11021 
10 57 33 224 11021 
10 57 48 223 11021 
10 58 3 224 11021 
10 58 18 223 11021 
10 58 33 224 11021 
10 58 48 223 11021 
10 59 3 224 11021 
10 59 18 223 11021 
10 59 33 224 11021 
10 59 48 223 11021 
11 0 3 224 11021 
11 0 18 223 11021 
11 0 33 224 11021 
11 0 48 223 11021 
11 1 3 224 11021 
11 1 18 223 11021 
11 1 33 224 11021 
11 2 10 224 11021 
11 2 25 223 11021 
11 2 40 223 11021 
11 2 55 224 11021 
11 3 10 223 11021 
11 3 25 224 11021 
11 3 40 223 11021 
11 3 55 224 11021 
11 4 10 223 11021 
11 4 25 224 11021 
11 4 40 223 11021 
11 4 55 224 11021 
11 5 10 223 11021 
11 5 25 224 11021 
11 5 40 223 11021 
11 5 55 224 11021 
11 6 10 223 11021 
11 6 25 224 11021 
11 6 40 223 11021 
11 6 55 224 11021 
11 7 10 223 11021 
11 7 25 224 11021 
11 7 40 223 11021 
11 7 55 224 11021 
11 8 10 223 11021 
11 8 25 224 11021 
11 8 40 223 11021 
11 8 55 224 11021 
11 9 10 223 11021 
11 9 25 224 11021 
11 9 40 223 11021 
11 9 55 224 11021 
11 10 10 223 11021 
11 10 25 224 11021 
11 10 40 223 11021 
11 10 55 224 11021 
11 11 10 223 11021 
11 11 25 224 11021 
11 11 40 223 11021 
11 11 55 224 11021 
11 12 10 223 11021 
11 12 25 224 11021 
11 12 40 223 11021 
11 12 55 224 11021 
11 13 10 223 11021 
11 13 25 224 11021 
11 13 40 223 11021 
11 13 55 224 11021 
11 14 10 223 11021 
11 14 25 224 11021 
11 14 40 223 11021 
11 14 55 224 11021 
11 15 10 223 11021 
11 15 25 224 11021 
11 15 40 223 11021 
11 15 55 224 11021 
11 16 10 223 11021 
11 16 25 224 11021 
11 16 40 223 11021 
11 17 17 224 11021 
11 17 32 224 11021 
11 17 47 223 11021 
11 18 2 224 11021 
11 18 17 223 11021 
11 18 32 223 11021 
11 18 47 224 11021 
11 19 2 223 11021 
11 19 17 224 11021 
11 19 32 223 11021 
11 19 47 224 11021 
11 20 2 223 11021 
11 20 17 224 11021 
11 20 32 223 11021 
11 20 47 224 11021 
11 21 2 223 11021 
11 21 17 224 11021 
11 21 32 223 11021 
11 21 47 224 11021 
11 22 2 223 11021 
11 22 17 224 11021 
11 22 32 223 11021 
11 22 47 224 11021 
11 23 2 223 11021 
11 23 17 224 11021 
11 23 32 223 11021 
11 23 47 224 11021 
11 24 2 223 11021 
11 24 17 224 11021 
11 24 32 223 11021 
11 24 47 224 11021 
11 25 2 223 11021 
11 25 17 224 11021 
11 25 32 224 11021 
11 25 47 223 11021 
11 26 2 224 11021 
11 26 17 223 11021 
11 26 32 224 11021 
11 26 47 223 11021 
11 27 2 224 11021 
11 27 17 223 11021 
11 27 32 224 11021 
11 27 47 223 11021 
11 28 2 224 11021 
11 28 17 223 11021 
11 28 32 224 11021 
11 28 47 223 11021 
11 29 2 224 11021 
11 29 17 223 11021 
11 29 32 224 11021 
11 29 47 223 11021 
11 30 2 224 11021 
11 30 17 223 11021 
11 30 32 223 11021 
11 30 47 224 11021 
11 31 2 223 11021 
11 31 17 224 11021 
11 31 32 223 11021 
11 31 47 224 11021 
11 32 24 224 11021 
11 32 39 223 11021 
11 32 54 223 11021 
11 33 9 224 11021 
11 33 24 223 11021 
11 33 39 224 11021 
11 33 54 223 11021 
11 34 9 224 11021 
11 34 24 223 11021 
11 34 39 224 11021 
11 34 54 223 11021 
11 35 9 224 11021 
11 35 24 223 11021 
11 35 39 224 11021 
11 35 54 223 11021 
11 36 9 224 11021 
11 36 24 223 11021 
11 36 39 224 11021 
11 36 54 223 11021 
11 37 9 224 11021 
11 37 24 223 11021 
11 37 39 224 11021 
11 37 54 223 11021 
11 38 9 224 11021 
11 38 24 223 11021 
11 38 39 224 11021 
11 38 54 223 11021 
11 39 9 224 11021 
11 39 24 223 11021 
11 39 39 224 11021 
11 39 54 223 11021 
11 40 9 224 11021 
11 40 24 223 11021 
11 40 39 224 11021 
11 40 54 223 11021 
11 41 9 224 11021 
11 41 24 223 11021 
11 41 39 224 11021 
11 41 54 223 11021 
11 42 9 224 11021 
11 42 24 223 11021 
11 42 39 224 11021 
11 42 54 223 11021 
11 43 9 224 11021 
11 43 24 223 11021 
11 43 39 223 11021 
11 43 54 224 11021 
11 44 9 223 11021 
11 44 24 224 11021 
11 44 39 223 11021 
11 44 54 224 11021 
11 45 9 223 11021 
11 45 24 224 11021 
11 45 39 223 11021 
11 45 54 224 11021 
11 46 9 223 11021 
11 46 24 224 11021 
11 46 39 223 11021 
11 46 54 224 11021 
11 47 31 224 11021 
11 47 46 224 11021 
11 48 1 223 11021 
11 48 16 224 11021 
11 48 31 223 11021 
11 48 46 223 11021 
11 49 1 224 11021 
11 49 16 223 11021 
11 49 31 224 11021 
11 49 46 223 11021 
11 50 1 224 11021 
11 50 16 223 11021 
11 50 31 224 11021 
11 50 46 223 11021 
11 51 1 224 11021 
11 51 16 223 11021 
11 51 31 224 11021 
11 51 46 223 11021 
11 52 1 224 11021 
11 52 16 223 11021 
11 52 31 224 11021 
11 52 46 223 11021 
11 53 1 224 11021 
11 53 16 223 11021 
11 53 31 224 11021 
11 53 46 223 11021 
11 54 1 224 11021 
11 54 16 223 11021 
11 54 31 224 11021 
11 54 46 223 11021 
11 55 1 224 11021 
11 55 16 223 11021 
11 55 31 224 11021 
11 55 46 223 11021 
11 56 1 224 11021 
11 56 16 223 11021 
11 56 31 224 11021 
11 56 46 223 11021 
11 57 1 223 11021 
11 57 16 224 11021 
11 57 31 223 11021 
11 57 46 224 11021 
11 58 1 223 11021 
11 58 16 224 11021 
11 58 31 223 11021 
11 58 46 224 11021 
11 59 1 223 11021 
11 59 16 224 11021 
11 59 31 223 11021 
11 59 46 224 11021 
12 0 1 223 11021 
12 0 16 224 11021 
12 0 31 223 11021 
12 0 46 224 11021 
12 1 1 223 11021 
12 1 16 224 11021 
12 1 31 223 11021 
12 1 46 224 11021 
12 2 1 223 11021 
12 2 38 224 11021 
12 2 53 223 11021 
12 3 8 223 11021 
12 3 23 224 11021 
12 3 38 223 11021 
12 3 53 224 11021 
12 4 8 224 11021 
12 4 23 223 11021 
12 4 38 224 11021 
12 4 53 223 11021 
12 5 8 224 11021 
12 5 23 223 11021 
12 5 38 224 11021 
12 5 53 223 11021 
12 6 8 224 11021 
12 6 23 223 11021 
12 6 38 224 11021 
12 6 53 223 11021 
12 7 8 224 11021 
12 7 23 223 11021 
12 7 38 224 11021 
12 7 53 223 11021 
12 8 8 224 11021 
12 8 23 223 11021 
12 8 38 224 11021 
12 8 53 223 11021 
12 9 8 224 11021 
12 9 23 223 11021 
12 9 38 224 11021 
12 9 53 223 11021 
12 10 8 223 11021 
12 10 23 224 11021 
12 10 38 223 11021 
12 10 53 224 11021 
12 11 8 223 11021 
12 11 23 224 11021 
12 11 38 223 11021 
12 11 53 224 11021 
12 12 8 223 11021 
12 12 23 224 11021 
12 12 38 223 11021 
12 12 53 224 11021 
12 13 8 223 11021 
12 13 23 224 11021 
12 13 38 223 11021 
12 13 53 224 11021 
12 14 8 223 11021 
12 14 23 224 11021 
12 14 38 223 11021 
12 14 53 224 11021 
12 15 8 223 11021 
12 15 23 224 11021 
12 15 38 223 11021 
12 15 53 224 11021 
12 16 8 223 11021 
12 16 23 224 11021 
12 16 38 223 11021 
12 16 53 224 11021 
12 17 8 223 11021 
12 17 45 224 11021 
12 18 0 223 11021 
12 18 15 224 11021 
12 18 30 223 11021 
12 18 45 223 11021 
12 19 0 224 11021 
12 19 15 223 11021 
12 19 30 224 11021 
12 19 45 223 11021 
12 20 0 224 11021 
12 20 15 223 11021 
12 20 30 224 11021 
12 20 45 223 11021 
12 21 0 224 11021 
12 21 15 223 11021 
12 21 30 224 11021 
12 21 45 223 11021 
12 22 0 224 11021 
12 22 15 223 11021 
12 22 30 224 11021 
12 22 45 223 11021 
12 23 0 223 11021 
12 23 15 224 11021 
12 23 30 223 11021 
12 23 45 224 11021 
12 24 0 223 11021 
12 24 15 224 11021 
12 24 30 223 11021 
12 24 45 224 11021 
12 25 0 223 11021 
12 25 15 224 11021 
12 25 30 223 11021 
12 25 45 224 11021 
12 26 0 223 11021 
12 26 15 224 11021 
12 26 30 223 11021 
12 26 45 224 11021 
12 27 0 223 11021 
12 27 15 224 11021 
12 27 30 223 11021 
12 27 45 224 11021 
12 28 0 223 11021 
12 28 15 224 11021 
12 28 30 223 11021 
12 28 45 224 11021 
12 29 0 223 11021 
12 29 15 224 11021 
12 29 30 223 11021 
12 29 45 224 11021 
12 30 0 223 11021 
12 30 15 224 11021 
12 30 30 223 11021 
12 30 45 224 11021 
12 31 0 223 11021 
12 31 15 224 11021 
12 31 30 223 11021 
12 31 45 224 11021 
12 32 0 223 11021 
12 32 15 224 11021 
12 32 52 224 11021 
12 33 7 223 11021 
12 33 22 223 11021 
12 33 37 224 11021 
12 33 52 223 11021 
12 34 7 224 11021 
12 34 22 223 11021 
12 34 37 224 11021 
12 34 52 223 11021 
12 35 7 224 11021 
12 35 22 223 11021 
12 35 37 224 11021 
12 35 52 223 11021 
12 36 7 223 11021 
12 36 22 224 11021 
12 36 37 223 11021 
12 36 52 224 11021 
12 37 7 223 11021 
12 37 22 224 11021 
12 37 37 223 11021 
12 37 52 224 11021 
12 38 7 223 11021 
12 38 22 224 11021 
12 38 37 223 11021 
12 38 52 224 11021 
12 39 7 223 11021 
12 39 22 224 11021 
12 39 37 223 11021 
12 39 52 224 11021 
12 40 7 223 11021 
12 40 22 224 11021 
12 40 37 223 11021 
12 40 52 224 11021 
12 41 7 223 11021 
12 41 22 224 11021 
12 41 37 223 11021 
12 41 52 224 11021 
12 42 7 223 11021 
12 42 22 224 11021 
12 42 37 223 11021 
12 42 52 224 11021 
12 43 8 224 11021 
12 43 22 223 11021 
12 43 38 224 11021 
12 43 52 223 11021 
12 44 8 224 11021 
12 44 22 223 11021 
12 44 38 224 11021 
12 44 53 223 11021 
12 45 8 224 11021 
12 45 23 223 11021 
12 45 38 224 11021 
12 45 53 223 11021 
12 46 8 224 11021 
12 46 23 223 11021 
12 46 38 224 11021 
12 46 53 223 11021 
12 47 8 224 11021 
12 47 23 223 11021 
12 48 0 224 11021 
12 48 15 223 11021 
12 48 30 224 11021 
12 48 45 223 11021 
12 49 0 223 11021 
12 49 15 223 11021 
12 49 30 224 11021 
12 49 45 223 11021 
12 50 0 224 11021 
12 50 15 223 11021 
12 50 30 224 11021 
12 50 45 223 11021 
12 51 0 224 11021 
12 51 15 223 11021 
12 51 30 224 11021 
12 51 45 223 11021 
12 52 0 224 11021 
12 52 15 223 11021 
12 52 30 224 11021 
12 52 45 223 11021 
12 53 0 224 11021 
12 53 15 223 11021 
12 53 30 224 11021 
12 53 45 223 11021 
12 54 0 224 11021 
12 54 15 223 11021 
12 54 30 224 11021 
12 54 45 223 11021 
12 55 0 224 11021 
12 55 15 223 11021 
12 55 30 224 11021 
12 55 45 223 11021 
12 56 0 224 11021 
12 56 15 223 11021 
12 56 30 224 11021 
12 56 45 223 11021 
12 57 0 224 11021 
12 57 15 223 11021 
12 57 30 224 11021 
12 57 45 223 11021 
12 58 0 224 11021 
12 58 15 223 11021 
12 58 30 224 11021 
12 58 45 223 11021 
12 59 0 224 11021 
12 59 15 223 11021 
12 59 30 224 11021 
12 59 45 223 11021 
13 0 0 224 11021 
13 0 15 223 11021 
13 0 30 224 11021 
13 0 45 223 11021 
13 1 0 224 11021 
13 1 15 223 11021 
13 1 30 224 11021 
13 1 45 223 11021 
13 2 0 224 11021 
13 2 15 223 11021 
13 2 30 224 11021 
13 3 7 224 11021 
13 3 22 223 11021 
13 3 37 224 11021 
13 3 52 223 11021 
13 4 7 224 11021 
13 4 22 223 11021 
13 4 37 224 11021 
13 4 52 223 11021 
13 5 7 224 11021 
13 5 22 223 11021 
13 5 37 224 11021 
13 5 52 223 11021 
13 6 7 224 11021 
13 6 22 223 11021 
13 6 37 224 11021 
13 6 52 223 11021 
13 7 7 224 11021 
13 7 22 223 11021 
13 7 37 224 11021 
13 7 52 223 11021 
13 8 7 224 11021 
13 8 22 223 11021 
13 8 37 224 11021 
13 8 52 223 11021 
13 9 7 224 11021 
13 9 22 223 11021 
13 9 37 224 11021 
13 9 52 223 11021 
13 10 7 224 11021 
13 10 22 223 11021 
13 10 37 224 11021 
13 10 52 223 11021 
13 11 7 224 11021 
13 11 22 223 11021 
13 11 37 224 11021 
13 11 52 223 11021 
13 12 7 224 11021 
13 12 22 223 11021 
13 12 37 224 11021 
13 12 52 223 11021 
13 13 7 224 11021 
13 13 22 223 11021 
13 13 37 224 11021 
13 13 52 223 11021 
13 14 7 224 11021 
13 14 22 223 11021 
13 14 37 224 11021 
13 14 52 223 11021 
13 15 7 224 11021 
13 15 22 223 11021 
13 15 37 224 11021 
13 15 52 223 11021 
13 16 7 224 11021 
13 16 22 223 11021 
13 16 37 224 11021 
13 16 52 224 11021 
13 17 7 223 11021 
13 17 22 223 11021 
13 17 37 224 11021 
13 18 14 224 11021 
13 18 29 224 11021 
13 18 44 223 11021 
13 18 59 224 11021 
13 19 14 223 11021 
13 19 29 223 11021 
13 19 44 224 11021 
13 19 59 223 11021 
13 20 14 224 11021 
13 20 29 223 11021 
13 20 44 224 11021 
13 20 59 223 11021 
13 21 14 224 11021 
13 21 29 224 11021 
13 21 44 223 11021 
13 21 59 224 11021 
13 22 14 223 11021 
13 22 29 224 11021 
13 22 44 223 11021 
13 22 59 224 11021 
13 23 14 223 11021 
13 23 29 224 11021 
13 23 44 223 11021 
13 23 59 224 11021 
13 24 14 223 11021 
13 24 29 224 11021 
13 24 44 223 11021 
13 24 59 224 11021 
13 25 14 223 11021 
13 25 29 224 11021 
13 25 44 223 11021 
13 25 59 224 11021 
13 26 14 223 11021 
13 26 29 224 11021 
13 26 44 223 11021 
13 26 59 224 11021 
13 27 14 223 11021 
13 27 29 224 11021 
13 27 44 223 11021 
13 27 59 224 11021 
13 28 14 223 11021 
13 28 29 224 11021 
13 28 44 223 11021 
13 28 59 224 11021 
13 29 14 223 11021 
13 29 29 224 11021 
13 29 44 223 11021 
13 29 59 224 11021 
13 30 14 223 11021 
13 30 29 224 11021 
13 30 44 223 11021 
13 30 59 224 11021 
13 31 14 223 11021 
13 31 29 223 11021 
13 31 44 224 11021 
13 31 59 223 11021 
13 32 14 224 11021 
13 32 29 223 11021 
13 32 44 224 11021 
13 33 21 224 11021 
13 33 36 223 11021 
13 33 51 224 11021 
13 34 6 223 11021 
13 34 21 224 11021 
13 34 36 223 11021 
13 34 51 224 11021 
13 35 6 223 11021 
13 35 21 224 11021 
13 35 36 223 11021 
13 35 51 224 11021 
13 36 6 223 11021 
13 36 21 224 11021 
13 36 36 223 11021 
13 36 51 224 11021 
13 37 6 223 11021 
13 37 21 224 11021 
13 37 36 223 11021 
13 37 51 224 11021 
13 38 6 223 11021 
13 38 21 224 11021 
13 38 36 223 11021 
13 38 51 224 11021 
13 39 6 223 11021 
13 39 21 224 11021 
13 39 36 223 11021 
13 39 51 224 11021 
13 40 6 223 11021 
13 40 21 224 11021 
13 40 36 223 11021 
13 40 51 224 11021 
13 41 6 223 11021 
13 41 21 224 11021 
13 41 36 223 11021 
13 41 51 224 11021 
13 42 6 223 11021 
13 42 21 224 11021 
13 42 36 223 11021 
13 42 51 224 11021 
13 43 6 223 11021 
13 43 21 224 11021 
13 43 36 223 11021 
13 43 51 224 11021 
13 44 6 223 11021 
13 44 21 223 11021 
13 44 36 224 11021 
13 44 51 223 11021 
13 45 6 224 11021 
13 45 21 223 11021 
13 45 36 224 11021 
13 45 51 223 11021 
13 46 6 224 11021 
13 46 21 223 11021 
13 46 36 224 11021 
13 46 51 223 11021 
13 47 6 224 11021 
13 47 21 223 11021 
13 47 36 224 11021 
13 47 51 223 11021 
13 48 28 224 11021 
13 48 43 223 11021 
13 48 58 224 11021 
13 49 13 223 11021 
13 49 28 223 11021 
13 49 43 224 11021 
13 49 58 223 11021 
13 50 13 224 11021 
13 50 28 223 11021 
13 50 43 224 11021 
13 50 58 223 11021 
13 51 13 224 11021 
13 51 28 223 11021 
13 51 43 224 11021 
13 51 58 223 11021 
13 52 13 224 11021 
13 52 28 223 11021 
13 52 43 224 11021 
13 52 58 223 11021 
13 53 13 224 11021 
13 53 28 223 11021 
13 53 43 224 11021 
13 53 58 223 11021 
13 54 13 224 11021 
13 54 28 223 11021 
13 54 43 224 11021 
13 54 58 223 11021 
13 55 13 224 11021 
13 55 28 223 11021 
13 55 43 224 11021 
13 55 58 223 11021 
13 56 13 224 11021 
13 56 28 223 11021 
13 56 43 224 11021 
13 56 58 223 11021 
13 57 13 224 11021 
13 57 28 223 11021 
13 57 43 223 11021 
13 57 58 224 11021 
13 58 13 223 11021 
13 58 28 224 11021 
13 58 43 223 11021 
13 58 58 224 11021 
13 59 13 223 11021 
13 59 28 224 11021 
13 59 43 223 11021 
13 59 58 224 11021 
14 0 13 223 11021 
14 0 28 224 11021 
14 0 43 224 11021 
14 0 58 223 11021 
14 1 13 224 11021 
14 1 28 223 11021 
14 1 43 224 11021 
14 1 58 223 11021 
14 2 13 224 11021 
14 2 28 223 11021 
14 2 43 224 11021 
14 2 58 223 11021 
14 3 36 224 11021 
14 3 51 223 11021 
14 4 6 224 11021 
14 4 21 223 11021 
14 4 36 224 11021 
14 4 51 223 11021 
14 5 6 224 11021 
14 5 21 223 11021 
14 5 36 224 11021 
14 5 51 223 11021 
14 6 6 224 11021 
14 6 21 223 11021 
14 6 36 224 11021 
14 6 51 223 11021 
14 7 6 224 11021 
14 7 21 223 11021 
14 7 36 224 11021 
14 7 51 223 11021 
14 8 6 224 11021 
14 8 21 223 11021 
14 8 36 224 11021 
14 8 51 223 11021 
14 9 6 224 11021 
14 9 21 223 11021 
14 9 36 224 11021 
14 9 51 223 11021 
14 10 6 224 11021 
14 10 21 223 11021 
14 10 36 223 11021 
14 10 51 224 11021 
14 11 6 223 11021 
14 11 21 224 11021 
14 11 36 223 11021 
14 11 51 224 11021 
14 12 6 223 11021 
14 12 21 224 11021 
14 12 36 223 11021 
14 12 51 224 11021 
14 13 6 223 11021 
14 13 21 224 11021 
14 13 36 223 11021 
14 13 51 224 11021 
14 14 6 223 11021 
14 14 21 224 11021 
14 14 36 223 11021 
14 14 51 224 11021 
14 15 6 223 11021 
14 15 21 224 11021 
14 15 36 223 11021 
14 15 51 224 11021 
14 16 6 223 11021 
14 16 21 224 11021 
14 16 36 223 11021 
14 16 51 224 11021 
14 17 6 223 11021 
14 17 21 224 11021 
14 17 36 223 11021 
14 17 51 224 11021 
14 18 6 223 11021 
14 18 44 224 11021 
14 18 59 223 11021 
14 19 14 224 11021 
14 19 29 223 11021 
14 19 44 223 11021 
14 19 59 224 11021 
14 20 14 223 11021 
14 20 29 224 11021 
14 20 44 223 11021 
14 20 59 224 11021 
14 21 14 223 11021 
14 21 29 224 11021 
14 21 44 223 11021 
14 21 59 224 11021 
14 22 14 223 11021 
14 22 29 224 11021 
14 22 44 223 11021 
14 22 59 224 11021 
14 23 14 223 11021 
14 23 29 224 11021 
14 23 44 223 11021 
14 23 59 223 11021 
14 24 14 224 11021 
14 24 29 223 11021 
14 24 44 224 11021 
14 24 59 223 11021 
14 25 14 224 11021 
14 25 29 223 11021 
14 25 44 224 11021 
14 25 59 223 11021 
14 26 14 224 11021 
14 26 29 223 11021 
14 26 44 224 11021 
14 26 59 223 11021 
14 27 14 224 11021 
14 27 29 223 11021 
14 27 44 224 11021 
14 27 59 223 11021 
14 28 14 224 11021 
14 28 29 223 11021 
14 28 44 224 11021 
14 28 59 223 11021 
14 29 14 224 11021 
14 29 29 223 11021 
14 29 44 224 11021 
14 29 59 223 11021 
14 30 14 224 11021 
14 30 29 223 11021 
14 30 44 224 11021 
14 30 59 223 11021 
14 31 14 224 11021 
14 31 29 223 11021 
14 31 44 224 11021 
14 31 59 223 11021 
14 32 14 224 11021 
14 32 29 223 11021 
14 32 44 224 11021 
14 32 59 223 11021 
14 33 14 224 11021 
14 33 52 224 11021 
14 34 7 223 11021 
14 34 22 224 11021 
14 34 37 223 11021 
14 34 52 224 11021 
14 35 7 223 11021 
14 35 22 224 11021 
14 35 37 223 11021 
14 35 52 224 11021 
14 36 7 223 11021 
14 36 22 224 11021 
14 36 37 223 11021 
14 36 52 223 11021 
14 37 7 224 11021 
14 37 22 223 11021 
14 37 37 224 11021 
14 37 52 223 11021 
14 38 7 224 11021 
14 38 22 223 11021 
14 38 37 224 11021 
14 38 52 223 11021 
14 39 7 224 11021 
14 39 22 223 11021 
14 39 37 224 11021 
14 39 52 223 11021 
14 40 7 224 11021 
14 40 22 224 11021 
14 40 37 223 11021 
14 40 52 224 11021 
14 41 7 223 11021 
14 41 22 224 11021 
14 41 37 223 11021 
14 41 53 224 11021 
14 42 7 223 11021 
14 42 23 224 11021 
14 42 37 223 11021 
14 42 53 224 11021 
14 43 7 223 11021 
14 43 23 224 11021 
14 43 37 223 11021 
14 43 53 224 11021 
14 44 8 223 11021 
14 44 23 224 11021 
14 44 38 223 11021 
14 44 53 224 11021 
14 45 8 223 11021 
14 45 23 224 11021 
14 45 38 223 11021 
14 45 53 224 11021 
14 46 8 223 11021 
14 46 23 224 11021 
14 46 38 223 11021 
14 46 53 224 11021 
14 47 8 223 11021 
14 47 23 224 11021 
14 47 38 223 11021 
14 47 53 224 11021 
14 48 8 223 11021 
14 48 23 224 11021 
14 49 1 224 11021 
14 49 16 224 11021 
14 49 31 223 11021 
14 49 46 224 11021 
14 50 1 222 11021 
14 50 16 224 11021 
14 50 31 223 11021 
14 50 46 224 11021 
14 51 1 223 11021 
14 51 16 224 11021 
14 51 31 223 11021 
14 51 46 224 11021 
14 52 1 223 11021 
14 52 16 224 11021 
14 52 31 223 11021 
14 52 46 224 11021 
14 53 1 223 11021 
14 53 16 224 11021 
14 53 31 223 11021 
14 53 46 224 11021 
14 54 1 223 11021 
14 54 16 224 11021 
14 54 31 223 11021 
14 54 46 224 11021 
14 55 1 223 11021 
14 55 16 224 11021 
14 55 31 223 11021 
14 55 46 224 11021 
14 56 1 223 11021 
14 56 16 224 11021 
14 56 31 223 11021 
14 56 46 224 11021 
14 57 1 223 11021 
14 57 16 224 11021 
14 57 31 223 11021 
14 57 46 224 11021 
14 58 1 223 11021 
14 58 16 224 11021 
14 58 31 223 11021 
14 58 46 224 11021 
14 59 1 223 11021 
14 59 16 224 11021 
14 59 31 223 11021 
14 59 46 224 11021 
15 0 1 223 11021 
15 0 16 224 11021 
15 0 31 223 11021 
15 0 46 224 11021 
15 1 1 223 11021 
15 1 16 224 11021 
15 1 31 223 11021 
15 1 46 224 11021 
15 2 1 223 11021 
15 2 16 224 11021 
15 2 31 223 11021 
15 2 46 224 11021 
15 3 1 223 11021 
15 3 16 224 11021 
15 3 31 223 11021 
15 4 8 224 11021 
15 4 23 223 11021 
15 4 38 223 11021 
15 4 53 224 11021 
15 5 8 223 11021 
15 5 23 224 11021 
15 5 38 223 11021 
15 5 53 224 11021 
15 6 8 223 11021 
15 6 23 224 11021 
15 6 38 223 11021 
15 6 53 224 11021 
15 7 8 223 11021 
15 7 23 224 11021 
15 7 38 223 11021 
15 7 53 224 11021 
15 8 8 223 11021 
15 8 23 224 11021 
15 8 38 223 11021 
15 8 53 224 11021 
15 9 8 223 11021 
15 9 23 224 11021 
15 9 38 223 11021 
15 9 53 224 11021 
15 10 8 223 11021 
15 10 23 224 11021 
15 10 38 223 11021 
15 10 53 224 11021 
15 11 8 223 11021 
15 11 23 224 11021 
15 11 38 223 11021 
15 11 53 224 11021 
15 12 8 223 11021 
15 12 23 224 11021 
15 12 38 223 11021 
15 12 53 224 11021 
15 13 8 223 11021 
15 13 23 224 11021 
15 13 38 223 11021 
15 13 53 224 11021 
15 14 8 223 11021 
15 14 23 224 11021 
15 14 38 223 11021 
15 14 53 224 11021 
15 15 8 223 11021 
15 15 23 224 11021 
15 15 38 223 11021 
15 15 53 224 11021 
15 16 8 223 11021 
15 16 23 224 11021 
15 16 38 223 11021 
15 16 53 224 11021 
15 17 8 223 11021 
15 17 23 224 11021 
15 17 38 223 11021 
15 17 53 224 11021 
15 18 8 223 11021 
15 18 23 224 11021 
15 18 38 223 11021 
15 19 16 224 11021 
15 19 31 223 11021 
15 19 46 224 11021 
15 20 1 224 11021 
15 20 16 223 11021 
15 20 31 223 11021 
15 20 46 224 11021 
15 21 1 223 11021 
15 21 16 224 11021 
15 21 31 223 11021 
15 21 46 224 11021 
15 22 1 223 11021 
15 22 16 224 11021 
15 22 31 223 11021 
15 22 46 224 11021 
15 23 1 223 11021 
15 23 16 224 11021 
15 23 31 223 11021 
15 23 46 224 11021 
15 24 1 223 11021 
15 24 16 224 11021 
15 24 31 223 11021 
15 24 46 224 11021 
15 25 1 223 11021 
15 25 16 224 11021 
15 25 31 223 11021 
15 25 46 224 11021 
15 26 1 223 11021 
15 26 16 224 11021 
15 26 31 223 11021 
15 26 46 224 11021 
15 27 1 223 11021 
15 27 16 224 11021 
15 27 31 223 11021 
15 27 46 224 11021 
15 28 1 223 11021 
15 28 16 224 11021 
15 28 31 223 11021 
15 28 46 224 11021 
15 29 1 223 11021 
15 29 16 224 11021 
15 29 31 223 11021 
15 29 46 224 11021 
15 30 1 223 11021 
15 30 16 224 11021 
15 30 31 223 11021 
15 30 46 224 11021 
15 31 1 223 11021 
15 31 16 224 11021 
15 31 31 223 11021 
15 31 46 224 11021 
15 32 1 223 11021 
15 32 16 223 11021 
15 32 31 224 11021 
15 32 46 223 11021 
15 33 1 224 11021 
15 33 16 223 11021 
15 33 31 224 11021 
15 33 46 223 11021 
15 34 23 224 11021 
15 34 38 223 11021 
15 34 53 224 11021 
15 35 8 223 11021 
15 35 23 224 11021 
15 35 38 223 11021 
15 35 53 224 11021 
15 36 8 223 11021 
15 36 23 224 11021 
15 36 38 223 11021 
15 36 53 224 11021 
15 37 8 223 11021 
15 37 23 224 11021 
15 37 38 223 11021 
15 37 53 224 11021 
15 38 8 223 11021 
15 38 23 224 11021 
15 38 38 223 11021 
15 38 53 224 11021 
15 39 8 223 11021 
15 39 23 224 11021 
15 39 38 223 11021 
15 39 53 224 11021 
15 40 8 223 11021 
15 40 23 224 11021 
15 40 38 223 11021 
15 40 53 224 11021 
15 41 8 223 11021 
15 41 23 224 11021 
15 41 38 223 11021 
15 41 53 224 11021 
15 42 8 223 11021 
15 42 23 224 11021 
15 42 38 223 11021 
15 42 53 224 11021 
15 43 8 223 11021 
15 43 23 224 11021 
15 43 38 223 11021 
15 43 53 224 11021 
15 44 8 223 11021 
15 44 23 224 11021 
15 44 38 223 11021 
15 44 53 224 11021 
15 45 8 223 11021 
15 45 23 223 11021 
15 45 38 224 11021 
15 45 53 223 11021 
15 46 8 224 11021 
15 46 23 223 11021 
15 46 38 224 11021 
15 46 53 223 11021 
15 47 8 224 11021 
15 47 23 223 11021 
15 47 38 224 11021 
15 47 53 223 11021 
15 48 8 224 11021 
15 48 23 223 11021 
15 48 38 224 11021 
15 48 53 223 11021 
15 49 31 224 11021 
15 49 46 224 11021 
15 50 1 223 11021 
15 50 16 224 11021 
15 50 31 223 11021 
15 50 46 223 11021 
15 51 1 224 11021 
15 51 16 223 11021 
15 51 31 224 11021 
15 51 46 223 11021 
15 52 1 224 11021 
15 52 16 223 11021 
15 52 31 224 11021 

/> 