14 51 8 224 10952 
14 51 23 223 10952 
14 51 38 224 10952 
14 51 53 223 11012 
14 52 8 224 11012 
14 52 23 223 10952 
14 52 38 224 10952 
14 52 53 223 10952 
14 53 8 224 10952 
14 53 23 223 10952 
14 53 38 224 10952 
14 53 53 223 10952 
14 54 8 224 11012 
14 54 23 223 10952 
14 54 38 224 10952 
14 54 53 223 10952 
14 55 8 224 10952 
14 55 23 223 10952 
14 55 38 224 10952 
14 55 53 223 10952 
14 56 8 224 10952 
14 56 23 223 10952 
14 56 38 224 10952 
14 57 16 224 10952 
14 57 31 223 10952 
14 57 46 223 10952 
14 58 1 224 10952 
14 58 16 223 10952 
14 58 31 224 10952 
14 58 46 223 10952 
14 59 1 224 10952 
14 59 16 223 10952 
14 59 31 224 10952 
14 59 46 223 10952 
15 0 1 224 10952 
15 0 16 223 10952 
15 0 31 224 10952 
15 0 46 223 10952 
15 1 1 224 10952 
15 1 16 223 10952 
15 1 31 224 10952 
15 1 46 223 10952 
15 2 1 224 10952 
15 2 16 223 10952 
15 2 31 224 10952 
15 2 46 223 10952 
15 3 1 224 11012 
15 3 16 223 10952 
15 3 31 224 10952 
15 3 46 223 10952 
15 4 1 224 10952 
15 4 16 223 10952 
15 4 31 224 10952 
15 4 46 223 10952 
15 5 1 223 10952 
15 5 16 224 10952 
15 5 31 223 10952 
15 5 46 224 10952 
15 6 1 223 10952 
15 6 16 224 10952 
15 6 31 223 10952 
15 6 46 224 10952 
15 7 1 223 10952 
15 7 16 224 10952 
15 7 31 223 10952 
15 7 46 224 10952 
15 8 1 223 10952 
15 8 16 224 10952 
15 8 31 223 10952 
15 8 46 224 10952 
15 9 1 223 10952 
15 9 16 224 10952 
15 9 31 223 10952 
15 9 46 224 10952 
15 10 1 223 11012 
15 10 16 224 11012 
15 10 31 223 10952 
15 10 46 224 10952 
15 11 1 223 10952 
15 11 16 224 10952 
15 11 31 223 11012 
15 11 46 224 10952 
15 12 24 224 10952 
15 12 39 223 10952 
15 13 9 225 10952 
15 13 24 223 10952 
15 13 39 223 10952 
15 13 54 224 10952 
15 14 9 223 10952 
15 14 24 224 10952 
15 14 39 223 10952 
15 14 54 224 10952 
15 15 9 223 10952 
15 15 24 224 10952 
15 15 39 223 10952 
15 15 54 224 10952 
15 16 9 223 11012 
15 16 24 224 11012 
15 16 39 223 10952 
15 16 54 224 10952 
15 17 9 223 10952 
15 17 24 224 10952 
15 17 39 223 11012 
15 17 54 224 10952 
15 18 9 223 10952 
15 18 24 223 10952 
15 18 39 224 10952 
15 18 54 224 10952 
15 19 9 223 10952 
15 19 24 223 11012 
15 19 39 224 10952 
15 19 54 223 10952 
15 20 9 224 10952 
15 20 24 223 11012 
15 20 39 224 11012 
15 20 54 223 10952 
15 21 9 224 11012 
15 21 24 223 11012 
15 21 39 224 11012 
15 21 54 223 10952 
15 22 9 224 10952 
15 22 24 223 11012 
15 22 39 224 11012 
15 22 54 223 10952 
15 23 9 224 10952 
15 23 24 223 10952 
15 23 39 224 10952 
15 23 54 223 11012 
15 24 9 224 11012 
15 24 24 224 10952 
15 24 39 223 11012 
15 24 54 224 11012 
15 25 9 223 11012 
15 25 24 224 11012 
15 25 39 223 11012 
15 25 54 224 11012 
15 26 9 223 10952 
15 26 24 224 10952 
15 26 39 223 11012 
15 26 54 224 10952 
15 27 31 224 11012 
15 27 46 223 11012 
15 28 1 224 11012 
15 28 16 223 11012 
15 28 31 224 11012 
15 28 46 223 11012 
15 29 1 224 10952 
15 29 16 223 11012 
15 29 31 224 10952 
15 29 46 223 10952 
15 30 1 224 10952 
15 30 16 223 10952 
15 30 31 224 10952 
15 30 46 223 10952 
15 31 1 224 10952 
15 31 16 223 11012 
15 31 31 223 10952 
15 31 46 224 11012 
15 32 1 223 11012 
15 32 16 224 11012 
15 32 46 225 11012 
15 33 1 224 11012 
15 33 16 223 10952 
15 33 31 224 10952 
15 33 46 223 10952 
15 34 1 224 10952 
15 34 16 223 11012 
15 34 31 224 11012 
15 34 46 223 11012 
15 35 1 224 11012 
15 35 16 223 10952 
15 35 31 224 11012 
15 35 46 223 11012 
15 36 1 224 11012 
15 36 16 223 10952 
15 36 31 224 11012 
15 36 46 223 10952 
15 37 1 224 11012 
15 37 16 223 10952 
15 37 31 224 10952 
15 37 46 223 10952 
15 38 1 224 10952 
15 38 16 223 10952 
15 38 31 224 10952 
15 38 46 223 10952 
15 39 1 224 10952 
15 39 16 223 10952 
15 39 31 224 11012 
15 39 46 223 11012 
15 40 1 224 10952 
15 40 16 223 10952 
15 40 31 224 10952 
15 40 46 223 10952 
15 41 1 224 10952 
15 41 16 223 10952 
15 41 31 224 10952 
15 41 46 223 10952 
15 42 1 224 10952 
15 42 39 224 10952 
15 42 54 224 11012 
15 43 9 223 10952 
15 43 24 224 10952 
15 43 39 223 10952 
15 43 54 223 10952 
15 44 9 224 10952 
15 44 24 223 10952 
15 44 39 223 10952 
15 44 54 224 10952 
15 45 9 223 10952 
15 45 24 224 10952 
15 45 39 223 10952 
15 45 54 224 10952 
15 46 9 223 10952 
15 46 24 224 10952 
15 46 39 223 10952 
15 46 54 224 10952 
15 47 9 223 10952 
15 47 24 224 10952 
15 47 45 176 9086 

/> 
ls
ls
<CR>
         TIME          Size       File name 
----A 2021/06/29 14:19     10376  0629
----A 2021/06/29 09:11    128640  06290855
----A 2021/06/29 09:27    128000  06290910
----A 2021/06/29 09:42    128640  06290925
----A 2021/06/29 09:55    128000  06290940
----A 2021/06/29 10:11    128640  06290955
----A 2021/06/29 10:26    128000  06291011
----A 2021/06/29 10:41    128640  06291026
----A 2021/06/29 10:56    128000  06291041
----A 2021/06/29 11:11    128640  06291056
----A 2021/06/29 11:27    128000  06291111
----A 2021/06/29 11:43    128640  06291126
----A 2021/06/29 11:58    128000  06291141
----A 2021/06/29 12:11    128640  06291156
----A 2021/06/29 12:27    128640  06291211
----A 2021/06/29 12:42    128640  06291227
----A 2021/06/29 12:57    128000  06291242
----A 2021/06/29 13:13    128640  06291257
----A 2021/06/29 13:27    128640  06291312
----A 2021/06/29 13:42    128640  06291327
----A 2021/06/29 13:59    128000  06291342
----A 2021/06/29 14:14    128640  06291357
----A 2021/06/29 14:15      2560  06291412
----A 2021/06/30 15:59      8264  0630
----A 2021/06/30 11:31      2560  06301130
----A 2021/06/30 12:19    128640  06301202
----A 2021/06/30 12:34    128640  06301217
----A 2021/06/30 12:47    128640  06301232
----A 2021/06/30 13:03    128640  06301248
----A 2021/06/30 13:18    128000  06301303
----A 2021/06/30 13:33    128640  06301318
----A 2021/06/30 13:49    128640  06301333
----A 2021/06/30 14:03    128640  06301348
----A 2021/06/30 14:18    128640  06301403
----A 2021/06/30 14:35    128640  06301418
----A 2021/06/30 14:51    128000  06301433
----A 2021/06/30 15:03    128000  06301448
----A 2021/06/30 15:19    128640  06301504
----A 2021/06/30 15:34    128000  06301519
----A 2021/06/30 15:49    128640  06301534
----A 2021/06/30 15:49      2560  06301549
----A 2021/07/01 16:03     13168  0701
----A 2021/07/01 09:23    129280  07010907
----A 2021/07/01 09:39    129280  07010922
----A 2021/07/01 09:54    128640  07010937
----A 2021/07/01 10:07    128640  07010952
----A 2021/07/01 10:23    129280  07011007
----A 2021/07/01 10:38    128640  07011023
----A 2021/07/01 10:53    128640  07011038
----A 2021/07/01 11:09    129920  07011053
----A 2021/07/01 11:23    128640  07011108
----A 2021/07/01 11:38    128640  07011123
----A 2021/07/01 11:55    128640  07011138
----A 2021/07/01 12:10    128000  07011153
----A 2021/07/01 12:23    129280  07011208
----A 2021/07/01 12:39    128640  07011224
----A 2021/07/01 12:54    128640  07011239
----A 2021/07/01 13:09    128640  07011254
----A 2021/07/01 13:25    128640  07011309
----A 2021/07/01 13:39    128000  07011324
----A 2021/07/01 13:54    129280  07011339
----A 2021/07/01 14:11    129280  07011354
----A 2021/07/01 14:27    129280  07011409
----A 2021/07/01 14:39    128000  07011424
----A 2021/07/01 14:55    128000  07011440
----A 2021/07/01 15:10    129280  07011455
----A 2021/07/01 15:25    128000  07011510
----A 2021/07/01 15:41    129280  07011525
----A 2021/07/01 15:55    129280  07011540
----A 2021/07/01 15:55      2560  07011555
----A 2021/07/02 15:43     12088  0702
----A 2021/07/02 08:59    128000  07020842
----A 2021/07/02 09:13    128000  07020858
----A 2021/07/02 09:28    128000  07020913
----A 2021/07/02 09:43    128000  07020928
----A 2021/07/02 09:59    128640  07020943
----A 2021/07/02 10:13    128000  07020958
----A 2021/07/02 10:30    128000  07021013
----A 2021/07/02 10:43    128000  07021028
----A 2021/07/02 10:59    128640  07021043
----A 2021/07/02 11:15    128000  07021058
----A 2021/07/02 11:29    128640  07021114
----A 2021/07/02 11:44    129280  07021129
----A 2021/07/02 11:59    128640  07021144
----A 2021/07/02 12:15    128000  07021159
----A 2021/07/02 12:31    128000  07021214
----A 2021/07/02 12:46    128640  07021229
----A 2021/07/02 12:59    128640  07021244
----A 2021/07/02 13:15    128000  07021259
----A 2021/07/02 13:30    128000  07021315
----A 2021/07/02 14:23     16000  07021330
----A 2021/07/02 14:51    128000  07021436
----A 2021/07/02 15:07    128000  07021451
----A 2021/07/02 15:23    128640  07021506
----A 2021/07/02 15:37    128640  07021522
----A 2021/07/02 15:37      2560  07021537
----A 2021/07/03 15:59     13624  0703
----A 2021/07/03 09:07    131200  07030850
----A 2021/07/03 09:22    128000  07030905
----A 2021/07/03 09:35    128640  07030920
----A 2021/07/03 09:51    128000  07030936
----A 2021/07/03 10:06    128000  07030951
----A 2021/07/03 10:21    128000  07031006
----A 2021/07/03 10:37    128000  07031021
----A 2021/07/03 10:51    128000  07031036
----A 2021/07/03 11:06    128000  07031051
----A 2021/07/03 11:23    128000  07031106
----A 2021/07/03 11:39    128000  07031121
----A 2021/07/03 11:51    128000  07031136
----A 2021/07/03 12:07    128000  07031152
----A 2021/07/03 12:22    128640  07031207
----A 2021/07/03 12:37    128640  07031222
----A 2021/07/03 12:53    128640  07031237
----A 2021/07/03 13:07    129280  07031252
----A 2021/07/03 13:22    128000  07031307
----A 2021/07/03 13:39    128640  07031322
----A 2021/07/03 13:55    128640  07031337
----A 2021/07/03 14:08    129280  07031353
----A 2021/07/03 14:23    128000  07031408
----A 2021/07/03 14:38    128000  07031423
----A 2021/07/03 14:53    128640  07031438
----A 2021/07/03 15:09    128640  07031453
----A 2021/07/03 15:23    128640  07031508
----A 2021/07/03 15:38    129280  07031523
----A 2021/07/03 15:55    128000  07031538
----A 2021/07/03 15:55      2560  07031553
----A 2021/07/04 15:47     12136  0704
----A 2021/07/04 09:39    128640  07040924
----A 2021/07/04 09:54    128000  07040939
----A 2021/07/04 10:09    128000  07040954
----A 2021/07/04 10:25    128640  07041009
----A 2021/07/04 10:39    131200  07041024
----A 2021/07/04 10:54    128640  07041039
----A 2021/07/04 11:11    128640  07041054
----A 2021/07/04 11:27    128640  07041109
----A 2021/07/04 11:40    129280  07041125
----A 2021/07/04 11:55    128640  07041140
----A 2021/07/04 12:11    129920  07041155
----A 2021/07/04 12:25    129280  07041210
----A 2021/07/04 12:41    128640  07041225
----A 2021/07/04 12:55    129280  07041240
----A 2021/07/04 13:10    129920  07041255
----A 2021/07/04 13:27    128000  07041310
----A 2021/07/04 13:43    129280  07041326
----A 2021/07/04 13:56    129280  07041341
----A 2021/07/04 14:11    128640  07041356
----A 2021/07/04 14:27    129280  07041411
----A 2021/07/04 14:41    129280  07041426
----A 2021/07/04 14:58    128000  07041441
----A 2021/07/04 15:11    128000  07041456
----A 2021/07/04 15:27    128640  07041511
----A 2021/07/04 15:42    128640  07041527
----A 2021/07/04 15:42      2560  07041542
----A 2021/07/05 15:51     12648  0705
----A 2021/07/05 08:57    129920  07050842
----A 2021/07/05 09:12    129280  07050857
----A 2021/07/05 09:27    129920  07050912
----A 2021/07/05 09:43    131200  07050927
----A 2021/07/05 09:59    133760  07050942
----A 2021/07/05 10:14    131200  07050957
----A 2021/07/05 10:27    129920  07051012
----A 2021/07/05 10:43    133120  07051028
----A 2021/07/05 10:58    130560  07051043
----A 2021/07/05 11:13    132480  07051058
----A 2021/07/05 11:30    129920  07051113
----A 2021/07/05 11:43    130560  07051128
----A 2021/07/05 11:59    129280  07051144
----A 2021/07/05 12:15    131200  07051159
----A 2021/07/05 12:31    129920  07051214
----A 2021/07/05 12:46    129920  07051229
----A 2021/07/05 13:00    131200  07051245
----A 2021/07/05 13:15    131840  07051300
----A 2021/07/05 13:31    131200  07051315
----A 2021/07/05 13:47    130560  07051330
----A 2021/07/05 14:03    131200  07051345
----A 2021/07/05 14:16    133760  07051401
----A 2021/07/05 14:31    133120  07051416
----A 2021/07/05 14:46    133120  07051431
----A 2021/07/05 15:03    131200  07051447
----A 2021/07/05 15:17    131200  07051502
----A 2021/07/05 15:32    130560  07051517
----A 2021/07/05 15:47    129280  07051532
----A 2021/07/05 15:47      2560  07051547

 183 File(s),  21659904 bytes total
   0 Dir(s),     978672K bytes free

/> 
read 0705
read 0705
<CR>Time:2021/07/05 15:472021/07/05 15:47
Hours Minutes Seconds  Nb_Samples    Aver. Current 
8 27 54 224 9869 
8 28 9 218 9508 
8 28 24 224 9508 
8 28 39 223 10832 
8 29 9 225 10952 
8 29 24 223 10952 
8 29 39 224 10952 
8 29 54 223 10952 
8 30 9 224 10952 
8 30 24 223 10952 
8 30 54 225 10952 
8 31 9 223 10952 
8 31 39 225 10952 
8 31 54 223 10952 
8 32 9 224 10952 
8 32 24 223 10952 
8 32 39 224 10952 
8 32 54 223 10952 
8 33 9 224 10952 
8 33 24 223 10952 
8 33 39 224 10952 
8 33 54 223 10952 
8 34 24 225 10952 
8 34 39 223 10952 
8 34 54 224 10952 
8 35 9 223 10952 
8 35 24 224 10952 
8 35 39 223 10952 
8 35 54 224 10952 
8 36 9 223 10952 
8 36 24 224 10952 
8 36 39 223 10952 
8 36 54 224 10952 
8 37 9 223 10952 
8 37 24 224 10952 
8 37 39 223 10952 
8 37 54 224 10952 
8 38 24 225 10952 
8 38 39 224 10952 
8 38 54 223 10952 
8 39 9 224 10952 
8 39 24 223 10952 
8 39 39 224 10952 
8 39 54 223 10952 
8 40 9 224 10952 
8 40 24 223 10952 
8 40 39 224 10952 
8 40 54 223 10952 
8 41 9 223 10952 
8 41 24 224 10952 
8 41 39 223 10952 
8 41 54 224 10952 
8 42 31 224 10952 
8 43 1 225 10952 
8 43 16 224 10952 
8 43 31 223 10952 
8 43 46 223 10952 
8 44 1 224 10952 
8 44 16 223 10952 
8 44 31 224 10952 
8 44 46 223 10952 
8 45 1 224 10952 
8 45 16 223 10952 
8 45 31 224 10952 
8 45 46 223 10952 
8 46 1 224 10952 
8 46 16 223 10952 
8 46 31 224 10952 
8 46 46 223 10952 
8 47 1 224 10952 
8 47 16 223 10952 
8 47 31 224 10952 
8 47 46 223 10952 
8 48 1 224 10952 
8 48 16 223 10952 
8 48 31 224 10952 
8 48 46 223 10952 
8 49 1 224 10952 
8 49 16 223 10952 
8 49 31 224 10952 
8 49 46 223 10952 
8 50 1 224 10952 
8 50 16 223 10952 
8 50 31 224 10952 
8 51 1 225 10952 
8 51 16 224 10952 
8 51 31 223 10952 
8 51 46 224 10952 
8 52 1 223 10952 
8 52 16 224 10952 
8 52 31 223 10952 
8 52 46 224 10952 
8 53 16 225 10952 
8 53 31 224 10952 
8 53 46 223 10952 
8 54 1 224 10952 
8 54 16 223 10952 
8 54 31 224 10952 
8 54 46 223 10952 
8 55 1 224 10952 
8 55 16 223 10952 
8 55 31 224 10952 
8 55 46 223 10952 
8 56 1 224 10952 
8 56 16 223 10952 
8 56 31 224 10952 
8 56 46 223 10952 
8 57 1 223 10952 
8 57 39 224 10952 
8 57 54 224 10952 
8 58 9 223 10952 
8 58 24 224 10952 
8 58 39 223 10952 
8 58 54 224 10952 
8 59 9 223 10952 
8 59 24 224 10952 
8 59 39 223 10952 
8 59 54 224 10952 
9 0 9 223 10952 
9 0 24 224 10952 
9 0 39 223 10952 
9 0 54 224 10952 
9 1 9 224 10952 
9 1 24 223 10952 
9 1 39 223 10952 
9 1 54 224 10952 
9 2 9 223 10952 
9 2 24 224 10952 
9 2 39 223 10952 
9 2 54 224 10952 
9 3 9 223 10952 
9 3 24 224 10952 
9 3 39 223 10952 
9 4 9 225 10952 
9 4 24 223 10952 
9 4 39 224 10952 
9 4 54 223 10952 
9 5 9 224 10952 
9 5 24 223 10952 
9 5 39 224 10952 
9 5 54 223 10952 
9 6 9 224 10952 
9 6 24 224 10952 
9 6 39 223 10952 
9 6 54 224 10952 
9 7 9 223 10952 
9 7 39 225 10952 
9 7 54 224 10952 
9 8 9 223 10952 
9 8 24 224 10952 
9 8 39 223 10952 
9 8 54 224 10952 
9 9 9 223 10952 
9 9 24 224 10952 
9 9 39 223 10952 
9 9 54 223 10952 
9 10 9 224 10952 
9 10 24 223 10952 
9 10 39 223 10952 
9 10 54 224 10952 
9 11 9 223 10952 
9 11 24 224 10952 
9 11 39 223 10952 
9 11 54 224 10952 
9 12 9 223 10952 
9 12 47 224 10952 
9 13 2 223 10952 
9 13 17 224 10952 
9 13 32 223 10952 
9 13 47 224 10952 
9 14 2 223 10952 
9 14 17 224 10952 
9 14 32 223 10952 
9 14 47 224 10952 
9 15 2 223 10952 
9 15 17 224 10952 
9 15 32 223 10952 
9 15 47 224 10952 
9 16 2 223 10952 
9 16 17 224 10952 
9 16 32 223 10952 
9 16 47 224 10952 
9 17 2 223 10952 
9 17 17 224 10952 
9 17 32 223 10952 
9 17 47 224 10952 
9 18 2 223 10952 
9 18 17 224 10952 
9 18 47 225 10952 
9 19 2 224 10952 
9 19 17 223 10952 
9 19 32 224 10952 
9 19 47 223 10952 
9 20 2 224 10952 
9 20 32 225 10952 
9 20 47 224 10952 
9 21 2 223 10952 
9 21 17 224 10952 
9 21 32 223 10952 
9 21 47 224 10952 
9 22 2 223 10952 
9 22 17 224 10952 
9 22 32 223 10952 
9 22 47 223 10952 
9 23 2 224 10952 
9 23 17 223 10952 
9 23 32 224 10952 
9 23 47 223 10952 
9 24 2 223 10952 
9 24 17 223 10952 
9 24 32 224 10952 
9 24 47 223 10952 
9 25 2 224 10952 
9 25 17 223 10952 
9 25 32 224 10952 
9 25 47 223 10952 
9 26 2 224 10952 
9 26 17 223 10952 
9 26 47 225 10952 
9 27 2 224 10952 
9 27 17 223 10952 
9 27 55 224 10952 
9 28 10 223 10952 
9 28 25 224 10952 
9 28 40 223 10952 
9 28 55 224 10952 
9 29 10 223 10952 
9 29 40 225 10952 
9 29 55 224 10952 
9 30 10 223 10952 
9 30 25 224 10952 
9 30 40 223 10952 
9 30 55 224 10952 
9 31 40 225 10952 
9 31 55 224 10952 
9 32 10 223 10952 
9 32 25 224 10952 
9 32 40 223 10952 
9 32 55 224 10952 
9 33 10 223 10952 
9 33 25 224 10952 
9 33 40 223 10952 
9 33 55 224 10952 
9 34 10 223 10952 
9 34 25 224 10952 
9 34 40 223 10952 
9 34 55 224 10952 
9 35 10 223 10952 
9 35 25 224 10952 
9 35 40 223 10952 
9 35 55 224 10952 
9 36 10 223 10952 
9 36 25 223 10952 
9 36 40 224 10952 
9 36 55 223 10952 
9 37 10 224 10952 
9 37 25 223 10952 
9 37 40 224 10952 
9 37 55 223 10952 
9 38 10 224 10952 
9 38 25 223 10952 
9 38 40 224 10952 
9 38 55 223 10952 
9 39 25 225 10952 
9 39 40 224 10952 
9 39 55 223 10952 
9 40 10 224 10952 
9 40 25 224 10952 
9 40 40 223 10952 
9 40 55 224 10952 
9 41 10 223 10952 
9 41 25 223 10952 
9 41 40 224 10952 
9 42 10 225 10952 
9 42 25 224 10952 
9 43 33 225 10952 
9 44 3 225 10952 
9 44 18 223 10952 
9 44 48 225 10952 
9 45 3 223 10952 
9 45 18 224 10952 
9 45 33 223 10952 
9 45 48 224 10952 
9 46 3 223 10952 
9 46 18 224 10952 
9 46 33 223 10952 
9 46 48 224 10952 
9 47 3 223 10952 
9 47 18 224 10952 
9 47 33 223 10952 
9 48 3 225 10952 
9 48 18 223 10952 
9 48 33 224 10952 
9 48 48 223 10952 
9 49 3 224 10952 
9 49 18 223 10952 
9 49 33 224 10952 
9 49 48 223 10952 
9 50 3 223 10952 
9 50 18 224 10952 
9 50 33 223 10952 
9 50 48 224 10952 
9 51 3 223 10952 
9 51 33 225 10952 
9 51 48 223 10952 
9 52 3 224 10952 
9 52 18 223 10952 
9 52 33 224 10952 
9 52 48 223 10952 
9 53 3 224 10952 
9 53 18 223 10952 
9 53 33 224 10952 
9 53 48 223 10952 
9 54 18 225 10952 
9 54 33 223 10952 
9 54 48 224 10952 
9 55 3 223 10952 
9 55 18 224 10952 
9 55 33 223 10952 
9 55 48 224 10952 
9 56 18 225 10952 
9 56 33 224 10952 
9 57 3 225 10952 
9 57 18 224 10952 
9 57 33 223 10952 
9 58 11 224 10952 
9 58 26 224 10952 
9 58 41 223 10952 
9 58 56 224 10952 
9 59 11 223 10952 
9 59 26 224 10952 
9 59 41 223 10952 
9 59 56 224 10952 
10 0 11 223 10952 
10 0 26 224 10952 
10 0 41 223 10952 
10 0 56 224 10952 
10 1 11 223 10952 
10 1 26 223 10952 
10 1 41 223 10952 
10 1 56 223 10952 
10 2 11 224 10952 
10 2 26 223 10952 
10 2 41 224 10952 
10 2 56 223 10952 
10 3 11 224 10952 
10 3 26 223 10952 
10 3 41 224 10952 
10 4 11 225 10952 
10 4 26 224 10952 
10 4 41 223 10952 
10 5 11 225 10952 
10 5 26 223 10952 
10 5 41 224 10952 
10 5 56 223 10952 
10 6 11 224 10952 
10 6 26 223 10952 
10 6 41 224 10952 
10 6 56 223 10952 
10 7 11 224 10952 
10 7 26 223 10952 
10 7 41 224 10952 
10 7 56 223 10952 
10 8 11 224 10952 
10 8 26 223 10952 
10 8 41 224 10952 
10 8 56 223 10952 
10 9 11 224 10952 
10 9 41 225 10952 
10 9 56 224 10952 
10 10 11 223 10952 
10 10 26 224 10952 
10 10 56 225 10952 
10 11 11 224 10952 
10 11 26 223 10952 
10 11 41 224 10952 
10 11 56 223 10952 
10 12 26 225 10952 
10 12 41 224 10952 
10 13 19 224 10952 
10 13 34 223 10952 
10 13 49 224 10952 
10 14 4 223 10952 
10 14 19 224 10952 
10 14 34 223 10952 
10 14 49 223 10952 
10 15 4 224 10952 
10 15 19 223 10952 
10 15 34 224 10952 
10 15 49 223 10952 
10 16 4 224 10952 
10 16 19 223 10952 
10 16 34 224 10952 
10 16 49 223 10952 
10 17 4 224 10952 
10 17 19 223 10952 
10 17 34 224 10952 
10 17 49 223 10952 
10 18 4 224 10952 
10 18 19 223 10952 
10 18 34 224 10952 
10 18 49 223 10952 
10 19 4 224 10952 
10 19 19 223 10952 
10 19 34 224 10952 
10 19 49 223 10952 
10 20 4 224 10952 
10 20 19 223 10952 
10 20 34 224 10952 
10 20 49 223 10952 
10 21 4 224 10952 
10 21 19 223 10952 
10 21 34 224 10952 
10 21 49 223 10952 
10 22 4 224 10952 
10 22 34 225 10952 
10 22 49 224 10952 
10 23 4 223 10952 
10 23 19 224 10952 
10 23 34 223 10952 
10 23 49 224 10952 
10 24 4 223 10952 
10 24 19 224 10952 
10 24 34 223 10952 
10 25 4 225 10952 
10 25 19 224 10952 
10 25 34 223 10952 
10 25 49 224 10952 
10 26 4 223 10952 
10 26 19 224 10952 
10 26 49 225 10952 
10 27 4 224 10952 
10 27 19 223 10952 
10 27 34 224 10952 
10 27 49 223 10952 
10 28 47 225 10952 
10 29 17 225 10952 
10 29 32 224 10952 
10 29 47 223 10952 
10 30 2 224 10952 
10 30 17 223 10952 
10 30 32 224 10952 
10 31 2 225 10952 
10 31 17 224 10952 
10 31 32 223 10952 
10 31 47 224 10952 
10 32 2 223 10952 
10 32 17 224 10952 
10 32 32 223 10952 
10 32 47 224 10952 
10 33 2 223 10952 
10 33 17 224 10952 
10 33 32 223 10952 
10 33 47 224 10952 
10 34 2 223 10952 
10 34 17 224 10952 
10 34 32 223 10952 
10 34 47 224 10952 
10 35 2 223 10952 
10 35 17 224 10952 
10 35 32 223 10952 
10 35 47 224 10952 
10 36 2 223 10952 
10 36 32 225 10952 
10 36 47 224 10952 
10 37 17 225 10952 
10 37 47 225 10952 
10 38 2 224 10952 
10 38 17 223 10952 
10 38 32 224 10952 
10 38 47 223 10952 
10 39 2 224 10952 
10 39 17 223 10952 
10 39 32 224 10952 
10 39 47 223 10952 
10 40 2 224 10952 
10 40 17 223 10952 
10 40 32 224 10952 
10 40 47 223 10952 
10 41 2 224 10952 
10 41 47 225 10952 
10 42 2 224 10952 
10 42 17 223 10952 
10 42 32 224 10952 
10 42 47 223 10952 
10 43 2 224 10952 
10 43 45 224 10952 
10 44 0 223 10952 
10 44 15 223 10952 
10 44 45 225 10952 
10 45 15 225 10952 
10 45 30 224 10952 
10 45 45 223 10952 
10 46 0 224 10952 
10 46 15 223 10952 
10 46 30 224 10952 
10 46 45 224 10952 
10 47 0 223 10952 
10 47 15 224 10952 
10 47 30 223 10952 
10 47 45 224 10952 
10 48 0 223 10952 
10 48 30 225 10952 
10 48 45 223 10952 
10 49 0 224 10952 
10 49 15 223 10952 
10 49 30 224 10952 
10 49 45 223 10952 
10 50 0 224 10952 
10 50 15 223 10952 
10 50 30 224 10952 
10 51 0 225 10952 
10 51 15 224 10952 
10 51 30 223 10952 
10 51 45 224 10952 
10 52 0 223 10952 
10 52 15 224 10952 
10 52 30 223 10952 
10 52 45 224 10952 
10 53 0 223 10952 
10 53 15 224 10952 
10 53 30 223 10952 
10 53 45 224 10952 
10 54 0 223 10952 
10 54 15 224 10952 
10 54 30 223 10952 
10 54 45 224 10952 
10 55 0 223 10952 
10 55 15 224 10952 
10 55 30 223 10952 
10 55 45 224 10952 
10 56 0 223 10952 
10 56 15 224 10952 
10 56 30 223 10952 
10 56 45 224 10952 
10 57 0 223 10952 
10 57 15 224 10952 
10 57 30 223 10952 
10 57 45 224 10952 
10 58 0 223 10952 
10 58 15 223 10952 
10 58 58 224 10952 
10 59 13 224 10952 
10 59 28 223 10952 
10 59 43 224 10952 
10 59 58 223 10952 
11 0 13 224 10952 
11 0 28 223 10952 
11 0 43 224 10952 
11 0 58 223 10952 
11 1 13 223 10952 
11 1 28 224 10952 
11 1 43 223 10952 
11 2 13 225 10952 
11 2 28 223 10952 
11 2 43 224 10952 
11 2 58 223 10952 
11 3 13 224 10952 
11 3 28 223 10952 
11 3 43 224 10952 
11 3 58 223 10952 
11 4 13 224 10952 
11 4 28 223 10952 
11 4 43 224 10952 
11 4 58 223 10952 
11 5 13 224 10952 
11 5 28 223 10952 
11 5 43 224 10952 
11 5 58 223 10952 
11 6 13 224 10952 
11 6 43 225 10952 
11 6 58 224 10952 
11 7 13 223 10952 
11 7 28 224 10952 
11 7 43 223 10952 
11 7 58 224 10952 
11 8 13 223 10952 
11 8 28 224 10952 
11 8 43 223 10952 
11 9 13 225 10952 
11 9 28 224 10952 
11 9 58 225 10952 
11 10 13 224 10952 
11 10 28 223 10952 
11 10 43 224 10952 
11 11 13 225 10952 
11 11 43 225 10952 
11 12 13 225 10952 
11 12 28 224 10952 
11 12 43 223 10952 
11 12 58 224 10952 
11 13 13 223 10952 
11 13 28 224 10952 
11 14 11 224 10952 
11 14 26 223 10952 
11 14 41 224 10952 
11 15 11 225 10952 
11 15 26 224 10952 
11 15 41 223 10952 
11 15 56 224 10952 
11 16 11 223 10952 
11 16 26 224 10952 
11 16 56 225 10952 
11 17 11 224 10952 
11 17 26 223 10952 
11 17 41 224 10952 
11 17 56 223 10952 
11 18 11 224 10952 
11 18 26 224 10952 
11 18 41 223 10952 
11 18 56 224 10952 
11 19 11 223 10952 
11 19 26 224 10952 
11 19 41 223 10952 
11 19 56 224 10952 
11 20 11 223 10952 
11 20 26 224 10952 
11 20 41 223 10952 
11 20 56 224 10952 
11 21 11 223 10952 
11 21 26 224 10952 
11 21 41 223 10952 
11 21 56 224 10952 
11 22 11 223 10952 
11 22 26 224 10952 
11 22 41 223 10952 
11 22 56 224 10952 
11 23 11 223 10952 
11 23 26 224 10952 
11 23 41 223 10952 
11 23 56 223 10952 
11 24 11 224 10952 
11 24 26 223 10952 
11 24 41 224 10952 
11 24 56 223 10952 
11 25 11 224 10952 
11 25 26 223 10952 
11 25 41 224 10952 
11 25 56 223 10952 
11 26 11 224 10952 
11 26 26 223 10952 
11 26 41 224 10952 
11 26 56 223 10952 
11 27 11 224 10952 
11 27 26 223 10952 
11 27 41 224 10952 
11 27 56 223 10952 
11 28 11 224 10952 
11 28 41 225 10952 
11 29 24 224 10952 
11 29 39 223 10952 
11 29 54 224 10952 
11 30 9 223 10952 
11 30 24 224 10952 
11 30 39 223 10952 
11 30 54 224 10952 
11 31 9 223 10952 
11 31 24 223 10952 
11 31 39 224 10952 
11 31 54 223 10952 
11 32 9 224 10952 
11 32 24 223 10952 
11 32 39 224 10952 
11 32 54 223 10952 
11 33 9 224 10952 
11 33 24 223 10952 
11 33 39 224 10952 
11 33 54 223 10952 
11 34 9 224 10952 
11 34 39 225 10952 
11 34 54 224 10952 
11 35 9 223 10952 
11 35 24 224 10952 
11 35 39 223 10952 
11 35 54 224 10952 
11 36 9 223 10952 
11 36 24 224 10952 
11 36 54 225 10952 
11 37 9 223 10952 
11 37 24 224 10952 
11 37 39 223 10952 
11 37 54 224 10952 
11 38 24 225 10952 
11 38 39 224 10952 
11 38 54 223 10952 
11 39 9 224 10952 
11 39 24 223 10952 
11 39 39 224 10952 
11 40 9 225 10952 
11 40 24 224 10952 
11 40 39 223 10952 
11 40 54 224 10952 
11 41 9 223 10952 
11 41 24 224 10952 
11 41 39 223 10952 
11 41 54 224 10952 
11 42 9 223 10952 
11 42 24 224 10952 
11 42 39 223 10952 
11 42 54 224 10952 
11 43 9 223 10952 
11 43 24 224 10952 
11 43 39 223 10952 
11 43 54 224 10952 
11 44 37 224 10952 
11 44 52 223 10952 
11 45 7 224 10952 
11 45 22 223 10952 
11 45 37 224 10952 
11 45 52 223 10952 
11 46 7 224 10952 
11 46 22 223 10952 
11 46 37 224 10952 
11 46 52 223 10952 
11 47 7 224 10952 
11 47 22 223 10952 
11 47 37 224 10952 
11 47 52 223 10952 
11 48 7 224 10952 
11 48 22 223 10952 
11 48 37 224 10952 
11 48 52 223 10952 
11 49 7 224 10952 
11 49 22 223 10952 
11 49 37 224 10952 
11 49 52 223 10952 
11 50 7 223 10952 
11 50 22 224 10952 
11 50 37 223 10952 
11 50 52 224 10952 
11 51 7 224 10952 
11 51 22 223 10952 
11 51 37 224 10952 
11 51 52 223 10952 
11 52 7 224 10952 
11 52 22 223 10952 
11 52 37 224 10952 
11 52 52 223 10952 
11 53 7 224 10952 
11 53 22 223 10952 
11 53 37 224 10952 
11 53 52 223 10952 
11 54 7 224 10952 
11 54 22 223 10952 
11 54 37 224 10952 
11 54 52 223 10952 
11 55 22 225 10952 
11 55 37 223 10952 
11 55 52 223 10952 
11 56 7 224 10952 
11 56 22 223 10952 
11 56 37 224 10952 
11 56 52 223 10952 
11 57 22 225 10952 
11 57 37 223 10952 
11 57 52 224 10952 
11 58 7 223 10952 
11 58 22 224 10952 
11 58 37 223 10952 
11 58 52 224 10952 
11 59 7 223 10952 
12 0 5 224 10952 
12 0 20 223 10952 
12 0 35 224 10952 
12 0 50 223 10952 
12 1 5 224 10952 
12 1 20 223 10952 
12 1 35 223 10952 
12 1 50 224 10952 
12 2 5 223 10952 
12 2 20 224 10952 
12 2 35 223 10952 
12 2 50 224 10952 
12 3 5 223 10952 
12 3 20 223 10952 
12 3 50 225 10952 
12 4 5 223 10952 
12 4 20 224 10952 
12 4 35 223 10952 
12 4 50 224 10952 
12 5 5 223 10952 
12 5 20 224 10952 
12 5 50 225 10952 
12 6 5 224 10952 
12 6 20 223 10952 
12 6 35 224 10952 
12 6 50 223 10952 
12 7 5 224 10952 
12 7 20 223 10952 
12 7 50 225 10952 
12 8 5 223 10952 
12 8 20 224 10952 
12 8 35 223 10952 
12 8 50 224 10952 
12 9 5 223 10952 
12 9 20 224 10952 
12 9 35 223 10952 
12 9 50 224 10952 
12 10 5 223 10952 
12 10 20 224 10952 
12 10 35 223 10952 
12 10 50 224 10952 
12 11 5 223 10952 
12 11 20 224 10952 
12 11 50 225 10952 
12 12 5 224 10952 
12 12 20 223 10952 
12 12 35 224 10952 
12 12 50 223 10952 
12 13 5 224 10952 
12 13 20 223 10952 
12 13 35 224 10952 
12 13 50 223 10952 
12 14 5 224 10952 
12 14 20 223 10952 
12 15 3 224 10952 
12 15 18 223 10952 
12 15 33 223 10952 
12 15 48 224 10952 
12 16 3 223 10952 
12 16 18 223 10952 
12 16 33 224 10952 
12 16 48 223 10952 
12 17 3 224 10952 
12 17 18 223 10952 
12 17 34 224 10952 
12 17 48 223 10952 
12 18 4 224 10952 
12 18 18 223 10952 
12 18 34 224 10952 
12 18 48 223 10952 
12 19 4 224 10952 
12 19 33 225 10952 
12 19 49 224 10952 
12 20 3 223 10952 
12 20 19 224 10952 
12 20 33 223 10952 
12 20 49 224 10952 
12 21 3 223 10952 
12 21 19 224 10952 
12 21 33 223 10952 
12 21 49 224 10952 
12 22 3 223 10952 
12 22 19 224 10952 
12 22 33 223 10952 
12 22 49 224 10952 
12 23 3 223 10952 
12 23 19 224 10952 
12 23 34 224 10952 
12 23 49 223 10952 
12 24 4 224 10952 
12 24 19 223 10952 
12 24 34 224 10952 
12 24 49 223 10952 
12 25 4 224 10952 
12 25 34 225 10952 
12 25 49 224 10952 
12 26 4 223 10952 
12 26 19 224 10952 
12 26 34 223 10952 
12 26 49 224 10952 
12 27 4 223 10952 
12 27 19 224 10952 
12 27 34 223 10952 
12 27 49 224 10952 
12 28 4 223 10952 
12 28 19 224 10952 
12 28 34 223 10952 
12 28 49 224 10952 
12 29 19 225 10952 
12 29 34 224 10952 
12 30 17 224 10952 
12 30 32 223 10952 
12 30 47 224 10952 
12 31 2 223 10952 
12 31 17 224 10952 
12 31 32 223 10952 
12 31 47 224 10952 
12 32 2 223 10952 
12 32 17 223 10952 
12 32 32 224 10952 
12 32 47 223 10952 
12 33 2 224 10952 
12 33 32 225 10952 
12 34 2 225 10952 
12 34 17 224 10952 
12 34 32 223 10952 
12 34 47 224 10952 
12 35 2 223 10952 
12 35 17 224 10952 
12 35 32 223 10952 
12 35 47 224 10952 
12 36 2 223 10952 
12 36 17 224 10952 
12 36 32 223 10952 
12 36 47 224 10952 
12 37 2 223 10952 
12 37 17 224 10952 
12 37 32 223 10952 
12 37 47 224 10952 
12 38 2 223 10952 
12 38 17 224 10952 
12 38 32 223 10952 
12 38 47 224 10952 
12 39 2 223 10952 
12 39 17 224 10952 
12 39 32 223 10952 
12 39 47 224 10952 
12 40 2 223 10952 
12 40 17 224 10952 
12 40 32 223 10952 
12 40 47 224 10952 
12 41 2 223 10952 
12 41 17 224 10952 
12 41 32 223 10952 
12 41 47 224 10952 
12 42 2 223 10952 
12 42 17 224 10952 
12 42 32 223 10952 
12 42 47 224 10952 
12 43 2 223 10952 
12 43 17 224 10952 
12 43 32 223 10952 
12 44 2 225 10952 
12 44 17 224 10952 
12 44 32 223 10952 
12 44 47 224 10952 
12 45 45 224 10952 
12 46 0 223 10952 
12 46 15 223 10952 
12 46 30 224 10952 
12 46 45 223 10952 
12 47 0 224 10952 
12 47 15 223 10952 
12 47 30 224 10952 
12 48 0 225 10952 
12 48 15 224 10952 
12 48 30 223 10952 
12 48 45 224 10952 
12 49 0 223 10952 
12 49 30 225 10952 
12 49 45 224 10952 
12 50 0 223 10952 
12 50 15 224 10952 
12 50 30 223 10952 
12 50 45 224 10952 
12 51 0 223 10952 
12 51 15 224 10952 
12 51 30 223 10952 
12 51 45 224 10952 
12 52 0 223 10952 
12 52 15 224 10952 
12 52 30 223 10952 
12 52 45 224 10952 
12 53 0 223 10952 
12 53 15 224 10952 
12 53 30 223 10952 
12 53 45 224 10952 
12 54 0 223 10952 
12 54 15 224 10952 
12 54 30 223 10952 
12 54 45 224 10952 
12 55 0 223 10952 
12 55 15 224 10952 
12 55 45 225 10952 
12 56 0 224 10952 
12 56 15 223 10952 
12 56 30 224 10952 
12 56 45 224 10952 
12 57 0 223 10952 
12 57 15 224 10952 
12 57 30 223 10952 
12 57 45 224 10952 
12 58 0 223 10952 
12 58 15 224 10952 
12 58 30 223 10952 
12 58 45 224 10952 
12 59 0 223 10952 
12 59 30 225 10952 
12 59 45 223 10952 
13 0 15 225 10952 
13 0 58 224 10952 
13 1 13 223 10952 
13 1 43 225 10952 
13 1 58 224 10952 
13 2 13 223 10952 
13 2 43 225 10952 
13 2 58 223 10952 
13 3 13 224 10952 
13 3 28 223 10952 
13 3 43 224 10952 
13 3 58 223 10952 
13 4 13 224 10952 
13 4 28 223 10952 
13 4 43 224 10952 
13 4 58 223 10952 
13 5 13 224 10952 
13 5 28 223 10952 
13 5 43 224 10952 
13 5 58 223 10952 
13 6 13 224 10952 
13 6 28 223 10952 
13 6 43 224 10952 
13 6 58 223 10952 
13 7 13 224 10952 
13 7 28 223 10952 
13 7 58 225 10952 
13 8 13 223 10952 
13 8 28 224 10952 
13 8 43 223 10952 
13 8 58 224 10952 
13 9 13 223 10952 
13 9 28 224 10952 
13 9 43 223 10952 
13 9 58 224 10952 
13 10 13 223 10952 
13 10 28 224 10952 
13 10 43 223 10952 
13 10 58 224 10952 
13 11 13 223 10952 
13 11 28 224 10952 
13 11 43 223 10952 
13 11 58 224 10952 
13 12 13 223 10952 
13 12 28 224 10952 
13 12 43 223 10952 
13 12 58 223 10952 
13 13 13 224 10952 
13 13 43 225 10952 
13 13 58 224 10952 
13 14 13 223 10952 
13 14 28 224 10952 
13 14 58 225 10952 
13 15 13 224 10952 
13 15 56 224 10952 
13 16 11 223 10952 
13 16 26 224 10952 
13 16 41 223 10952 
13 16 56 224 10952 
13 17 11 223 10952 
13 17 26 224 10952 
13 17 41 223 10952 
13 17 56 224 10952 
13 18 11 223 10952 
13 18 26 223 10952 
13 18 41 224 10952 
13 18 56 223 10952 
13 19 11 224 10952 
13 19 41 225 10952 
13 20 11 225 10952 
13 20 26 223 10952 
13 20 41 224 10952 
13 20 56 223 10952 
13 21 11 224 10952 
13 21 26 223 10952 
13 21 41 224 10952 
13 21 56 223 10952 
13 22 26 225 10952 
13 22 41 223 10952 
13 23 11 225 10952 
13 23 26 223 10952 
13 23 41 224 10952 
13 23 56 223 10952 
13 24 11 224 10952 
13 24 26 223 10952 
13 24 41 224 10952 
13 24 56 223 10952 
13 25 11 224 10952 
13 25 26 223 10952 
13 25 41 224 10952 
13 25 56 223 10952 
13 26 11 223 10952 
13 26 26 224 10952 
13 26 41 223 10952 
13 26 56 224 10952 
13 27 11 223 10952 
13 27 26 224 10952 
13 27 41 223 10952 
13 27 56 224 10952 
13 28 11 223 10952 
13 28 26 224 10952 
13 28 41 223 10952 
13 28 56 224 10952 
13 29 11 224 10952 
13 29 41 225 10952 
13 29 56 224 10952 
13 30 11 223 10952 
13 30 26 224 10952 
13 31 9 224 10952 
13 31 24 223 10952 
13 31 54 225 10952 
13 32 9 224 10952 
13 32 24 223 10952 
13 32 54 225 10952 
13 33 24 225 10952 
13 33 39 224 10952 
13 33 54 223 10952 
13 34 9 224 10952 
13 34 24 223 10952 
13 34 39 224 10952 
13 35 9 225 10952 
13 35 24 224 10952 
13 35 39 223 10952 
13 35 54 224 10952 
13 36 9 223 10952 
13 36 24 224 10952 
13 36 39 223 10952 
13 36 54 224 10952 
13 37 9 223 10952 
13 37 24 224 10952 
13 37 39 223 10952 
13 37 54 224 10952 
13 38 9 223 10952 
13 38 24 224 10952 
13 38 39 223 10952 
13 38 54 224 10952 
13 39 9 223 10952 
13 39 24 223 10952 
13 39 39 224 10952 
13 39 54 223 10952 
13 40 9 224 10952 
13 40 24 223 10952 
13 40 39 224 10952 
13 40 54 223 10952 
13 41 9 224 10952 
13 41 24 223 10952 
13 41 39 224 10952 
13 41 54 223 10952 
13 42 9 224 10952 
13 42 24 223 10952 
13 42 39 224 10952 
13 42 54 223 10952 
13 43 9 224 10952 
13 43 24 223 10952 
13 43 39 224 10952 
13 43 54 223 10952 
13 44 9 224 10952 
13 44 24 223 10952 
13 44 39 224 10952 
13 44 54 223 10952 
13 45 9 224 10952 
13 45 24 223 10952 
13 45 39 224 10952 
13 46 37 224 10952 
13 46 52 224 10952 
13 47 7 223 10952 
13 47 22 224 10952 
13 47 37 223 10952 
13 47 52 224 10952 
13 48 7 223 10952 
13 48 22 224 10952 
13 48 37 223 10952 
13 48 52 223 10952 
13 49 7 224 10952 
13 49 22 223 10952 
13 49 37 224 10952 
13 50 7 225 10952 
13 50 22 224 10952 
13 50 37 223 10952 
13 50 52 224 10952 
13 51 7 223 10952 
13 51 22 224 10952 
13 51 37 223 10952 
13 51 52 223 10952 
13 52 7 224 10952 
13 52 22 223 10952 
13 52 37 224 10952 
13 52 52 223 10952 
13 53 7 224 10952 
13 53 22 223 10952 
13 53 37 224 10952 
13 53 52 223 10952 
13 54 7 224 10952 
13 54 22 223 10952 
13 54 37 224 10952 
13 54 52 223 10952 
13 55 37 225 10952 
13 55 52 224 10952 
13 56 7 223 10952 
13 56 22 224 10952 
13 56 37 223 10952 
13 56 52 224 10952 
13 57 7 223 10952 
13 57 22 224 10952 
13 57 52 225 10952 
13 58 7 224 10952 
13 58 22 223 10952 
13 58 37 224 10952 
13 58 52 223 10952 
13 59 7 224 10952 
13 59 22 223 10952 
13 59 37 224 10952 
13 59 52 223 10952 
14 0 7 224 10952 
14 0 22 223 10952 
14 0 37 224 10952 
14 0 52 223 10952 
14 1 50 225 10952 
14 2 5 223 10952 
14 2 20 223 10952 
14 2 35 224 10952 
14 2 50 223 10952 
14 3 5 224 10952 
14 3 20 223 10952 
14 3 35 224 10952 
14 3 50 223 10952 
14 4 5 224 10952 
14 4 20 223 10952 
14 4 35 224 10952 
14 4 50 223 10952 
14 5 5 223 10952 
14 5 20 224 10952 
14 5 35 223 10952 
14 5 50 224 10952 
14 6 5 223 10952 
14 6 35 225 10952 
14 6 50 223 10952 
14 7 5 224 10952 
14 7 20 223 10952 
14 7 35 224 10952 
14 8 5 225 10952 
14 8 20 224 10952 
14 8 50 225 10952 
14 9 5 224 10952 
14 9 20 223 10952 
14 9 50 225 10952 
14 10 20 225 10952 
14 10 50 225 10952 
14 11 5 223 10952 
14 11 20 224 10952 
14 11 35 223 10952 
14 11 50 224 10952 
14 12 5 223 10952 
14 12 50 225 10952 
14 13 5 223 10952 
14 13 20 224 10952 
14 13 35 223 10952 
14 13 50 224 10952 
14 14 5 223 10952 
14 14 20 224 10952 
14 14 35 223 10952 
14 14 50 224 10952 
14 15 5 223 10952 
14 15 20 224 10952 
14 15 35 223 10952 
14 15 50 224 10952 
14 16 5 223 10952 
14 16 48 224 10952 
14 17 3 223 10952 
14 17 18 224 10952 
14 17 33 223 10952 
14 17 48 223 10952 
14 18 3 224 10952 
14 18 18 223 10952 
14 18 33 224 10952 
14 18 48 223 10952 
14 19 3 224 10952 
14 19 18 223 10952 
14 19 33 224 10952 
14 19 48 223 10952 
14 20 3 223 10952 
14 20 33 225 10952 
14 20 48 223 10952 
14 21 3 224 10952 
14 21 18 223 10952 
14 21 33 224 10952 
14 21 48 223 10952 
14 22 33 225 10952 
14 22 48 223 10952 
14 23 18 225 10952 
14 23 33 223 10952 
14 24 3 225 10952 
14 24 33 225 10952 
14 24 48 224 10952 
14 25 3 223 10952 
14 25 18 224 10952 
14 25 33 223 10952 
14 25 48 224 10952 
14 26 3 223 10952 
14 26 18 224 10952 
14 26 33 223 10952 
14 26 48 224 10952 
14 27 18 225 10952 
14 27 33 224 10952 
14 27 48 223 10952 
14 28 3 224 10952 
14 28 18 223 10952 
14 28 33 224 10952 
14 28 48 223 10952 
14 29 18 225 10952 
14 29 33 223 10952 
14 29 48 224 10952 
14 30 3 223 10952 
14 30 18 224 10952 
14 30 33 223 10952 
14 30 48 224 10952 
14 31 3 223 10952 
14 31 18 224 10952 
14 32 2 224 10952 
14 32 17 223 10952 
14 32 32 224 10952 
14 32 47 223 10952 
14 33 2 224 10952 
14 33 32 225 10952 
14 33 47 224 10952 
14 34 2 223 10952 
14 34 17 224 10952 
14 34 47 225 10952 
14 35 2 224 10952 
14 35 17 223 10952 
14 35 32 224 10952 
14 35 47 223 10952 
14 36 2 224 10952 
14 36 17 223 10952 
14 36 32 224 10952 
14 36 47 223 10952 
14 37 2 224 10952 
14 37 17 223 10952 
14 37 32 224 10952 
14 37 47 223 10952 
14 38 2 224 10952 
14 38 17 223 10952 
14 38 32 224 10952 
14 38 47 223 10952 
14 39 2 224 10952 
14 39 17 223 10952 
14 39 32 224 10952 
14 39 47 223 10952 
14 40 2 224 10952 
14 40 32 225 10952 
14 40 47 224 10952 
14 41 2 223 10952 
14 41 32 225 10952 
14 41 47 224 10952 
14 42 2 223 10952 
14 42 17 224 10952 
14 42 32 223 10952 
14 42 47 224 10952 
14 43 2 223 10952 
14 43 17 224 10952 
14 43 47 225 10952 
14 44 2 224 10952 
14 44 17 223 10952 
14 44 47 225 10952 
14 45 2 224 10952 
14 45 17 223 10952 
14 46 2 225 10952 
14 46 17 224 10952 
14 46 47 225 10952 
14 47 46 225 10952 
14 48 1 224 10952 
14 48 16 223 10952 
14 48 31 224 10952 
14 48 46 223 10952 
14 49 1 224 10952 
14 49 16 223 10952 
14 49 31 224 10952 
14 49 46 223 10952 
14 50 16 225 10952 
14 50 31 224 10952 
14 50 46 223 10952 
14 51 1 223 10952 
14 51 16 224 10952 
14 51 31 223 10952 
14 51 46 224 10952 
14 52 1 223 10952 
14 52 16 224 10952 
14 52 31 223 10952 
14 52 46 224 10952 
14 53 1 223 10952 
14 53 16 224 10952 
14 53 31 223 10952 
14 53 46 224 10952 
14 54 1 223 10952 
14 54 16 224 10952 
14 54 31 223 10952 
14 54 46 224 10952 
14 55 1 223 10952 
14 55 16 224 10952 
14 55 31 223 10952 
14 55 46 224 10952 
14 56 1 223 10952 
14 56 16 224 10952 
14 56 31 223 10952 
14 56 46 224 10952 
14 57 1 223 10952 
14 57 16 224 10952 
14 57 31 223 10952 
14 57 46 224 10952 
14 58 1 223 10952 
14 58 16 224 10952 
14 58 46 225 10952 
14 59 1 223 10952 
14 59 16 224 10952 
14 59 31 223 10952 
14 59 46 224 10952 
15 0 1 223 10952 
15 0 16 224 10952 
15 0 46 225 10952 
15 1 1 224 10952 
15 1 16 223 10952 
15 1 31 223 10952 
15 1 46 224 10952 
15 2 30 224 10952 
15 2 45 223 10952 
15 3 15 225 10952 
15 3 30 224 10952 
15 3 45 223 10952 
15 4 0 224 10952 
15 4 15 223 10952 
15 4 30 224 10952 
15 4 45 223 10952 
15 5 0 224 10952 
15 5 15 223 10952 
15 5 30 224 10952 
15 5 45 223 10952 
15 6 0 224 10952 
15 6 15 223 10952 
15 6 30 224 10952 
15 6 45 223 10952 
15 7 0 224 10952 
15 7 15 224 10952 
15 7 30 223 10952 
15 7 45 224 10952 
15 8 0 223 10952 
15 8 15 224 10952 
15 8 30 223 10952 
15 8 45 224 10952 
15 9 0 223 10952 
15 9 15 224 10952 
15 9 30 223 10952 
15 9 45 224 10952 
15 10 30 225 10952 
15 10 45 224 10952 
15 11 0 223 10952 
15 11 15 224 10952 
15 11 45 225 10952 
15 12 0 224 10952 
15 12 15 223 10952 
15 12 30 224 10952 
15 12 45 223 10952 
15 13 0 224 10952 
15 13 15 223 10952 
15 13 30 224 10952 
15 13 45 223 10952 
15 14 0 224 10952 
15 14 15 223 10952 
15 14 30 223 10952 
15 14 45 224 10952 
15 15 0 223 10952 
15 15 30 225 10952 
15 15 45 223 10952 
15 16 0 224 10952 
15 16 15 223 10952 
15 16 30 224 10952 
15 16 45 223 10952 
15 17 0 224 10952 
15 18 14 224 10952 
15 18 29 223 10952 
15 18 44 224 10952 
15 18 59 223 10952 
15 19 14 224 10952 
15 19 29 223 10952 
15 19 44 224 10952 
15 19 59 223 10952 
15 20 14 224 10952 
15 20 29 223 10952 
15 20 44 224 10952 
15 20 59 223 10952 
15 21 14 224 10952 
15 21 29 223 10952 
15 21 44 224 10952 
15 21 59 223 10952 
15 22 14 224 10952 
15 22 29 223 10952 
15 22 44 224 10952 
15 22 59 223 10952 
15 23 14 224 10952 
15 23 29 223 10952 
15 23 44 224 10952 
15 23 59 223 10952 
15 24 14 224 10952 
15 24 29 223 10952 
15 24 44 224 10952 
15 24 59 223 10952 
15 25 14 224 10952 
15 25 29 223 10952 
15 25 44 224 10952 
15 25 59 223 10952 
15 26 14 224 10952 
15 26 29 223 10952 
15 26 44 224 10952 
15 26 59 223 10952 
15 27 14 223 10952 
15 27 29 224 10952 
15 27 44 223 10952 
15 27 59 224 10952 
15 28 14 223 10952 
15 28 29 224 10952 
15 28 44 223 10952 
15 28 59 224 10952 
15 29 14 223 10952 
15 29 29 224 10952 
15 29 44 223 10952 
15 30 14 225 10952 
15 30 29 224 10952 
15 30 44 223 10952 
15 30 59 224 10952 
15 31 29 225 10952 
15 31 44 224 10952 
15 31 59 223 10952 
15 32 14 224 10952 
15 32 58 224 10952 
15 33 13 223 10952 
15 33 28 224 10952 
15 33 43 223 10952 
15 33 58 224 10952 
15 34 13 223 10952 
15 34 28 224 10952 
15 34 43 223 10952 
15 34 58 223 10952 
15 35 13 224 10952 
15 35 28 223 10952 
15 35 43 224 10952 
15 35 58 223 10952 
15 36 13 224 10952 
15 36 28 223 10952 
15 36 43 224 10952 
15 36 58 223 10952 
15 37 13 224 10952 
15 37 28 223 10952 
15 37 43 224 10952 
15 37 58 223 10952 
15 38 13 224 10952 
15 38 28 223 10952 
15 38 43 224 10952 
15 38 58 223 10952 
15 39 13 224 10952 
15 39 28 224 10952 
15 39 43 223 10952 
15 39 58 223 10952 
15 40 13 224 10952 
15 40 28 223 10952 
15 40 58 225 10952 
15 41 13 224 10952 
15 41 28 223 10952 
15 41 43 224 10952 
15 41 58 223 10952 
15 42 13 224 10952 
15 42 28 223 10952 
15 42 43 224 10952 
15 42 58 223 10952 
15 43 13 224 10952 
15 43 28 223 10952 
15 43 43 224 10952 
15 43 58 223 10952 
15 44 13 224 10952 
15 44 28 223 10952 
15 44 43 224 10952 
15 44 58 223 10952 
15 45 13 224 10952 
15 45 28 223 10952 
15 45 43 224 10952 
15 45 58 223 10952 
15 46 28 225 10952 
15 46 43 224 10952 
15 46 58 223 10952 
15 47 13 224 10952 
15 47 28 223 10952 
15 48 11 224 10952 
15 48 26 223 10952 
15 48 41 224 10952 
15 48 56 223 10952 
15 49 11 224 10952 
15 49 26 223 10952 
15 49 41 224 10952 
15 49 56 223 10952 
15 50 11 224 10952 
15 50 26 223 10952 
15 50 41 224 10952 
15 50 56 223 10711 

/> 