ls
ls
<CR>
         TIME          Size       File name 
----A 2021/10/04 15:19      3360  1004
----A 2021/10/04 13:55    128640  10041339
----A 2021/10/04 14:11    128640  10041354
----A 2021/10/04 14:25    128640  10041410
----A 2021/10/04 14:41    128000  10041425
----A 2021/10/04 14:55    128640  10041440
----A 2021/10/04 15:11    128000  10041456
----A 2021/10/04 15:11      2560  10041511
----A 2021/10/05 15:15      8424  1005
----A 2021/10/05 10:59    128000  10051042
----A 2021/10/05 11:15    128000  10051058
----A 2021/10/05 11:31    128000  10051114
----A 2021/10/05 11:47    128000  10051130
----A 2021/10/05 12:03    128000  10051146
----A 2021/10/05 12:19    128000  10051202
----A 2021/10/05 12:35    128000  10051218
----A 2021/10/05 12:51    128000  10051234
----A 2021/10/05 13:07    128000  10051250
----A 2021/10/05 13:23    128000  10051306
----A 2021/10/05 13:39    128000  10051322
----A 2021/10/05 13:55    128000  10051338
----A 2021/10/05 14:11    128000  10051354
----A 2021/10/05 14:27    128000  10051410
----A 2021/10/05 14:43    128000  10051426
----A 2021/10/05 14:59    128000  10051442
----A 2021/10/05 15:15    128000  10051458
----A 2021/10/05 15:15      2560  10051514

  27 File(s),   2963464 bytes total
   0 Dir(s),     997568K bytes free

/> 
read 1005
read 1005
<CR>Time:2021/10/05 15:15
Hours Minutes Seconds  Nb_Samples    Aver. Current 
10 29 29 25 12588 
10 29 44 24 14492 
10 29 59 25 15474 
10 30 14 25 16273 
10 30 29 25 16703 
10 30 44 25 17010 
10 30 59 26 17071 
10 31 14 25 17071 
10 31 29 25 17071 
10 31 44 25 17010 
10 31 59 25 17071 
10 32 14 25 17071 
10 32 29 25 17010 
10 32 44 25 17071 
10 32 59 25 17010 
10 33 14 25 17010 
10 33 29 25 17010 
10 33 44 25 17010 
10 33 59 25 17010 
10 34 14 25 17010 
10 34 29 25 17010 
10 34 44 25 17010 
10 34 59 25 17010 
10 35 14 25 17010 
10 35 29 25 17010 
10 35 44 25 17010 
10 35 59 25 17010 
10 36 14 25 17010 
10 36 29 25 17010 
10 36 44 25 17010 
10 36 59 25 17010 
10 37 14 25 17010 
10 37 29 25 17010 
10 37 44 25 17010 
10 37 59 25 17010 
10 38 14 25 17010 
10 38 29 25 17010 
10 38 44 25 17010 
10 38 59 25 17010 
10 39 14 25 17010 
10 39 29 25 17010 
10 39 44 25 17010 
10 39 59 25 17010 
10 40 14 25 17010 
10 40 29 25 17010 
10 40 44 25 17010 
10 40 59 25 17010 
10 41 14 25 17010 
10 41 29 25 17010 
10 41 44 25 17010 
10 43 17 25 17010 
10 43 32 25 17010 
10 43 47 25 17010 
10 44 2 25 17010 
10 44 17 25 17010 
10 44 32 25 17010 
10 44 47 25 17010 
10 45 2 25 17010 
10 45 17 25 17010 
10 45 32 25 17010 
10 45 47 25 17010 
10 46 2 25 17010 
10 46 17 25 17010 
10 46 32 25 17010 
10 46 47 25 17010 
10 47 2 25 17010 
10 47 17 25 17010 
10 47 32 25 17010 
10 47 47 25 17010 
10 48 2 25 17010 
10 48 17 25 17010 
10 48 32 25 17010 
10 48 47 25 17010 
10 49 2 25 17010 
10 49 17 25 17010 
10 49 32 25 17010 
10 49 47 25 17010 
10 50 2 25 17010 
10 50 17 25 17010 
10 50 32 25 17010 
10 50 47 25 17010 
10 51 2 25 17010 
10 51 17 25 17010 
10 51 32 25 17010 
10 51 47 25 17010 
10 52 2 25 17010 
10 52 17 25 17010 
10 52 32 25 17010 
10 52 47 25 17010 
10 53 2 25 17010 
10 53 17 25 17010 
10 53 32 25 17010 
10 53 47 25 17010 
10 54 2 25 17010 
10 54 17 25 17010 
10 54 32 25 17010 
10 54 47 25 17010 
10 55 2 25 17010 
10 55 17 25 17010 
10 55 32 25 17010 
10 55 47 25 17010 
10 56 2 25 17010 
10 56 17 25 17010 
10 56 32 25 17010 
10 56 47 25 17010 
10 57 2 25 17010 
10 57 17 25 17010 
10 57 32 25 17010 
10 57 47 25 17010 
10 59 17 25 17010 
10 59 32 25 17010 
10 59 47 25 17010 
11 0 2 25 17010 
11 0 17 25 17010 
11 0 32 25 17010 
11 0 47 25 17010 
11 1 2 25 17010 
11 1 17 25 17010 
11 1 32 25 17010 
11 1 47 25 17010 
11 2 2 25 17010 
11 2 17 25 17010 
11 2 32 25 17010 
11 2 47 25 17010 
11 3 2 25 17010 
11 3 17 25 17010 
11 3 32 25 17010 
11 3 47 25 17010 
11 4 2 25 17010 
11 4 17 25 17010 
11 4 32 25 17010 
11 4 47 25 17010 
11 5 2 25 17010 
11 5 17 25 17010 
11 5 32 25 17010 
11 5 47 25 17010 
11 6 2 25 17010 
11 6 17 25 17010 
11 6 32 25 17010 
11 6 47 25 17010 
11 7 2 25 17010 
11 7 17 25 17010 
11 7 32 25 17010 
11 7 47 25 17010 
11 8 2 25 17010 
11 8 17 25 17010 
11 8 32 25 17010 
11 8 47 25 17010 
11 9 2 25 17010 
11 9 17 25 17010 
11 9 32 25 17010 
11 9 47 25 17010 
11 10 2 25 17010 
11 10 17 25 17010 
11 10 32 25 17010 
11 10 47 25 17010 
11 11 2 25 17010 
11 11 17 25 17010 
11 11 32 25 17010 
11 11 47 25 17010 
11 12 2 25 17010 
11 12 17 25 17010 
11 12 32 25 17010 
11 12 47 25 17010 
11 13 2 25 17010 
11 13 17 25 17010 
11 13 32 25 17010 
11 13 47 25 17010 
11 15 17 25 17010 
11 15 32 25 17010 
11 15 47 25 17010 
11 16 2 25 17010 
11 16 17 25 17010 
11 16 32 25 17010 
11 16 47 25 17010 
11 17 2 25 17010 
11 17 17 25 17010 
11 17 32 25 17010 
11 17 47 25 17010 
11 18 2 25 17010 
11 18 17 25 17010 
11 18 32 25 17010 
11 18 47 25 17010 
11 19 2 25 17010 
11 19 17 25 17010 
11 19 32 25 17010 
11 19 47 25 17010 
11 20 2 25 17010 
11 20 17 25 17010 
11 20 32 25 17010 
11 20 47 25 17010 
11 21 2 25 17010 
11 21 17 25 17010 
11 21 32 25 17010 
11 21 47 25 17010 
11 22 2 25 17010 
11 22 17 25 17010 
11 22 32 25 17010 
11 22 47 25 17010 
11 23 2 25 17010 
11 23 17 25 17010 
11 23 32 25 17010 
11 23 47 25 17010 
11 24 2 25 17010 
11 24 17 25 17010 
11 24 32 25 17010 
11 24 47 25 17010 
11 25 2 25 17010 
11 25 17 25 17010 
11 25 32 25 17010 
11 25 47 25 17010 
11 26 2 25 17010 
11 26 17 25 17010 
11 26 32 25 17010 
11 26 47 25 17010 
11 27 2 25 17010 
11 27 17 25 17010 
11 27 32 25 17010 
11 27 47 25 17010 
11 28 2 25 17010 
11 28 17 25 17010 
11 28 32 25 17010 
11 28 47 25 17010 
11 29 2 25 17010 
11 29 17 25 17010 
11 29 32 25 17010 
11 29 47 25 17010 
11 31 17 25 17010 
11 31 32 25 17010 
11 31 47 25 17010 
11 32 2 25 17010 
11 32 17 25 17010 
11 32 32 25 17010 
11 32 47 25 17010 
11 33 2 25 17010 
11 33 17 25 17010 
11 33 32 25 17010 
11 33 47 25 17010 
11 34 2 25 17010 
11 34 17 25 17010 
11 34 32 25 17010 
11 34 47 25 17010 
11 35 2 25 17010 
11 35 17 25 17010 
11 35 32 25 17010 
11 35 47 25 17010 
11 36 2 25 17010 
11 36 17 25 17010 
11 36 32 25 17010 
11 36 47 25 17010 
11 37 2 25 17010 
11 37 17 25 17010 
11 37 32 25 17010 
11 37 47 25 17010 
11 38 2 25 17010 
11 38 17 25 17010 
11 38 32 25 17010 
11 38 47 25 17010 
11 39 2 25 17010 
11 39 17 25 17010 
11 39 32 25 17010 
11 39 47 25 17010 
11 40 2 25 17010 
11 40 17 25 17010 
11 40 32 25 17010 
11 40 47 25 17010 
11 41 2 25 17010 
11 41 17 25 17010 
11 41 32 25 17010 
11 41 47 25 17010 
11 42 2 25 17010 
11 42 17 25 17010 
11 42 32 25 17010 
11 42 47 25 17010 
11 43 2 25 17010 
11 43 17 25 17010 
11 43 32 25 17010 
11 43 47 25 17010 
11 44 2 25 17010 
11 44 18 26 17010 
11 44 33 25 17010 
11 44 48 25 17010 
11 45 3 25 17010 
11 45 18 25 17010 
11 45 33 25 17010 
11 45 48 25 17010 
11 47 18 25 17010 
11 47 33 25 17010 
11 47 48 25 17010 
11 48 3 25 17010 
11 48 18 25 17010 
11 48 33 25 17010 
11 48 48 25 17010 
11 49 3 25 17010 
11 49 18 25 17010 
11 49 33 25 17010 
11 49 48 25 17010 
11 50 3 25 17010 
11 50 18 25 17010 
11 50 33 25 17010 
11 50 48 25 17010 
11 51 3 25 17010 
11 51 18 25 17010 
11 51 33 25 17010 
11 51 48 25 17010 
11 52 3 25 17010 
11 52 18 25 17010 
11 52 33 25 17010 
11 52 48 25 17010 
11 53 3 25 17010 
11 53 18 25 17010 
11 53 33 25 17010 
11 53 48 25 17010 
11 54 3 25 17010 
11 54 18 25 17010 
11 54 33 25 17010 
11 54 48 25 17010 
11 55 3 25 17010 
11 55 18 25 17010 
11 55 33 25 17010 
11 55 48 25 17010 
11 56 3 25 17010 
11 56 18 25 17010 
11 56 33 25 17010 
11 56 48 25 17010 
11 57 3 25 17010 
11 57 18 25 17010 
11 57 33 25 17010 
11 57 48 25 17010 
11 58 3 25 17010 
11 58 18 25 17010 
11 58 33 25 17010 
11 58 48 25 17010 
11 59 3 25 17010 
11 59 18 25 17010 
11 59 33 25 17010 
11 59 48 25 17010 
12 0 3 25 17010 
12 0 18 25 17010 
12 0 33 25 17010 
12 0 48 25 17010 
12 1 3 25 17010 
12 1 18 25 17010 
12 1 33 25 17010 
12 1 48 25 17010 
12 3 18 25 17010 
12 3 33 25 17010 
12 3 48 25 17010 
12 4 3 25 17010 
12 4 18 25 17010 
12 4 33 25 17010 
12 4 48 25 17010 
12 5 3 25 17010 
12 5 18 25 17010 
12 5 33 25 17010 
12 5 48 25 17010 
12 6 3 25 17010 
12 6 18 25 17010 
12 6 33 25 17010 
12 6 48 25 17010 
12 7 3 25 17010 
12 7 18 25 17010 
12 7 33 25 17010 
12 7 48 25 17010 
12 8 3 25 17010 
12 8 18 25 17010 
12 8 33 25 17010 
12 8 48 25 17010 
12 9 3 25 17010 
12 9 18 25 17010 
12 9 33 25 17010 
12 9 48 25 17010 
12 10 3 25 17010 
12 10 18 25 17010 
12 10 33 25 17010 
12 10 48 25 17010 
12 11 3 25 17010 
12 11 18 25 17010 
12 11 33 25 17010 
12 11 48 25 17010 
12 12 3 25 17010 
12 12 18 25 17010 
12 12 33 25 17010 
12 12 48 25 17010 
12 13 3 25 17010 
12 13 18 25 17010 
12 13 33 25 17010 
12 13 48 25 17010 
12 14 3 25 17010 
12 14 18 25 17010 
12 14 33 25 17010 
12 14 48 25 17010 
12 15 3 25 17010 
12 15 18 25 17010 
12 15 33 25 17010 
12 15 48 25 17010 
12 16 3 25 17010 
12 16 18 25 17010 
12 16 33 25 17010 
12 16 48 25 17010 
12 17 3 25 17010 
12 17 18 25 17010 
12 17 33 25 17010 
12 17 48 25 17010 
12 19 18 25 17010 
12 19 33 25 17010 
12 19 48 25 17010 
12 20 3 25 17010 
12 20 18 25 17010 
12 20 33 25 17010 
12 20 48 25 17010 
12 21 3 25 17010 
12 21 18 25 17010 
12 21 33 25 17010 
12 21 48 25 17010 
12 22 3 25 17010 
12 22 18 25 17010 
12 22 33 25 17010 
12 22 48 25 17010 
12 23 3 25 17010 
12 23 18 25 17010 
12 23 33 25 17010 
12 23 48 25 17010 
12 24 3 25 17010 
12 24 18 25 17010 
12 24 33 25 17010 
12 24 48 25 17010 
12 25 3 25 17010 
12 25 18 25 17010 
12 25 33 25 17010 
12 25 48 25 17010 
12 26 3 25 17010 
12 26 18 25 17010 
12 26 33 25 17010 
12 26 48 25 17010 
12 27 3 25 17010 
12 27 18 25 17010 
12 27 33 25 17010 
12 27 48 25 17010 
12 28 3 25 17010 
12 28 18 25 17010 
12 28 33 25 17010 
12 28 48 25 17010 
12 29 3 25 17010 
12 29 18 25 17010 
12 29 33 25 17010 
12 29 48 25 17010 
12 30 3 25 17010 
12 30 18 25 17010 
12 30 33 25 17010 
12 30 48 25 17010 
12 31 3 25 17010 
12 31 18 25 17010 
12 31 33 25 17010 
12 31 48 25 17010 
12 32 3 25 17010 
12 32 18 25 17010 
12 32 33 25 17010 
12 32 48 25 17010 
12 33 3 25 17010 
12 33 18 25 17010 
12 33 33 25 17010 
12 33 48 25 17010 
12 35 18 25 17010 
12 35 33 25 17010 
12 35 48 25 17010 
12 36 3 25 17010 
12 36 18 25 17010 
12 36 33 25 17010 
12 36 48 25 17010 
12 37 3 25 17010 
12 37 18 25 17010 
12 37 33 25 17010 
12 37 48 25 17010 
12 38 3 25 17010 
12 38 18 25 17010 
12 38 33 25 17010 
12 38 48 25 17010 
12 39 3 25 17010 
12 39 18 25 17010 
12 39 33 25 17010 
12 39 48 25 17010 
12 40 3 25 17010 
12 40 18 25 17010 
12 40 33 25 17010 
12 40 48 25 17010 
12 41 3 25 17010 
12 41 18 25 17010 
12 41 33 25 17010 
12 41 48 25 17010 
12 42 3 25 17010 
12 42 18 25 17010 
12 42 33 25 17010 
12 42 48 25 17010 
12 43 3 25 17010 
12 43 18 25 17010 
12 43 33 25 17010 
12 43 48 25 17010 
12 44 3 25 17010 
12 44 18 25 17010 
12 44 33 25 17010 
12 44 48 25 17010 
12 45 3 25 17010 
12 45 18 25 17010 
12 45 33 25 17010 
12 45 48 25 17010 
12 46 3 25 17010 
12 46 18 25 17010 
12 46 33 25 17010 
12 46 48 25 17010 
12 47 3 25 17010 
12 47 18 25 17010 
12 47 33 25 17010 
12 47 48 25 17010 
12 48 3 25 17010 
12 48 18 25 17010 
12 48 33 25 17010 
12 48 48 25 17010 
12 49 3 25 17010 
12 49 18 25 17010 
12 49 33 25 17010 
12 49 48 25 17010 
12 51 18 25 17010 
12 51 33 25 17010 
12 51 48 25 17010 
12 52 3 25 17010 
12 52 18 25 17010 
12 52 33 25 17010 
12 52 48 25 17010 
12 53 3 25 17010 
12 53 18 25 17010 
12 53 33 25 17010 
12 53 48 25 17010 
12 54 3 25 17010 
12 54 18 25 17010 
12 54 33 25 17010 
12 54 48 25 17010 
12 55 3 25 17010 
12 55 18 25 17010 
12 55 33 25 17010 
12 55 48 25 17010 
12 56 3 25 17010 
12 56 18 25 17010 
12 56 33 25 17010 
12 56 48 25 17010 
12 57 3 25 17010 
12 57 18 25 17010 
12 57 33 25 17010 
12 57 48 25 17010 
12 58 3 25 17010 
12 58 18 25 17010 
12 58 33 25 17010 
12 58 48 25 17010 
12 59 3 25 17010 
12 59 18 25 17010 
12 59 33 25 17010 
12 59 48 25 17010 
13 0 3 25 17010 
13 0 18 25 17010 
13 0 33 25 17010 
13 0 48 25 17010 
13 1 3 25 17010 
13 1 18 25 17010 
13 1 33 25 17010 
13 1 48 25 17010 
13 2 3 25 17010 
13 2 18 25 17010 
13 2 33 25 17010 
13 2 48 25 17010 
13 3 3 25 17010 
13 3 18 25 17010 
13 3 33 25 17010 
13 3 48 25 17010 
13 4 3 25 17010 
13 4 18 25 17010 
13 4 33 25 17010 
13 4 48 25 17010 
13 5 3 25 17010 
13 5 18 25 17010 
13 5 33 25 17010 
13 5 48 25 17010 
13 7 18 25 17010 
13 7 33 25 17010 
13 7 48 25 17010 
13 8 3 25 17010 
13 8 18 25 17010 
13 8 33 25 17010 
13 8 48 25 17010 
13 9 3 25 17010 
13 9 18 25 17010 
13 9 33 25 17010 
13 9 48 25 17010 
13 10 3 25 17010 
13 10 18 25 17010 
13 10 33 25 17010 
13 10 48 25 17010 
13 11 3 25 17010 
13 11 18 25 17010 
13 11 33 25 17010 
13 11 48 25 17010 
13 12 3 25 17010 
13 12 18 25 17010 
13 12 33 25 17010 
13 12 48 25 17010 
13 13 3 25 17010 
13 13 18 25 17010 
13 13 33 25 17010 
13 13 48 25 17010 
13 14 3 25 17010 
13 14 18 25 17010 
13 14 33 25 17010 
13 14 48 25 17010 
13 15 3 25 17010 
13 15 18 25 17010 
13 15 33 25 17010 
13 15 48 25 17010 
13 16 3 25 17010 
13 16 18 25 17010 
13 16 33 25 17010 
13 16 48 25 17010 
13 17 3 25 17010 
13 17 18 25 17010 
13 17 33 25 17010 
13 17 48 25 17010 
13 18 3 25 17010 
13 18 18 25 17010 
13 18 33 25 17010 
13 18 48 25 17010 
13 19 3 25 17010 
13 19 18 25 17010 
13 19 33 25 17010 
13 19 48 25 17010 
13 20 3 25 17010 
13 20 18 25 17010 
13 20 33 25 17010 
13 20 48 25 17010 
13 21 3 25 17010 
13 21 18 25 17010 
13 21 33 25 17010 
13 21 48 25 17010 
13 23 18 25 17010 
13 23 33 25 17010 
13 23 48 25 17010 
13 24 3 25 17010 
13 24 18 25 17010 
13 24 33 25 17010 
13 24 48 25 17010 
13 25 3 25 17010 
13 25 18 25 17010 
13 25 33 25 17010 
13 25 48 25 17010 
13 26 3 25 17010 
13 26 18 25 17010 
13 26 33 25 17010 
13 26 48 25 17010 
13 27 3 25 17010 
13 27 18 25 17010 
13 27 33 25 17010 
13 27 48 25 17010 
13 28 3 25 17010 
13 28 18 25 17010 
13 28 33 25 17010 
13 28 48 25 17010 
13 29 3 25 17010 
13 29 18 25 17010 
13 29 33 25 17010 
13 29 48 25 17010 
13 30 3 25 17010 
13 30 18 25 17010 
13 30 33 25 17010 
13 30 48 25 17010 
13 31 3 25 17010 
13 31 18 25 17010 
13 31 33 25 17010 
13 31 48 25 17010 
13 32 3 25 17010 
13 32 18 25 17010 
13 32 33 25 17010 
13 32 48 25 17010 
13 33 3 25 17010 
13 33 18 25 17010 
13 33 33 25 17010 
13 33 48 25 17010 
13 34 3 25 17010 
13 34 18 25 17010 
13 34 33 25 17010 
13 34 48 25 17010 
13 35 3 25 17010 
13 35 18 25 17010 
13 35 33 25 17010 
13 35 48 25 17010 
13 36 3 25 17010 
13 36 18 25 17010 
13 36 33 25 17010 
13 36 48 25 17010 
13 37 3 25 17010 
13 37 18 25 17010 
13 37 33 25 17010 
13 37 48 25 17010 
13 39 18 25 17010 
13 39 33 25 17010 
13 39 48 25 17010 
13 40 3 25 17010 
13 40 18 25 17010 
13 40 33 25 17010 
13 40 48 25 17010 
13 41 3 25 17010 
13 41 18 25 17010 
13 41 33 25 17010 
13 41 48 25 17010 
13 42 3 25 17010 
13 42 18 25 17010 
13 42 33 25 17010 
13 42 48 25 17010 
13 43 3 25 17010 
13 43 18 25 17010 
13 43 33 25 17010 
13 43 48 25 17010 
13 44 3 25 17010 
13 44 18 25 17010 
13 44 33 25 17010 
13 44 48 25 17010 
13 45 3 25 17010 
13 45 18 25 17010 
13 45 33 25 17010 
13 45 48 25 17010 
13 46 3 25 17010 
13 46 18 25 17010 
13 46 33 25 17010 
13 46 48 25 17010 
13 47 3 25 17010 
13 47 18 25 17010 
13 47 33 25 17010 
13 47 48 25 17010 
13 48 3 25 17010 
13 48 18 25 17010 
13 48 33 25 17010 
13 48 48 25 17010 
13 49 3 25 17010 
13 49 18 25 17010 
13 49 33 25 17010 
13 49 48 25 17010 
13 50 3 25 17010 
13 50 18 25 17010 
13 50 33 25 17010 
13 50 48 25 17010 
13 51 3 25 17010 
13 51 18 25 17010 
13 51 33 25 17010 
13 51 48 25 17010 
13 52 3 25 17010 
13 52 18 25 17010 
13 52 33 25 17010 
13 52 48 25 17010 
13 53 3 25 17010 
13 53 18 25 17010 
13 53 33 25 17010 
13 53 48 25 17010 
13 55 18 25 17010 
13 55 33 25 17010 
13 55 48 25 17010 
13 56 3 25 17010 
13 56 18 25 17010 
13 56 33 25 17010 
13 56 48 25 17010 
13 57 3 25 17010 
13 57 18 25 17010 
13 57 33 25 17010 
13 57 48 25 17010 
13 58 3 25 17010 
13 58 18 25 17010 
13 58 33 25 17010 
13 58 48 25 17010 
13 59 3 25 17010 
13 59 18 25 17010 
13 59 33 25 17010 
13 59 48 25 17010 
14 0 3 25 17010 
14 0 18 25 17010 
14 0 33 25 17010 
14 0 48 25 17010 
14 1 3 25 17010 
14 1 18 25 17010 
14 1 33 25 17010 
14 1 48 25 17010 
14 2 3 25 17010 
14 2 18 25 17010 
14 2 33 25 17010 
14 2 48 25 17010 
14 3 3 25 17010 
14 3 18 25 17010 
14 3 33 25 17010 
14 3 48 25 17010 
14 4 3 25 17010 
14 4 18 25 17010 
14 4 33 26 17010 
14 4 48 25 17010 
14 5 3 25 17010 
14 5 18 25 17010 
14 5 33 25 17010 
14 5 48 25 17010 
14 6 3 25 17010 
14 6 18 25 17010 
14 6 33 25 17010 
14 6 48 25 17010 
14 7 3 25 17010 
14 7 18 25 17010 
14 7 33 25 17010 
14 7 48 25 17010 
14 8 3 25 17010 
14 8 18 25 17010 
14 8 33 25 17010 
14 8 48 25 17010 
14 9 3 25 17010 
14 9 18 25 17010 
14 9 33 25 17010 
14 9 48 25 17010 
14 11 18 25 17010 
14 11 33 25 17010 
14 11 48 25 17010 
14 12 3 25 17010 
14 12 18 25 17010 
14 12 33 25 17010 
14 12 48 25 17010 
14 13 3 25 17010 
14 13 18 25 17010 
14 13 33 25 17010 
14 13 48 25 17010 
14 14 3 25 17010 
14 14 18 25 17010 
14 14 33 25 17010 
14 14 48 25 17010 
14 15 3 25 17010 
14 15 18 25 17010 
14 15 33 25 17010 
14 15 48 25 17010 
14 16 3 25 17010 
14 16 18 25 17010 
14 16 33 25 17010 
14 16 48 25 17010 
14 17 3 25 17010 
14 17 18 25 17010 
14 17 33 25 17010 
14 17 48 25 17010 
14 18 3 25 17010 
14 18 18 25 17010 
14 18 33 25 17010 
14 18 48 25 17010 
14 19 3 25 17010 
14 19 18 25 17010 
14 19 33 25 17010 
14 19 48 25 17010 
14 20 3 25 17010 
14 20 18 25 17010 
14 20 33 25 17010 
14 20 48 25 17010 
14 21 3 25 17010 
14 21 18 25 17010 
14 21 33 25 17010 
14 21 48 25 17010 
14 22 3 25 17010 
14 22 18 25 17010 
14 22 33 25 17010 
14 22 48 25 17010 
14 23 3 25 17010 
14 23 18 25 17010 
14 23 33 25 17010 
14 23 48 25 17010 
14 24 3 25 17010 
14 24 18 25 17010 
14 24 33 25 17010 
14 24 48 25 17010 
14 25 3 25 17010 
14 25 18 25 17010 
14 25 33 25 17010 
14 25 48 25 17010 
14 27 18 25 17010 
14 27 33 25 17010 
14 27 48 25 17010 
14 28 3 25 17010 
14 28 18 25 17010 
14 28 33 25 17010 
14 28 48 25 17010 
14 29 3 25 17010 
14 29 18 25 17010 
14 29 33 25 17010 
14 29 48 25 17010 
14 30 3 25 17010 
14 30 18 25 17010 
14 30 33 25 17010 
14 30 48 25 17010 
14 31 3 25 17010 
14 31 18 25 17010 
14 31 33 25 17010 
14 31 48 25 17010 
14 32 3 25 17010 
14 32 18 25 17010 
14 32 33 25 17010 
14 32 48 25 17010 
14 33 3 25 17010 
14 33 18 25 17010 
14 33 33 25 17010 
14 33 48 25 17010 
14 34 3 25 17010 
14 34 18 25 17010 
14 34 33 25 17010 
14 34 48 25 17010 
14 35 3 25 17010 
14 35 18 25 17010 
14 35 33 25 17010 
14 35 48 25 17010 
14 36 3 25 17010 
14 36 18 25 17010 
14 36 33 25 17010 
14 36 48 25 17010 
14 37 3 25 17010 
14 37 18 25 17010 
14 37 33 25 17010 
14 37 48 25 17010 
14 38 3 25 17010 
14 38 18 25 17010 
14 38 33 25 17010 
14 38 48 25 17010 
14 39 3 25 17010 
14 39 18 25 17010 
14 39 33 25 17010 
14 39 48 25 17010 
14 40 3 25 17010 
14 40 18 25 17010 
14 40 33 25 17010 
14 40 48 25 17010 
14 41 3 25 17010 
14 41 18 25 17010 
14 41 33 25 17010 
14 41 48 25 17010 
14 43 18 25 17010 
14 43 33 25 17010 
14 43 48 25 17010 
14 44 3 25 17010 
14 44 18 25 17010 
14 44 33 25 17010 
14 44 48 25 17010 
14 45 3 25 17010 
14 45 18 25 17010 
14 45 33 25 17010 
14 45 48 25 17010 
14 46 3 25 17010 
14 46 18 25 17010 
14 46 33 25 17010 
14 46 48 25 17010 
14 47 3 25 17010 
14 47 18 25 17010 
14 47 33 25 17010 
14 47 48 25 17010 
14 48 3 25 17010 
14 48 18 25 17010 
14 48 33 25 17010 
14 48 48 25 17010 
14 49 3 25 17010 
14 49 18 25 17010 
14 49 33 25 17010 
14 49 48 25 17010 
14 50 3 25 17010 
14 50 18 25 17010 
14 50 33 25 17010 
14 50 48 25 17010 
14 51 3 25 17010 
14 51 18 25 17010 
14 51 33 25 17010 
14 51 48 25 17010 
14 52 3 25 17010 
14 52 18 25 17010 
14 52 33 25 17010 
14 52 48 25 17010 
14 53 3 25 17010 
14 53 18 25 17010 
14 53 33 25 17010 
14 53 48 25 17010 
14 54 3 25 17010 
14 54 18 25 17010 
14 54 33 25 17010 
14 54 48 25 17010 
14 55 3 25 17010 
14 55 18 25 17010 
14 55 33 25 17010 
14 55 48 25 17010 
14 56 3 25 17010 
14 56 18 25 17010 
14 56 33 25 17010 
14 56 48 25 17010 
14 57 3 25 17010 
14 57 18 25 17010 
14 57 33 25 17010 
14 57 48 25 17010 
14 59 18 25 17010 
14 59 33 25 17010 
14 59 48 25 17010 
15 0 3 25 17010 
15 0 18 25 17010 
15 0 33 25 17010 
15 0 48 25 17010 
15 1 3 25 17010 
15 1 18 25 17010 
15 1 33 25 17010 
15 1 48 25 17010 
15 2 3 25 17010 
15 2 18 25 17010 
15 2 33 25 17010 
15 2 48 25 17010 
15 3 3 25 17010 
15 3 18 25 17010 
15 3 33 25 17010 
15 3 48 25 17010 
15 4 3 25 17010 
15 4 18 25 17010 
15 4 33 25 17010 
15 4 48 25 17010 
15 5 3 25 17010 
15 5 18 25 17010 
15 5 33 25 17010 
15 5 48 25 17010 
15 6 3 25 17010 
15 6 18 25 17010 
15 6 33 25 17010 
15 6 48 25 17010 
15 7 3 25 17010 
15 7 18 25 17010 
15 7 33 25 17010 
15 7 48 25 17010 
15 8 3 25 17010 
15 8 18 25 17010 
15 8 33 25 17010 
15 8 48 25 17010 
15 9 3 25 17010 
15 9 18 25 17010 
15 9 33 25 17010 
15 9 48 25 17010 
15 10 3 25 17010 
15 10 18 25 17010 
15 10 33 25 17010 
15 10 48 25 17010 
15 11 3 25 17010 
15 11 18 25 17010 
15 11 33 25 17010 
15 11 48 25 17010 
15 12 3 25 17010 
15 12 18 25 17010 
15 12 33 25 17010 
15 12 48 25 17010 
15 13 3 25 17010 
15 13 18 25 17010 
15 13 33 25 17010 
15 13 48 25 17010 

/> 
read_ramp 10051322
read_ramp 10051322
<CR>Time:2021/10/05 15:15Ramp data first polarity: 
229 229 229 229 228 229 229 229 228 229 230 229 229 229 229 229 229 229 230 230 229 229 229 229 228 229 229 230 228 229 229 229 229 229 229 230 228 229 229 229 229 229 229 231 229 229 229 228 229 230 229 229 229 229 228 228 229 229 229 230 230 229 228 229 230 233 234 235 237 240 243 246 248 250 254 255 258 259 260 261 264 265 266 268 270 271 272 274 275 276 279 280 282 285 285 287 288 289 291 293 295 296 297 299 301 302 304 306 307 309 311 312 313 315 317 318 320 322 323 324 326 327 330 331 332 335 336 337 339 340 342 344 345 347 348 350 350 353 355 356 358 360 361 362 364 366 367 368 370 373 373 374 376 378 379 381 382 384 386 387 388 390 391 393 395 397 398 399 400 402 403 406 406 409 410 410 413 413 415 417 419 421 422 423 424 426 427 429 430 432 434 435 436 438 439 440 443 444 446 446 447 449 450 452 453 455 457 458 459 461 462 463 465 467 468 469 470 472 474 475 477 477 479 480 482 482 485 486 488 489 491 492 493 494 495 496 499 500 502 504 503 504 505 506 506 507 508 507 506 507 508 508 507 507 508 508 507 507 506 507 508 507 507 508 507 507 506 507 507 507 507 508 507 507 507 507 507 507 507 508 507 507 507 507 507 507 507 508 506 507 507 507 507 507 507 508 507 507 507 507 507 507 507 508 507 507 507 507 507 507 507 507 507 507 507 507 507 507 507 507 
ramp data second polarity
785 783 783 783 784 784 784 784 784 783 783 784 784 783 783 785 784 783 784 784 784 784 783 784 784 784 784 784 783 783 783 785 784 784 783 784 784 783 784 785 784 784 783 784 784 783 785 785 784 783 783 783 783 783 784 784 784 784 784 784 784 783 785 784 784 785 780 780 776 774 771 768 765 762 760 757 755 754 754 751 750 749 747 745 744 742 741 739 738 737 735 733 731 729 729 726 725 724 722 720 718 717 715 713 713 712 709 707 705 705 703 701 700 698 696 695 694 692 690 688 687 686 684 682 680 679 678 676 675 674 671 670 669 666 665 664 662 661 658 657 655 654 653 651 650 649 646 645 644 642 640 638 637 636 634 633 630 629 628 626 625 623 622 621 619 618 616 614 613 612 610 609 606 605 604 602 601 600 599 597 595 593 592 591 589 588 587 585 583 582 580 579 578 576 576 573 571 570 568 567 566 564 564 562 560 559 557 555 554 553 552 550 549 547 545 545 543 540 541 539 537 535 534 533 532 529 529 528 526 524 523 521 521 518 518 515 514 513 511 510 509 507 508 506 505 506 505 505 505 505 506 506 505 505 505 505 505 504 506 506 505 505 505 505 505 505 506 506 505 505 505 505 506 504 505 506 505 505 505 505 505 505 506 507 505 506 505 504 505 505 506 506 504 505 505 506 505 505 506 506 505 505 505 505 504 506 506 506 505 505 505 506 505 505 505 505 506 505 505 505 
Oscillation data first polarity :
778 777 776 773 771 766 763 762 759 757 755 754 753 751 748 747 746 745 743 743 740 738 736 735 734 732 730 730 727 727 724 723 721 719 718 717 716 713 711 710 709 707 706 704 703 701 699 698 695 695 693 692 690 687 686 685 683 682 680 678 678 675 674 672 670 669 669 666 665 664 661 660 659 656 655 654 654 651 649 647 646 645 644 641 641 638 636 635 633 632 631 629 629 626 625 623 621 620 620 616 616 613 612 611 609 609 606 605 604 602 600 598 597 596 595 593 592 590 588 587 586 584 583 581 581 578 576 575 573 572 571 569 568 566 565 564 562 561 560 557 557 554 554 552 550 549 548 547 545 543 542 540 539 538 536 535 534 532 531 529 528 526 523 523 523 522 520 518 517 515 514 512 512 510 508 507 506 506 506 505 506 506 505 505 505 507 505 505 506 506 505 505 505 505 505 505 506 505 505 505 505 505 505 506 507 506 506 504 505 506 505 505 505 506 506 505 505 505 505 505 505 506 506 505 505 505 505 505 505 506 506 505 505 505 505 505 506 506 506 505 505 505 505 506 506 505 506 505 506 505 505 505 506 505 506 505 505 505 505 505 505 505 506 505 505 506 505 505 505 505 506 506 505 506 505 505 506 505 506 506 505 505 505 505 505 505 506 506 505 505 505 506 505 506 505 505 505 505 505 505 505 505 506 506 506 505 505 506 505 506 506 506 506 505 505 505 505 506 505 506 
Oscillation data second polarity :
233 236 235 241 244 246 249 252 256 257 257 260 261 262 263 265 266 269 269 272 273 274 276 277 278 280 282 284 286 286 288 289 291 293 295 297 298 300 301 302 304 306 307 310 311 312 313 315 317 318 320 323 324 325 326 327 330 331 333 334 336 338 339 340 342 344 346 347 349 350 351 353 355 357 359 360 362 363 364 365 367 369 370 372 374 375 377 378 379 381 383 384 386 387 389 390 392 394 395 397 398 400 401 402 404 405 407 408 410 412 412 414 415 417 419 420 422 424 425 426 427 429 431 432 434 435 436 438 439 441 443 444 445 447 447 449 450 452 454 455 457 459 459 461 462 464 465 466 469 471 471 472 474 475 477 478 480 482 482 484 484 486 488 489 491 493 493 494 495 498 499 501 502 503 504 505 506 506 507 507 508 508 507 507 507 506 507 507 509 508 507 508 507 507 507 507 508 508 507 507 507 507 507 507 507 507 506 507 507 507 507 508 507 509 507 507 507 507 507 507 508 507 507 507 507 507 508 507 507 509 508 508 507 507 507 508 507 509 508 507 506 507 507 507 507 508 507 507 507 507 507 507 507 508 507 507 507 507 507 507 508 508 507 507 507 508 507 507 507 508 508 508 507 507 507 507 507 508 508 508 507 507 507 507 507 507 507 507 507 507 507 508 507 508 508 507 507 507 508 507 507 507 508 507 507 507 507 507 508 507 507 507 506 507 507 507 508 507 508 506 
/> 