ls
ls
<CR>
         TIME          Size       File name 
----A 2021/10/04 15:18      3368  1004
----A 2021/10/04 13:54    128640  10041339
----A 2021/10/04 14:10    128000  10041355
----A 2021/10/04 14:27    128640  10041410
----A 2021/10/04 14:41    128000  10041426
----A 2021/10/04 14:58    128640  10041441
----A 2021/10/04 15:11    128000  10041456
----A 2021/10/04 15:13      2560  10041512
----A 2021/10/05 15:15      8432  1005
----A 2021/10/05 10:59    128000  10051042
----A 2021/10/05 11:15    128000  10051058
----A 2021/10/05 11:31    128000  10051114
----A 2021/10/05 11:47    128000  10051130
----A 2021/10/05 12:03    128000  10051146
----A 2021/10/05 12:19    128000  10051202
----A 2021/10/05 12:35    128000  10051218
----A 2021/10/05 12:51    128000  10051234
----A 2021/10/05 13:07    128000  10051250
----A 2021/10/05 13:23    128000  10051306
----A 2021/10/05 13:39    128000  10051322
----A 2021/10/05 13:55    128000  10051338
----A 2021/10/05 14:11    128000  10051354
----A 2021/10/05 14:27    128000  10051410
----A 2021/10/05 14:43    128000  10051426
----A 2021/10/05 14:59    128000  10051442
----A 2021/10/05 15:15    128000  10051458
----A 2021/10/05 15:15      2560  10051514
----A 2021/10/06 14:50      8408  1006
----A 2021/10/06 10:37    128000  10061022
----A 2021/10/06 10:53    128000  10061038
----A 2021/10/06 11:09    128000  10061054
----A 2021/10/06 11:25    128000  10061110
----A 2021/10/06 11:41    128000  10061126
----A 2021/10/06 11:57    128000  10061142
----A 2021/10/06 12:13    128000  10061158
----A 2021/10/06 12:29    128000  10061214
----A 2021/10/06 12:45    128000  10061230
----A 2021/10/06 13:01    128000  10061246
----A 2021/10/06 13:17    128000  10061302
----A 2021/10/06 13:33    128000  10061318
----A 2021/10/06 13:49    128000  10061334
----A 2021/10/06 14:05    128000  10061350
----A 2021/10/06 14:21    128000  10061406
----A 2021/10/06 14:37    128000  10061422
----A 2021/10/06 14:38      2560  10061438
----A 2021/10/07 15:00      8464  1007
----A 2021/10/07 10:46    128000  10071029
----A 2021/10/07 11:02    128000  10071045
----A 2021/10/07 11:18    128000  10071101
----A 2021/10/07 11:34    128000  10071117
----A 2021/10/07 11:50    128000  10071133
----A 2021/10/07 12:06    128000  10071149
----A 2021/10/07 12:22    128000  10071205
----A 2021/10/07 12:38    128000  10071221
----A 2021/10/07 12:54    128000  10071237
----A 2021/10/07 13:10    128000  10071253
----A 2021/10/07 13:26    128000  10071309
----A 2021/10/07 13:42    128000  10071325
----A 2021/10/07 13:58    128000  10071341
----A 2021/10/07 14:14    128000  10071357
----A 2021/10/07 14:30    128000  10071413
----A 2021/10/07 14:46    128000  10071429
----A 2021/10/07 14:47      2560  10071445

  63 File(s),   7080832 bytes total
   0 Dir(s),     993408K bytes free

/> 
read 1007
read 1007
<CR>Time:2021/10/07 14:47
Hours Minutes Seconds  Nb_Samples    Aver. Current 
10 14 22 25 8820 
10 14 36 24 11840 
10 14 51 25 14921 
10 15 6 25 16371 
10 15 21 25 16915 
10 15 36 25 17036 
10 15 51 25 17036 
10 16 6 25 17036 
10 16 21 25 17036 
10 16 36 25 17036 
10 16 51 25 17036 
10 17 6 25 17036 
10 17 21 25 17036 
10 17 36 25 17036 
10 17 51 25 17036 
10 18 6 25 17036 
10 18 21 25 17036 
10 18 36 25 17036 
10 18 51 25 17036 
10 19 6 25 17036 
10 19 21 25 17036 
10 19 36 25 17036 
10 19 51 25 17036 
10 20 6 25 17036 
10 20 21 25 17036 
10 20 36 25 17036 
10 20 51 25 16975 
10 21 6 25 17036 
10 21 21 25 17036 
10 21 36 25 16975 
10 21 51 25 16975 
10 22 6 25 16975 
10 22 21 25 16975 
10 22 36 25 16975 
10 22 51 25 16975 
10 23 6 25 16975 
10 23 21 25 16975 
10 23 36 25 16975 
10 23 51 25 16975 
10 24 6 25 16975 
10 24 21 25 16975 
10 24 36 25 16975 
10 24 51 25 16975 
10 25 6 25 16975 
10 25 21 25 16975 
10 25 36 25 16975 
10 25 51 25 16975 
10 26 6 25 16975 
10 26 21 25 16975 
10 26 36 25 16975 
10 26 51 25 16975 
10 27 6 25 16975 
10 27 21 25 16975 
10 27 36 25 16975 
10 27 51 25 16975 
10 28 6 25 16975 
10 28 21 25 16975 
10 28 36 25 16975 
10 30 7 25 16975 
10 30 22 25 16975 
10 30 37 25 16975 
10 30 52 25 16975 
10 31 7 25 16975 
10 31 22 25 16975 
10 31 37 25 16975 
10 31 52 25 16975 
10 32 7 25 16975 
10 32 22 25 16975 
10 32 37 25 16975 
10 32 52 25 16975 
10 33 7 25 16975 
10 33 22 25 16975 
10 33 37 25 16975 
10 33 52 25 16975 
10 34 7 25 16975 
10 34 22 25 16975 
10 34 37 25 16975 
10 34 52 25 16975 
10 35 7 25 16975 
10 35 22 25 16975 
10 35 37 25 16975 
10 35 52 25 16975 
10 36 7 25 16975 
10 36 22 25 16975 
10 36 37 25 16975 
10 36 52 25 16975 
10 37 7 25 16975 
10 37 22 25 16975 
10 37 37 25 16975 
10 37 52 25 16975 
10 38 7 25 16975 
10 38 22 25 16975 
10 38 37 25 16975 
10 38 52 25 16975 
10 39 7 25 16975 
10 39 22 25 16975 
10 39 37 25 16975 
10 39 52 25 16975 
10 40 7 25 16975 
10 40 22 25 16975 
10 40 37 25 16975 
10 40 52 25 16975 
10 41 7 25 16975 
10 41 22 25 16975 
10 41 37 25 16975 
10 41 52 25 16975 
10 42 7 25 16975 
10 42 22 25 16975 
10 42 37 25 16975 
10 42 52 25 16975 
10 43 7 25 16975 
10 43 22 25 16975 
10 43 37 25 16975 
10 43 52 25 16975 
10 44 7 25 16975 
10 44 22 25 16975 
10 44 37 25 16975 
10 46 7 25 16975 
10 46 22 25 16975 
10 46 37 25 16975 
10 46 52 25 16975 
10 47 7 25 16975 
10 47 22 25 16975 
10 47 37 25 16975 
10 47 52 25 16975 
10 48 7 25 16975 
10 48 22 25 16975 
10 48 37 25 16975 
10 48 52 25 16915 
10 49 7 25 16975 
10 49 22 25 16975 
10 49 37 25 16915 
10 49 52 25 16975 
10 50 7 25 16975 
10 50 22 25 16975 
10 50 37 25 16975 
10 50 52 25 16975 
10 51 7 25 16975 
10 51 22 25 16975 
10 51 37 25 16975 
10 51 52 25 16975 
10 52 7 25 16975 
10 52 22 25 16975 
10 52 37 25 16975 
10 52 52 25 16975 
10 53 7 25 16975 
10 53 22 25 16915 
10 53 37 25 16975 
10 53 52 25 16975 
10 54 7 25 16915 
10 54 22 25 16915 
10 54 37 25 16975 
10 54 52 25 16915 
10 55 7 25 16975 
10 55 22 25 16915 
10 55 37 25 16975 
10 55 52 25 16975 
10 56 7 25 16915 
10 56 22 25 16975 
10 56 37 25 16915 
10 56 52 25 16975 
10 57 7 25 16975 
10 57 22 25 16975 
10 57 37 25 16975 
10 57 52 25 16915 
10 58 7 25 16915 
10 58 22 25 16975 
10 58 37 25 16975 
10 58 52 25 16975 
10 59 7 25 16915 
10 59 22 25 16915 
10 59 37 25 16915 
10 59 52 25 16915 
11 0 7 25 16975 
11 0 22 25 16975 
11 0 37 25 16975 
11 2 7 25 16915 
11 2 22 25 16975 
11 2 37 25 16915 
11 2 52 25 16975 
11 3 7 25 16915 
11 3 22 25 16915 
11 3 37 25 16975 
11 3 52 25 16915 
11 4 7 25 16915 
11 4 22 25 16975 
11 4 37 25 16915 
11 4 52 25 16915 
11 5 7 25 16915 
11 5 22 25 16975 
11 5 37 25 16975 
11 5 52 25 16915 
11 6 7 25 16975 
11 6 22 25 16915 
11 6 37 25 16915 
11 6 52 25 16975 
11 7 7 25 16915 
11 7 22 25 16915 
11 7 37 25 16975 
11 7 52 25 16975 
11 8 7 25 16915 
11 8 22 25 16915 
11 8 37 25 16915 
11 8 52 25 16975 
11 9 7 25 16975 
11 9 22 25 16915 
11 9 37 25 16975 
11 9 52 25 16975 
11 10 7 25 16975 
11 10 22 25 16915 
11 10 37 25 16915 
11 10 52 25 16915 
11 11 7 25 16975 
11 11 22 25 16975 
11 11 37 25 16975 
11 11 52 25 16915 
11 12 7 25 16975 
11 12 22 25 16975 
11 12 37 25 16975 
11 12 52 25 16975 
11 13 7 25 16915 
11 13 22 25 16915 
11 13 37 25 16915 
11 13 52 25 16975 
11 14 7 25 16915 
11 14 22 25 16915 
11 14 37 25 16915 
11 14 52 25 16915 
11 15 7 25 16915 
11 15 22 25 16915 
11 15 37 25 16915 
11 15 52 25 16915 
11 16 7 25 16915 
11 16 22 25 16915 
11 16 37 25 16975 
11 18 7 25 16975 
11 18 22 25 16975 
11 18 37 25 16915 
11 18 52 25 16915 
11 19 7 25 16975 
11 19 22 25 16975 
11 19 37 25 16975 
11 19 52 25 16915 
11 20 7 25 16975 
11 20 22 25 16915 
11 20 37 25 16975 
11 20 52 25 16915 
11 21 7 25 16975 
11 21 22 25 16975 
11 21 37 25 16915 
11 21 52 25 16915 
11 22 7 25 16915 
11 22 22 25 16915 
11 22 37 25 16915 
11 22 52 25 16915 
11 23 7 25 16915 
11 23 22 25 16915 
11 23 37 25 16915 
11 23 52 25 16915 
11 24 7 25 16975 
11 24 22 25 16975 
11 24 37 25 16915 
11 24 52 25 16975 
11 25 7 25 16915 
11 25 22 25 16915 
11 25 37 25 16915 
11 25 52 25 16915 
11 26 7 25 16915 
11 26 22 25 16915 
11 26 37 25 16915 
11 26 52 25 16915 
11 27 7 25 16915 
11 27 22 25 16915 
11 27 37 25 16975 
11 27 52 25 16975 
11 28 7 25 16915 
11 28 22 25 16915 
11 28 37 25 16915 
11 28 52 25 16975 
11 29 7 25 16975 
11 29 22 25 16975 
11 29 37 25 16915 
11 29 52 25 16915 
11 30 7 25 16915 
11 30 22 25 16915 
11 30 37 25 16975 
11 30 52 25 16915 
11 31 7 25 16915 
11 31 22 25 16915 
11 31 37 25 16915 
11 31 52 25 16915 
11 32 7 25 16915 
11 32 22 25 16915 
11 32 37 25 16915 
11 34 7 25 16915 
11 34 22 25 16915 
11 34 37 25 16915 
11 34 52 25 16915 
11 35 7 25 16915 
11 35 22 25 16915 
11 35 37 25 16915 
11 35 52 25 16915 
11 36 7 25 16975 
11 36 22 25 16915 
11 36 37 25 16915 
11 36 52 25 16915 
11 37 7 25 16915 
11 37 22 25 16915 
11 37 37 25 16915 
11 37 52 25 16915 
11 38 7 25 16915 
11 38 22 25 16915 
11 38 37 25 16975 
11 38 52 25 16975 
11 39 7 25 16975 
11 39 22 25 16915 
11 39 37 25 16915 
11 39 52 25 16975 
11 40 7 25 16915 
11 40 22 25 16915 
11 40 37 25 16915 
11 40 52 25 16975 
11 41 7 25 16975 
11 41 22 25 16915 
11 41 37 25 16915 
11 41 52 25 16915 
11 42 7 25 16915 
11 42 22 25 16975 
11 42 37 25 16975 
11 42 52 25 16915 
11 43 7 25 16915 
11 43 22 25 16915 
11 43 37 25 16975 
11 43 52 25 16975 
11 44 7 25 16975 
11 44 22 25 16915 
11 44 37 25 16915 
11 44 52 25 16975 
11 45 7 25 16915 
11 45 22 25 16915 
11 45 37 25 16975 
11 45 52 25 16975 
11 46 7 25 16915 
11 46 22 25 16975 
11 46 37 25 16975 
11 46 52 25 16975 
11 47 7 25 16915 
11 47 22 25 16975 
11 47 37 25 16975 
11 47 52 25 16915 
11 48 7 25 16915 
11 48 22 25 16915 
11 48 37 25 16915 
11 50 7 25 16975 
11 50 22 25 16975 
11 50 37 25 16975 
11 50 52 25 16975 
11 51 7 25 16975 
11 51 22 25 16915 
11 51 37 25 16975 
11 51 52 25 16975 
11 52 7 25 16975 
11 52 22 25 16915 
11 52 37 25 16975 
11 52 52 25 16915 
11 53 7 25 16975 
11 53 22 25 16975 
11 53 37 25 16975 
11 53 52 25 16975 
11 54 7 25 16975 
11 54 22 25 16975 
11 54 37 25 16975 
11 54 52 25 16975 
11 55 7 25 16975 
11 55 22 25 16915 
11 55 37 25 16975 
11 55 52 25 16975 
11 56 7 25 16975 
11 56 22 25 16975 
11 56 37 25 16975 
11 56 52 25 16915 
11 57 7 25 16975 
11 57 22 25 16915 
11 57 37 25 16975 
11 57 52 25 16915 
11 58 7 25 16975 
11 58 22 25 16975 
11 58 37 25 16975 
11 58 52 25 16915 
11 59 7 25 16975 
11 59 22 25 16975 
11 59 37 25 16915 
11 59 52 25 16975 
12 0 7 25 16915 
12 0 22 25 16975 
12 0 37 25 16975 
12 0 52 25 16975 
12 1 7 25 16975 
12 1 22 25 16975 
12 1 37 25 16975 
12 1 52 25 16915 
12 2 7 25 16975 
12 2 22 25 16915 
12 2 37 25 16915 
12 2 52 25 16975 
12 3 7 25 16915 
12 3 22 25 16915 
12 3 37 25 16915 
12 3 52 25 16975 
12 4 7 25 16975 
12 4 22 26 16975 
12 4 37 25 16915 
12 6 7 25 16975 
12 6 22 25 16915 
12 6 37 25 16915 
12 6 52 25 16975 
12 7 7 25 16915 
12 7 22 25 16975 
12 7 37 25 16975 
12 7 52 25 16975 
12 8 7 25 16975 
12 8 22 25 16975 
12 8 37 25 16975 
12 8 52 25 16975 
12 9 7 25 16975 
12 9 22 25 16975 
12 9 37 25 16975 
12 9 52 25 16915 
12 10 7 25 16975 
12 10 22 25 16975 
12 10 37 25 16915 
12 10 52 25 16975 
12 11 7 25 16975 
12 11 22 25 16915 
12 11 37 25 16915 
12 11 52 25 16975 
12 12 7 25 16975 
12 12 22 25 16975 
12 12 37 25 16915 
12 12 52 25 16915 
12 13 7 25 16915 
12 13 22 25 16915 
12 13 37 25 16915 
12 13 52 25 16975 
12 14 7 25 16915 
12 14 22 25 16975 
12 14 37 25 16975 
12 14 52 25 16975 
12 15 7 25 16975 
12 15 22 25 16975 
12 15 37 25 16975 
12 15 52 25 16915 
12 16 7 25 16975 
12 16 22 25 16915 
12 16 37 25 16975 
12 16 52 25 16975 
12 17 7 25 16915 
12 17 22 25 16975 
12 17 37 25 16915 
12 17 52 25 16915 
12 18 7 25 16975 
12 18 22 25 16975 
12 18 37 25 16975 
12 18 52 25 16975 
12 19 7 25 16975 
12 19 22 25 16975 
12 19 37 25 16975 
12 19 52 25 16915 
12 20 7 25 16915 
12 20 22 25 16915 
12 20 37 25 16975 
12 22 7 25 16975 
12 22 22 25 16975 
12 22 37 25 16915 
12 22 52 25 16975 
12 23 7 25 16915 
12 23 22 25 16975 
12 23 37 25 16915 
12 23 52 25 16975 
12 24 7 25 16975 
12 24 22 25 16915 
12 24 37 25 16975 
12 24 52 25 16975 
12 25 7 25 16975 
12 25 22 25 16975 
12 25 37 25 16915 
12 25 52 25 16975 
12 26 7 25 16975 
12 26 22 25 16915 
12 26 37 25 16915 
12 26 52 25 16915 
12 27 7 25 16915 
12 27 22 25 16975 
12 27 37 25 16975 
12 27 52 25 16915 
12 28 7 25 16915 
12 28 22 25 16975 
12 28 37 25 16975 
12 28 52 25 16915 
12 29 7 25 16915 
12 29 22 25 16975 
12 29 37 25 16915 
12 29 52 25 16975 
12 30 7 25 16975 
12 30 22 25 16915 
12 30 37 25 16975 
12 30 52 25 16975 
12 31 7 25 16975 
12 31 22 25 16915 
12 31 37 25 16975 
12 31 52 25 16915 
12 32 7 25 16975 
12 32 22 25 16975 
12 32 37 25 16915 
12 32 52 25 16975 
12 33 7 25 16975 
12 33 22 25 16915 
12 33 37 25 16975 
12 33 52 25 16975 
12 34 7 25 16915 
12 34 22 25 16915 
12 34 37 25 16915 
12 34 52 25 16915 
12 35 7 25 16915 
12 35 22 25 16975 
12 35 37 25 16915 
12 35 52 25 16915 
12 36 7 25 16915 
12 36 22 25 16915 
12 36 37 25 16915 
12 38 7 25 16915 
12 38 22 25 16975 
12 38 37 25 16915 
12 38 52 25 16915 
12 39 7 25 16975 
12 39 22 25 16975 
12 39 37 25 16975 
12 39 52 25 16915 
12 40 7 25 16975 
12 40 22 25 16975 
12 40 37 25 16975 
12 40 52 25 16915 
12 41 7 25 16915 
12 41 22 25 16915 
12 41 37 25 16915 
12 41 52 25 16915 
12 42 7 25 16915 
12 42 22 25 16915 
12 42 37 25 16975 
12 42 52 25 16915 
12 43 7 25 16975 
12 43 22 25 16915 
12 43 37 25 16915 
12 43 52 25 16915 
12 44 7 25 16915 
12 44 22 25 16915 
12 44 37 25 16915 
12 44 52 25 16915 
12 45 7 25 16915 
12 45 22 25 16915 
12 45 37 25 16975 
12 45 52 25 16915 
12 46 7 25 16915 
12 46 22 25 16915 
12 46 37 25 16915 
12 46 52 25 16915 
12 47 7 25 16915 
12 47 22 25 16915 
12 47 37 25 16915 
12 47 52 25 16915 
12 48 7 25 16915 
12 48 22 25 16915 
12 48 37 25 16975 
12 48 52 25 16915 
12 49 7 25 16915 
12 49 22 25 16915 
12 49 37 25 16915 
12 49 52 25 16915 
12 50 7 25 16915 
12 50 22 25 16915 
12 50 37 25 16915 
12 50 52 25 16915 
12 51 7 25 16915 
12 51 22 25 16915 
12 51 37 25 16915 
12 51 52 25 16915 
12 52 7 25 16915 
12 52 22 25 16915 
12 52 37 25 16915 
12 54 7 25 16915 
12 54 22 25 16915 
12 54 37 25 16915 
12 54 52 25 16915 
12 55 7 25 16915 
12 55 22 25 16915 
12 55 37 25 16915 
12 55 52 25 16915 
12 56 7 25 16915 
12 56 22 25 16915 
12 56 37 25 16915 
12 56 52 25 16915 
12 57 7 25 16915 
12 57 22 25 16915 
12 57 37 25 16915 
12 57 52 25 16915 
12 58 7 25 16915 
12 58 22 25 16915 
12 58 37 25 16915 
12 58 52 25 16915 
12 59 7 25 16915 
12 59 22 25 16915 
12 59 37 25 16915 
12 59 52 25 16915 
13 0 7 25 16915 
13 0 22 25 16915 
13 0 37 25 16915 
13 0 52 25 16915 
13 1 7 25 16915 
13 1 22 25 16915 
13 1 37 25 16915 
13 1 52 25 16915 
13 2 7 25 16915 
13 2 22 25 16915 
13 2 37 25 16915 
13 2 52 25 16915 
13 3 7 25 16915 
13 3 22 25 16915 
13 3 37 25 16915 
13 3 52 25 16915 
13 4 7 25 16915 
13 4 22 25 16915 
13 4 37 25 16915 
13 4 52 25 16915 
13 5 7 25 16915 
13 5 22 25 16915 
13 5 37 25 16915 
13 5 52 25 16915 
13 6 7 25 16915 
13 6 22 25 16915 
13 6 37 25 16915 
13 6 52 25 16915 
13 7 7 25 16915 
13 7 22 25 16915 
13 7 37 25 16915 
13 7 52 25 16915 
13 8 7 25 16915 
13 8 22 25 16915 
13 8 37 25 16915 
13 10 7 25 16915 
13 10 22 25 16915 
13 10 37 25 16915 
13 10 52 25 16915 
13 11 7 25 16915 
13 11 22 25 16975 
13 11 37 25 16915 
13 11 52 25 16915 
13 12 7 25 16915 
13 12 22 25 16915 
13 12 37 25 16915 
13 12 52 25 16915 
13 13 7 25 16915 
13 13 22 25 16915 
13 13 37 25 16915 
13 13 52 25 16915 
13 14 7 25 16915 
13 14 22 25 16915 
13 14 37 25 16915 
13 14 52 25 16915 
13 15 7 25 16915 
13 15 22 25 16915 
13 15 37 25 16915 
13 15 52 25 16915 
13 16 7 25 16915 
13 16 22 25 16915 
13 16 37 25 16915 
13 16 52 25 16915 
13 17 7 25 16915 
13 17 22 25 16915 
13 17 37 25 16915 
13 17 52 25 16915 
13 18 7 25 16915 
13 18 22 25 16915 
13 18 37 25 16915 
13 18 52 25 16915 
13 19 7 25 16915 
13 19 22 25 16915 
13 19 37 25 16915 
13 19 52 25 16915 
13 20 7 25 16915 
13 20 22 25 16915 
13 20 37 25 16915 
13 20 52 25 16915 
13 21 7 25 16915 
13 21 22 25 16915 
13 21 37 25 16915 
13 21 52 25 16915 
13 22 7 25 16915 
13 22 22 25 16915 
13 22 37 25 16915 
13 22 52 25 16915 
13 23 7 25 16915 
13 23 22 25 16915 
13 23 37 25 16915 
13 23 52 25 16915 
13 24 7 25 16915 
13 24 22 25 16915 
13 24 37 25 16915 
13 26 7 25 16915 
13 26 22 25 16915 
13 26 37 25 16915 
13 26 52 25 16915 
13 27 7 25 16915 
13 27 22 25 16915 
13 27 37 25 16915 
13 27 52 25 16915 
13 28 7 25 16915 
13 28 22 25 16915 
13 28 37 25 16915 
13 28 52 25 16915 
13 29 7 25 16915 
13 29 22 25 16915 
13 29 37 25 16915 
13 29 52 25 16915 
13 30 7 25 16915 
13 30 22 25 16915 
13 30 37 25 16915 
13 30 52 25 16915 
13 31 7 25 16915 
13 31 22 25 16915 
13 31 37 25 16915 
13 31 52 25 16915 
13 32 7 25 16915 
13 32 22 25 16915 
13 32 37 25 16915 
13 32 52 25 16915 
13 33 7 25 16915 
13 33 22 25 16915 
13 33 37 25 16915 
13 33 52 25 16915 
13 34 7 25 16915 
13 34 22 25 16915 
13 34 37 25 16915 
13 34 52 25 16915 
13 35 7 25 16915 
13 35 22 25 16915 
13 35 37 25 16915 
13 35 52 25 16915 
13 36 7 25 16915 
13 36 22 25 16915 
13 36 37 25 16915 
13 36 52 25 16915 
13 37 7 25 16915 
13 37 22 25 16915 
13 37 37 25 16915 
13 37 52 25 16915 
13 38 7 25 16915 
13 38 22 25 16915 
13 38 37 25 16915 
13 38 52 25 16915 
13 39 7 25 16915 
13 39 22 25 16915 
13 39 37 25 16915 
13 39 52 25 16915 
13 40 7 25 16915 
13 40 22 25 16915 
13 40 37 25 16915 
13 42 7 25 16915 
13 42 22 25 16915 
13 42 37 25 16915 
13 42 52 25 16915 
13 43 7 25 16915 
13 43 22 25 16915 
13 43 37 25 16915 
13 43 52 25 16915 
13 44 7 25 16915 
13 44 22 25 16915 
13 44 37 25 16915 
13 44 52 25 16915 
13 45 7 25 16915 
13 45 22 25 16915 
13 45 37 25 16915 
13 45 52 25 16915 
13 46 7 25 16915 
13 46 22 25 16915 
13 46 37 25 16915 
13 46 52 25 16915 
13 47 7 25 16915 
13 47 22 25 16915 
13 47 37 25 16915 
13 47 52 25 16915 
13 48 7 25 16915 
13 48 22 25 16915 
13 48 37 25 16915 
13 48 52 25 16915 
13 49 7 25 16915 
13 49 22 25 16915 
13 49 37 25 16915 
13 49 52 25 16915 
13 50 7 25 16915 
13 50 22 25 16915 
13 50 37 25 16915 
13 50 52 25 16915 
13 51 7 25 16915 
13 51 22 25 16915 
13 51 37 25 16915 
13 51 52 25 16915 
13 52 7 25 16915 
13 52 22 25 16915 
13 52 37 25 16915 
13 52 52 25 16915 
13 53 7 25 16915 
13 53 22 25 16915 
13 53 37 25 16915 
13 53 52 25 16915 
13 54 7 25 16915 
13 54 22 25 16915 
13 54 37 25 16915 
13 54 52 25 16915 
13 55 7 25 16915 
13 55 22 25 16915 
13 55 37 25 16915 
13 55 52 25 16915 
13 56 7 25 16915 
13 56 22 25 16915 
13 56 37 25 16915 
13 58 7 25 16915 
13 58 22 25 16915 
13 58 37 25 16915 
13 58 52 25 16915 
13 59 7 25 16915 
13 59 22 25 16915 
13 59 37 25 16915 
13 59 52 25 16915 
14 0 7 25 16915 
14 0 22 25 16915 
14 0 37 25 16915 
14 0 52 25 16915 
14 1 7 25 16915 
14 1 22 25 16915 
14 1 37 25 16915 
14 1 52 25 16915 
14 2 7 25 16915 
14 2 22 25 16915 
14 2 37 25 16915 
14 2 52 25 16915 
14 3 7 25 16915 
14 3 22 25 16915 
14 3 37 25 16915 
14 3 52 25 16915 
14 4 7 25 16915 
14 4 22 25 16915 
14 4 37 25 16915 
14 4 52 25 16915 
14 5 7 25 16915 
14 5 22 25 16915 
14 5 37 25 16915 
14 5 52 25 16915 
14 6 7 25 16915 
14 6 22 25 16915 
14 6 37 25 16915 
14 6 52 25 16915 
14 7 7 25 16915 
14 7 22 25 16915 
14 7 37 25 16915 
14 7 52 25 16915 
14 8 7 25 16915 
14 8 22 25 16915 
14 8 37 25 16915 
14 8 52 25 16915 
14 9 7 25 16915 
14 9 22 25 16915 
14 9 37 25 16915 
14 9 52 25 16915 
14 10 7 25 16915 
14 10 22 25 16915 
14 10 37 25 16915 
14 10 52 25 16915 
14 11 7 25 16915 
14 11 22 25 16915 
14 11 37 25 16915 
14 11 52 25 16915 
14 12 7 25 16915 
14 12 22 25 16915 
14 12 37 25 16915 
14 14 7 25 16915 
14 14 22 25 16915 
14 14 37 25 16915 
14 14 52 25 16915 
14 15 7 25 16915 
14 15 22 25 16915 
14 15 37 25 16915 
14 15 52 25 16915 
14 16 7 25 16915 
14 16 22 25 16915 
14 16 37 25 16915 
14 16 52 25 16915 
14 17 7 25 16915 
14 17 22 25 16915 
14 17 37 25 16915 
14 17 52 25 16915 
14 18 7 25 16915 
14 18 22 25 16915 
14 18 37 25 16915 
14 18 52 25 16915 
14 19 7 25 16915 
14 19 22 25 16915 
14 19 37 25 16915 
14 19 52 25 16915 
14 20 7 25 16915 
14 20 22 25 16915 
14 20 37 25 16915 
14 20 52 25 16915 
14 21 7 25 16915 
14 21 22 25 16915 
14 21 37 25 16915 
14 21 52 25 16915 
14 22 7 25 16915 
14 22 22 25 16915 
14 22 37 25 16915 
14 22 52 25 16915 
14 23 7 25 16915 
14 23 22 25 16915 
14 23 37 25 16915 
14 23 52 25 16915 
14 24 7 25 16915 
14 24 22 25 16915 
14 24 37 25 16915 
14 24 52 25 16915 
14 25 7 25 16915 
14 25 22 25 16915 
14 25 37 25 16915 
14 25 52 25 16915 
14 26 7 25 16915 
14 26 22 25 16915 
14 26 37 25 16915 
14 26 52 25 16915 
14 27 7 25 16915 
14 27 22 25 16915 
14 27 37 25 16915 
14 27 52 25 16915 
14 28 7 25 16915 
14 28 22 25 16915 
14 28 37 25 16915 
14 30 7 25 16915 
14 30 22 25 16915 
14 30 37 25 16915 
14 30 52 25 16915 
14 31 7 25 16915 
14 31 22 25 16915 
14 31 37 25 16915 
14 31 52 25 16915 
14 32 7 25 16915 
14 32 22 25 16915 
14 32 37 25 16915 
14 32 52 25 16915 
14 33 7 25 16915 
14 33 22 25 16915 
14 33 37 25 16915 
14 33 52 25 16915 
14 34 7 25 16915 
14 34 22 25 16915 
14 34 37 25 16915 
14 34 52 25 16915 
14 35 7 25 16915 
14 35 22 25 16915 
14 35 37 25 16915 
14 35 52 25 16915 
14 36 7 25 16915 
14 36 22 25 16915 
14 36 37 25 16915 
14 36 52 25 16915 
14 37 8 26 16915 
14 37 23 25 16915 
14 37 38 25 16915 
14 37 53 25 16915 
14 38 8 25 16915 
14 38 23 25 16915 
14 38 38 25 16915 
14 38 53 25 16915 
14 39 8 25 16915 
14 39 23 25 16915 
14 39 38 25 16915 
14 39 53 25 16915 
14 40 8 25 16915 
14 40 23 25 16915 
14 40 38 25 16915 
14 40 53 25 16915 
14 41 8 25 16915 
14 41 23 25 16915 
14 41 38 25 16915 
14 41 53 25 16915 
14 42 8 25 16915 
14 42 23 25 16915 
14 42 38 25 16915 
14 42 53 25 16915 
14 43 8 25 16915 
14 43 23 25 16915 
14 43 38 25 16915 
14 43 53 25 16915 
14 44 8 25 16915 
14 44 23 25 16915 
14 44 38 25 16915 
14 46 8 25 16915 
14 46 23 25 16915 
14 46 38 25 16915 
14 46 53 25 16915 
14 47 8 25 16915 
14 47 23 25 16915 
14 47 38 25 16915 
14 47 53 25 16915 
14 48 8 25 16915 
14 48 23 25 16915 
14 48 38 25 16915 
14 48 53 25 16915 
14 49 8 25 16915 
14 49 23 25 16915 
14 49 38 25 16915 
14 49 53 25 16915 
14 50 8 25 16915 
14 50 23 25 16915 
14 50 38 25 16915 
14 50 53 25 16915 
14 51 8 25 16915 
14 51 23 25 16915 
14 51 38 25 16915 
14 51 53 25 16915 
14 52 8 25 16915 
14 52 23 25 16915 
14 52 38 25 16915 
14 52 53 25 16915 
14 53 8 25 16915 
14 53 23 25 16915 
14 53 38 25 16915 
14 53 53 25 16915 
14 54 8 25 16915 
14 54 23 25 16915 
14 54 38 25 16915 
14 54 53 25 16915 
14 55 8 25 16915 
14 55 23 25 16915 
14 55 38 25 16915 
14 55 53 25 16915 
14 56 8 25 16915 
14 56 23 25 16915 
14 56 38 25 16915 
14 56 53 25 16915 
14 57 8 25 16915 
14 57 23 25 16915 
14 57 38 25 16915 
14 57 53 25 16915 
14 58 8 25 16915 
14 58 23 25 16915 
14 58 38 25 16915 
14 58 53 25 16915 
14 59 8 25 16915 
14 59 23 25 16915 
14 59 38 25 16915 
15 0 13 23 16553 

/> 
read_ramp 10071309
read_ramp 10071309
<CR>Time:2021/10/07 14:47Ramp data first polarity: 47Ramp data first polarity: 
792 792 792 792 793 792 792 792 791 792 792 792 792 791 791 791 792 791 791 792 791 791 791 791 792 792 792 792 791 792 791 792 792 792 791 791 792 791 791 791 791 792 792 792 791 791 793 792 792 791 791 791 792 792 791 792 792 791 791 791 791 791 791 792 791 791 793 787 786 785 782 778 774 773 772 768 765 763 762 760 758 757 755 754 753 751 749 747 746 745 743 742 740 738 737 735 733 731 730 728 727 725 723 722 720 719 717 715 714 713 712 710 708 706 704 703 702 700 698 697 695 694 692 690 688 687 685 684 682 680 680 678 677 674 672 670 669 668 666 664 662 661 660 659 656 656 653 653 650 649 647 647 645 644 642 641 638 637 635 634 633 631 629 628 626 623 623 622 620 618 617 614 613 612 611 610 608 605 604 604 602 600 598 597 595 594 591 591 589 587 587 585 583 582 581 580 578 577 575 573 572 571 569 567 565 564 562 561 560 558 557 555 554 553 550 549 548 546 546 545 542 541 540 538 536 535 534 532 531 529 529 526 525 524 522 521 520 518 518 517 515 513 513 511 511 510 509 509 509 509 508 510 509 509 509 509 509 509 509 510 510 509 509 509 509 509 510 509 509 509 509 509 509 509 509 509 509 509 509 509 510 510 510 509 509 509 510 510 509 509 509 509 509 509 509 509 509 509 509 510 509 510 510 510 510 509 509 509 509 509 509 510 509 509 509 509 509 509 510 509 
ramp data second polarity
230 230 231 230 230 229 230 230 230 229 229 229 230 230 230 230 229 229 230 229 229 230 230 230 230 230 229 229 230 230 230 229 230 230 230 230 230 230 230 229 229 229 230 231 230 231 231 230 230 230 230 230 230 230 230 230 229 229 230 230 229 229 230 230 236 235 235 237 239 244 246 248 250 255 257 258 260 261 265 265 266 267 269 270 271 274 276 277 278 281 281 283 285 286 288 290 291 293 294 296 298 299 302 302 304 305 307 308 310 313 314 315 316 319 321 322 323 325 327 328 330 332 333 335 336 338 340 341 342 345 347 348 349 350 352 354 355 356 358 359 361 363 364 367 368 369 371 372 373 375 376 379 380 382 383 385 386 388 389 391 393 394 395 397 398 400 402 404 405 406 407 409 411 412 414 416 417 418 420 421 422 424 425 427 428 429 432 433 434 436 437 440 440 442 443 445 447 449 450 450 453 454 456 457 458 460 461 463 463 466 467 468 469 472 473 474 476 477 479 479 481 482 485 485 487 488 490 490 492 494 495 496 498 499 501 502 503 505 507 508 510 510 510 511 511 511 511 511 512 511 513 511 511 511 511 512 511 511 512 512 512 512 512 513 511 511 511 511 511 511 511 511 511 510 511 512 511 511 511 511 512 512 512 512 511 511 512 514 511 512 512 511 511 512 512 511 512 511 512 511 511 511 512 512 512 512 511 511 512 511 511 512 511 511 510 511 511 511 511 511 
Oscillation data first polarity :
235 236 238 243 245 247 250 252 254 257 259 261 262 263 265 266 268 269 271 272 274 276 278 280 281 282 283 286 287 289 290 292 293 295 297 298 300 301 303 305 306 308 310 312 313 315 316 317 319 321 322 324 326 327 329 330 332 333 335 336 338 339 341 344 345 347 348 350 351 353 354 356 357 359 361 362 363 365 367 367 369 372 373 374 376 378 380 381 382 383 385 386 389 389 390 393 394 396 397 399 400 402 403 405 406 410 410 412 413 414 415 417 419 420 422 424 425 426 427 429 430 432 432 434 436 438 439 441 442 444 446 446 448 449 451 452 454 456 457 458 460 461 463 464 465 467 468 470 471 473 475 476 478 479 480 482 482 484 486 487 489 490 491 493 495 496 497 498 499 501 503 504 506 507 508 509 510 510 510 512 511 511 511 511 511 512 512 511 511 511 512 512 512 513 512 512 511 512 513 512 512 513 512 512 512 512 512 512 512 511 511 512 512 512 512 512 511 512 512 511 511 512 511 512 511 511 511 511 510 511 511 511 512 512 512 511 512 512 512 512 511 512 512 511 511 511 511 511 511 511 511 512 511 511 512 512 512 512 511 511 511 511 511 511 511 511 511 511 511 511 512 511 511 511 512 512 511 512 512 512 512 513 512 512 511 512 511 511 511 511 513 511 512 511 511 511 512 512 511 511 511 511 511 511 511 512 511 511 511 511 512 511 511 511 512 511 511 512 512 512 
Oscillation data second polarity :
787 785 784 780 775 774 773 769 766 763 762 760 759 757 756 754 753 753 751 749 748 746 744 742 740 739 737 736 735 733 731 729 729 726 725 723 721 720 718 716 716 714 713 711 709 707 705 705 702 700 699 697 695 694 692 691 689 688 686 684 683 682 680 678 677 676 673 672 671 669 668 666 665 663 662 660 659 657 655 653 652 650 649 647 646 645 643 641 639 637 636 635 634 631 630 629 627 625 623 622 620 619 617 616 614 613 612 611 609 608 605 603 603 601 600 598 597 595 594 592 590 589 587 586 585 583 581 580 579 578 576 574 573 571 569 568 566 565 563 562 561 560 558 556 555 553 552 550 549 549 547 545 544 542 541 539 538 537 535 533 532 530 530 527 526 525 523 522 521 520 517 516 516 514 513 511 511 510 510 510 509 509 509 508 509 509 509 509 509 509 509 509 509 509 510 510 510 510 509 509 509 510 509 509 509 510 509 509 509 509 510 509 509 509 509 509 510 510 510 510 509 509 509 509 508 509 509 509 509 509 510 509 509 509 509 509 509 509 510 510 510 510 509 509 510 509 509 509 510 509 510 510 509 510 509 509 509 509 509 509 510 510 510 509 509 509 509 510 509 509 509 509 509 509 509 509 509 509 509 509 509 509 510 509 510 510 509 509 509 510 509 509 509 509 509 509 509 509 509 509 509 509 509 510 510 509 510 509 509 509 509 509 509 509 509 509 509 509 509 509 
/> 