ls
ls
<CR>
         TIME          Size       File name 
----A 2021/10/04 15:19      3360  1004
----A 2021/10/04 13:55    128640  10041339
----A 2021/10/04 14:11    128640  10041354
----A 2021/10/04 14:25    128640  10041410
----A 2021/10/04 14:41    128000  10041425
----A 2021/10/04 14:55    128640  10041440
----A 2021/10/04 15:11    128000  10041456
----A 2021/10/04 15:11      2560  10041511
----A 2021/10/05 15:15      8424  1005
----A 2021/10/05 10:59    128000  10051042
----A 2021/10/05 11:15    128000  10051058
----A 2021/10/05 11:31    128000  10051114
----A 2021/10/05 11:47    128000  10051130
----A 2021/10/05 12:03    128000  10051146
----A 2021/10/05 12:19    128000  10051202
----A 2021/10/05 12:35    128000  10051218
----A 2021/10/05 12:51    128000  10051234
----A 2021/10/05 13:07    128000  10051250
----A 2021/10/05 13:23    128000  10051306
----A 2021/10/05 13:39    128000  10051322
----A 2021/10/05 13:55    128000  10051338
----A 2021/10/05 14:11    128000  10051354
----A 2021/10/05 14:27    128000  10051410
----A 2021/10/05 14:43    128000  10051426
----A 2021/10/05 14:59    128000  10051442
----A 2021/10/05 15:15    128000  10051458
----A 2021/10/05 15:15      2560  10051514
----A 2021/10/06 14:51      8408  1006
----A 2021/10/06 10:37    128000  10061022
----A 2021/10/06 10:53    128000  10061038
----A 2021/10/06 11:09    128000  10061054
----A 2021/10/06 11:25    128000  10061110
----A 2021/10/06 11:41    128000  10061126
----A 2021/10/06 11:57    128000  10061142
----A 2021/10/06 12:13    128000  10061158
----A 2021/10/06 12:29    128000  10061214
----A 2021/10/06 12:45    128000  10061230
----A 2021/10/06 13:01    128000  10061246
----A 2021/10/06 13:17    128000  10061302
----A 2021/10/06 13:33    128000  10061318
----A 2021/10/06 13:49    128000  10061334
----A 2021/10/06 14:05    128000  10061350
----A 2021/10/06 14:21    128000  10061406
----A 2021/10/06 14:37    128000  10061422
----A 2021/10/06 14:39      2560  10061438
----A 2021/10/07 14:59      8448  1007
----A 2021/10/07 10:46    128000  10071029
----A 2021/10/07 11:02    128000  10071045
----A 2021/10/07 11:18    128000  10071101
----A 2021/10/07 11:34    128000  10071117
----A 2021/10/07 11:50    128000  10071133
----A 2021/10/07 12:06    128000  10071149
----A 2021/10/07 12:22    128000  10071205
----A 2021/10/07 12:38    128000  10071221
----A 2021/10/07 12:54    128000  10071237
----A 2021/10/07 13:10    128000  10071253
----A 2021/10/07 13:26    128000  10071309
----A 2021/10/07 13:42    128000  10071325
----A 2021/10/07 13:58    128000  10071341
----A 2021/10/07 14:14    128000  10071357
----A 2021/10/07 14:30    128000  10071413
----A 2021/10/07 14:46    128000  10071429
----A 2021/10/07 14:47      2560  10071445
----A 2021/10/08 15:01      8784  1008
----A 2021/10/08 10:35    128000  10081018
----A 2021/10/08 10:51    128000  10081034
----A 2021/10/08 11:07    128000  10081050
----A 2021/10/08 11:23    128000  10081106
----A 2021/10/08 11:39    128000  10081122
----A 2021/10/08 11:55    128000  10081138
----A 2021/10/08 12:11    128000  10081154
----A 2021/10/08 12:27    128000  10081210
----A 2021/10/08 12:43    128000  10081226
----A 2021/10/08 12:59    128000  10081242
----A 2021/10/08 13:15    128000  10081258
----A 2021/10/08 13:31    128000  10081314
----A 2021/10/08 13:47    128000  10081330
----A 2021/10/08 14:03    128000  10081346
----A 2021/10/08 14:19    128000  10081402
----A 2021/10/08 14:35    128000  10081418
----A 2021/10/08 14:51    128000  10081434
----A 2021/10/08 14:50      2560  10081450

  82 File(s),   9268784 bytes total
   0 Dir(s),     991200K bytes free

/> 
read 1008
read 1008
<CR>Time:2021/10/08 14:50:2021/10/08 14:50
Hours Minutes Seconds  Nb_Samples    Aver. Current 
10 3 32 25 12957 
10 3 47 24 15290 
10 4 2 25 16457 
10 4 17 25 16887 
10 4 32 25 17071 
10 4 47 25 17071 
10 5 2 25 17071 
10 5 17 25 17071 
10 5 32 25 17071 
10 5 47 25 17071 
10 6 2 25 17071 
10 6 17 25 17071 
10 6 32 25 17071 
10 6 47 25 17071 
10 7 2 25 17071 
10 7 17 25 17010 
10 7 32 25 17010 
10 7 47 25 17071 
10 8 2 25 17010 
10 8 17 25 17010 
10 8 32 25 17010 
10 8 47 25 17010 
10 9 2 25 17010 
10 9 17 25 17010 
10 9 32 25 17010 
10 9 47 25 17010 
10 10 2 25 17010 
10 10 17 25 17010 
10 10 32 25 17010 
10 10 47 25 17010 
10 11 2 25 17010 
10 11 17 25 17010 
10 11 32 25 17010 
10 11 47 25 17010 
10 12 2 25 17010 
10 12 17 25 17010 
10 12 32 25 17010 
10 12 47 25 17010 
10 13 2 25 17010 
10 13 17 25 17010 
10 13 32 25 17010 
10 13 47 25 17010 
10 14 2 25 17010 
10 14 17 25 17010 
10 14 32 25 17010 
10 14 47 25 17010 
10 15 2 25 17010 
10 15 17 25 17010 
10 15 32 25 17010 
10 15 47 25 17010 
10 16 2 25 17010 
10 16 17 25 17010 
10 16 32 25 17010 
10 16 47 25 17010 
10 17 2 25 17010 
10 17 17 25 17010 
10 17 32 25 17010 
10 19 3 25 17010 
10 19 18 25 17010 
10 19 33 25 17010 
10 19 48 25 17010 
10 20 3 25 17010 
10 20 18 25 17010 
10 20 33 25 17010 
10 20 48 25 17010 
10 21 3 25 17010 
10 21 18 25 17010 
10 21 33 25 17010 
10 21 48 25 17010 
10 22 3 25 17010 
10 22 18 25 17010 
10 22 33 25 17010 
10 22 48 25 17010 
10 23 3 25 17010 
10 23 18 25 17010 
10 23 33 25 17010 
10 23 48 25 17010 
10 24 3 25 17010 
10 24 18 25 17010 
10 24 33 25 17010 
10 24 48 25 17010 
10 25 3 25 17010 
10 25 18 25 17010 
10 25 33 25 17010 
10 25 48 25 17010 
10 26 3 25 17010 
10 26 18 25 17010 
10 26 33 25 17010 
10 26 48 25 17010 
10 27 3 25 17010 
10 27 18 25 17010 
10 27 33 25 17010 
10 27 48 25 17010 
10 28 3 25 17010 
10 28 18 25 17010 
10 28 33 25 17010 
10 28 48 25 17010 
10 29 3 25 17010 
10 29 18 25 17010 
10 29 33 25 16948 
10 29 48 25 17010 
10 30 3 25 16948 
10 30 18 25 17010 
10 30 33 25 17010 
10 30 48 25 16948 
10 31 3 25 17010 
10 31 18 25 17010 
10 31 33 25 17010 
10 31 48 25 16948 
10 32 3 25 17010 
10 32 18 25 16948 
10 32 33 25 17010 
10 32 48 25 16948 
10 33 3 25 17010 
10 33 18 25 17010 
10 33 33 25 17010 
10 35 3 25 17010 
10 35 18 25 17010 
10 35 33 25 17010 
10 35 48 25 17010 
10 36 3 25 17010 
10 36 18 25 17010 
10 36 33 25 17010 
10 36 48 25 17010 
10 37 3 25 16948 
10 37 18 25 17010 
10 37 33 25 17010 
10 37 48 25 17010 
10 38 3 25 17010 
10 38 18 25 17010 
10 38 33 25 16948 
10 38 48 25 16948 
10 39 3 25 16948 
10 39 18 25 17010 
10 39 33 25 17010 
10 39 48 25 16948 
10 40 3 25 17010 
10 40 18 25 17010 
10 40 33 25 16948 
10 40 48 25 17010 
10 41 3 25 16948 
10 41 18 25 16948 
10 41 33 25 16948 
10 41 48 25 17010 
10 42 3 25 16948 
10 42 18 25 16948 
10 42 33 25 16948 
10 42 48 25 16948 
10 43 3 25 16948 
10 43 18 25 16948 
10 43 33 25 17010 
10 43 48 25 17010 
10 44 3 25 17010 
10 44 18 25 17010 
10 44 33 25 16948 
10 44 48 25 16948 
10 45 3 25 17010 
10 45 18 25 17010 
10 45 33 25 17010 
10 45 48 25 16948 
10 46 3 25 16948 
10 46 18 25 16948 
10 46 33 25 17010 
10 46 48 25 17010 
10 47 3 25 16948 
10 47 18 25 17010 
10 47 33 25 16948 
10 47 48 25 16948 
10 48 3 25 17010 
10 48 18 25 16948 
10 48 33 25 16948 
10 48 48 25 16948 
10 49 3 25 16948 
10 49 18 25 16948 
10 49 33 25 17010 
10 51 3 25 17010 
10 51 18 25 16948 
10 51 33 25 16948 
10 51 48 25 16948 
10 52 3 25 16948 
10 52 18 25 16948 
10 52 33 25 16948 
10 52 48 25 16948 
10 53 3 25 16948 
10 53 18 25 16948 
10 53 33 25 16948 
10 53 48 25 16948 
10 54 3 25 16948 
10 54 18 25 16948 
10 54 33 25 16948 
10 54 48 25 17010 
10 55 3 25 16948 
10 55 18 25 16948 
10 55 33 25 16948 
10 55 48 25 16948 
10 56 3 25 16948 
10 56 18 25 16948 
10 56 33 25 16948 
10 56 48 25 16948 
10 57 3 25 16948 
10 57 18 25 16948 
10 57 33 25 16948 
10 57 48 25 16948 
10 58 3 25 16948 
10 58 18 25 16948 
10 58 33 25 17010 
10 58 48 25 16948 
10 59 3 25 16948 
10 59 18 25 16948 
10 59 33 25 16948 
10 59 48 25 17010 
11 0 3 25 17010 
11 0 18 25 16948 
11 0 33 25 16948 
11 0 48 25 17010 
11 1 3 25 16948 
11 1 18 25 17010 
11 1 33 25 17010 
11 1 48 25 17010 
11 2 3 25 16948 
11 2 18 25 16948 
11 2 33 25 17010 
11 2 48 25 16948 
11 3 3 25 16948 
11 3 18 25 16948 
11 3 33 25 16948 
11 3 48 25 16948 
11 4 3 25 16948 
11 4 18 25 16948 
11 4 33 25 17010 
11 4 48 25 16948 
11 5 3 25 16948 
11 5 18 25 16948 
11 5 33 25 16948 
11 7 3 25 16948 
11 7 18 25 16948 
11 7 33 25 16948 
11 7 48 25 16948 
11 8 3 25 16948 
11 8 18 25 16948 
11 8 33 25 16948 
11 8 48 25 16948 
11 9 3 25 16948 
11 9 18 25 16948 
11 9 33 25 16948 
11 9 48 25 16948 
11 10 3 25 16948 
11 10 18 25 16948 
11 10 33 25 17010 
11 10 48 25 16948 
11 11 3 25 16948 
11 11 18 25 16948 
11 11 33 25 16948 
11 11 48 25 16948 
11 12 3 25 16948 
11 12 18 25 16948 
11 12 33 25 16948 
11 12 48 25 16948 
11 13 3 25 16948 
11 13 18 25 16948 
11 13 33 25 17010 
11 13 48 25 16948 
11 14 3 25 16948 
11 14 18 25 16948 
11 14 33 25 16948 
11 14 48 25 16948 
11 15 3 25 16948 
11 15 18 25 16948 
11 15 33 25 17010 
11 15 48 25 16948 
11 16 3 25 16948 
11 16 18 25 16948 
11 16 33 25 16948 
11 16 48 25 16948 
11 17 3 25 16948 
11 17 18 25 16948 
11 17 33 25 16948 
11 17 48 25 16948 
11 18 3 25 16948 
11 18 18 25 16948 
11 18 33 25 16948 
11 18 48 25 16948 
11 19 3 25 16948 
11 19 18 25 16948 
11 19 33 25 16948 
11 19 48 25 16948 
11 20 3 25 16948 
11 20 18 25 16948 
11 20 33 25 16948 
11 20 48 25 17010 
11 21 3 25 16948 
11 21 18 25 16948 
11 21 33 25 16948 
11 23 3 25 17010 
11 23 18 25 17010 
11 23 33 25 16948 
11 23 48 25 17010 
11 24 3 25 16948 
11 24 18 25 16948 
11 24 33 25 16948 
11 24 48 25 16948 
11 25 3 25 16948 
11 25 18 25 16948 
11 25 33 25 16948 
11 25 48 25 16948 
11 26 3 25 16948 
11 26 18 25 16948 
11 26 33 25 16948 
11 26 48 25 16948 
11 27 3 25 17010 
11 27 18 26 16948 
11 27 33 25 16948 
11 27 48 25 16948 
11 28 3 25 16948 
11 28 18 25 16948 
11 28 33 25 16948 
11 28 48 25 16948 
11 29 3 25 16948 
11 29 18 25 16948 
11 29 33 25 16948 
11 29 48 25 16948 
11 30 3 25 16948 
11 30 18 25 16948 
11 30 33 25 16948 
11 30 48 25 16948 
11 31 3 25 16948 
11 31 18 25 16948 
11 31 33 25 16948 
11 31 48 25 16948 
11 32 3 25 16948 
11 32 18 25 16948 
11 32 33 25 16948 
11 32 48 25 16948 
11 33 3 25 16948 
11 33 18 25 16948 
11 33 33 25 16948 
11 33 48 25 16948 
11 34 3 25 16948 
11 34 18 25 16948 
11 34 33 25 16948 
11 34 48 25 16948 
11 35 3 25 16948 
11 35 18 25 16948 
11 35 33 25 16948 
11 35 48 25 16948 
11 36 3 25 16948 
11 36 18 25 16948 
11 36 33 25 16948 
11 36 48 25 16948 
11 37 3 25 16948 
11 37 18 25 16948 
11 37 33 25 16948 
11 39 3 25 16948 
11 39 18 25 16948 
11 39 33 25 16948 
11 39 48 25 16948 
11 40 3 25 16948 
11 40 18 25 16948 
11 40 33 25 16948 
11 40 48 25 16948 
11 41 3 25 16948 
11 41 18 25 16948 
11 41 33 25 16948 
11 41 48 25 16948 
11 42 3 25 16948 
11 42 18 25 16948 
11 42 33 25 16948 
11 42 48 25 16948 
11 43 3 25 16948 
11 43 18 25 16948 
11 43 33 25 16948 
11 43 48 25 16948 
11 44 3 25 16948 
11 44 18 25 16948 
11 44 33 25 16948 
11 44 48 25 16948 
11 45 3 25 16948 
11 45 18 25 16948 
11 45 33 25 16948 
11 45 48 25 16948 
11 46 3 25 16948 
11 46 18 25 16948 
11 46 33 25 16948 
11 46 48 25 16948 
11 47 3 25 16948 
11 47 18 25 16948 
11 47 33 25 16948 
11 47 48 25 16948 
11 48 3 25 16948 
11 48 18 25 16948 
11 48 33 25 16948 
11 48 48 25 16948 
11 49 3 25 16948 
11 49 18 25 16948 
11 49 33 25 16948 
11 49 48 25 16948 
11 50 3 25 16948 
11 50 18 25 16948 
11 50 33 25 16948 
11 50 48 25 16948 
11 51 3 25 16948 
11 51 18 25 16948 
11 51 33 25 16948 
11 51 48 25 16948 
11 52 3 25 16948 
11 52 18 25 16948 
11 52 33 25 16948 
11 52 48 25 16948 
11 53 3 25 16948 
11 53 18 25 16948 
11 53 33 25 16948 
11 55 3 25 16948 
11 55 18 25 16948 
11 55 33 25 16948 
11 55 48 25 16948 
11 56 3 25 16948 
11 56 18 25 16948 
11 56 33 25 16948 
11 56 48 25 16948 
11 57 3 25 16948 
11 57 18 25 16948 
11 57 33 25 16948 
11 57 48 25 16948 
11 58 3 25 16948 
11 58 18 25 16948 
11 58 33 25 16948 
11 58 48 25 16948 
11 59 3 25 16948 
11 59 18 25 16948 
11 59 33 25 16948 
11 59 48 25 16948 
12 0 3 25 16948 
12 0 18 25 16948 
12 0 33 25 16948 
12 0 48 25 16948 
12 1 3 25 16948 
12 1 18 25 16948 
12 1 33 25 16948 
12 1 48 25 16948 
12 2 3 25 16948 
12 2 18 25 16948 
12 2 33 25 16948 
12 2 48 25 16948 
12 3 4 25 16948 
12 3 19 25 16948 
12 3 34 25 16948 
12 3 49 25 16948 
12 4 4 25 16948 
12 4 19 25 16948 
12 4 34 25 16948 
12 4 49 25 16948 
12 5 4 25 16948 
12 5 19 25 16948 
12 5 34 25 16948 
12 5 49 25 16948 
12 6 4 25 16948 
12 6 19 25 16948 
12 6 34 25 16948 
12 6 49 25 16948 
12 7 4 25 16948 
12 7 19 25 16948 
12 7 34 25 16948 
12 7 49 25 16948 
12 8 4 25 16948 
12 8 19 25 16948 
12 8 34 25 16948 
12 8 49 25 16948 
12 9 4 25 16948 
12 9 19 25 16948 
12 9 34 25 16948 
12 11 4 25 16948 
12 11 19 25 16948 
12 11 34 25 16948 
12 11 49 25 16948 
12 12 4 25 16948 
12 12 19 25 16948 
12 12 34 25 16948 
12 12 49 25 16948 
12 13 4 25 16948 
12 13 19 25 16948 
12 13 34 25 16948 
12 13 49 25 16948 
12 14 4 25 16948 
12 14 19 25 16948 
12 14 34 25 16948 
12 14 49 25 16948 
12 15 4 25 16948 
12 15 19 25 16948 
12 15 34 25 16948 
12 15 49 25 16948 
12 16 4 25 16948 
12 16 19 25 16948 
12 16 34 25 16948 
12 16 49 25 16948 
12 17 4 25 16948 
12 17 19 25 16948 
12 17 34 25 16948 
12 17 49 25 16948 
12 18 4 25 16948 
12 18 19 25 16948 
12 18 34 25 16948 
12 18 49 25 16948 
12 19 4 25 16948 
12 19 19 25 16948 
12 19 34 25 16948 
12 19 49 25 16948 
12 20 4 25 16948 
12 20 19 25 16948 
12 20 34 25 16948 
12 20 49 25 16948 
12 21 4 25 16948 
12 21 19 25 16948 
12 21 34 25 16948 
12 21 49 25 16948 
12 22 4 25 16948 
12 22 19 25 16948 
12 22 34 25 16948 
12 22 49 25 16948 
12 23 4 25 16948 
12 23 19 25 16948 
12 23 34 25 16948 
12 23 49 25 16948 
12 24 4 25 16948 
12 24 19 25 16948 
12 24 34 25 16948 
12 24 49 25 16948 
12 25 4 25 16948 
12 25 19 25 16948 
12 25 34 25 16948 
12 27 4 25 16948 
12 27 19 25 16948 
12 27 34 25 16948 
12 27 49 25 16948 
12 28 4 25 16948 
12 28 19 25 16948 
12 28 34 25 16948 
12 28 49 25 16948 
12 29 4 25 16948 
12 29 19 25 16948 
12 29 34 25 16948 
12 29 49 25 16948 
12 30 4 25 16948 
12 30 19 25 16948 
12 30 34 25 16948 
12 30 49 25 16948 
12 31 4 25 16948 
12 31 19 25 16948 
12 31 34 25 16948 
12 31 49 25 16948 
12 32 4 25 16948 
12 32 19 25 16948 
12 32 34 25 16948 
12 32 49 25 16948 
12 33 4 25 16948 
12 33 19 25 16948 
12 33 34 25 16948 
12 33 49 25 16948 
12 34 4 25 16948 
12 34 19 25 16948 
12 34 34 25 16948 
12 34 49 25 16948 
12 35 4 25 16948 
12 35 19 25 16948 
12 35 34 25 16948 
12 35 49 25 16948 
12 36 4 25 16948 
12 36 19 25 16948 
12 36 34 25 16948 
12 36 49 25 16948 
12 37 4 25 16948 
12 37 19 25 16948 
12 37 34 25 16948 
12 37 49 25 16948 
12 38 4 25 16948 
12 38 19 25 16948 
12 38 34 25 16948 
12 38 49 25 16948 
12 39 4 25 16948 
12 39 19 25 16948 
12 39 34 25 16948 
12 39 49 25 16948 
12 40 4 25 16948 
12 40 19 25 16948 
12 40 34 25 16948 
12 40 49 25 16948 
12 41 4 25 16948 
12 41 19 25 16948 
12 41 34 25 16948 
12 43 4 25 16948 
12 43 19 25 16948 
12 43 34 25 16948 
12 43 49 25 16948 
12 44 4 25 16948 
12 44 19 25 16948 
12 44 34 25 16948 
12 44 49 25 16948 
12 45 4 25 16948 
12 45 19 25 16948 
12 45 34 25 16948 
12 45 49 25 16948 
12 46 4 25 16948 
12 46 19 25 16948 
12 46 34 25 16948 
12 46 49 25 16948 
12 47 4 25 16948 
12 47 19 25 16948 
12 47 34 25 16948 
12 47 49 25 16948 
12 48 4 25 16948 
12 48 19 25 16948 
12 48 34 25 16948 
12 48 49 25 16948 
12 49 4 25 16948 
12 49 19 25 16948 
12 49 34 25 16948 
12 49 49 25 16948 
12 50 4 25 16948 
12 50 19 25 16948 
12 50 34 25 16948 
12 50 49 25 16948 
12 51 4 25 16948 
12 51 19 25 16948 
12 51 34 25 16948 
12 51 49 25 16948 
12 52 4 25 16948 
12 52 19 25 16948 
12 52 34 25 16948 
12 52 49 25 16948 
12 53 4 25 16948 
12 53 19 25 16948 
12 53 34 25 16948 
12 53 49 25 16948 
12 54 4 25 16948 
12 54 19 25 16948 
12 54 34 25 16948 
12 54 49 25 16948 
12 55 4 25 16948 
12 55 19 25 16948 
12 55 34 25 16948 
12 55 49 25 16948 
12 56 4 25 16948 
12 56 19 25 16948 
12 56 34 25 16948 
12 56 49 25 16948 
12 57 4 25 16948 
12 57 19 25 16948 
12 57 34 25 16948 
12 59 4 25 16948 
12 59 19 25 16948 
12 59 34 25 16948 
12 59 49 25 16948 
13 0 4 25 16948 
13 0 19 25 16948 
13 0 34 25 16948 
13 0 49 25 16948 
13 1 4 25 16948 
13 1 19 25 16948 
13 1 34 25 16948 
13 1 49 25 16948 
13 2 4 25 16948 
13 2 19 25 16948 
13 2 34 25 16948 
13 2 49 25 16948 
13 3 4 25 16948 
13 3 19 25 16948 
13 3 34 25 16948 
13 3 49 25 16948 
13 4 4 25 16948 
13 4 19 25 16948 
13 4 34 25 16948 
13 4 49 25 16948 
13 5 4 25 16948 
13 5 19 25 16948 
13 5 34 25 16948 
13 5 49 25 16948 
13 6 4 25 16948 
13 6 19 25 16948 
13 6 34 25 16948 
13 6 49 25 16948 
13 7 4 25 16948 
13 7 19 25 16948 
13 7 34 25 16948 
13 7 49 25 16948 
13 8 4 25 16948 
13 8 19 25 16948 
13 8 34 25 16948 
13 8 49 25 16948 
13 9 4 25 16948 
13 9 19 25 16948 
13 9 34 25 16948 
13 9 49 25 16948 
13 10 4 25 16948 
13 10 19 25 16948 
13 10 34 25 16948 
13 10 49 25 16948 
13 11 4 25 16948 
13 11 19 25 16948 
13 11 34 25 16948 
13 11 49 25 16948 
13 12 4 25 16948 
13 12 19 25 16948 
13 12 34 25 16948 
13 12 49 25 16948 
13 13 4 25 16948 
13 13 19 25 16948 
13 13 34 25 16948 
13 15 4 25 16948 
13 15 19 25 16948 
13 15 34 25 16948 
13 15 49 25 16948 
13 16 4 25 16948 
13 16 19 25 16948 
13 16 34 25 16948 
13 16 49 25 16948 
13 17 4 25 16948 
13 17 19 25 16948 
13 17 34 25 16948 
13 17 49 25 16948 
13 18 4 25 16948 
13 18 19 25 16948 
13 18 34 25 16948 
13 18 49 25 16948 
13 19 4 25 16948 
13 19 19 25 16948 
13 19 34 25 16948 
13 19 49 25 16948 
13 20 4 25 16948 
13 20 19 25 16948 
13 20 34 25 16948 
13 20 49 25 16948 
13 21 4 25 16948 
13 21 19 25 16948 
13 21 34 25 16948 
13 21 49 25 16948 
13 22 4 25 16948 
13 22 19 25 16948 
13 22 34 25 16948 
13 22 49 25 16948 
13 23 4 25 16948 
13 23 19 25 16948 
13 23 34 25 16948 
13 23 49 25 16948 
13 24 4 25 16948 
13 24 19 25 16948 
13 24 34 25 16948 
13 24 49 25 16948 
13 25 4 25 16948 
13 25 19 25 16948 
13 25 34 25 16948 
13 25 49 25 16948 
13 26 4 25 16948 
13 26 19 25 16948 
13 26 34 25 16948 
13 26 49 25 16948 
13 27 4 25 16948 
13 27 19 25 16948 
13 27 34 25 16948 
13 27 49 25 16948 
13 28 4 25 16948 
13 28 19 25 16948 
13 28 34 25 16948 
13 28 49 25 16948 
13 29 4 25 16948 
13 29 19 25 16948 
13 29 34 25 16948 
13 31 4 25 16948 
13 31 19 25 16948 
13 31 34 25 16948 
13 31 49 25 16948 
13 32 4 25 16948 
13 32 19 25 16948 
13 32 34 25 16948 
13 32 49 25 16948 
13 33 4 25 16948 
13 33 19 25 16948 
13 33 34 25 16948 
13 33 49 25 16948 
13 34 4 25 16948 
13 34 19 25 16948 
13 34 34 25 16948 
13 34 49 25 16948 
13 35 4 25 16948 
13 35 19 25 16948 
13 35 34 25 16948 
13 35 49 25 16948 
13 36 4 25 16948 
13 36 19 25 16948 
13 36 34 25 16948 
13 36 49 25 16948 
13 37 4 25 16948 
13 37 19 25 16948 
13 37 34 25 16948 
13 37 49 25 16948 
13 38 4 25 16948 
13 38 19 25 16948 
13 38 34 25 16948 
13 38 49 25 16948 
13 39 4 25 16948 
13 39 19 25 16948 
13 39 34 25 16948 
13 39 49 25 16948 
13 40 4 25 16948 
13 40 19 25 16948 
13 40 34 25 16948 
13 40 49 25 16948 
13 41 4 25 16948 
13 41 19 25 16948 
13 41 34 25 16948 
13 41 49 25 16948 
13 42 4 25 16948 
13 42 19 25 16948 
13 42 34 25 16948 
13 42 49 25 16948 
13 43 4 25 16948 
13 43 19 25 16948 
13 43 34 25 16948 
13 43 49 25 16948 
13 44 4 25 16948 
13 44 19 25 16948 
13 44 34 25 16948 
13 44 49 25 16948 
13 45 4 25 16948 
13 45 19 25 16948 
13 45 34 25 16948 
13 47 4 25 16948 
13 47 19 25 16948 
13 47 34 25 16948 
13 47 49 25 16948 
13 48 4 25 16948 
13 48 19 25 16948 
13 48 34 25 16948 
13 48 49 25 16948 
13 49 4 26 16948 
13 49 19 25 16948 
13 49 34 25 16948 
13 49 49 25 16948 
13 50 4 25 16948 
13 50 19 25 16948 
13 50 34 25 16948 
13 50 49 25 16948 
13 51 4 25 16948 
13 51 19 25 16948 
13 51 34 25 16948 
13 51 49 25 16948 
13 52 4 25 16948 
13 52 19 25 16948 
13 52 34 25 16948 
13 52 49 25 16948 
13 53 4 25 16948 
13 53 19 25 16948 
13 53 34 25 16948 
13 53 49 25 16948 
13 54 4 25 16948 
13 54 19 25 16948 
13 54 34 25 16948 
13 54 49 25 16948 
13 55 4 25 16948 
13 55 19 25 16948 
13 55 34 25 16948 
13 55 49 25 16948 
13 56 4 25 16948 
13 56 19 25 16948 
13 56 34 25 16948 
13 56 49 25 16948 
13 57 4 25 16948 
13 57 19 25 16948 
13 57 34 25 16948 
13 57 49 25 16948 
13 58 4 25 16948 
13 58 19 25 16948 
13 58 34 25 16948 
13 58 49 25 16948 
13 59 4 25 16948 
13 59 19 25 16948 
13 59 34 25 16948 
13 59 49 25 16948 
14 0 4 25 16948 
14 0 19 25 16948 
14 0 34 25 16948 
14 0 49 25 16948 
14 1 4 25 16948 
14 1 19 25 16948 
14 1 34 25 16948 
14 3 4 25 16948 
14 3 19 25 16948 
14 3 34 25 16948 
14 3 49 25 16948 
14 4 4 25 16948 
14 4 19 25 16948 
14 4 34 25 16948 
14 4 49 25 16948 
14 5 4 25 16948 
14 5 19 25 16948 
14 5 34 25 16948 
14 5 49 25 16948 
14 6 4 25 16948 
14 6 19 25 16948 
14 6 34 25 16948 
14 6 49 25 16948 
14 7 4 25 16948 
14 7 19 25 16948 
14 7 34 25 16948 
14 7 49 25 16948 
14 8 4 25 16948 
14 8 19 25 16948 
14 8 34 25 16948 
14 8 49 25 16948 
14 9 4 25 16948 
14 9 19 25 16948 
14 9 34 25 16948 
14 9 49 25 16948 
14 10 4 25 16948 
14 10 19 25 16948 
14 10 34 25 16948 
14 10 49 25 16948 
14 11 4 25 16948 
14 11 19 25 16948 
14 11 34 25 16948 
14 11 49 25 16948 
14 12 4 25 16948 
14 12 19 25 16948 
14 12 34 25 16948 
14 12 49 25 16948 
14 13 4 25 16948 
14 13 19 25 16948 
14 13 34 25 16948 
14 13 49 25 16948 
14 14 4 25 16948 
14 14 19 25 16948 
14 14 34 25 16948 
14 14 49 25 16948 
14 15 4 25 16948 
14 15 19 25 16948 
14 15 34 25 16948 
14 15 49 25 16948 
14 16 4 25 16948 
14 16 19 25 16948 
14 16 34 25 16948 
14 16 49 25 16948 
14 17 4 25 16948 
14 17 19 25 16948 
14 17 34 25 16948 
14 19 4 25 16948 
14 19 19 25 16948 
14 19 34 25 16948 
14 19 49 25 16948 
14 20 4 25 16948 
14 20 19 25 16948 
14 20 34 25 16948 
14 20 49 25 16948 
14 21 4 25 16948 
14 21 19 25 16948 
14 21 34 25 16948 
14 21 49 25 16948 
14 22 4 25 16948 
14 22 19 25 16948 
14 22 34 25 16948 
14 22 49 25 16948 
14 23 4 25 16948 
14 23 19 25 16948 
14 23 34 25 16948 
14 23 49 25 16948 
14 24 4 25 16948 
14 24 19 25 16948 
14 24 34 25 16948 
14 24 49 25 16948 
14 25 4 25 16948 
14 25 19 25 16948 
14 25 34 25 16948 
14 25 49 25 16948 
14 26 4 25 16948 
14 26 19 25 16948 
14 26 34 25 16948 
14 26 49 25 16948 
14 27 4 25 16948 
14 27 19 25 16948 
14 27 34 25 16948 
14 27 49 25 16948 
14 28 4 25 16948 
14 28 19 25 16948 
14 28 34 25 16948 
14 28 49 25 16948 
14 29 4 25 16948 
14 29 19 25 16948 
14 29 34 25 16948 
14 29 49 25 16948 
14 30 4 25 16948 
14 30 19 25 16948 
14 30 34 25 16948 
14 30 49 25 16948 
14 31 4 25 16948 
14 31 19 25 16948 
14 31 34 25 16948 
14 31 49 25 16948 
14 32 4 25 16948 
14 32 19 25 16948 
14 32 34 25 16948 
14 32 49 25 16948 
14 33 4 25 16948 
14 33 19 25 16948 
14 33 34 25 16948 
14 35 4 25 16948 
14 35 19 25 16948 
14 35 34 25 16948 
14 35 49 25 16948 
14 36 4 25 16948 
14 36 19 25 16948 
14 36 34 25 16948 
14 36 49 25 16948 
14 37 4 25 16948 
14 37 19 25 16948 
14 37 34 25 16948 
14 37 49 25 16948 
14 38 4 25 16948 
14 38 19 25 16948 
14 38 34 25 16948 
14 38 49 25 16948 
14 39 4 25 16948 
14 39 19 25 16948 
14 39 34 25 16948 
14 39 49 25 16948 
14 40 4 25 16948 
14 40 19 25 16948 
14 40 34 25 16948 
14 40 49 25 16948 
14 41 4 25 16948 
14 41 19 25 16948 
14 41 34 25 16948 
14 41 49 25 16948 
14 42 4 25 16948 
14 42 19 25 16948 
14 42 34 25 16948 
14 42 49 25 16948 
14 43 4 25 16948 
14 43 19 25 16948 
14 43 34 25 16948 
14 43 49 25 16948 
14 44 4 25 16948 
14 44 19 25 16948 
14 44 34 25 16948 
14 44 49 25 16948 
14 45 4 25 16948 
14 45 19 25 16948 
14 45 34 25 16948 
14 45 49 25 16948 
14 46 4 25 16948 
14 46 19 25 16948 
14 46 34 25 16948 
14 46 49 25 16948 
14 47 4 25 16948 
14 47 19 25 16948 
14 47 34 25 16948 
14 47 49 25 16948 
14 48 4 25 16948 
14 48 19 25 16948 
14 48 34 25 16948 
14 48 49 25 16948 
14 49 4 25 16948 
14 49 19 25 16948 
14 49 34 25 16948 
14 51 4 25 16948 
14 51 19 25 16948 
14 51 34 25 16948 
14 51 49 25 16948 
14 52 4 25 16948 
14 52 19 25 16948 
14 52 34 25 16948 
14 52 49 25 16948 
14 53 4 25 16948 
14 53 19 25 16948 
14 53 34 25 16948 
14 53 49 25 16948 
14 54 4 25 16948 
14 54 19 25 16948 
14 54 34 25 16948 
14 54 49 25 16948 
14 55 4 25 16948 
14 55 19 25 16948 
14 55 34 25 16948 
14 55 49 25 16948 
14 56 4 25 16948 
14 56 19 25 16948 
14 56 34 25 16948 
14 56 49 25 16948 
14 57 4 25 16948 
14 57 19 25 16948 
14 57 34 25 16948 
14 57 49 25 16948 
14 58 4 25 16948 
14 58 19 25 16948 
14 58 34 25 16948 
14 58 49 25 16948 
14 59 4 25 16948 
14 59 19 25 16948 
14 59 34 25 16948 
14 59 49 25 16948 
15 0 4 25 16948 
15 0 27 7 15720 

/> 
read_ramp 10081314
read_ramp 10081314
<CR>Time:2021/10/08 14:50Ramp data first polarity: 
783 783 783 783 782 783 782 783 784 782 783 781 782 783 781 782 782 783 783 782 782 782 781 783 783 783 783 782 782 783 782 782 782 782 783 783 782 782 782 783 783 783 783 783 782 783 782 782 782 783 783 783 783 782 782 783 782 782 782 782 783 782 782 783 782 781 782 777 777 775 771 769 763 762 759 758 757 754 751 751 749 748 746 745 743 741 741 739 737 736 733 733 731 730 729 726 725 724 721 720 719 717 716 714 712 710 709 708 706 704 703 701 700 698 696 695 693 691 690 690 686 685 683 683 681 678 677 677 675 672 671 670 668 667 665 664 662 660 659 658 655 654 653 651 651 648 647 645 644 642 641 639 638 637 634 633 631 629 628 627 625 624 622 621 619 618 616 615 613 612 611 609 608 606 604 603 602 600 599 597 595 594 592 591 590 588 588 586 584 582 580 579 578 576 576 574 572 570 569 568 566 564 563 562 561 559 557 556 555 553 552 551 549 547 546 545 542 542 541 539 538 536 534 533 532 531 529 527 527 524 523 522 520 519 518 516 515 514 512 510 509 508 507 506 506 506 504 505 504 506 506 505 506 506 505 506 505 505 505 505 505 506 506 506 505 505 505 505 505 506 506 505 505 505 506 506 506 505 506 505 505 505 505 505 505 505 506 506 505 505 505 505 505 505 506 506 505 506 506 505 506 506 506 506 505 505 505 505 506 505 505 505 506 505 505 506 505 505 505 506 
ramp data second polarity
230 229 229 230 230 230 230 230 231 230 229 230 229 229 229 230 230 230 230 229 229 230 229 230 230 229 231 229 230 230 229 230 229 230 231 231 230 230 229 230 230 230 230 231 230 229 230 229 229 230 230 230 230 229 229 229 230 229 229 230 230 230 230 230 230 229 232 233 235 237 238 243 245 248 250 254 255 258 260 261 262 263 265 266 268 269 271 272 273 276 277 278 281 282 284 286 286 288 289 292 294 295 296 298 300 301 302 304 305 307 309 310 313 313 314 317 318 319 322 323 325 327 328 329 331 332 334 336 337 339 341 342 343 345 347 348 350 352 354 354 356 357 360 360 363 364 366 367 369 370 371 373 375 376 378 380 381 382 384 385 387 388 390 392 394 394 396 397 399 401 402 403 405 407 408 409 411 413 414 416 417 419 420 421 423 424 426 427 428 431 432 433 434 436 438 439 440 442 443 444 446 447 449 451 452 454 455 457 458 459 461 462 464 465 467 468 469 471 472 474 475 477 478 479 480 481 484 485 486 487 488 491 493 493 494 496 497 498 500 502 503 503 505 506 506 506 506 507 508 506 509 507 508 507 507 507 508 507 507 507 507 507 506 507 508 507 507 507 507 507 507 508 507 508 507 507 507 507 507 508 507 508 508 507 507 507 507 507 507 508 507 507 507 507 507 507 507 506 508 508 507 507 507 507 506 507 508 508 507 507 507 507 507 507 507 507 507 507 507 507 
Oscillation data first polarity :
233 236 237 242 245 248 249 251 256 257 258 260 261 263 264 265 268 269 271 272 273 275 276 278 280 282 283 285 285 288 289 291 292 294 296 298 299 300 302 303 305 306 308 310 312 313 314 316 317 319 321 322 325 326 327 330 330 332 334 335 337 339 340 341 343 344 346 348 349 351 352 354 355 357 358 360 362 364 365 366 367 370 371 372 374 375 378 378 380 381 383 384 387 388 390 391 392 394 396 397 398 400 401 404 405 406 407 408 410 412 413 416 417 417 419 420 421 424 425 427 429 430 431 431 434 435 437 438 440 442 443 444 445 446 448 450 451 454 454 456 458 458 459 461 463 465 466 467 468 470 471 473 475 476 477 479 479 481 482 484 485 487 489 490 490 492 494 495 496 497 499 501 503 503 504 505 505 506 507 507 507 507 509 507 507 507 507 507 508 508 507 507 507 507 507 508 507 508 507 507 507 507 507 507 507 508 508 507 507 507 507 507 507 507 508 507 506 507 507 507 507 507 508 508 507 507 507 507 506 507 507 507 507 507 507 508 507 507 507 507 508 507 507 507 507 507 507 507 508 507 507 507 506 507 507 507 508 507 507 507 507 508 508 507 507 507 507 507 508 507 507 507 507 508 506 507 507 507 507 507 507 508 507 507 508 507 507 507 507 508 507 506 507 507 506 507 507 507 508 507 507 507 506 507 507 507 507 507 507 507 507 507 506 507 508 508 507 507 507 507 
Oscillation data second polarity :
777 775 776 771 766 765 764 760 758 756 754 752 751 749 748 746 745 743 741 741 739 737 735 734 732 731 729 729 726 725 724 722 720 718 717 716 715 712 711 709 708 706 704 703 701 699 698 696 695 693 692 690 690 687 685 684 683 680 680 677 677 676 673 671 670 668 666 666 664 663 661 659 657 656 654 653 651 650 649 646 645 644 642 640 639 638 636 634 633 631 630 628 627 626 624 623 621 619 618 616 615 614 612 611 609 607 606 604 603 602 600 600 597 595 594 592 591 589 588 588 586 584 582 581 579 578 576 576 574 572 570 569 567 566 564 564 562 560 559 557 557 555 554 552 550 549 548 546 544 544 542 540 539 538 536 534 534 532 530 529 528 528 525 523 522 521 520 519 516 516 514 512 511 510 508 507 507 507 507 505 505 505 507 505 505 503 505 505 505 505 504 505 505 505 505 506 505 506 505 505 505 505 505 506 505 505 505 505 505 506 505 506 506 505 505 505 505 506 505 506 506 505 505 505 505 505 505 506 506 505 505 505 505 505 505 505 505 505 505 505 505 505 505 505 505 506 504 504 505 505 506 505 505 506 505 505 505 505 504 505 505 506 505 505 505 505 505 506 505 506 505 504 505 505 505 506 505 506 506 505 505 505 505 505 506 505 506 505 505 505 505 505 505 505 505 506 505 505 505 505 505 505 505 506 505 505 505 505 505 505 506 505 505 505 505 505 505 505 505 506 
/> 