38.038942778 14.149956713 1121.791 0n
38.038826123 14.150124048 1117.285 25n
38.038775417 14.150365016 1119.120 50n
38.038675602 14.150593141 1122.595 75n
38.038565175 14.150998671 1124.456 125n
38.038489700 14.151207631 1126.310 150n
38.038417341 14.151434452 1127.736 175n
38.038326966 14.151635151 1130.159 200n
38.038232962 14.151855789 1136.244 225n
38.038170332 14.152071481 1141.922 250n
38.038102168 14.152276924 1137.929 275n
38.038038060 14.152501105 1134.244 300n
38.037945232 14.152687730 1130.919 325n
38.037870822 14.152912740 1128.900 350n
38.037790270 14.153133753 1130.927 375n
38.037708302 14.153337435 1130.979 400n
38.037652923 14.153560874 1131.815 425n
38.037590012 14.153733630 1134.115 450n
38.037511529 14.153982142 1137.064 475n
38.037406649 14.154147829 1137.562 500n
38.037371357 14.154389915 1143.181 525n
38.037284131 14.154609755 1158.937 550n
38.037229372 14.154826876 1158.590 575n
38.037141375 14.155066724 1158.819 600n
38.037069799 14.155263165 1159.703 625n
38.036986118 14.155488662 1162.106 650n
38.036922101 14.155692974 1163.450 675n
