38.040672016 14.150508466 1129.062 0n
38.040581456 14.150705936 1130.618 25n
38.040502017 14.150937396 1134.709 50n
38.040449467 14.151135235 1131.999 75n
38.040375765 14.151354559 1132.659 100n
38.040288863 14.151572565 1135.593 125n
38.040209849 14.151775431 1140.723 150n
38.040143481 14.151986357 1147.483 175n
38.040066839 14.152207578 1153.982 200n
38.039964527 14.152429578 1162.886 225n
38.039917322 14.152634268 1173.662 250n
38.039827130 14.152864566 1186.266 275n
38.039756114 14.153080657 1179.913 300n
38.039677160 14.153293321 1167.040 325n
38.039632476 14.153506711 1156.324 350n
38.039570327 14.153708222 1147.369 375n
38.039474327 14.153937676 1137.921 400n
38.039392187 14.154125817 1145.874 425n
38.039321965 14.154312430 1156.083 450n
38.039275106 14.154556132 1165.044 475n
38.039219221 14.154721035 1170.370 500n
38.039128394 14.154949461 1177.031 525n
38.039071310 14.155123271 1181.725 550n
38.038984601 14.155412573 1181.006 575n
38.038901600 14.155592076 1180.280 600n
38.038826884 14.155819973 1179.128 625n
38.038773361 14.156009040 1180.868 650n
38.038671176 14.156253100 1176.747 675n
