38.039545019 14.156596628 1176.566 675n
38.039642089 14.156358380 1177.156 650n
38.039705085 14.156151211 1174.342 625n
38.039778003 14.155938930 1172.927 600n
38.039863074 14.155725740 1167.421 575n
38.039951485 14.155518487 1166.529 550n
38.040034636 14.155299278 1166.100 625n
38.040101934 14.155070163 1164.134 500n
38.040155493 14.154866033 1157.960 475n
38.040250345 14.154652771 1156.443 450n
38.040325433 14.154415065 1150.816 425n
38.041547344 14.150831544 1135.366 0n
38.041496994 14.151024977 1132.223 25n
38.041435386 14.151251007 1130.055 50n
38.041327621 14.151439529 1135.146 75n
38.041244845 14.151658243 1138.490 100n
38.041169954 14.151875350 1140.808 125n
38.041092832 14.152091275 1144.398 150n
38.041027864 14.152272350 1147.887 175n
38.040957029 14.152490529 1152.015 200n
38.040866166 14.152723761 1158.298 225n
38.040818537 14.152935058 1165.896 250n
38.040737737 14.153130245 1175.105 275n
38.040647817 14.153362405 1180.173 300n
38.040592645 14.153574471 1178.956 325n
38.040523177 14.153780527 1168.587 350n
38.040438481 14.154024348 1156.307 375n
38.040364979 14.154210522 1149.726 400n
