38.040407653 14.156875700 1169.465 675n
38.040520225 14.156653688 1169.340 650n
38.040538234 14.156434921 1173.560 625n
38.040659157 14.156242298 1171.589 600n
38.040747998 14.155998247 1171.035 575n
38.040823232 14.155785888 1177.438 550n
38.040897695 14.155586833 1173.077 525n
38.040985756 14.155380650 1169.301 500n
38.041028699 14.155176522 1165.892 475n
38.041113733 14.154937513 1164.329 450n
38.041180750 14.154728261 1164.678 425n
38.041260885 14.154524641 1163.198 400n
38.041342205 14.154309774 1161.463 375n
38.041397798 14.154122241 1165.372 350n
38.041504256 14.153882424 1169.755 325n
38.041555836 14.153662457 1172.646 300n
38.041650328 14.153448973 1167.323 275n
38.041705303 14.153278440 1159.963 250n
38.041821026 14.153037444 1152.429 225n
38.041862657 14.152831059 1145.607 200n
38.041912818 14.152602541 1143.857 175n
38.041999160 14.152376952 1140.490 150n
38.042063739 14.152158021 1138.658 125n
38.042145392 14.151965749 1137.440 100n
38.042222450 14.151728177 1141.333 75n
38.042316476 14.151528535 1139.311 50n
38.042440908 14.151110735 1140.356 0n
