38.043240124 14.151436807 1145.342 0n
38.043226550 14.151591362 1141.263 25n
38.043155500 14.151798078 1137.594 50n
38.043081295 14.152026066 1139.290 75n
38.042996485 14.152234000 1140.788 100n
38.042920121 14.152430527 1141.233 125n
38.042846042 14.152649361 1137.818 150n
38.042765313 14.152859246 1141.164 175n
38.042697121 14.153096361 1140.695 200n
38.042616002 14.153297407 1145.818 225n
38.042554825 14.153514506 1150.760 250n
38.042483153 14.153715729 1152.375 275n
38.042408042 14.153948376 1151.632 300n
38.042333917 14.154151017 1150.877 325n
38.042250416 14.154381941 1154.058 350n
38.042175323 14.154571858 1152.763 375n
38.042110110 14.154817629 1155.681 400n
38.042054873 14.155010175 1158.005 425n
38.041974229 14.155234396 1158.330 450n
38.041895659 14.155436489 1164.694 475n
38.041833815 14.155638070 1168.767 500n
38.041750962 14.155849698 1175.720 525n
38.041675471 14.156074932 1174.227 550n
38.041553404 14.156296152 1177.842 575n
38.041470189 14.156486366 1178.343 600n
38.041476057 14.156698021 1183.086 625n
38.041397585 14.156902326 1183.072 650n
38.041312589 14.157148646 1178.336 675n
