38.042204085 14.157460633 1190.922 675n
38.042263495 14.157210965 1187.321 650n
38.042346696 14.157024315 1185.885 625n
38.042426924 14.156825879 1180.670 600n
38.042475656 14.156619387 1181.946 575n
38.042571733 14.156387661 1180.501 550n
38.042645329 14.156159570 1178.587 525n
38.042723438 14.155973816 1177.884 500n
38.042800678 14.155751744 1172.515 475n
38.042891142 14.155556830 1170.494 450n
38.042953638 14.155297086 1170.804 425n
38.043025417 14.155137174 1169.379 400n
38.043195716 14.154712343 1170.801 350n
38.043057692 14.154882455 1169.610 375n
38.043251710 14.154471392 1164.674 325n
38.043307647 14.154256179 1159.512 300n
38.043354732 14.153975284 1153.444 275n
38.043420144 14.153763299 1149.108 250n
38.043531006 14.153592525 1143.737 225n
38.043631129 14.153379421 1136.640 200n
38.043700540 14.153160661 1135.251 175n
38.043763115 14.152961096 1135.664 150n
38.043831354 14.152735560 1135.594 125n
38.043894427 14.152528511 1133.873 100n
38.043975676 14.152316140 1133.894 75n
38.044054232 14.152107268 1132.409 50n
38.044131873 14.151896483 1130.545 25n
38.044199214 14.151666884 1127.719 0n
