38.042204085 14.157460633 1190.922 675n
38.042263495 14.157210965 1187.321 650n
38.042346696 14.157024315 1185.885 625n
38.042426924 14.156825879 1180.670 600n
38.042475656 14.156619387 1181.946 575n
38.042571733 14.156387661 1180.501 550n
38.042645329 14.156159570 1178.587 525n
38.042723438 14.155973816 1177.884 500n
38.042800678 14.155751744 1172.515 475n
38.042891142 14.155556830 1170.494 450n
38.042953638 14.155297086 1170.804 425n
38.043025417 14.155137174 1169.379 400n
38.043195716 14.154712343 1170.801 350n
38.043057692 14.154882455 1169.610 375n
38.043251710 14.154471392 1164.674 325n
38.043307647 14.154256179 1159.512 300n
