38.045054912 14.151978555 1131.828 0n
38.044981171 14.152161978 1132.067 25n
38.044912138 14.152370389 1133.428 50n
38.044832866 14.152590043 1134.607 75n
38.044762963 14.152804513 1137.253 100n
38.044693167 14.153022646 1137.310 125n
38.044618446 14.153235187 1137.461 150n
38.044527112 14.153443262 1138.630 175n
38.044450308 14.153671691 1140.057 200n
38.044401328 14.153873317 1144.309 225n
38.044359466 14.154035033 1147.270 250n
38.044283382 14.154254313 1148.260 275n
38.044199666 14.154473180 1148.486 300n
38.044103600 14.154724899 1148.353 325n
38.044016951 14.154946864 1152.395 350n
38.043984057 14.155110458 1153.214 375n
38.043886609 14.155380214 1154.633 400n
38.043816441 14.155567247 1158.458 425n
38.043722180 14.155791872 1160.359 450n
38.043633110 14.156058815 1160.009 475n
38.043579850 14.156236039 1161.165 500n
38.043546919 14.156378063 1158.128 525n
38.043433558 14.156675291 1159.015 550n
38.043381950 14.156870211 1159.199 575n
38.043298238 14.157057981 1159.593 600n
38.043228731 14.157285820 1156.514 625n
38.043161798 14.157498771 1157.897 650n
38.043087490 14.157692005 1159.823 675n
