-65.805441005 47.387080036 136.054 
-65.805037040 47.387182045 134.500 
-65.804559191 47.387268386 133.162 
-65.803991044 47.387381047 131.549 
-65.803612577 47.387536366 131.330 
-65.803022588 47.387658528 132.292 
-65.802531460 47.387681835 139.663 
-65.801892427 47.387829821 134.318 
-65.801164114 47.387993260 135.915 
-65.800794657 47.388026747 135.886 
-65.800192250 47.388231476 138.602 
-65.799699194 47.388305534 135.276 
-65.799616864 47.388722561 134.260 
-65.799658565 47.388543596 130.015 
-65.799416102 47.389044900 138.828 
-65.799568228 47.389441820 138.870 
-65.799764561 47.389974054 140.318 
-65.800027965 47.390405398 135.355 
-65.800191455 47.390907630 132.718 
-65.800402872 47.391399347 131.737 
-65.800690678 47.391824589 132.212 
-65.800901381 47.392358997 133.184 
-65.801072076 47.392788014 133.151 
-65.801292773 47.393287279 130.304 
-65.801554552 47.393897216 131.870 
-65.801795741 47.394389864 130.294 
-65.802121181 47.394799366 130.247 
-65.802418142 47.395427037 130.291 
-65.802463666 47.395812803 129.313 
-65.802753704 47.396264872 127.561 
-65.802887435 47.396717191 125.904 
-65.802988245 47.397328054 117.981 
-65.803459711 47.397521740 115.568 
-65.803870194 47.397596117 118.977 
-65.803909428 47.397123016 121.350 
-65.804298875 47.396900504 105.938 
-65.804794466 47.396606729 119.396 
-65.805358603 47.396400034 117.661 
-65.805936359 47.396095010 114.246 
-65.806565985 47.395928924 123.006 
-65.807187661 47.395689400 127.275 
-65.807741020 47.395472327 129.617 
-65.808271567 47.395269635 127.942 
-65.808873805 47.395177877 126.353 
-65.809420172 47.395096067 117.947 
-65.810173867 47.394955619 117.887 
-65.810860023 47.394803985 120.759 
-65.811397510 47.394847534 122.456 
-65.811986524 47.394726049 112.233 
-65.812923273 47.394796500 109.361 
-65.813618375 47.394911899 119.107 
-65.814310817 47.395026891 110.160 
-65.814948042 47.394935710 119.244 
-65.815387509 47.394444999 129.318 
-65.815931730 47.394133563 135.231 
-65.816587982 47.393971890 136.498 
-65.817288816 47.393888610 143.002 
-65.816929020 47.393428752 146.048 
-65.816701747 47.393199611 148.450 
-65.816120325 47.393023304 145.463 
-65.815813588 47.392585750 143.617 
-65.815547168 47.392143190 145.106 
-65.815568992 47.391620064 152.071 
-65.815358877 47.391182942 155.683 
-65.814986083 47.390735161 154.783 
-65.814632365 47.390309552 155.827 
-65.814296904 47.389885929 158.256 
-65.813924609 47.389423472 145.230 
-65.813404504 47.388888648 183.896 
-65.813319229 47.388477510 146.527 
-65.812848736 47.388086658 149.093 
-65.812546831 47.387676221 151.865 
-65.812304233 47.387248433 142.429 
-65.811743717 47.386529404 140.719 
-65.811447385 47.386192116 141.399 
-65.811171438 47.385862117 145.039 sw corner
-65.810678515 47.385973402 143.157 
-65.809809564 47.386122126 137.872 
-65.809005840 47.386320411 137.953 
-65.808110655 47.386454794 139.386 
-65.807182825 47.386612764 137.284 
-65.806185540 47.386908960 138.267 
