

/> 
read_ramp 04161112
<CR>Time:2020/04/16 14:14Ramp data first polarity: 
745 746 745 745 745 745 745 746 745 744 746 745 746 746 745 745 746 746 744 746 746 745 746 745 745 746 745 745 745 745 745 746 745 745 746 745 746 745 745 746 745 745 745 746 745 745 745 745 746 745 745 745 745 745 745 746 745 745 745 745 745 745 745 745 746 745 741 739 741 738 735 733 733 731 730 727 727 725 724 723 721 720 718 717 715 714 713 711 710 708 707 706 704 703 701 701 699 698 696 695 693 692 690 689 687 686 685 684 682 681 679 678 677 674 674 671 672 669 668 667 666 665 663 661 660 659 658 656 655 653 653 651 649 648 647 645 644 643 641 640 639 637 637 635 633 632 630 629 629 627 626 625 623 621 621 618 618 616 615 614 612 612 610 610 608 606 606 603 602 601 599 599 598 596 594 594 592 591 589 588 588 586 585 584 582 581 580 578 577 577 574 573 573 571 570 568 567 566 565 563 562 561 559 558 557 555 554 554 552 551 550 549 547 548 545 544 543 541 540 540 538 536 536 534 532 532 530 529 528 527 526 525 523 522 522 519 519 519 516 515 514 513 511 511 510 508 508 506 506 506 5[Warning: Maximal number of bytes per line exceeded! Check the EOL (end-of-line) settings or increase the limit in the advanced terminal settings.]
read 0416
<CR>Time:2020/04/16 14:14
Hours Minutes Seconds  Nb_Samples    Aver. Current 
7 56 36 224 13103 
7 56 51 219 14757 
7 58 17 224 15124 
7 58 32 224 15124 
7 58 47 224 15124 
7 59 2 224 15124 
7 59 17 224 15124 
7 59 32 224 15124 
7 59 47 224 15124 
8 0 2 224 15124 
8 0 17 224 15124 
8 0 32 224 15124 
8 0 47 224 15124 
8 1 2 223 15124 
8 1 17 224 15124 
8 1 32 224 15124 
8 1 47 224 15124 
8 2 2 224 15124 
8 2 17 224 15124 
8 2 32 224 15063 
8 2 47 224 15063 
8 3 2 224 15063 
8 3 17 224 15063 
8 3 32 224 15063 
8 3 47 224 15063 
8 4 2 224 15063 
8 4 17 224 15063 
8 4 32 224 15063 
8 4 47 224 15063 
8 5 2 224 15063 
8 5 17 224 15063 
8 5 32 224 15063 
8 5 47 224 15063 
8 6 2 224 15063 
8 6 17 224 15063 
8 6 32 224 15063 
8 6 47 224 15063 
8 7 2 224 15063 
8 7 17 224 15063 
8 7 32 224 15063 
8 7 47 224 15063 
8 8 2 224 15063 
8 8 17 224 15063 
8 8 32 224 15063 
8 8 47 224 15063 
8 9 2 224 15063 
8 9 17 224 15063 
8 9 32 224 15063 
8 9 47 224 15063 
8 10 2 224 15063 
8 10 17 224 15063 
8 10 32 224 15063 
8 10 47 224 15063 
8 11 2 224 15063 
8 11 54 224 15063 
8 12 9 224 15063 
8 12 24 224 15063 
8 12 39 224 15063 
8 12 54 224 15063 
8 13 9 224 15063 
8 13 24 224 15063 
8 13 39 224 15063 
8 13 54 224 15063 
8 14 9 224 15063 
8 14 24 224 15063 
8 14 39 224 15063 
8 14 54 224 15063 
8 15 9 224 15063 
8 15 24 224 15063 
8 15 39 224 15063 
8 15 54 224 15063 
8 16 9 224 15063 
8 16 24 224 15063 
8 16 39 224 15063 
8 16 54 224 15063 
8 17 9 224 15063 
8 17 24 224 15063 
8 17 39 224 15063 
8 17 54 224 15063 
8 18 9 224 15063 
8 18 24 224 15063 
8 18 39 224 15063 
8 18 54 224 15002 
8 19 9 224 15063 
8 19 24 224 15063 
8 19 39 224 15063 
8 19 54 224 15002 
8 20 9 224 15002 
8 20 24 224 15002 
8 20 39 224 15002 
8 20 54 224 15002 
8 21 9 224 15002 
8 21 24 224 15002 
8 21 39 224 15002 
8 21 54 224 15002 
8 22 9 224 15002 
8 22 24 224 15002 
8 22 39 224 15002 
8 22 54 224 15002 
8 23 9 224 15002 
8 23 24 224 15002 
8 23 39 223 15002 
8 23 54 224 15002 
8 24 9 224 15002 
8 24 24 224 15002 
8 24 39 224 15002 
8 24 54 224 15002 
8 25 9 224 15002 
8 25 24 224 15002 
8 25 39 224 15002 
8 25 54 224 15002 
8 26 9 224 15002 
8 26 46 224 15002 
8 27 1 224 15002 
8 27 16 224 15002 
8 27 31 224 15002 
8 27 46 224 15002 
8 28 1 224 15002 
8 28 16 224 15002 
8 28 31 224 15002 
8 28 46 224 15002 
8 29 1 224 15002 
8 29 16 224 15002 
8 29 31 224 15002 
8 29 46 224 15002 
8 30 1 224 15002 
8 30 16 224 15002 
8 30 31 224 15002 
8 30 46 224 15002 
8 31 1 224 15002 
8 31 16 224 15002 
8 31 31 224 15002 
8 31 46 224 15002 
8 32 1 224 15002 
8 32 16 224 15002 
8 32 31 224 15002 
8 32 46 224 15002 
8 33 1 224 15002 
8 33 16 224 15002 
8 33 31 224 15002 
8 33 46 224 15002 
8 34 1 224 15002 
8 34 16 224 15002 
8 34 31 224 15002 
8 34 46 224 15002 
8 35 1 224 15002 
8 35 16 224 15002 
8 35 31 224 15002 
8 35 46 224 15002 
8 36 1 224 15002 
8 36 16 224 15002 
8 36 31 224 15002 
8 36 46 224 15002 
8 37 1 224 15002 
8 37 16 224 15002 
8 37 31 224 15002 
8 37 46 224 15002 
8 38 1 224 15002 
8 38 16 224 15002 
8 38 31 224 15002 
8 38 46 224 15002 
8 39 1 224 15002 
8 39 16 224 15002 
8 39 31 224 15002 
8 39 46 224 15002 
8 40 1 224 15002 
8 40 16 224 15002 
8 40 31 224 15002 
8 40 46 224 15002 
8 41 1 224 15002 
8 41 16 224 15002 
8 42 8 224 15002 
8 42 23 224 15002 
8 42 38 224 15002 
8 42 53 224 15002 
8 43 8 223 15002 
8 43 23 224 15002 
8 43 38 224 15002 
8 43 53 224 15002 
8 44 8 224 15002 
8 44 23 224 15002 
8 44 38 224 15002 
8 44 53 224 15002 
8 45 8 224 15002 
8 45 23 224 15002 
8 45 38 224 15002 
8 45 53 224 14940 
8 46 8 224 15002 
8 46 23 224 15002 
8 46 38 224 15002 
8 46 53 224 15002 
8 47 8 224 15002 
8 47 23 224 15002 
8 47 38 224 14940 
8 47 53 224 15002 
8 48 8 224 14940 
8 48 23 224 14940 
8 48 38 224 15002 
8 48 53 224 15002 
8 49 8 224 14940 
8 49 23 224 14940 
8 49 38 224 14940 
8 49 53 224 14940 
8 50 8 224 14940 
8 50 23 224 14940 
8 50 38 224 14940 
8 50 53 224 14940 
8 51 8 224 14940 
8 51 23 224 14940 
8 51 38 224 14940 
8 51 53 224 14940 
8 52 8 224 14940 
8 52 23 224 14940 
8 52 38 224 14940 
8 52 53 224 14940 
8 53 8 224 14940 
8 53 23 224 14940 
8 53 38 224 14940 
8 53 53 224 14940 
8 54 8 224 14940 
8 54 23 224 14940 
8 54 38 224 14940 
8 54 53 224 14940 
8 55 8 224 14940 
8 55 23 224 14940 
8 55 38 224 14940 
8 55 53 224 14940 
8 56 8 224 14940 
8 56 23 224 14940 
8 57 0 224 14940 
8 57 15 224 14940 
8 57 30 224 14940 
8 57 45 223 14940 
8 58 0 224 14940 
8 58 15 224 14940 
8 58 30 224 14940 
8 58 45 224 14940 
8 59 0 224 14940 
8 59 15 224 14940 
8 59 30 224 14940 
8 59 45 224 14940 
9 0 0 224 14940 
9 0 15 224 14940 
9 0 30 224 14940 
9 0 45 224 14940 
9 1 0 224 14940 
9 1 15 224 14940 
9 1 30 224 14940 
9 1 45 224 14940 
9 2 0 224 14940 
9 2 15 224 14940 
9 2 30 224 14940 
9 2 45 224 14940 
9 3 0 224 14940 
9 3 15 224 14940 
9 3 30 224 14940 
9 3 45 224 14940 
9 4 0 224 14940 
9 4 15 224 14940 
9 4 30 224 14940 
9 4 45 224 14940 
9 5 0 224 15002 
9 5 15 224 14940 
9 5 30 224 14940 
9 5 45 224 14940 
9 6 0 224 14940 
9 6 15 224 14940 
9 6 30 224 14940 
9 6 45 224 14940 
9 7 0 224 14940 
9 7 15 224 14940 
9 7 30 224 14940 
9 7 45 224 14940 
9 8 0 224 14940 
9 8 15 224 14940 
9 8 30 224 14940 
9 8 45 224 14940 
9 9 0 224 14940 
9 9 15 224 14940 
9 9 30 224 14940 
9 9 45 224 14940 
9 10 0 224 14940 
9 10 15 224 14940 
9 10 30 224 14940 
9 10 45 224 14940 
9 11 0 224 14940 
9 11 15 224 14940 
9 11 30 224 14940 
9 12 22 224 14940 
9 12 37 224 14940 
9 12 52 224 14940 
9 13 7 224 14940 
9 13 22 224 14940 
9 13 37 224 14879 
9 13 52 224 14940 
9 14 7 224 14940 
9 14 22 224 14879 
9 14 37 224 14940 
9 14 52 224 14940 
9 15 7 224 14879 
9 15 22 224 14879 
9 15 37 224 14879 
9 15 52 224 14879 
9 16 7 224 14879 
9 16 22 224 14879 
9 16 37 224 14879 
9 16 52 224 14879 
9 17 7 224 14879 
9 17 22 224 14879 
9 17 37 224 14879 
9 17 52 224 14879 
9 18 7 224 14879 
9 18 22 224 14879 
9 18 37 224 14879 
9 18 52 224 14879 
9 19 7 224 14879 
9 19 22 224 14879 
9 19 37 224 14879 
9 19 52 224 14879 
9 20 7 224 14879 
9 20 22 223 14879 
9 20 37 224 14879 
9 20 52 224 14879 
9 21 7 224 14879 
9 21 22 224 14879 
9 21 37 224 14879 
9 21 52 224 14879 
9 22 7 224 14879 
9 22 22 224 14879 
9 22 37 224 14879 
9 22 52 224 14879 
9 23 7 224 14879 
9 23 22 224 14879 
9 23 37 224 14879 
9 23 52 224 14879 
9 24 7 224 14879 
9 24 22 224 14879 
9 24 37 224 14879 
9 24 53 224 14879 
9 25 8 224 14879 
9 25 23 224 14879 
9 25 38 224 14879 
9 25 53 224 14879 
9 26 8 224 14879 
9 26 23 224 14879 
9 26 38 224 14879 
9 27 15 224 14879 
9 27 30 224 14879 
9 27 45 224 14879 
9 28 0 224 14879 
9 28 15 224 14879 
9 28 30 224 14879 
9 28 45 224 14879 
9 29 0 224 14879 
9 29 15 224 14879 
9 29 30 224 14879 
9 29 45 224 14879 
9 30 0 224 14879 
9 30 15 224 14879 
9 30 30 224 14879 
9 30 45 224 14879 
9 31 0 224 14879 
9 31 15 224 14879 
9 31 30 224 14879 
9 31 45 224 14879 
9 32 0 224 14879 
9 32 15 224 14879 
9 32 30 224 14879 
9 32 45 224 14879 
9 33 0 224 14879 
9 33 15 224 14879 
9 33 30 224 14879 
9 33 45 224 14879 
9 34 0 224 14879 
9 34 15 224 14879 
9 34 30 224 14879 
9 34 45 224 14879 
9 35 0 224 14879 
9 35 15 224 14879 
9 35 30 224 14879 
9 35 45 224 14879 
9 36 0 224 14879 
9 36 15 224 14879 
9 36 30 224 14879 
9 36 45 224 14879 
9 37 0 224 14879 
9 37 15 224 14879 
9 37 30 224 14879 
9 37 45 224 14879 
9 38 0 224 14879 
9 38 15 224 14879 
9 38 30 224 14879 
9 38 45 224 14879 
9 39 0 224 14879 
9 39 15 224 14879 
9 39 30 224 14879 
9 39 45 224 14879 
9 40 0 224 14879 
9 40 15 224 14879 
9 40 30 224 14879 
9 40 45 224 14818 
9 41 0 224 14818 
9 41 15 224 14818 
9 41 30 224 14818 
9 41 45 224 14818 
9 42 37 224 14818 
9 42 52 224 14818 
9 43 7 224 14818 
9 43 22 224 14818 
9 43 37 224 14818 
9 43 52 224 14818 
9 44 7 224 14818 
9 44 22 224 14818 
9 44 37 224 14818 
9 44 52 224 14818 
9 45 7 224 14818 
9 45 22 224 14818 
9 45 37 224 14818 
9 45 52 224 14818 
9 46 7 224 14818 
9 46 22 224 14818 
9 46 37 224 14818 
9 46 52 224 14818 
9 47 7 224 14818 
9 47 22 224 14818 
9 47 37 224 14818 
9 47 52 224 14818 
9 48 7 224 14818 
9 48 22 224 14818 
9 48 37 224 14818 
9 48 52 224 14818 
9 49 7 224 14818 
9 49 22 224 14818 
9 49 37 224 14818 
9 49 52 224 14818 
9 50 7 224 14818 
9 50 22 224 14818 
9 50 37 224 14818 
9 50 52 224 14818 
9 51 7 224 14818 
9 51 22 224 14818 
9 51 37 224 14818 
9 51 52 224 14818 
9 52 7 224 14818 
9 52 22 224 14818 
9 52 37 224 14818 
9 52 52 224 14818 
9 53 7 224 14818 
9 53 22 224 14818 
9 53 37 224 14818 
9 53 52 224 14818 
9 54 7 224 14818 
9 54 22 224 14818 
9 54 37 224 14818 
9 54 52 224 14818 
9 55 7 224 14818 
9 55 22 224 14818 
9 55 37 224 14818 
9 55 52 224 14818 
9 56 7 224 14818 
9 56 22 224 14818 
9 56 37 224 14818 
9 56 52 224 14818 
9 57 44 224 14818 
9 57 59 224 14818 
9 58 14 224 14818 
9 58 29 224 14818 
9 58 44 224 14818 
9 58 59 224 14818 
9 59 14 224 14818 
9 59 29 224 14818 
9 59 44 224 14818 
9 59 59 224 14818 
10 0 14 224 14818 
10 0 29 224 14818 
10 0 44 224 14818 
10 0 59 224 14818 
10 1 14 224 14818 
10 1 29 224 14818 
10 1 44 224 14818 
10 1 59 224 14818 
10 2 14 224 14818 
10 2 29 224 14818 
10 2 44 224 14818 
10 2 59 224 14818 
10 3 14 224 14818 
10 3 29 224 14818 
10 3 44 224 14818 
10 3 59 224 14818 
10 4 14 224 14818 
10 4 29 224 14818 
10 4 44 224 14818 
10 4 59 224 14757 
10 5 14 224 14757 
10 5 29 224 14757 
10 5 44 224 14757 
10 5 59 224 14757 
10 6 14 224 14757 
10 6 29 224 14757 
10 6 44 224 14757 
10 6 59 224 14757 
10 7 14 224 14757 
10 7 29 224 14757 
10 7 44 224 14818 
10 7 59 224 14818 
10 8 14 224 14818 
10 8 29 224 14757 
10 8 44 224 14818 
10 8 59 224 14818 
10 9 14 224 14818 
10 9 29 224 14818 
10 9 44 224 14818 
10 9 59 224 14818 
10 10 14 224 14818 
10 10 29 224 14818 
10 10 44 224 14818 
10 10 59 224 14818 
10 11 14 224 14818 
10 11 29 224 14757 
10 11 44 224 14757 
10 11 59 224 14757 
10 12 51 224 14757 
10 13 6 224 14757 
10 13 21 224 14757 
10 13 36 224 14757 
10 13 51 224 14757 
10 14 6 224 14757 
10 14 21 224 14757 
10 14 36 224 14757 
10 14 51 224 14757 
10 15 6 224 14757 
10 15 21 224 14757 
10 15 36 224 14757 
10 15 51 224 14757 
10 16 6 224 14757 
10 16 21 224 14757 
10 16 36 224 14757 
10 16 51 224 14757 
10 17 6 224 14757 
10 17 21 224 14757 
10 17 36 224 14757 
10 17 51 224 14757 
10 18 6 224 14757 
10 18 21 224 14757 
10 18 36 224 14757 
10 18 51 224 14757 
10 19 6 224 14757 
10 19 21 223 14757 
10 19 36 224 14757 
10 19 51 224 14757 
10 20 6 224 14757 
10 20 21 224 14757 
10 20 36 224 14757 
10 20 51 224 14757 
10 21 6 224 14757 
10 21 21 224 14757 
10 21 36 224 14757 
10 21 51 224 14757 
10 22 6 224 14757 
10 22 21 224 14757 
10 22 36 224 14757 
10 22 51 224 14757 
10 23 6 224 14757 
10 23 21 224 14757 
10 23 36 224 14757 
10 23 51 224 14757 
10 24 6 224 14757 
10 24 21 224 14757 
10 24 36 224 14757 
10 24 51 224 14757 
10 25 6 224 14757 
10 25 21 224 14757 
10 25 36 224 14757 
10 25 51 224 14757 
10 26 6 224 14757 
10 26 21 224 14757 
10 26 36 224 14757 
10 26 51 224 14757 
10 27 6 224 14757 
10 27 43 224 14757 
10 27 58 224 14757 
10 28 13 224 14757 
10 28 28 224 14757 
10 28 43 224 14757 
10 28 58 224 14757 
10 29 13 224 14757 
10 29 28 224 14757 
10 29 43 224 14757 
10 29 58 224 14757 
10 30 13 224 14757 
10 30 28 224 14757 
10 30 43 224 14757 
10 30 58 224 14695 
10 31 13 224 14757 
10 31 28 224 14695 
10 31 43 224 14757 
10 31 58 224 14695 
10 32 13 224 14695 
10 32 28 224 14695 
10 32 43 224 14695 
10 32 58 224 14695 
10 33 13 224 14695 
10 33 28 224 14695 
10 33 43 224 14695 
10 33 58 224 14695 
10 34 13 224 14695 
10 34 28 224 14695 
10 34 43 224 14695 
10 34 58 224 14695 
10 35 13 224 14695 
10 35 28 224 14695 
10 35 43 224 14695 
10 35 58 224 14695 
10 36 13 224 14695 
10 36 28 224 14695 
10 36 43 224 14695 
10 36 58 224 14695 
10 37 13 224 14695 
10 37 28 224 14695 
10 37 43 224 14695 
10 37 58 224 14695 
10 38 13 224 14695 
10 38 28 224 14695 
10 38 43 224 14695 
10 38 58 224 14695 
10 39 13 224 14695 
10 39 28 224 14695 
10 39 43 224 14695 
10 39 58 224 14695 
10 40 13 224 14695 
10 40 28 224 14695 
10 40 43 224 14695 
10 40 58 224 14695 
10 41 13 224 14695 
10 41 28 224 14695 
10 41 43 223 14695 
10 41 58 224 14695 
10 42 13 224 14695 
10 43 5 224 14695 
10 43 20 224 14695 
10 43 35 224 14695 
10 43 50 224 14695 
10 44 5 224 14695 
10 44 20 224 14695 
10 44 35 224 14695 
10 44 50 224 14695 
10 45 5 224 14695 
10 45 20 224 14695 
10 45 35 224 14695 
10 45 50 224 14695 
10 46 5 224 14695 
10 46 20 224 14695 
10 46 35 224 14695 
10 46 50 224 14695 
10 47 5 224 14695 
10 47 20 224 14695 
10 47 35 224 14695 
10 47 50 224 14695 
10 48 5 224 14695 
10 48 20 224 14695 
10 48 35 223 14695 
10 48 50 224 14695 
10 49 5 224 14695 
10 49 20 224 14695 
10 49 35 224 14695 
10 49 50 224 14695 
10 50 5 224 14695 
10 50 20 224 14695 
10 50 35 224 14695 
10 50 50 224 14695 
10 51 5 224 14695 
10 51 20 224 14695 
10 51 35 224 14695 
10 51 50 224 14695 
10 52 5 224 14695 
10 52 20 224 14695 
10 52 35 224 14695 
10 52 50 224 14695 
10 53 5 224 14695 
10 53 20 224 14695 
10 53 35 224 14695 
10 53 50 224 14695 
10 54 5 224 14695 
10 54 20 224 14695 
10 54 35 224 14695 
10 54 50 224 14695 
10 55 5 224 14695 
10 55 20 224 14695 
10 55 35 224 14695 
10 55 50 224 14695 
10 56 5 224 14695 
10 56 20 224 14695 
10 56 35 224 14695 
10 56 50 224 14695 
10 57 5 224 14695 
10 57 20 224 14695 
10 58 12 224 14695 
10 58 27 224 14695 
10 58 42 224 14695 
10 58 57 224 14695 
10 59 12 224 14695 
10 59 27 224 14695 
10 59 42 224 14695 
10 59 57 224 14695 
11 0 12 224 14695 
11 0 27 224 14695 
11 0 42 224 14695 
11 0 57 224 14695 
11 1 12 224 14695 
11 1 27 224 14695 
11 1 42 224 14695 
11 1 57 224 14695 
11 2 12 224 14634 
11 2 27 224 14634 
11 2 42 224 14634 
11 2 57 224 14695 
11 3 12 224 14634 
11 3 27 224 14634 
11 3 42 224 14634 
11 3 57 224 14634 
11 4 12 224 14634 
11 4 27 224 14634 
11 4 42 224 14634 
11 4 57 224 14634 
11 5 12 224 14634 
11 5 27 224 14634 
11 5 42 224 14634 
11 5 57 224 14634 
11 6 12 224 14634 
11 6 27 224 14634 
11 6 42 224 14634 
11 6 57 224 14634 
11 7 12 224 14634 
11 7 27 224 14634 
11 7 42 224 14634 
11 7 57 224 14634 
11 8 12 224 14634 
11 8 27 224 14634 
11 8 42 224 14634 
11 8 57 224 14634 
11 9 12 224 14634 
11 9 27 224 14634 
11 9 42 224 14634 
11 9 57 224 14634 
11 10 12 224 14634 
11 10 27 224 14634 
11 10 42 224 14634 
11 10 57 224 14634 
11 11 12 223 14634 
11 11 27 224 14634 
11 11 42 224 14634 
11 11 57 224 14634 
11 12 12 224 14634 
11 12 27 224 14634 
11 13 19 224 14634 
11 13 34 224 14634 
11 13 49 224 14634 
11 14 4 224 14634 
11 14 19 224 14634 
11 14 34 224 14634 
11 14 49 224 14634 
11 15 4 224 14634 
11 15 19 224 14634 
11 15 34 224 14634 
11 15 49 224 14634 
11 16 4 224 14634 
11 16 19 224 14634 
11 16 34 224 14634 
11 16 49 224 14634 
11 17 4 224 14634 
11 17 19 224 14634 
11 17 34 224 14634 
11 17 49 224 14634 
11 18 4 224 14634 
11 18 19 224 14634 
11 18 34 224 14634 
11 18 49 224 14634 
11 19 4 224 14634 
11 19 19 224 14634 
11 19 34 224 14634 
11 19 49 224 14634 
11 20 4 224 14634 
11 20 19 224 14634 
11 20 34 224 14634 
11 20 49 224 14634 
11 21 4 224 14634 
11 21 19 224 14634 
11 21 34 224 14634 
11 21 50 224 14634 
11 22 5 224 14634 
11 22 20 224 14634 
11 22 35 224 14634 
11 22 50 224 14634 
11 23 5 224 14634 
11 23 20 224 14634 
11 23 35 224 14634 
11 23 50 224 14634 
11 24 5 224 14634 
11 24 20 224 14634 
11 24 35 224 14634 
11 24 50 224 14634 
11 25 5 224 14634 
11 25 20 224 14634 
11 25 35 224 14634 
11 25 50 224 14634 
11 26 5 223 14634 
11 26 20 224 14634 
11 26 35 224 14634 
11 26 50 224 14634 
11 27 5 224 14634 
11 27 20 224 14634 
11 27 35 224 14634 
11 28 12 224 14634 
11 28 27 224 14634 
11 28 42 224 14634 
11 28 57 224 14634 
11 29 12 224 14634 
11 29 27 224 14634 
11 29 42 224 14634 
11 29 57 224 14634 
11 30 12 224 14634 
11 30 27 224 14634 
11 30 42 224 14634 
11 30 57 224 14634 
11 31 12 224 14634 
11 31 27 224 14634 
11 31 42 224 14634 
11 31 57 224 14634 
11 32 12 224 14634 
11 32 27 224 14634 
11 32 42 223 14634 
11 32 57 224 14634 
11 33 12 224 14634 
11 33 27 224 14634 
11 33 42 224 14634 
11 33 57 224 14634 
11 34 12 224 14634 
11 34 27 224 14634 
11 34 42 224 14634 
11 34 57 224 14634 
11 35 12 224 14634 
11 35 27 224 14634 
11 35 42 224 14634 
11 35 57 224 14634 
11 36 12 224 14634 
11 36 27 224 14634 
11 36 42 224 14634 
11 36 57 224 14634 
11 37 12 224 14634 
11 37 27 224 14634 
11 37 42 224 14634 
11 37 57 224 14634 
11 38 12 224 14634 
11 38 27 224 14634 
11 38 42 224 14634 
11 38 57 224 14634 
11 39 12 224 14634 
11 39 27 224 14634 
11 39 42 224 14634 
11 39 57 224 14634 
11 40 12 224 14634 
11 40 27 224 14634 
11 40 42 224 14634 
11 40 57 224 14634 
11 41 12 224 14634 
11 41 27 224 14634 
11 41 42 224 14634 
11 41 57 224 14634 
11 42 12 224 14634 
11 42 27 224 14634 
11 42 42 224 14634 
11 43 34 224 14634 
11 43 49 224 14634 
11 44 4 224 14634 
11 44 19 224 14634 
11 44 34 224 14634 
11 44 49 224 14634 
11 45 4 224 14634 
11 45 19 224 14634 
11 45 34 224 14634 
11 45 49 224 14634 
11 46 4 224 14634 
11 46 19 224 14634 
11 46 34 224 14634 
11 46 49 224 14634 
11 47 4 224 14634 
11 47 19 224 14634 
11 47 34 224 14634 
11 47 49 224 14634 
11 48 4 224 14634 
11 48 19 224 14634 
11 48 34 224 14634 
11 48 49 224 14634 
11 49 4 224 14634 
11 49 19 224 14634 
11 49 34 224 14634 
11 49 49 224 14634 
11 50 4 224 14634 
11 50 19 224 14634 
11 50 34 224 14634 
11 50 49 224 14634 
11 51 4 224 14634 
11 51 19 224 14634 
11 51 34 224 14634 
11 51 49 224 14634 
11 52 4 224 14634 
11 52 19 224 14573 
11 52 34 224 14634 
11 52 49 224 14634 
11 53 4 224 14634 
11 53 19 224 14634 
11 53 34 224 14634 
11 53 49 224 14634 
11 54 4 224 14634 
11 54 19 224 14634 
11 54 34 224 14634 
11 54 49 224 14634 
11 55 4 224 14634 
11 55 19 223 14634 
11 55 34 224 14634 
11 55 49 224 14634 
11 56 4 224 14573 
11 56 19 224 14573 
11 56 34 224 14573 
11 56 49 224 14573 
11 57 4 224 14573 
11 57 19 224 14573 
11 57 34 224 14573 
11 57 49 224 14573 
11 58 26 224 14634 
11 58 41 224 14634 
11 58 56 224 14634 
11 59 11 224 14634 
11 59 26 224 14634 
11 59 41 224 14634 
11 59 56 224 14634 
12 0 11 224 14634 
12 0 26 224 14634 
12 0 41 224 14634 
12 0 56 224 14634 
12 1 11 224 14634 
12 1 26 224 14634 
12 1 41 224 14634 
12 1 56 224 14634 
12 2 11 224 14634 
12 2 26 224 14634 
12 2 41 224 14573 
12 2 56 224 14634 
12 3 11 224 14634 
12 3 26 224 14634 
12 3 41 224 14634 
12 3 56 224 14634 
12 4 11 224 14634 
12 4 26 224 14634 
12 4 41 224 14573 
12 4 56 224 14573 
12 5 11 224 14573 
12 5 26 224 14573 
12 5 41 224 14573 
12 5 56 224 14573 
12 6 11 224 14573 
12 6 26 224 14573 
12 6 41 224 14573 
12 6 56 224 14573 
12 7 11 224 14573 
12 7 26 224 14573 
12 7 41 224 14573 
12 7 56 224 14573 
12 8 11 224 14573 
12 8 26 224 14573 
12 8 41 224 14573 
12 8 56 224 14573 
12 9 11 224 14573 
12 9 26 224 14573 
12 9 41 224 14573 
12 9 56 223 14573 
12 10 11 224 14573 
12 10 26 224 14573 
12 10 41 224 14573 
12 10 56 224 14573 
12 11 11 224 14573 
12 11 26 224 14573 
12 11 41 224 14573 
12 11 56 224 14573 
12 12 11 224 14573 
12 12 26 224 14573 
12 12 41 224 14573 
12 12 56 224 14573 
12 13 48 224 14573 
12 14 3 224 14573 
12 14 18 224 14573 
12 14 33 224 14573 
12 14 48 224 14573 
12 15 3 224 14573 
12 15 18 224 14573 
12 15 33 224 14573 
12 15 48 224 14573 
12 16 3 224 14573 
12 16 18 224 14573 
12 16 33 224 14573 
12 16 48 223 14573 
12 17 3 224 14573 
12 17 18 224 14573 
12 17 33 224 14573 
12 17 48 224 14573 
12 18 3 224 14573 
12 18 18 224 14573 
12 18 33 224 14573 
12 18 48 224 14573 
12 19 3 224 14573 
12 19 18 224 14573 
12 19 33 224 14573 
12 19 48 224 14573 
12 20 3 224 14573 
12 20 18 224 14573 
12 20 33 224 14573 
12 20 48 224 14573 
12 21 3 224 14573 
12 21 18 224 14573 
12 21 33 224 14573 
12 21 48 224 14573 
12 22 3 224 14573 
12 22 18 224 14573 
12 22 33 224 14573 
12 22 48 224 14573 
12 23 3 224 14573 
12 23 18 224 14573 
12 23 33 224 14573 
12 23 48 224 14573 
12 24 3 224 14573 
12 24 18 224 14573 
12 24 33 224 14573 
12 24 48 224 14573 
12 25 3 224 14573 
12 25 18 224 14573 
12 25 33 224 14573 
12 25 48 224 14573 
12 26 3 224 14573 
12 26 18 224 14573 
12 26 33 224 14573 
12 26 48 224 14573 
12 27 3 224 14573 
12 27 18 224 14573 
12 27 33 224 14573 
12 27 48 224 14573 
12 28 3 224 14573 
12 28 40 224 14573 
12 28 55 224 14573 
12 29 10 224 14573 
12 29 25 224 14573 
12 29 40 224 14573 
12 29 55 224 14573 
12 30 10 224 14573 
12 30 25 224 14573 
12 30 40 224 14573 
12 30 55 224 14573 
12 31 10 224 14573 
12 31 25 224 14573 
12 31 40 224 14573 
12 31 55 224 14573 
12 32 10 224 14573 
12 32 25 224 14573 
12 32 40 224 14573 
12 32 55 224 14573 
12 33 10 224 14573 
12 33 25 224 14573 
12 33 40 224 14573 
12 33 55 224 14573 
12 34 10 224 14573 
12 34 25 224 14573 
12 34 40 224 14573 
12 34 55 224 14573 
12 35 10 224 14573 
12 35 25 224 14573 
12 35 40 224 14573 
12 35 55 224 14573 
12 36 10 224 14573 
12 36 25 224 14573 
12 36 40 224 14573 
12 36 55 224 14573 
12 37 10 224 14573 
12 37 25 224 14573 
12 37 40 224 14573 
12 37 55 224 14573 
12 38 10 224 14573 
12 38 25 224 14573 
12 38 40 224 14573 
12 38 55 224 14573 
12 39 10 223 14573 
12 39 25 224 14573 
12 39 40 224 14573 
12 39 55 224 14573 
12 40 10 224 14573 
12 40 25 224 14573 
12 40 40 224 14573 
12 40 55 224 14573 
12 41 10 224 14573 
12 41 25 224 14573 
12 41 40 224 14573 
12 41 55 224 14573 
12 42 10 224 14573 
12 42 25 224 14573 
12 42 40 224 14573 
12 42 55 224 14573 
12 43 10 224 14573 
12 44 2 224 14573 
12 44 17 224 14573 
12 44 32 224 14573 
12 44 47 224 14573 
12 45 2 224 14573 
12 45 17 224 14573 
12 45 32 224 14573 
12 45 47 224 14573 
12 46 2 224 14573 
12 46 17 224 14573 
12 46 32 224 14573 
12 46 47 224 14573 
12 47 2 224 14573 
12 47 17 224 14573 
12 47 32 224 14573 
12 47 47 224 14573 
12 48 2 224 14573 
12 48 17 224 14573 
12 48 32 224 14573 
12 48 47 224 14573 
12 49 2 224 14573 
12 49 17 224 14573 
12 49 32 224 14573 
12 49 47 224 14573 
12 50 2 224 14573 
12 50 17 224 14573 
12 50 32 224 14573 
12 50 47 224 14573 
12 51 2 224 14573 
12 51 17 224 14573 
12 51 32 224 14573 
12 51 47 224 14573 
12 52 2 224 14573 
12 52 17 224 14573 
12 52 32 224 14573 
12 52 47 224 14573 
12 53 2 224 14573 
12 53 17 224 14573 
12 53 32 224 14573 
12 53 47 224 14573 
12 54 2 223 14573 
12 54 17 224 14573 
12 54 32 224 14573 
12 54 47 224 14573 
12 55 2 224 14573 
12 55 17 224 14573 
12 55 32 224 14573 
12 55 47 224 14573 
12 56 2 224 14573 
12 56 17 224 14573 
12 56 32 224 14573 
12 56 47 224 14573 
12 57 2 224 14573 
12 57 17 224 14573 
12 57 32 224 14573 
12 57 47 224 14573 
12 58 2 224 14573 
12 58 17 224 14573 
12 58 54 224 14573 
12 59 9 224 14573 
12 59 24 224 14573 
12 59 39 224 14573 
12 59 54 224 14573 
13 0 9 224 14573 
13 0 24 224 14573 
13 0 39 224 14573 
13 0 54 224 14573 
13 1 9 224 14573 
13 1 24 224 14573 
13 1 39 224 14573 
13 1 54 224 14573 
13 2 9 224 14573 
13 2 24 224 14573 
13 2 39 224 14573 
13 2 54 224 14573 
13 3 9 224 14573 
13 3 24 224 14573 
13 3 39 224 14573 
13 3 54 224 14573 
13 4 9 224 14573 
13 4 24 224 14573 
13 4 39 224 14573 
13 4 54 224 14573 
13 5 9 224 14573 
13 5 24 224 14573 
13 5 39 224 14573 
13 5 54 224 14573 
13 6 9 224 14573 
13 6 24 224 14573 
13 6 39 224 14573 
13 6 54 224 14573 
13 7 9 224 14573 
13 7 24 224 14573 
13 7 39 224 14573 
13 7 54 224 14573 
13 8 9 224 14573 
13 8 24 224 14573 
13 8 39 223 14573 
13 8 54 224 14573 
13 9 9 224 14573 
13 9 24 224 14573 
13 9 39 224 14573 
13 9 54 224 14573 
13 10 9 224 14573 
13 10 24 224 14573 
13 10 39 224 14573 
13 10 54 224 14573 
13 11 9 224 14573 
13 11 24 224 14573 
13 11 39 224 14573 
13 11 54 224 14573 
13 12 9 224 14573 
13 12 24 224 14573 
13 12 39 224 14573 
13 12 54 224 14573 
13 13 9 224 14573 
13 13 24 224 14573 
13 14 16 224 14573 
13 14 31 224 14573 
13 14 46 224 14573 
13 15 1 224 14573 
13 15 16 224 14573 
13 15 31 224 14573 
13 15 46 224 14573 
13 16 1 224 14573 
13 16 16 224 14573 
13 16 31 224 14573 
13 16 46 224 14573 
13 17 1 224 14573 
13 17 16 224 14573 
13 17 31 224 14573 
13 17 46 224 14573 
13 18 1 224 14573 
13 18 16 224 14573 
13 18 31 224 14573 
13 18 46 224 14573 
13 19 1 224 14573 
13 19 16 224 14573 
13 19 31 224 14573 
13 19 46 224 14573 
13 20 1 224 14573 
13 20 16 224 14573 
13 20 31 224 14573 
13 20 46 224 14573 
13 21 1 224 14573 
13 21 16 224 14573 
13 21 32 224 14573 
13 21 47 224 14573 
13 22 2 224 14573 
13 22 17 224 14573 
13 22 32 224 14573 
13 22 47 224 14573 
13 23 2 224 14573 
13 23 17 224 14573 
13 23 32 223 14573 
13 23 47 224 14573 
13 24 2 224 14573 
13 24 17 224 14573 
13 24 32 224 14573 
13 24 47 224 14573 
13 25 2 224 14573 
13 25 17 224 14573 
13 25 32 224 14573 
13 25 47 224 14634 
13 26 2 224 14634 
13 26 17 224 14634 
13 26 32 224 14634 
13 26 47 224 14634 
13 27 2 224 14634 
13 27 17 224 14634 
13 27 32 224 14634 
13 27 47 224 14634 
13 28 2 224 14634 
13 28 17 224 14634 
13 28 32 224 14634 
13 29 9 224 14634 
13 29 24 224 14634 
13 29 39 224 14634 
13 29 54 224 14634 
13 30 9 223 14573 
13 30 24 224 14634 
13 30 39 224 14634 
13 30 54 224 14573 
13 31 9 224 14573 
13 31 24 224 14573 
13 31 39 224 14573 
13 31 54 224 14573 
13 32 9 224 14573 
13 32 24 224 14573 
13 32 39 224 14573 
13 32 54 224 14573 
13 33 9 224 14573 
13 33 24 224 14573 
13 33 39 224 14573 
13 33 54 224 14573 
13 34 9 224 14573 
13 34 24 224 14573 
13 34 39 224 14634 
13 34 54 224 14634 
13 35 9 224 14634 
13 35 24 225 14634 
13 35 39 224 14634 
13 35 54 224 14634 
13 36 9 224 14634 
13 36 24 224 14634 
13 36 39 224 14634 
13 36 54 224 14634 
13 37 9 224 14634 
13 37 24 224 14634 
13 37 39 224 14634 
13 37 54 223 14634 
13 38 9 224 14634 
13 38 24 224 14634 
13 38 39 224 14634 
13 38 54 224 14634 
13 39 9 224 14634 
13 39 24 224 14634 
13 39 39 224 14634 
13 39 54 224 14634 
13 40 9 224 14634 
13 40 24 224 14634 
13 40 39 224 14634 
13 40 54 224 14634 
13 41 9 224 14634 
13 41 24 224 14634 
13 41 39 224 14634 
13 41 54 224 14634 
13 42 9 224 14634 
13 42 24 224 14634 
13 42 39 224 14634 
13 42 54 224 14634 
13 43 9 224 14634 
13 43 24 224 14634 
13 43 39 224 14634 
13 44 31 224 14634 
13 44 46 224 14634 
13 45 1 223 14634 
13 45 16 224 14634 
13 45 31 224 14634 
13 45 46 224 14634 
13 46 1 224 14634 
13 46 16 224 14634 
13 46 31 224 14634 
13 46 46 224 14634 
13 47 1 224 14634 
13 47 16 224 14634 
13 47 31 224 14634 
13 47 46 224 14634 
13 48 1 224 14634 
13 48 16 224 14634 
13 48 31 224 14634 
13 48 46 224 14634 
13 49 1 224 14634 
13 49 16 224 14634 
13 49 31 224 14634 
13 49 46 224 14634 
13 50 1 224 14634 
13 50 16 224 14634 
13 50 31 224 14634 
13 50 46 224 14634 
13 51 1 224 14634 
13 51 16 224 14634 
13 51 31 224 14634 
13 51 46 224 14634 
13 52 1 224 14634 
13 52 16 224 14634 
13 52 31 224 14634 
13 52 46 224 14634 
13 53 1 224 14634 
13 53 16 224 14634 
13 53 31 224 14634 
13 53 46 224 14634 
13 54 1 224 14634 
13 54 16 224 14634 
13 54 31 224 14634 
13 54 46 224 14634 
13 55 1 224 14634 
13 55 16 224 14634 
13 55 31 224 14634 
13 55 46 224 14634 
13 56 1 224 14634 
13 56 16 224 14634 
13 56 31 224 14634 
13 56 46 224 14634 
13 57 1 224 14634 
13 57 16 224 14634 
13 57 31 224 14634 
13 57 46 224 14634 
13 58 1 224 14634 
13 58 16 224 14634 
13 58 31 224 14634 
13 58 46 224 14634 
13 59 38 224 14634 
13 59 53 224 14634 
14 0 8 224 14634 
14 0 23 224 14634 
14 0 38 224 14634 
14 0 53 224 14634 
14 1 8 224 14634 
14 1 23 224 14634 
14 1 38 224 14634 
14 1 53 224 14634 
14 2 8 224 14634 
14 2 23 224 14634 
14 2 38 224 14634 
14 2 53 224 14634 
14 3 8 224 14634 
14 3 23 224 14634 
14 3 38 224 14634 
14 3 53 224 14634 
14 4 8 224 14634 
14 4 23 224 14634 
14 4 38 224 14634 
14 4 53 224 14634 
14 5 8 224 14634 
14 5 23 224 14634 
14 5 38 224 14634 
14 5 53 224 14634 
14 6 8 224 14634 
14 6 23 224 14634 
14 6 38 224 14634 
14 6 53 224 14634 
14 7 8 224 14634 
14 7 23 224 14634 
14 7 38 223 14634 
14 7 53 224 14634 
14 8 8 224 14634 
14 8 23 224 14634 
14 8 38 224 14634 
14 8 53 224 14634 
14 9 8 224 14634 
14 9 23 224 14634 
14 9 38 224 14634 
14 9 53 224 14634 
14 10 8 224 14634 
14 10 23 224 14634 
14 10 38 224 14634 
14 10 53 224 14634 
14 11 8 224 14634 
14 11 23 224 14634 
14 11 38 224 14634 
14 11 53 224 14634 
14 12 8 224 14634 
14 12 23 224 14634 
14 12 38 224 14634 
14 12 53 224 14634 
14 13 8 224 14634 
14 13 23 224 14634 
14 13 38 224 14634 
14 13 53 224 14634 
14 14 45 224 14634 
14 15 0 224 14634 
14 15 15 224 14634 
14 15 30 224 14634 
14 15 45 224 14634 
14 16 0 224 14634 
14 16 15 224 14634 
14 16 30 224 14634 
14 16 45 224 14634 
14 17 0 224 14634 
14 17 15 224 14634 
14 17 30 224 14634 
14 17 45 224 14634 
14 18 0 224 14634 
14 18 15 224 14634 
14 18 30 224 14634 
14 18 45 224 14634 
14 19 0 224 14634 
14 19 15 224 14634 
14 19 30 224 14634 
14 19 45 224 14634 
14 20 0 224 14634 
14 20 15 224 14634 
14 20 30 224 14450 

