15 15 14 224 11083 
15 15 29 223 11083 
15 15 44 224 11083 
15 15 59 224 11083 
15 16 14 224 11083 
15 16 29 224 11083 
15 16 44 224 11083 
15 16 59 224 11083 
15 17 14 224 11083 
15 17 29 224 11083 
15 17 44 224 11083 
15 17 59 224 11083 
15 18 14 224 11083 
15 18 29 224 11083 
15 18 44 224 11083 
15 18 59 224 11083 
15 19 14 224 11083 
15 19 29 224 11083 
15 19 44 224 11083 
15 19 59 224 11083 
15 20 14 224 11083 
15 20 29 224 11083 
15 20 44 224 11083 
15 20 59 224 11083 
15 21 14 224 11083 
15 21 29 224 11083 
15 21 44 224 11083 
15 21 59 224 11083 
15 22 14 224 11083 
15 22 29 224 11083 
15 22 44 224 11083 
15 22 59 224 11083 
15 23 14 224 11083 
15 23 29 224 11083 
15 23 44 224 11083 
15 23 59 224 11083 
15 24 14 224 11083 
15 24 29 224 11083 
15 24 44 224 11083 
15 24 59 224 11083 
15 25 36 224 11083 
15 25 51 224 11083 
15 26 6 224 11083 
15 26 21 224 11083 
15 26 36 223 11083 
15 26 51 224 11083 
15 27 6 224 11083 
15 27 21 224 11083 
15 27 36 224 11083 
15 27 51 224 11083 
15 28 6 224 11083 
15 28 21 224 11083 
15 28 36 223 11083 
15 28 51 224 11083 
15 29 6 224 11083 
15 29 21 224 11083 
15 29 36 224 11083 
15 29 51 224 11083 
15 30 6 224 11083 
15 30 21 224 11083 
15 30 36 224 11083 
15 30 51 224 11083 
15 31 6 224 11083 
15 31 21 224 11083 
15 31 36 224 11083 
15 31 51 224 11083 
15 32 6 224 11083 
15 32 21 224 11083 
15 32 36 224 11083 
15 32 51 224 11083 
15 33 6 224 11083 
15 33 21 224 11083 
15 33 36 224 11083 
15 33 51 224 11083 
15 34 6 224 11083 
15 34 21 224 11083 
15 34 36 224 11083 
15 34 51 224 11083 
15 35 6 224 11083 
15 35 21 224 11083 
15 35 36 224 11083 
15 35 51 224 11083 
15 36 6 224 11083 
15 36 21 224 11083 
15 36 36 224 11083 
15 36 51 224 11083 
15 37 6 224 11083 
15 37 21 224 11083 
15 37 36 224 11083 
15 37 51 224 11083 
15 38 6 224 11083 
15 38 21 224 11083 
15 38 36 224 11083 
15 38 51 224 11083 
15 39 6 224 11083 
15 39 21 224 11083 
15 39 36 224 11083 
15 39 51 224 11083 
15 40 6 224 11083 
15 40 43 224 11083 
15 40 58 223 11083 
15 41 13 224 11083 
15 41 28 224 11083 
15 41 43 223 11083 
15 41 58 224 11083 
15 42 13 224 11083 
15 42 28 224 11083 
15 42 43 224 11083 
15 42 58 224 11083 
15 43 13 224 11083 
15 43 28 224 11083 
15 43 43 224 11083 
15 43 58 224 11083 
15 44 13 224 11083 
15 44 28 224 11083 
15 44 43 224 11083 
15 44 58 224 11083 
15 45 13 224 11083 
15 45 28 224 11083 
15 45 43 224 11083 
15 45 58 224 11083 
15 46 13 224 11083 
15 46 28 224 11083 
15 46 43 224 11083 
15 46 58 224 11083 
15 47 13 224 11083 
15 47 28 224 11083 
15 47 43 224 11083 
15 47 58 224 11083 
15 48 13 224 11083 
15 48 28 224 11021 
15 48 43 224 7531 

/> 
ls
ls
<CR>
         TIME          Size       File name 
----A 2021/06/29 14:21     10360  0629
----A 2021/06/29 09:15    128640  06290900
----A 2021/06/29 09:31    128000  06290915
----A 2021/06/29 09:46    128640  06290931
----A 2021/06/29 10:01    128000  06290946
----A 2021/06/29 10:17    128640  06291001
----A 2021/06/29 10:31    128000  06291016
----A 2021/06/29 10:46    128640  06291031
----A 2021/06/29 11:03    128640  06291046
----A 2021/06/29 11:18    128640  06291101
----A 2021/06/29 11:31    128000  06291116
----A 2021/06/29 11:47    128640  06291132
----A 2021/06/29 12:02    128640  06291147
----A 2021/06/29 12:17    128640  06291202
----A 2021/06/29 12:33    128000  06291217
----A 2021/06/29 12:47    128640  06291232
----A 2021/06/29 13:02    128000  06291247
----A 2021/06/29 13:19    128640  06291302
----A 2021/06/29 13:35    128000  06291317
----A 2021/06/29 13:47    128640  06291332
----A 2021/06/29 14:03    128000  06291348
----A 2021/06/29 14:18    128640  06291403
----A 2021/06/29 14:19      2560  06291418
----A 2021/06/30 16:02      8288  0630
----A 2021/06/30 11:35      2560  06301135
----A 2021/06/30 12:23    128640  06301207
----A 2021/06/30 12:37    128640  06301222
----A 2021/06/30 12:54    128000  06301237
----A 2021/06/30 13:07    128640  06301252
----A 2021/06/30 13:23    128000  06301307
----A 2021/06/30 13:38    128640  06301323
----A 2021/06/30 13:53    128000  06301338
----A 2021/06/30 14:08    128640  06301353
----A 2021/06/30 14:23    128000  06301408
----A 2021/06/30 14:39    128640  06301423
----A 2021/06/30 14:55    128640  06301438
----A 2021/06/30 15:10    128640  06301453
----A 2021/06/30 15:23    128000  06301508
----A 2021/06/30 15:39    128640  06301523
----A 2021/06/30 15:54    128640  06301539
----A 2021/06/30 15:54      2560  06301554
----A 2021/07/01 16:08     13328  0701
----A 2021/07/01 09:27    128640  07010912
----A 2021/07/01 09:43    128000  07010927
----A 2021/07/01 09:57    128640  07010942
----A 2021/07/01 10:14    128000  07010957
----A 2021/07/01 10:27    128640  07011012
----A 2021/07/01 10:43    128000  07011027
----A 2021/07/01 10:59    128640  07011042
----A 2021/07/01 11:13    128000  07011058
----A 2021/07/01 11:28    128640  07011113
----A 2021/07/01 11:43    128000  07011128
----A 2021/07/01 11:59    128640  07011143
----A 2021/07/01 12:15    128000  07011158
----A 2021/07/01 12:30    128640  07011213
----A 2021/07/01 12:43    128640  07011228
----A 2021/07/01 12:59    128640  07011243
----A 2021/07/01 13:14    128640  07011259
----A 2021/07/01 13:29    128640  07011314
----A 2021/07/01 13:45    128640  07011329
----A 2021/07/01 13:59    128640  07011344
----A 2021/07/01 14:15    128000  07011359
----A 2021/07/01 14:31    128640  07011414
----A 2021/07/01 14:46    128000  07011429
----A 2021/07/01 14:59    128000  07011444
----A 2021/07/01 15:15    128000  07011500
----A 2021/07/01 15:30    128000  07011515
----A 2021/07/01 15:45    128000  07011530
----A 2021/07/01 16:01    128000  07011545
----A 2021/07/01 16:01      2560  07011600
----A 2021/07/02 15:50     12152  0702
----A 2021/07/02 09:02    128000  07020847
----A 2021/07/02 09:19    128000  07020902
----A 2021/07/02 09:35    128000  07020917
----A 2021/07/02 09:48    128000  07020933
----A 2021/07/02 10:03    128000  07020948
----A 2021/07/02 10:19    128000  07021003
----A 2021/07/02 10:33    128000  07021018
----A 2021/07/02 10:50    128640  07021033
----A 2021/07/02 11:03    128000  07021048
----A 2021/07/02 11:19    128000  07021103
----A 2021/07/02 11:35    128000  07021118
----A 2021/07/02 11:49    128000  07021134
----A 2021/07/02 12:04    128000  07021149
----A 2021/07/02 12:19    128000  07021204
----A 2021/07/02 12:35    128000  07021219
----A 2021/07/02 12:51    128000  07021234
----A 2021/07/02 13:06    128000  07021249
----A 2021/07/02 13:19    128000  07021304
----A 2021/07/02 13:35    128000  07021319
----A 2021/07/02 13:35      2560  07021335
----A 2021/07/02 14:54    128000  07021439
----A 2021/07/02 15:11    128000  07021454
----A 2021/07/02 15:27    128000  07021509
----A 2021/07/02 15:40    128000  07021525
----A 2021/07/02 15:40      2560  07021540
----A 2021/07/03 16:03     13800  0703
----A 2021/07/03 09:10    128000  07030855
----A 2021/07/03 09:27    128000  07030910
----A 2021/07/03 09:43    128000  07030926
----A 2021/07/03 09:56    128000  07030941
----A 2021/07/03 10:11    128000  07030956
----A 2021/07/03 10:27    128000  07031011
----A 2021/07/03 10:41    128000  07031026
----A 2021/07/03 10:58    128000  07031041
----A 2021/07/03 11:11    128000  07031056
----A 2021/07/03 11:27    128000  07031111
----A 2021/07/03 11:43    128000  07031126
----A 2021/07/03 11:57    128000  07031142
----A 2021/07/03 12:12    128000  07031157
----A 2021/07/03 12:27    128000  07031212
----A 2021/07/03 12:43    128000  07031227
----A 2021/07/03 12:59    128000  07031242
----A 2021/07/03 13:14    128000  07031257
----A 2021/07/03 13:27    128000  07031312
----A 2021/07/03 13:43    128000  07031327
----A 2021/07/03 13:58    128000  07031343
----A 2021/07/03 14:13    128640  07031358
----A 2021/07/03 14:28    128000  07031413
----A 2021/07/03 14:43    128000  07031428
----A 2021/07/03 14:59    128000  07031443
----A 2021/07/03 15:15    128000  07031458
----A 2021/07/03 15:30    128000  07031513
----A 2021/07/03 15:43    128000  07031528
----A 2021/07/03 15:59    128000  07031543
----A 2021/07/03 15:59      2560  07031559

 126 File(s),  14692808 bytes total
   0 Dir(s),     985792K bytes free

/> 
read 0703
read 0703
<CR>Time:2021/07/03 15:59
Hours Minutes Seconds  Nb_Samples    Aver. Current 
8 41 5 223 11205 
8 41 20 219 11083 
8 42 8 224 11021 
8 42 23 223 11021 
8 42 38 224 11021 
8 42 53 223 11021 
8 43 8 224 11021 
8 43 23 223 11021 
8 43 38 224 11021 
8 43 53 223 11021 
8 44 8 224 11021 
8 44 23 223 11021 
8 44 38 224 11021 
8 44 53 223 11021 
8 45 8 224 11021 
8 45 23 223 11021 
8 45 38 224 11021 
8 45 53 223 11021 
8 46 8 224 11021 
8 46 23 223 11021 
8 46 38 224 11021 
8 46 53 223 11021 
8 47 8 224 11021 
8 47 23 223 11021 
8 47 38 224 11021 
8 47 53 223 11021 
8 48 8 224 11021 
8 48 23 223 11021 
8 48 38 224 11021 
8 48 53 223 11021 
8 49 8 224 11021 
8 49 23 223 11021 
8 49 38 224 11021 
8 49 53 223 11021 
8 50 8 223 11021 
8 50 23 224 11021 
8 50 38 223 11021 
8 50 53 224 11021 
8 51 8 223 11021 
8 51 23 223 11021 
8 51 38 224 11021 
8 51 53 223 11021 
8 52 8 224 11021 
8 52 23 223 11021 
8 52 38 224 11021 
8 52 53 223 11021 
8 53 8 224 11021 
8 53 23 223 11021 
8 53 38 224 11021 
8 53 53 223 11021 
8 54 8 224 11021 
8 54 23 223 11021 
8 54 38 224 11021 
8 54 53 223 11021 
8 55 8 224 11021 
8 55 23 223 11021 
8 55 38 224 11021 
8 56 15 224 11021 
8 56 30 223 11021 
8 56 45 224 11021 
8 57 0 223 11021 
8 57 15 224 11021 
8 57 30 223 11021 
8 57 45 224 11021 
8 58 0 223 11021 
8 58 15 224 11021 
8 58 30 223 11021 
8 58 45 224 11021 
8 59 0 223 11021 
8 59 15 224 11021 
8 59 30 223 11021 
8 59 45 224 11021 
9 0 0 223 11021 
9 0 15 224 11021 
9 0 30 223 11021 
9 0 45 224 11021 
9 1 0 223 11021 
9 1 15 224 11021 
9 1 30 223 11021 
9 1 45 224 11021 
9 2 0 223 11021 
9 2 15 224 11021 
9 2 30 223 11021 
9 2 45 224 11021 
9 3 0 223 11021 
9 3 15 224 11021 
9 3 30 223 11021 
9 3 45 224 11021 
9 4 0 223 11021 
9 4 15 224 11021 
9 4 30 223 11021 
9 4 45 223 11021 
9 5 0 224 11021 
9 5 15 223 11021 
9 5 30 223 11021 
9 5 45 224 11021 
9 6 0 223 11021 
9 6 15 224 11021 
9 6 30 223 11021 
9 6 45 224 11021 
9 7 0 223 11021 
9 7 15 224 11021 
9 7 30 223 11021 
9 7 45 224 11021 
9 8 0 223 11021 
9 8 15 224 11021 
9 8 30 223 11021 
9 8 45 224 11021 
9 9 0 223 11021 
9 9 15 224 11021 
9 9 30 223 11021 
9 9 45 224 11021 
9 10 0 223 11021 
9 10 15 224 11021 
9 10 30 223 11021 
9 10 45 224 11021 
9 11 22 224 11021 
9 11 37 223 11021 
9 11 52 224 11021 
9 12 7 223 11021 
9 12 22 224 11021 
9 12 37 223 11021 
9 12 52 224 11021 
9 13 7 223 11021 
9 13 22 224 11021 
9 13 37 223 11021 
9 13 52 224 11021 
9 14 7 223 11021 
9 14 22 224 11021 
9 14 37 223 11021 
9 14 52 224 11021 
9 15 7 223 11021 
9 15 22 224 11021 
9 15 37 223 11021 
9 15 52 224 11021 
9 16 7 223 11021 
9 16 22 224 11021 
9 16 37 223 11021 
9 16 52 224 11021 
9 17 7 223 11021 
9 17 22 224 11021 
9 17 37 223 11021 
9 17 52 223 11021 
9 18 7 224 11021 
9 18 22 223 11021 
9 18 37 224 11021 
9 18 52 223 11021 
9 19 7 224 11021 
9 19 22 223 11021 
9 19 37 224 11021 
9 19 52 224 11021 
9 20 7 223 11021 
9 20 22 224 11021 
9 20 37 223 11021 
9 20 52 224 11021 
9 21 7 223 11021 
9 21 22 224 11021 
9 21 37 223 11021 
9 21 52 224 11021 
9 22 7 223 11021 
9 22 22 224 11021 
9 22 37 223 11021 
9 22 52 223 11021 
9 23 7 224 11021 
9 23 22 223 11021 
9 23 37 224 11021 
9 23 52 223 11021 
9 24 7 224 11021 
9 24 22 223 11021 
9 24 37 224 11021 
9 24 52 223 11021 
9 25 7 224 11021 
9 25 22 223 11021 
9 25 37 224 11021 
9 25 52 223 11021 
9 26 29 224 11021 
9 26 44 223 11021 
9 26 59 224 11021 
9 27 14 223 11021 
9 27 29 224 11021 
9 27 44 223 11021 
9 27 59 224 11021 
9 28 14 223 11021 
9 28 29 224 11021 
9 28 44 223 11021 
9 28 59 224 11021 
9 29 14 223 11021 
9 29 29 224 11021 
9 29 44 223 11021 
9 29 59 224 11021 
9 30 14 223 11021 
9 30 29 224 11021 
9 30 44 223 11021 
9 30 59 223 11021 
9 31 14 224 11021 
9 31 29 223 11021 
9 31 44 224 11021 
9 31 59 223 11021 
9 32 14 224 11021 
9 32 29 223 11021 
9 32 44 224 11021 
9 32 59 223 11021 
9 33 14 224 11021 
9 33 29 223 11021 
9 33 44 224 11021 
9 33 59 223 11021 
9 34 14 224 11021 
9 34 29 223 11021 
9 34 44 224 11021 
9 34 59 223 11021 
9 35 14 224 11021 
9 35 29 223 11021 
9 35 44 224 11021 
9 35 59 223 11021 
9 36 14 224 11021 
9 36 29 223 11021 
9 36 44 224 11021 
9 36 59 223 11021 
9 37 14 224 11021 
9 37 29 223 11021 
9 37 44 224 11021 
9 37 59 223 11021 
9 38 14 224 11021 
9 38 29 223 11021 
9 38 44 224 11021 
9 38 59 223 11021 
9 39 14 224 11021 
9 39 29 224 11021 
9 39 44 223 11021 
9 39 59 224 11021 
9 40 14 223 11021 
9 40 29 224 11021 
9 40 44 223 11021 
9 40 59 224 11021 
9 41 36 224 11021 
9 41 51 223 11021 
9 42 6 224 11021 
9 42 21 223 11021 
9 42 36 224 11021 
9 42 51 223 11021 
9 43 6 224 11021 
9 43 21 223 11021 
9 43 36 224 11021 
9 43 51 223 11021 
9 44 6 223 11021 
9 44 21 224 11021 
9 44 36 223 11021 
9 44 51 224 11021 
9 45 6 223 11021 
9 45 21 224 11021 
9 45 36 223 11021 
9 45 51 224 11021 
9 46 6 223 11021 
9 46 21 224 11021 
9 46 36 223 11021 
9 46 51 224 11021 
9 47 6 223 11021 
9 47 21 224 11021 
9 47 36 223 11021 
9 47 51 224 11021 
9 48 6 223 11021 
9 48 21 224 11021 
9 48 36 223 11021 
9 48 51 224 11021 
9 49 6 223 11021 
9 49 21 224 11021 
9 49 36 223 11021 
9 49 51 224 11021 
9 50 6 223 11021 
9 50 21 224 11021 
9 50 36 223 11021 
9 50 51 224 11021 
9 51 6 223 11021 
9 51 21 224 11021 
9 51 36 223 11021 
9 51 51 224 11021 
9 52 6 223 11021 
9 52 21 224 11021 
9 52 36 223 11021 
9 52 51 224 11021 
9 53 6 223 11021 
9 53 21 224 11021 
9 53 36 223 11021 
9 53 51 223 11021 
9 54 6 224 11021 
9 54 21 223 11021 
9 54 36 224 11021 
9 54 51 223 11021 
9 55 6 224 11021 
9 55 21 223 11021 
9 55 36 224 11021 
9 55 51 223 11021 
9 56 6 224 11021 
9 56 43 224 11021 
9 56 58 223 11021 
9 57 13 223 11021 
9 57 28 224 11021 
9 57 43 223 11021 
9 57 58 224 11021 
9 58 13 223 11021 
9 58 28 224 11021 
9 58 43 223 11021 
9 58 58 224 11021 
9 59 13 223 11021 
9 59 28 224 11021 
9 59 43 223 11021 
9 59 58 224 11021 
10 0 13 223 11021 
10 0 28 224 11021 
10 0 43 223 11021 
10 0 58 224 11021 
10 1 13 223 11021 
10 1 28 224 11021 
10 1 43 223 11021 
10 1 58 224 11021 
10 2 13 223 11021 
10 2 29 224 11021 
10 2 43 223 11021 
10 2 59 224 11021 
10 3 13 223 11021 
10 3 29 224 11021 
10 3 43 223 11021 
10 3 59 224 11021 
10 4 14 223 11021 
10 4 29 224 11021 
10 4 44 223 11021 
10 4 59 224 11021 
10 5 14 223 11021 
10 5 29 224 11021 
10 5 44 223 11021 
10 5 59 224 11021 
10 6 14 223 11021 
10 6 29 224 11021 
10 6 44 223 11021 
10 6 59 224 11021 
10 7 14 223 11021 
10 7 29 224 11021 
10 7 44 223 11021 
10 7 59 224 11021 
10 8 14 223 11021 
10 8 29 224 11021 
10 8 44 223 11021 
10 8 59 224 11021 
10 9 14 223 11021 
10 9 29 224 11021 
10 9 44 223 11021 
10 9 59 224 11021 
10 10 14 223 11021 
10 10 29 224 11021 
10 10 44 223 11021 
10 10 59 224 11021 
10 11 14 223 11021 
10 11 51 224 11021 
10 12 6 223 11021 
10 12 21 224 11021 
10 12 36 223 11021 
10 12 51 224 11021 
10 13 6 223 11021 
10 13 21 224 11021 
10 13 36 223 11021 
10 13 51 224 11021 
10 14 6 223 11021 
10 14 21 224 11021 
10 14 36 223 11021 
10 14 51 224 11021 
10 15 6 223 11021 
10 15 21 224 11021 
10 15 36 223 11021 
10 15 51 224 11021 
10 16 6 223 11021 
10 16 21 224 11021 
10 16 36 223 11021 
10 16 51 224 11021 
10 17 6 223 11021 
10 17 21 224 11021 
10 17 36 223 11021 
10 17 51 224 11021 
10 18 6 223 11021 
10 18 21 224 11021 
10 18 36 223 11021 
10 18 51 224 11021 
10 19 6 223 11021 
10 19 21 224 11021 
10 19 36 223 11021 
10 19 51 224 11021 
10 20 6 223 11021 
10 20 21 224 11021 
10 20 36 223 11021 
10 20 51 224 11021 
10 21 6 223 11021 
10 21 21 224 11021 
10 21 36 223 11021 
10 21 51 224 11021 
10 22 6 223 11021 
10 22 21 224 11021 
10 22 36 223 11021 
10 22 51 224 11021 
10 23 6 223 11021 
10 23 21 224 11021 
10 23 36 223 11021 
10 23 51 224 11021 
10 24 6 223 11021 
10 24 21 224 11021 
10 24 36 223 11021 
10 24 51 224 11021 
10 25 6 223 11021 
10 25 21 224 11021 
10 25 36 223 11021 
10 25 51 224 11021 
10 26 6 223 11021 
10 26 21 224 11021 
10 26 58 224 11021 
10 27 13 223 11021 
10 27 28 224 11021 
10 27 43 223 11021 
10 27 58 224 11021 
10 28 13 223 11021 
10 28 28 224 11021 
10 28 43 223 11021 
10 28 58 224 11021 
10 29 13 223 11021 
10 29 28 224 11021 
10 29 43 223 11021 
10 29 58 224 11021 
10 30 13 223 11021 
10 30 28 224 11021 
10 30 43 223 11021 
10 30 58 224 11021 
10 31 13 223 11021 
10 31 28 224 11021 
10 31 43 223 11021 
10 31 58 224 11021 
10 32 13 223 11021 
10 32 28 224 11021 
10 32 43 223 11021 
10 32 58 224 11021 
10 33 13 223 11021 
10 33 28 224 11021 
10 33 43 223 11021 
10 33 58 224 11021 
10 34 13 223 11021 
10 34 28 224 11021 
10 34 43 223 11021 
10 34 58 224 11021 
10 35 13 223 11021 
10 35 28 224 11021 
10 35 43 223 11021 
10 35 58 224 11021 
10 36 13 223 11021 
10 36 28 224 11021 
10 36 43 223 11021 
10 36 58 224 11021 
10 37 13 223 11021 
10 37 28 224 11021 
10 37 43 223 11021 
10 37 58 224 11021 
10 38 13 223 11021 
10 38 28 224 11021 
10 38 43 223 11021 
10 38 58 224 11021 
10 39 13 223 11021 
10 39 28 224 11021 
10 39 43 223 11021 
10 39 58 224 11021 
10 40 13 223 11021 
10 40 28 224 11021 
10 40 43 223 11021 
10 40 58 224 11021 
10 41 13 223 11021 
10 41 28 224 11021 
10 42 5 224 11021 
10 42 20 223 11021 
10 42 35 224 11021 
10 42 50 223 11021 
10 43 5 223 11021 
10 43 20 224 11021 
10 43 35 223 11021 
10 43 50 224 11021 
10 44 5 223 11021 
10 44 20 224 11021 
10 44 35 223 11021 
10 44 50 224 11021 
10 45 5 223 11021 
10 45 20 224 11021 
10 45 35 223 11021 
10 45 50 224 11021 
10 46 5 223 11021 
10 46 20 224 11021 
10 46 35 223 11021 
10 46 50 224 11021 
10 47 5 223 11021 
10 47 20 224 11021 
10 47 35 223 11021 
10 47 50 224 11021 
10 48 5 223 11021 
10 48 20 224 11021 
10 48 35 223 11021 
10 48 50 224 11021 
10 49 5 223 11021 
10 49 20 224 11021 
10 49 35 223 11021 
10 49 50 224 11021 
10 50 5 223 11021 
10 50 20 224 11021 
10 50 35 223 11021 
10 50 50 224 11021 
10 51 5 223 11021 
10 51 20 224 11021 
10 51 35 223 11021 
10 51 50 224 11021 
10 52 5 223 11021 
10 52 20 223 11021 
10 52 35 224 11021 
10 52 50 223 11021 
10 53 5 224 11021 
10 53 20 223 11021 
10 53 35 224 11021 
10 53 50 223 11021 
10 54 5 224 11021 
10 54 20 223 11021 
10 54 35 224 11021 
10 54 50 223 11021 
10 55 5 224 11021 
10 55 20 223 11021 
10 55 35 224 11021 
10 55 50 223 11021 
10 56 5 224 11021 
10 56 20 223 11021 
10 56 35 224 11021 
10 57 12 224 11021 
10 57 27 223 11021 
10 57 42 223 11021 
10 57 57 224 11021 
10 58 12 223 11021 
10 58 27 224 11021 
10 58 42 224 11021 
10 58 57 223 11021 
10 59 12 224 11021 
10 59 27 223 11021 
10 59 42 224 11021 
10 59 57 223 11021 
11 0 12 224 11021 
11 0 27 223 11021 
11 0 42 224 11021 
11 0 57 223 11021 
11 1 12 224 11021 
11 1 27 223 11021 
11 1 42 224 11021 
11 1 57 223 11021 
11 2 12 224 11021 
11 2 27 223 11021 
11 2 42 224 11021 
11 2 57 223 11021 
11 3 12 224 11021 
11 3 27 223 11021 
11 3 42 224 11021 
11 3 57 223 11021 
11 4 12 224 11021 
11 4 27 223 11021 
11 4 42 224 11021 
11 4 57 223 11021 
11 5 12 224 11021 
11 5 27 223 11021 
11 5 42 224 11021 
11 5 57 223 11021 
11 6 12 224 11021 
11 6 27 223 11021 
11 6 42 224 11021 
11 6 57 223 11021 
11 7 12 224 11021 
11 7 27 223 11021 
11 7 42 224 11021 
11 7 57 223 11021 
11 8 12 224 11021 
11 8 27 223 11021 
11 8 42 224 11021 
11 8 57 223 11021 
11 9 12 224 11021 
11 9 27 223 11021 
11 9 42 224 11021 
11 9 57 223 11021 
11 10 12 224 11021 
11 10 27 223 11021 
11 10 42 224 11021 
11 10 57 223 11021 
11 11 12 224 11021 
11 11 27 223 11021 
11 11 42 224 11021 
11 12 19 224 11021 
11 12 34 224 11021 
11 12 49 223 11021 
11 13 4 224 11021 
11 13 19 223 11021 
11 13 34 223 11021 
11 13 49 224 11021 
11 14 4 223 11021 
11 14 19 224 11021 
11 14 34 223 11021 
11 14 49 224 11021 
11 15 4 223 11021 
11 15 19 224 11021 
11 15 34 223 11021 
11 15 49 224 11021 
11 16 4 223 11021 
11 16 19 224 11021 
11 16 34 223 11021 
11 16 49 224 11021 
11 17 4 223 11021 
11 17 19 224 11021 
11 17 34 223 11021 
11 17 49 224 11021 
11 18 4 223 11021 
11 18 19 224 11021 
11 18 34 223 11021 
11 18 49 224 11021 
11 19 4 223 11021 
11 19 19 224 11021 
11 19 34 223 11021 
11 19 49 224 11021 
11 20 4 223 11021 
11 20 19 224 11021 
11 20 34 223 11021 
11 20 49 224 11021 
11 21 4 223 11021 
11 21 19 224 11021 
11 21 34 223 11021 
11 21 49 224 11021 
11 22 4 223 11021 
11 22 19 224 11021 
11 22 34 223 11021 
11 22 49 224 11021 
11 23 4 223 11021 
11 23 19 224 11021 
11 23 34 223 11021 
11 23 49 224 11021 
11 24 4 223 11021 
11 24 19 224 11021 
11 24 34 223 11021 
11 24 49 224 11021 
11 25 4 223 11021 
11 25 19 224 11021 
11 25 34 223 11021 
11 25 49 224 11021 
11 26 4 223 11021 
11 26 19 224 11021 
11 26 34 223 11021 
11 26 49 224 11021 
11 27 26 224 11021 
11 27 41 223 11021 
11 27 56 224 11021 
11 28 11 223 11021 
11 28 26 224 11021 
11 28 41 223 11021 
11 28 56 224 11021 
11 29 11 223 11021 
11 29 26 224 11021 
11 29 41 223 11021 
11 29 56 224 11021 
11 30 11 223 11021 
11 30 26 224 11021 
11 30 41 223 11021 
11 30 56 224 11021 
11 31 11 223 11021 
11 31 26 224 11021 
11 31 41 223 11021 
11 31 56 223 11021 
11 32 11 224 11021 
11 32 26 223 11021 
11 32 41 224 11021 
11 32 56 223 11021 
11 33 11 224 11021 
11 33 26 223 11021 
11 33 41 224 11021 
11 33 56 223 11021 
11 34 11 224 11021 
11 34 26 223 11021 
11 34 41 224 11021 
11 34 56 223 11021 
11 35 11 224 11021 
11 35 26 223 11021 
11 35 41 224 11021 
11 35 56 223 11021 
11 36 11 224 11021 
11 36 26 223 11021 
11 36 41 224 11021 
11 36 56 223 11021 
11 37 11 224 11021 
11 37 26 223 11021 
11 37 41 224 11021 
11 37 56 223 11021 
11 38 11 224 11021 
11 38 26 223 11021 
11 38 41 224 11021 
11 38 56 223 11021 
11 39 11 224 11021 
11 39 26 223 11021 
11 39 41 224 11021 
11 39 56 223 11021 
11 40 11 224 11021 
11 40 26 223 11021 
11 40 41 224 11021 
11 40 56 223 11021 
11 41 11 224 11021 
11 41 26 223 11021 
11 41 41 224 11021 
11 41 56 223 11021 
11 42 33 224 11021 
11 42 48 224 11021 
11 43 3 223 11021 
11 43 18 224 11021 
11 43 33 224 11021 
11 43 48 223 11021 
11 44 3 224 11021 
11 44 18 223 11021 
11 44 33 224 11021 
11 44 48 223 11021 
11 45 3 224 11021 
11 45 18 223 11021 
11 45 33 224 11021 
11 45 48 223 11021 
11 46 3 224 11021 
11 46 18 223 11021 
11 46 33 224 11021 
11 46 48 223 11021 
11 47 3 224 11021 
11 47 18 223 11021 
11 47 33 224 11021 
11 47 48 223 11021 
11 48 3 224 11021 
11 48 18 223 11021 
11 48 33 224 11021 
11 48 48 223 11021 
11 49 3 224 11021 
11 49 18 223 11021 
11 49 33 224 11021 
11 49 48 223 11021 
11 50 3 224 11021 
11 50 18 223 11021 
11 50 33 224 11021 
11 50 48 223 11021 
11 51 3 224 11021 
11 51 18 223 11021 
11 51 33 224 11021 
11 51 48 223 11021 
11 52 3 224 11021 
11 52 18 223 11021 
11 52 33 224 11021 
11 52 48 223 11021 
11 53 3 224 11021 
11 53 18 223 11021 
11 53 33 224 11021 
11 53 48 223 11021 
11 54 3 224 11021 
11 54 18 223 11021 
11 54 33 224 11021 
11 54 48 223 11021 
11 55 3 224 11021 
11 55 18 223 11021 
11 55 33 224 11021 
11 55 48 223 11021 
11 56 3 224 11021 
11 56 18 223 11021 
11 56 33 224 11021 
11 56 48 223 11021 
11 57 3 224 11021 
11 57 40 224 11021 
11 57 55 222 11021 
11 58 10 224 11021 
11 58 25 223 11021 
11 58 41 224 11021 
11 58 55 223 11021 
11 59 11 224 11021 
11 59 25 223 11021 
11 59 41 224 11021 
11 59 55 223 11021 
12 0 11 224 11021 
12 0 25 223 11021 
12 0 41 224 11021 
12 0 56 223 11021 
12 1 11 224 11021 
12 1 26 223 11021 
12 1 41 224 11021 
12 1 56 223 11021 
12 2 11 224 11021 
12 2 26 223 11021 
12 2 41 224 11021 
12 2 56 223 11021 
12 3 11 224 11021 
12 3 26 223 11021 
12 3 41 224 11021 
12 3 56 223 11021 
12 4 11 224 11021 
12 4 26 223 11021 
12 4 41 224 11021 
12 4 56 223 11021 
12 5 11 224 11021 
12 5 26 223 11021 
12 5 41 224 11021 
12 5 56 223 11021 
12 6 11 224 11021 
12 6 26 223 11021 
12 6 41 224 11021 
12 6 56 223 11021 
12 7 11 224 11021 
12 7 26 223 11021 
12 7 41 224 11021 
12 7 56 223 11021 
12 8 11 224 11021 
12 8 26 223 11021 
12 8 41 224 11021 
12 8 56 223 11021 
12 9 11 224 11021 
12 9 26 223 11021 
12 9 41 224 11021 
12 9 56 223 11021 
12 10 11 224 11021 
12 10 26 223 11021 
12 10 41 224 11021 
12 10 56 223 11021 
12 11 11 224 11021 
12 11 26 223 11021 
12 11 41 224 11021 
12 11 56 223 11021 
12 12 11 224 11021 
12 12 48 224 11021 
12 13 3 224 11021 
12 13 18 223 11021 
12 13 33 224 11021 
12 13 48 223 11021 
12 14 3 224 11021 
12 14 18 223 11021 
12 14 33 224 11021 
12 14 48 223 11021 
12 15 3 224 11021 
12 15 18 223 11021 
12 15 33 224 11021 
12 15 48 223 11021 
12 16 3 224 11021 
12 16 18 223 11021 
12 16 33 224 11021 
12 16 48 223 11021 
12 17 3 224 11021 
12 17 18 223 11021 
12 17 33 224 11021 
12 17 48 223 11021 
12 18 3 224 11021 
12 18 18 223 11021 
12 18 33 224 11021 
12 18 48 223 11021 
12 19 3 224 11021 
12 19 18 223 11021 
12 19 33 224 11021 
12 19 48 223 11021 
12 20 3 224 11021 
12 20 18 223 11021 
12 20 33 224 11021 
12 20 48 223 11021 
12 21 3 224 11021 
12 21 18 223 11021 
12 21 33 224 11021 
12 21 48 223 11021 
12 22 3 224 11021 
12 22 18 223 11021 
12 22 33 224 11021 
12 22 48 223 11021 
12 23 3 224 11021 
12 23 18 223 11021 
12 23 33 224 11021 
12 23 48 223 11021 
12 24 3 224 11021 
12 24 18 223 11021 
12 24 33 224 11021 
12 24 48 223 11021 
12 25 3 224 11021 
12 25 18 223 11021 
12 25 33 224 11021 
12 25 48 223 11021 
12 26 3 224 11021 
12 26 18 223 11021 
12 26 33 224 11021 
12 26 48 223 11021 
12 27 3 224 11021 
12 27 18 223 11021 
12 27 55 224 11021 
12 28 10 223 11021 
12 28 25 224 11021 
12 28 40 224 11021 
12 28 55 223 11021 
12 29 10 224 11021 
12 29 25 223 11021 
12 29 40 224 11021 
12 29 55 223 11021 
12 30 10 224 11021 
12 30 25 223 11021 
12 30 40 224 11021 
12 30 55 223 11021 
12 31 10 224 11021 
12 31 25 223 11021 
12 31 40 224 11021 
12 31 55 223 11021 
12 32 10 224 11021 
12 32 25 223 11021 
12 32 40 224 11021 
12 32 55 223 11021 
12 33 10 224 11021 
12 33 25 223 11021 
12 33 40 224 11021 
12 33 55 223 11021 
12 34 10 224 11021 
12 34 25 223 11021 
12 34 40 224 11021 
12 34 55 223 11021 
12 35 10 224 11021 
12 35 25 223 11021 
12 35 40 224 11021 
12 35 55 223 11021 
12 36 10 224 11021 
12 36 25 223 11021 
12 36 40 224 11021 
12 36 55 223 11021 
12 37 10 224 11021 
12 37 25 223 11021 
12 37 40 224 11021 
12 37 55 223 11021 
12 38 10 224 11021 
12 38 25 223 11021 
12 38 40 224 11021 
12 38 55 223 11021 
12 39 10 224 11021 
12 39 25 223 11021 
12 39 40 224 11021 
12 39 55 223 11021 
12 40 10 224 11021 
12 40 25 223 11021 
12 40 40 224 11021 
12 40 55 223 11021 
12 41 10 224 11021 
12 41 25 223 11021 
12 41 40 224 11021 
12 41 55 223 11021 
12 42 10 224 11021 
12 42 25 223 11021 
12 43 2 224 11021 
12 43 17 224 11021 
12 43 32 223 11021 
12 43 47 224 11021 
12 44 2 223 11021 
12 44 17 223 11021 
12 44 32 224 11021 
12 44 47 223 11021 
12 45 2 224 11021 
12 45 17 223 11021 
12 45 32 224 11021 
12 45 47 223 11021 
12 46 2 224 11021 
12 46 17 223 11021 
12 46 32 224 11021 
12 46 47 223 11021 
12 47 2 224 11021 
12 47 17 223 11021 
12 47 32 224 11021 
12 47 47 223 11021 
12 48 2 224 11021 
12 48 17 223 11021 
12 48 32 224 11021 
12 48 47 223 11021 
12 49 2 224 11021 
12 49 17 223 11021 
12 49 32 224 11021 
12 49 47 223 11021 
12 50 2 224 11021 
12 50 17 223 11021 
12 50 32 224 11021 
12 50 47 223 11021 
12 51 2 224 11021 
12 51 17 223 11021 
12 51 32 224 11021 
12 51 47 223 11021 
12 52 2 224 11021 
12 52 17 223 11021 
12 52 32 224 11021 
12 52 47 223 11021 
12 53 2 223 11021 
12 53 17 224 11021 
12 53 32 223 11021 
12 53 47 224 11021 
12 54 2 223 11021 
12 54 17 224 11021 
12 54 32 223 11021 
12 54 47 224 11021 
12 55 2 223 11021 
12 55 17 224 11021 
12 55 32 223 11021 
12 55 47 224 11021 
12 56 2 223 11021 
12 56 17 224 11021 
12 56 32 223 11021 
12 56 47 224 11021 
12 57 2 223 11021 
12 57 17 224 11021 
12 57 32 223 11021 
12 58 9 224 11021 
12 58 24 223 11021 
12 58 39 224 11021 
12 58 54 223 11021 
12 59 9 224 11021 
12 59 24 223 11021 
12 59 39 224 11021 
12 59 54 223 11021 
13 0 9 224 11021 
13 0 24 223 11021 
13 0 39 224 11021 
13 0 54 223 11021 
13 1 9 224 11021 
13 1 24 223 11021 
13 1 39 224 11021 
13 1 54 223 11021 
13 2 9 224 11021 
13 2 24 223 11021 
13 2 39 224 11021 
13 2 54 223 11021 
13 3 9 224 11021 
13 3 24 223 11021 
13 3 39 224 11021 
13 3 54 223 11021 
13 4 9 224 11021 
13 4 24 223 11021 
13 4 39 224 11021 
13 4 54 223 11021 
13 5 9 224 11021 
13 5 24 223 11021 
13 5 39 224 11021 
13 5 54 223 11021 
13 6 9 223 11021 
13 6 24 224 11021 
13 6 39 223 11021 
13 6 54 224 11021 
13 7 9 223 11021 
13 7 24 224 11021 
13 7 39 223 11021 
13 7 54 224 11021 
13 8 9 223 11021 
13 8 24 224 11021 
13 8 39 223 11021 
13 8 54 224 11021 
13 9 9 223 11021 
13 9 24 224 11021 
13 9 39 223 11021 
13 9 54 224 11021 
13 10 9 223 11021 
13 10 24 224 11021 
13 10 39 223 11021 
13 10 54 224 11021 
13 11 9 223 11021 
13 11 24 224 11021 
13 11 39 223 11021 
13 11 54 224 11021 
13 12 9 223 11021 
13 12 24 224 11021 
13 12 39 223 11021 
13 13 16 224 11021 
13 13 31 224 11021 
13 13 46 223 11021 
13 14 1 224 11021 
13 14 16 223 11021 
13 14 31 224 11021 
13 14 46 223 11021 
13 15 1 224 11021 
13 15 16 223 11021 
13 15 31 224 11021 
13 15 46 223 11021 
13 16 1 224 11021 
13 16 16 224 11021 
13 16 31 223 11021 
13 16 46 224 11021 
13 17 1 223 11021 
13 17 16 224 11021 
13 17 31 223 11021 
13 17 46 224 11021 
13 18 1 223 11021 
13 18 16 224 11021 
13 18 31 223 11021 
13 18 46 224 11021 
13 19 1 223 11021 
13 19 16 223 11021 
13 19 31 224 11021 
13 19 46 223 11021 
13 20 1 224 11021 
13 20 16 223 11021 
13 20 31 224 11021 
13 20 46 223 11021 
13 21 1 224 11021 
13 21 16 223 11021 
13 21 31 224 11021 
13 21 46 223 11021 
13 22 1 224 11021 
13 22 16 223 11021 
13 22 31 224 11021 
13 22 46 223 11021 
13 23 1 224 11021 
13 23 16 223 11021 
13 23 31 224 11021 
13 23 46 223 11021 
13 24 1 224 11021 
13 24 16 223 11021 
13 24 31 224 11021 
13 24 46 223 11021 
13 25 1 224 11021 
13 25 16 223 11021 
13 25 31 224 11021 
13 25 46 223 11021 
13 26 1 224 11021 
13 26 16 223 11021 
13 26 31 224 11021 
13 26 46 223 11021 
13 27 1 224 11021 
13 27 16 223 11021 
13 27 31 224 11021 
13 27 46 223 11021 
13 28 23 224 11021 
13 28 38 223 11021 
13 28 53 224 11021 
13 29 8 223 11021 
13 29 23 224 11021 
13 29 38 223 11021 
13 29 53 224 11021 
13 30 8 223 11021 
13 30 23 224 11021 
13 30 38 223 11021 
13 30 53 224 11021 
13 31 8 223 11021 
13 31 23 224 11021 
13 31 38 223 11021 
13 31 53 224 11021 
13 32 8 223 11021 
13 32 23 223 11021 
13 32 38 224 11021 
13 32 53 223 11021 
13 33 8 224 11021 
13 33 23 223 11021 
13 33 38 224 11021 
13 33 53 223 11021 
13 34 8 224 11021 
13 34 23 223 11021 
13 34 38 224 11021 
13 34 53 223 11021 
13 35 8 224 11021 
13 35 23 223 11021 
13 35 38 224 11021 
13 35 53 223 11021 
13 36 8 224 11021 
13 36 23 223 11021 
13 36 38 224 11021 
13 36 53 223 11021 
13 37 8 224 11021 
13 37 23 223 11021 
13 37 38 224 11021 
13 37 53 223 11021 
13 38 8 224 11021 
13 38 23 223 11021 
13 38 38 224 11021 
13 38 53 223 11021 
13 39 8 224 11021 
13 39 23 223 11021 
13 39 38 224 11021 
13 39 53 223 11021 
13 40 8 224 11021 
13 40 23 223 11021 
13 40 38 224 11021 
13 40 53 223 11021 
13 41 8 224 11021 
13 41 23 223 11021 
13 41 38 224 11021 
13 41 53 223 11021 
13 42 8 224 11021 
13 42 23 223 11021 
13 42 38 224 11021 
13 42 53 223 11021 
13 43 30 224 11021 
13 43 45 223 11021 
13 44 0 224 11021 
13 44 15 223 11021 
13 44 30 223 11021 
13 44 45 224 11021 
13 45 0 223 11021 
13 45 15 224 11021 
13 45 30 223 11021 
13 45 45 224 11021 
13 46 0 223 11021 
13 46 15 224 11021 
13 46 30 223 11021 
13 46 45 224 11021 
13 47 0 223 11021 
13 47 15 224 11021 
13 47 30 223 11021 
13 47 45 224 11021 
13 48 0 223 11021 
13 48 15 224 11021 
13 48 30 223 11021 
13 48 45 224 11021 
13 49 0 223 11021 
13 49 15 224 11021 
13 49 30 223 11021 
13 49 45 224 11021 
13 50 0 223 11021 
13 50 15 224 11021 
13 50 30 223 11021 
13 50 45 224 11021 
13 51 0 223 11021 
13 51 15 224 11021 
13 51 30 223 11021 
13 51 45 224 11021 
13 52 0 223 11021 
13 52 15 224 11021 
13 52 30 223 11021 
13 52 45 224 11021 
13 53 0 223 11021 
13 53 15 224 11021 
13 53 30 223 11021 
13 53 45 224 11021 
13 54 0 223 11021 
13 54 15 224 11021 
13 54 30 223 11021 
13 54 45 224 11021 
13 55 0 223 11021 
13 55 15 224 11021 
13 55 30 223 11021 
13 55 45 224 11021 
13 56 0 223 11021 
13 56 15 224 11021 
13 56 30 223 11021 
13 56 45 224 11021 
13 57 0 223 11021 
13 57 15 224 11021 
13 57 30 223 11021 
13 57 45 224 11021 
13 58 0 223 11021 
13 58 53 224 11021 
13 59 8 223 11021 
13 59 22 223 11021 
13 59 38 224 11021 
13 59 52 223 11021 
14 0 8 224 11021 
14 0 22 223 11021 
14 0 38 224 11021 
14 0 53 223 11021 
14 1 8 224 11021 
14 1 23 223 11021 
14 1 38 224 11021 
14 1 53 223 11021 
14 2 8 224 11021 
14 2 23 223 11021 
14 2 38 224 11021 
14 2 53 224 11021 
14 3 8 223 11021 
14 3 23 224 11021 
14 3 38 223 11021 
14 3 53 224 11021 
14 4 8 223 11021 
14 4 23 224 11021 
14 4 38 223 11021 
14 4 53 224 11021 
14 5 8 223 11021 
14 5 23 224 11021 
14 5 38 223 11021 
14 5 53 224 11021 
14 6 8 223 11021 
14 6 23 224 11021 
14 6 38 223 11021 
14 6 53 224 11021 
14 7 8 223 11021 
14 7 23 224 11021 
14 7 38 223 11021 
14 7 53 224 11021 
14 8 8 223 11021 
14 8 23 224 11021 
14 8 38 223 11021 
14 8 53 224 11021 
14 9 8 223 11021 
14 9 23 224 11021 
14 9 38 223 11021 
14 9 53 224 11021 
14 10 8 223 11021 
14 10 23 224 11021 
14 10 38 223 11021 
14 10 53 224 11021 
14 11 8 223 11021 
14 11 23 224 11021 
14 11 38 223 11021 
14 11 53 224 11021 
14 12 8 223 11021 
14 12 23 224 11021 
14 12 38 223 11021 
14 12 53 224 11021 
14 13 8 223 11021 
14 13 45 224 11021 
14 14 0 223 11021 
14 14 15 224 11021 
14 14 30 223 11021 
14 14 45 224 11021 
14 15 0 223 11021 
14 15 15 223 11021 
14 15 30 224 11021 
14 15 45 223 11021 
14 16 0 224 11021 
14 16 15 223 11021 
14 16 30 224 11021 
14 16 45 223 11021 
14 17 0 224 11021 
14 17 15 223 11021 
14 17 30 224 11021 
14 17 45 223 11021 
14 18 0 224 11021 
14 18 15 223 11021 
14 18 30 224 11021 
14 18 45 223 11021 
14 19 0 224 11021 
14 19 15 223 11021 
14 19 30 224 11021 
14 19 45 223 11021 
14 20 0 224 11021 
14 20 15 223 11021 
14 20 30 224 11021 
14 20 45 223 11021 
14 21 0 224 11021 
14 21 15 223 11021 
14 21 30 224 11021 
14 21 45 223 11021 
14 22 0 224 11021 
14 22 15 223 11021 
14 22 30 224 11021 
14 22 45 223 11021 
14 23 0 224 11021 
14 23 15 223 11021 
14 23 30 224 11021 
14 23 45 223 11021 
14 24 0 224 11021 
14 24 15 223 11021 
14 24 30 224 11021 
14 24 45 223 11021 
14 25 0 224 11021 
14 25 15 223 11021 
14 25 30 224 11021 
14 25 45 223 11021 
14 26 0 224 11021 
14 26 15 223 11021 
14 26 30 224 11021 
14 26 45 223 11021 
14 27 0 224 11021 
14 27 15 223 11021 
14 27 30 223 11021 
14 27 45 224 11021 
14 28 0 223 11021 
14 28 15 224 11021 
14 28 52 224 11021 
14 29 7 223 11021 
14 29 22 223 11021 
14 29 37 224 11021 
14 29 52 223 11021 
14 30 7 224 11021 
14 30 22 223 11021 
14 30 37 224 11021 
14 30 52 223 11021 
14 31 7 224 11021 
14 31 22 223 11021 
14 31 37 224 11021 
14 31 52 223 11021 
14 32 7 224 11021 
14 32 22 223 11021 
14 32 37 224 11021 
14 32 52 223 11021 
14 33 7 224 11021 
14 33 22 223 11021 
14 33 37 224 11021 
14 33 52 223 11021 
14 34 7 224 11021 
14 34 22 223 11021 
14 34 37 224 11021 
14 34 52 223 11021 
14 35 7 224 11021 
14 35 22 223 11021 
14 35 37 224 11021 
14 35 52 223 11021 
14 36 7 224 11021 
14 36 22 223 11021 
14 36 37 224 11021 
14 36 52 223 11021 
14 37 7 224 11021 
14 37 22 223 11021 
14 37 37 224 11021 
14 37 52 223 11021 
14 38 7 224 11021 
14 38 22 223 11021 
14 38 37 224 11021 
14 38 52 223 11021 
14 39 7 224 11021 
14 39 22 223 11021 
14 39 37 224 11021 
14 39 52 223 11021 
14 40 7 224 11021 
14 40 22 223 11021 
14 40 37 223 11021 
14 40 52 224 11021 
14 41 7 223 11021 
14 41 22 224 11021 
14 41 37 223 11021 
14 41 52 224 11021 
14 42 7 223 11021 
14 42 22 224 11021 
14 42 37 223 11021 
14 42 52 224 11021 
14 43 7 223 11021 
14 43 22 224 11021 
14 43 59 224 11021 
14 44 14 223 11021 
14 44 29 224 11021 
14 44 44 223 11021 
14 44 59 223 11021 
14 45 14 224 11021 
14 45 29 223 11021 
14 45 44 224 11021 
14 45 59 223 11021 
14 46 14 224 11021 
14 46 29 223 11021 
14 46 44 224 11021 
14 46 59 223 11021 
14 47 14 224 11021 
14 47 29 223 11021 
14 47 44 224 11021 
14 47 59 224 11021 
14 48 14 223 11021 
14 48 29 224 11021 
14 48 44 223 11021 
14 48 59 224 11021 
14 49 14 223 11021 
14 49 29 224 11021 
14 49 44 223 11021 
14 49 59 224 11021 
14 50 14 223 11021 
14 50 29 224 11021 
14 50 44 223 11021 
14 50 59 224 11021 
14 51 14 223 11021 
14 51 29 224 11021 
14 51 44 223 11021 
14 51 59 224 11021 
14 52 14 223 11021 
14 52 29 224 11021 
14 52 44 223 11021 
14 52 59 224 11021 
14 53 14 223 11021 
14 53 29 224 11021 
14 53 44 223 11021 
14 53 59 223 11021 
14 54 14 224 11021 
14 54 29 223 11021 
14 54 44 224 11021 
14 54 59 223 11021 
14 55 14 224 11021 
14 55 29 223 11021 
14 55 44 224 11021 
14 55 59 223 11021 
14 56 14 224 11021 
14 56 29 223 11021 
14 56 44 224 11021 
14 56 59 223 11021 
14 57 14 224 11021 
14 57 29 223 11021 
14 57 44 224 11021 
14 57 59 223 11021 
14 58 14 224 11021 
14 58 29 223 11021 
14 59 6 224 11021 
14 59 21 223 11021 
14 59 36 223 11021 
14 59 51 224 11021 
15 0 6 223 11021 
15 0 21 224 11021 
15 0 36 223 11021 
15 0 51 224 11021 
15 1 6 223 11021 
15 1 21 224 11021 
15 1 36 223 11021 
15 1 51 224 11021 
15 2 6 223 11021 
15 2 21 224 11021 
15 2 36 223 11021 
15 2 51 224 11021 
15 3 6 223 11021 
15 3 21 224 11021 
15 3 36 223 11021 
15 3 51 224 11021 
15 4 6 223 11021 
15 4 21 224 11021 
15 4 36 223 11021 
15 4 51 224 11021 
15 5 6 223 11021 
15 5 21 224 11021 
15 5 36 223 11021 
15 5 51 224 11021 
15 6 6 223 11021 
15 6 21 224 11021 
15 6 36 223 11021 
15 6 51 223 11021 
15 7 6 224 11021 
15 7 21 223 11021 
15 7 36 224 11021 
15 7 51 223 11021 
15 8 6 224 11021 
15 8 21 223 11021 
15 8 36 224 11021 
15 8 51 223 11021 
15 9 6 224 11021 
15 9 21 223 11021 
15 9 36 224 11021 
15 9 51 223 11021 
15 10 6 224 11021 
15 10 21 223 11021 
15 10 36 224 11021 
15 10 51 223 11021 
15 11 6 224 11021 
15 11 21 223 11021 
15 11 36 224 11021 
15 11 51 223 11021 
15 12 6 224 11021 
15 12 21 223 11021 
15 12 36 224 11021 
15 12 51 223 11021 
15 13 6 224 11021 
15 13 21 223 11021 
15 13 36 224 11021 
15 14 13 224 11021 
15 14 28 224 11021 
15 14 43 223 11021 
15 14 58 224 11021 
15 15 13 223 11021 
15 15 28 224 11021 
15 15 43 223 11021 
15 15 58 224 11021 
15 16 13 223 11021 
15 16 28 224 11021 
15 16 43 223 11021 
15 16 58 224 11021 
15 17 13 223 11021 
15 17 28 224 11021 
15 17 43 223 11021 
15 17 58 224 11021 
15 18 13 223 11021 
15 18 28 224 11021 
15 18 43 223 11021 
15 18 58 224 11021 
15 19 13 223 11021 
15 19 28 224 11021 
15 19 43 223 11021 
15 19 58 223 11021 
15 20 13 224 11021 
15 20 28 223 11021 
15 20 43 224 11021 
15 20 58 223 11021 
15 21 13 224 11021 
15 21 28 223 11021 
15 21 43 224 11021 
15 21 58 223 11021 
15 22 13 224 11021 
15 22 28 223 11021 
15 22 43 224 11021 
15 22 58 223 11021 
15 23 13 224 11021 
15 23 28 223 11021 
15 23 43 224 11021 
15 23 58 223 11021 
15 24 13 224 11021 
15 24 28 223 11021 
15 24 43 224 11021 
15 24 58 223 11021 
15 25 13 224 11021 
15 25 28 223 11021 
15 25 43 224 11021 
15 25 58 223 11021 
15 26 13 224 11021 
15 26 28 223 11021 
15 26 43 224 11021 
15 26 58 223 11021 
15 27 13 224 11021 
15 27 28 223 11021 
15 27 43 224 11021 
15 27 58 223 11021 
15 28 13 224 11021 
15 28 28 223 11021 
15 28 43 224 11021 
15 29 20 224 11021 
15 29 35 223 11021 
15 29 50 224 11021 
15 30 5 223 11021 
15 30 20 224 11021 
15 30 35 223 11021 
15 30 50 224 11021 
15 31 5 223 11021 
15 31 20 224 11021 
15 31 35 223 11021 
15 31 50 224 11021 
15 32 5 223 11021 
15 32 20 224 11021 
15 32 35 223 11021 
15 32 50 224 11021 
15 33 5 223 11021 
15 33 20 223 11021 
15 33 35 224 11021 
15 33 50 224 11021 
15 34 5 223 11021 
15 34 20 224 11021 
15 34 35 223 11021 
15 34 50 224 11021 
15 35 5 223 11021 
15 35 20 224 11021 
15 35 35 223 11021 
15 35 50 224 11021 
15 36 5 223 11021 
15 36 20 224 11021 
15 36 35 223 11021 
15 36 50 224 11021 
15 37 5 223 11021 
15 37 20 224 11021 
15 37 35 223 11021 
15 37 50 224 11021 
15 38 5 223 11021 
15 38 20 224 11021 
15 38 35 223 11021 
15 38 50 224 11021 
15 39 5 223 11021 
15 39 20 224 11021 
15 39 35 223 11021 
15 39 50 224 11021 
15 40 5 223 11021 
15 40 20 224 11021 
15 40 35 223 11021 
15 40 50 224 11021 
15 41 5 223 11021 
15 41 20 224 11021 
15 41 35 223 11021 
15 41 50 224 11021 
15 42 5 223 11021 
15 42 20 224 11021 
15 42 35 223 11021 
15 42 50 224 11021 
15 43 5 223 11021 
15 43 20 224 11021 
15 43 35 223 11021 
15 43 50 224 11021 
15 44 27 224 11021 
15 44 43 224 11021 
15 44 57 223 11021 
15 45 13 224 11021 
15 45 28 223 11021 
15 45 42 223 11021 
15 45 58 224 11021 
15 46 12 223 11021 
15 46 28 224 11021 
15 46 42 223 11021 
15 46 58 224 11021 
15 47 12 223 11021 
15 47 28 224 11021 
15 47 42 223 11021 
15 47 58 224 11021 
15 48 12 223 11021 
15 48 28 224 11021 
15 48 42 223 11021 
15 48 58 224 11021 
15 49 12 223 11021 
15 49 28 224 11021 
15 49 42 223 11021 
15 49 58 224 11021 
15 50 13 223 11021 
15 50 28 224 11021 
15 50 43 223 11021 
15 50 58 224 11021 
15 51 13 223 11021 
15 51 28 224 11021 
15 51 43 223 11021 
15 51 58 224 11021 
15 52 13 223 11021 
15 52 28 224 11021 
15 52 43 223 11021 
15 52 58 224 11021 
15 53 13 223 11021 
15 53 28 224 11021 
15 53 43 223 11021 
15 53 58 224 11021 
15 54 13 223 11021 
15 54 28 224 11021 
15 54 43 223 11021 
15 54 58 224 11021 
15 55 13 223 11021 
15 55 28 224 11021 
15 55 43 223 11021 
15 55 58 224 11021 
15 56 13 223 11021 
15 56 28 224 11021 
15 56 43 223 11021 
15 56 58 224 11021 
15 57 13 223 11021 
15 57 28 224 11021 
15 57 43 223 11021 
15 57 58 224 11021 
15 58 13 223 11021 
15 58 28 224 11021 
15 58 43 223 11021 
15 58 58 224 11021 
15 59 35 224 11021 
15 59 50 223 11021 
16 0 5 224 11021 
16 0 20 223 11021 
16 0 35 224 11021 
16 0 50 223 11021 
16 1 5 224 11021 
16 1 20 223 11021 
16 1 35 224 11021 
16 1 50 223 11021 
16 2 5 224 11021 
16 2 20 223 11021 
16 2 35 224 11021 
16 2 50 223 11021 
16 3 5 224 11021 
16 3 20 223 11021 
16 3 35 224 8205 

/> 