565977.419 3497302.269 392.713 0  50e
566027.137 3497312.548 393.039 0  100e
566076.241 3497316.429 392.373 0  150e
566127.863 3497318.137 393.430 0  200e
566176.969 3497318.007 392.390 0  250e
566225.473 3497323.989 392.580 0  300e
566274.632 3497323.071 392.224 0  350e
566323.602 3497334.099 392.577 0  400e
566376.561 3497321.598 393.617 0  450e
566425.295 3497325.289 391.699 0  550e
566474.138 3497334.975 391.410 0  550e
566529.193 3497337.748 391.816 0  600e
566574.955 3497338.119 391.612 0  650e
566623.173 3497338.215 390.268 0  700e
566675.419 3497335.573 391.922 0  750e
566725.196 3497337.524 391.078 0  800e
566825.949 3497342.928 391.844 0  900e
566875.113 3497346.118 390.701 0  950e
566926.984 3497344.539 390.165 0  1000e
566974.923 3497344.463 390.402 0  1050e
567026.433 3497343.236 390.474 0  1100e
567071.909 3497346.660 390.364 0  1150e
567122.355 3497354.830 390.140 0  1200
567166.515 3497338.880 390.569 0  1250
567224.877 3497303.029 390.801 0  1350e
567326.050 3497359.333 389.983 0  1400
567374.990 3497363.065 390.107 0  1450
567424.031 3497368.803 391.363 0  1500e
567471.948 3497369.580 388.781 0  1550e
567524.946 3497370.940 389.329 0  
