566706.251 3498346.631 383.911 0  950e
566659.729 3498347.580 383.849 0  900e
566606.783 3498345.405 382.925 0  850e
566559.081 3498341.943 383.211 0  800e
566506.364 3498335.270 384.129 0  750e
565738.198 3498292.145 385.910 0  0e
565791.097 3498284.804 385.287 0  50e
565861.576 3498327.247 386.301 0  100e
565962.532 3498305.946 386.077 0  200e
566005.622 3498298.237 384.968 0  250e
566055.518 3498284.684 384.831 0  
566105.591 3498269.220 386.800 0  350e
566158.843 3498285.088 384.351 0  400e
566202.363 3498288.452 384.870 0  450e
566253.115 3498332.777 384.739 0  500e
566305.697 3498335.332 384.492 0  550e
566357.687 3498334.252 384.558 0  600e
