567539.693 3497558.669 387.415 0  1650n
567503.551 3497552.187 387.265 0  1600e
567458.054 3497548.871 388.104 0  1550e
567408.275 3497553.379 388.584 0  1500e
567353.260 3497554.375 388.010 0  1450e
567307.363 3497551.001 387.920 0  1400e
567259.172 3497544.364 388.520 0  1350e
567209.805 3497539.030 389.757 0  1300e
567158.057 3497538.813 389.679 0  1250e
567110.389 3497538.262 390.295 0  1200e
567056.360 3497538.976 389.230 0  1200e
567005.096 3497538.414 388.979 0  1100e
566956.636 3497535.976 388.985 0  1050e
566911.152 3497531.083 390.973 0  1050e
566850.751 3497526.301 390.118 0  950e
566810.638 3497523.217 390.146 0  900e
566704.206 3497519.511 390.239 0  800e
566655.696 3497515.814 389.789 0  750e
