565800.436 3497728.295 390.248 0  0e
565842.114 3497733.295 390.257 0  50e
566032.456 3497748.304 388.484 0  250e
566189.991 3497765.259 387.979 0  400e
566241.311 3497766.742 388.459 0  450e
566291.594 3497757.330 388.157 0  500e
566445.736 3497730.442 388.178 0  650e
566493.341 3497751.302 387.149 0  700e
566543.636 3497749.681 386.935 0  750e
566594.038 3497735.424 387.762 0  800e
566643.595 3497745.374 387.209 0  900e
566693.581 3497757.252 386.993 0  900e
566795.604 3497755.859 386.535 0  1000e
566841.932 3497753.441 387.020 0  1050e
566887.153 3497755.922 387.653 0  1100e
566942.513 3497759.175 386.241 0  1150e
566989.510 3497761.044 387.789 0  1200e
567040.863 3497763.207 387.419 0  1250e
567092.998 3497764.022 387.416 0  1300e
567142.363 3497765.655 387.749 0  1350
567187.645 3497771.579 388.039 0  1400e
567241.318 3497768.814 387.179 0  1450e
567290.728 3497770.336 386.305 0  1500e
