565967.001 3497896.813 388.150 0  200e
566042.796 3497937.730 387.217 0  250e
566094.426 3497932.485 387.537 0  300e
566154.483 3497918.839 388.046 0  350e
566195.423 3497923.521 387.242 0  400e
566246.458 3497919.377 387.595 0  450e
566343.836 3497915.551 388.140 0  550e
566444.186 3497922.979 386.944 0  650
566491.159 3497954.513 386.417 0  700e
566538.864 3497955.462 386.870 0  750e
566592.966 3497956.303 387.022 0  800e
566644.495 3497961.945 385.818 0  850e
567542.360 3497987.160 385.079 0  1750e
567499.510 3497987.269 385.085 0  1700e
567451.230 3497987.661 385.209 0  1650e
567399.930 3497989.175 384.283 0  1600e
567347.121 3497989.845 386.094 0  1550e
567299.764 3497998.363 384.827 0  1500e
567249.132 3497984.891 385.755 0  1450e
567199.119 3497979.919 385.994 0  1400e
567152.836 3497972.960 386.390 0  1350e
567099.882 3497974.199 386.619 0  1300e
567047.703 3497975.558 385.726 0  1250e
566997.673 3497968.429 385.694 0  1200e
566945.879 3497969.514 385.808 0  1150e
566898.887 3497966.759 386.960 0  1100e
566844.070 3497962.577 386.245 0  1050e
566797.774 3497964.225 386.283 0  1000e
566693.903 3497964.071 386.328 0  900e
