566530.873 3498140.751 385.833 0  750e
566583.425 3498142.736 385.374 0  800e
566631.523 3498143.872 385.543 0  850e
566680.360 3498160.823 385.602 0  900e
566787.010 3498154.761 384.362 0  1000e
566830.775 3498161.510 384.422 0  1050e
566880.491 3498150.378 386.111 0  1100e
566927.031 3498159.459 383.726 0  1150e
566976.662 3498162.718 386.015 0  1200e
567027.378 3498166.066 385.000 0  1250e
567077.728 3498168.518 385.385 0  1300e
567128.303 3498169.847 385.049 0  1350e
567179.920 3498168.448 384.986 0  1400
566486.919 3498146.234 385.113 0  700e
566428.858 3498129.411 385.519 0  650e
566382.545 3498137.736 385.453 0  600e
566333.044 3498091.106 386.058 0  550e
566276.116 3498121.573 386.657 0  500e
566230.900 3498122.958 386.753 0  450e
566182.328 3498135.483 386.155 0  400e
566130.108 3498128.443 387.675 0  350e
565981.174 3498116.150 386.914 0  200e
565931.244 3498119.295 387.637 0  150e
565880.790 3498114.265 387.011 0  100e
565929.776 3498116.480 385.711 0  50e
567225.785 3498170.622 383.526 0  1450e
567275.294 3498179.184 382.766 0  1500e
567324.040 3498178.438 385.254 0  1550e
567375.309 3498172.883 383.546 0  1600e
567426.937 3498178.020 383.534 0  1650e
567474.360 3498181.940 384.025 0  1700e
567525.731 3498183.003 383.147 0  1750e
