566530.874 3498140.754 385.835 0  750e
566583.433 3498142.725 385.362 0  800e
566631.523 3498143.872 385.543 0  850e
566680.359 3498160.829 385.613 0  900e
566787.005 3498154.764 384.220 0  1000e
566830.777 3498161.516 384.427 0  1050e
566880.746 3498150.120 385.698 0  1100e
566927.030 3498159.458 383.722 0  1150e
566976.645 3498162.705 386.006 0  1200e
567027.378 3498166.067 384.999 0  1250e
567077.696 3498168.496 385.305 0  1300e
567128.295 3498169.777 384.972 0  1350e
567179.917 3498168.447 384.978 0  1400
