566754.325 3498494.440 380.672 0  
566723.649 3498486.920 384.096 0  
566727.142 3498435.760 385.857 0  
566733.769 3498383.830 385.360 0  
566735.856 3498340.911 385.442 0  
566734.892 3498286.473 385.772 0  
566735.124 3498234.145 385.841 0  
566734.814 3498175.253 386.966 0  
566743.864 3498142.311 387.276 0  
566744.432 3498050.328 387.685 0  
566743.417 3497996.645 387.883 0  
566745.955 3497943.374 389.089 0  
566748.446 3497885.639 390.232 0  
566750.512 3497827.248 389.948 0  
566752.425 3497755.785 389.732 0  
566753.136 3497695.913 390.928 0  
566756.217 3497645.025 391.206 0  
566758.989 3497588.575 392.320 0  
566760.735 3497538.440 391.996 0  
566761.833 3497471.989 392.460 0  
566765.119 3497417.197 392.863 0  
566768.259 3497358.260 393.719 0  
566770.721 3497303.677 395.299 0  
566772.863 3497250.017 395.232 0  
566771.894 3497210.462 394.994 0  
566773.289 3497175.141 395.702 0  
566828.615 3497190.110 395.132 0  
566875.205 3497188.646 395.313 0  
566931.592 3497189.399 395.310 0  
566983.461 3497191.352 394.593 0  
567038.638 3497192.363 394.459 0  
567092.674 3497194.190 394.161 0  
567147.505 3497195.566 393.835 0  
567200.638 3497199.134 393.793 0  
567255.738 3497198.732 393.664 0  
567310.615 3497202.920 393.534 0  
567380.764 3497204.835 393.149 0  
567434.822 3497205.364 393.240 0  
567491.777 3497207.209 393.974 0  
567546.566 3497211.639 392.032 0  
567600.949 3497214.800 391.581 0  
567654.480 3497213.979 393.218 0  
567707.156 3497217.771 391.434 0  
567772.432 3497218.775 391.165 0  
567823.459 3497220.212 390.665 0  
567878.074 3497222.576 392.366 0  
567929.790 3497224.001 391.152 0  
567984.396 3497223.909 392.242 0  
567982.838 3497271.983 391.404 0  
567972.658 3497323.007 390.654 0  
567961.868 3497400.641 390.025 0  
567958.744 3497454.057 390.157 0  
567944.100 3497511.225 389.701 0  
567935.857 3497564.496 389.443 0  
567929.356 3497617.541 388.552 0  
567920.654 3497669.614 388.407 0  
567910.862 3497720.609 388.224 0  
567902.567 3497784.164 387.337 0  
567895.774 3497836.631 387.526 0  
567891.236 3497891.740 386.781 0  
567884.311 3497941.942 387.337 0  
567880.603 3497992.205 386.568 0  
567880.552 3498046.677 386.570 0  
567866.407 3498100.394 387.494 0  
567859.620 3498172.495 386.845 0  
567850.491 3498245.339 385.082 0  
567798.029 3498236.948 385.162 0  
567739.269 3498233.391 386.058 0  
567697.208 3498252.463 383.728 0  
567655.279 3498283.710 383.604 0  
567609.747 3498313.307 383.098 0  
567560.718 3498338.535 383.278 0  
567533.494 3498385.820 382.377 0  
567517.278 3498433.924 381.205 0  
567499.112 3498481.099 381.928 0  
567486.381 3498512.026 380.615 0  
567426.524 3498509.501 380.844 0  
567369.255 3498511.596 380.986 0  
567321.039 3498508.494 379.945 0  
567285.147 3498497.540 381.787 0  
567235.126 3498494.944 382.359 0  
567182.869 3498502.921 382.543 0  
567130.132 3498497.732 381.896 0  
567076.278 3498497.886 381.524 0  
567022.853 3498491.182 381.830 0  
566969.722 3498490.481 381.752 0  
566916.986 3498489.519 382.000 0  
566864.972 3498489.331 382.267 0  
566811.139 3498485.174 383.044 0  
566761.145 3498494.939 382.445 0  
