ls

ls
<CR>
         TIME          Size       File name 
----A 2021/10/30 14:49      8680  1030
----A 2021/10/30 10:09    128000  10300954
----A 2021/10/30 10:26    128000  10301011
----A 2021/10/30 10:43    128000  10301028
----A 2021/10/30 11:00    128000  10301045
----A 2021/10/30 11:17    128000  10301102
----A 2021/10/30 11:34    128000  10301119
----A 2021/10/30 11:51    128000  10301136
----A 2021/10/30 12:08    128000  10301153
----A 2021/10/30 12:25    128000  10301210
----A 2021/10/30 12:42    128000  10301227
----A 2021/10/30 12:59    128000  10301244
----A 2021/10/30 13:16    128000  10301301
----A 2021/10/30 13:33    128000  10301318
----A 2021/10/30 13:50    128000  10301335
----A 2021/10/30 14:07    128000  10301352
----A 2021/10/30 14:24    128000  10301409
----A 2021/10/30 14:41    128000  10301426
----A 2021/10/30 14:43      2560  10301443

  19 File(s),   2187240 bytes total
   0 Dir(s),     998368K bytes free

/> 
read 1030
read 1030
<CR>Time:2021/10/30 14:43
Hours Minutes Seconds  Nb_Samples    Aver. Current 
9 37 46 12 12626 
9 38 2 13 16432 
9 38 16 12 16613 
9 38 32 13 16975 
9 38 46 12 17036 
9 39 2 13 17036 
9 39 16 12 17036 
9 39 32 13 17036 
9 39 46 12 17036 
9 40 2 13 17036 
9 40 16 12 17036 
9 40 32 13 17036 
9 40 46 12 17036 
9 41 2 13 17036 
9 41 16 12 17036 
9 41 32 13 17036 
9 41 46 12 17036 
9 42 2 13 17036 
9 42 16 12 17036 
9 42 32 13 17036 
9 42 46 12 17036 
9 43 2 13 17036 
9 43 16 12 17036 
9 43 32 13 17036 
9 43 46 12 17036 
9 44 2 13 17036 
9 44 16 12 17036 
9 44 32 13 17036 
9 44 46 12 17036 
9 45 2 13 17036 
9 45 16 12 17036 
9 45 32 13 17036 
9 45 46 12 17036 
9 46 2 13 17036 
9 46 16 12 17036 
9 46 32 13 17036 
9 46 46 12 17036 
9 47 2 13 17036 
9 47 16 12 17036 
9 47 32 13 17036 
9 47 46 12 17036 
9 48 2 13 17036 
9 48 16 12 17036 
9 48 32 13 17036 
9 48 46 12 17036 
9 49 2 13 17036 
9 49 16 12 17036 
9 49 32 13 16975 
9 49 46 12 16975 
9 50 2 13 16975 
9 50 16 12 17036 
9 50 32 13 17036 
9 50 46 12 16975 
9 51 2 13 16975 
9 51 16 12 16975 
9 51 32 13 16975 
9 51 46 12 17036 
9 52 2 13 16975 
9 54 34 13 16975 
9 54 48 12 16975 
9 55 4 13 16975 
9 55 18 12 16975 
9 55 34 13 16975 
9 55 48 12 16975 
9 56 4 13 16975 
9 56 18 12 16975 
9 56 34 13 16975 
9 56 48 12 16975 
9 57 4 13 16975 
9 57 18 12 16975 
9 57 34 13 16975 
9 57 48 12 16975 
9 58 4 13 16975 
9 58 18 12 16975 
9 58 34 13 16975 
9 58 48 12 16975 
9 59 4 13 16975 
9 59 18 12 16975 
9 59 34 13 16975 
9 59 48 12 16975 
10 0 4 13 16975 
10 0 18 12 16975 
10 0 34 13 16975 
10 0 48 12 16975 
10 1 4 13 16975 
10 1 18 12 16975 
10 1 34 13 16975 
10 1 48 12 16975 
10 2 4 13 16975 
10 2 18 12 16975 
10 2 34 13 16975 
10 2 48 12 16975 
10 3 4 13 16975 
10 3 18 12 16975 
10 3 34 13 16975 
10 3 48 12 16975 
10 4 4 13 16975 
10 4 18 12 16975 
10 4 34 13 16975 
10 4 48 12 16975 
10 5 4 13 16975 
10 5 18 12 16975 
10 5 34 13 16975 
10 5 48 12 16975 
10 6 4 13 16975 
10 6 18 12 16975 
10 6 34 13 16975 
10 6 48 12 16975 
10 7 4 13 16975 
10 7 18 12 16975 
10 7 34 13 16975 
10 7 48 12 16975 
10 8 4 13 16975 
10 8 18 12 16975 
10 8 34 13 16975 
10 8 48 12 16975 
10 9 4 13 16975 
10 11 35 13 16975 
10 11 49 12 16975 
10 12 5 13 16975 
10 12 19 12 16975 
10 12 35 13 16975 
10 12 49 12 16975 
10 13 5 13 16975 
10 13 19 12 16975 
10 13 35 13 16975 
10 13 49 12 16975 
10 14 5 13 16975 
10 14 19 12 16975 
10 14 35 13 16975 
10 14 49 12 16975 
10 15 5 13 16975 
10 15 19 12 16975 
10 15 35 13 16975 
10 15 49 12 16975 
10 16 5 13 16975 
10 16 19 12 16975 
10 16 35 13 16975 
10 16 49 12 16975 
10 17 5 13 16975 
10 17 19 12 16975 
10 17 35 13 16975 
10 17 49 12 16975 
10 18 5 13 16975 
10 18 19 12 16975 
10 18 35 13 16975 
10 18 49 12 16975 
10 19 5 13 16975 
10 19 19 12 16975 
10 19 35 13 16975 
10 19 49 12 16975 
10 20 5 13 16975 
10 20 19 12 16975 
10 20 35 13 16975 
10 20 49 12 16975 
10 21 5 13 16975 
10 21 19 12 16975 
10 21 35 13 16975 
10 21 49 12 16975 
10 22 5 13 16975 
10 22 19 12 16975 
10 22 35 13 16975 
10 22 49 12 16975 
10 23 5 13 16975 
10 23 19 12 16975 
10 23 35 13 16975 
10 23 49 12 16975 
10 24 5 13 16975 
10 24 19 12 16975 
10 24 35 13 16975 
10 24 49 12 16975 
10 25 5 13 16975 
10 25 19 12 16975 
10 25 35 13 16975 
10 25 49 12 16975 
10 26 5 13 16975 
10 28 36 13 16975 
10 28 51 12 16975 
10 29 6 13 16975 
10 29 21 12 16975 
10 29 36 13 16975 
10 29 51 12 16975 
10 30 6 13 16975 
10 30 21 12 16975 
10 30 36 13 16975 
10 30 51 12 16975 
10 31 6 13 16975 
10 31 21 12 16975 
10 31 36 13 16975 
10 31 51 12 16975 
10 32 6 13 16975 
10 32 21 12 16975 
10 32 36 13 16975 
10 32 51 12 16975 
10 33 6 13 16975 
10 33 21 12 16975 
10 33 36 13 16975 
10 33 51 12 16975 
10 34 6 13 16975 
10 34 21 12 16975 
10 34 36 13 16975 
10 34 51 12 16975 
10 35 6 13 16975 
10 35 21 12 16975 
10 35 36 13 16975 
10 35 51 12 16975 
10 36 6 13 16975 
10 36 21 12 16975 
10 36 36 13 16975 
10 36 51 12 16975 
10 37 6 13 16975 
10 37 21 12 16975 
10 37 36 13 16975 
10 37 51 12 16975 
10 38 6 13 16975 
10 38 21 12 16975 
10 38 36 13 16975 
10 38 51 12 16975 
10 39 6 13 16975 
10 39 21 12 16975 
10 39 36 13 16975 
10 39 51 12 16975 
10 40 6 13 16975 
10 40 21 12 16975 
10 40 36 13 16975 
10 40 51 12 16975 
10 41 6 13 16975 
10 41 21 12 16975 
10 41 36 13 16975 
10 41 51 12 16975 
10 42 6 13 16975 
10 42 21 12 16975 
10 42 36 13 16975 
10 42 51 12 16975 
10 43 6 13 16975 
10 45 38 13 16975 
10 45 52 12 16975 
10 46 8 13 16975 
10 46 22 12 16975 
10 46 38 13 16975 
10 46 52 12 16975 
10 47 8 13 16975 
10 47 22 12 16975 
10 47 38 13 16975 
10 47 52 12 16975 
10 48 8 13 16975 
10 48 22 12 16975 
10 48 38 13 16975 
10 48 52 12 16975 
10 49 8 13 16975 
10 49 22 12 16975 
10 49 38 13 16975 
10 49 52 12 16975 
10 50 8 13 16975 
10 50 22 12 16975 
10 50 38 13 16975 
10 50 52 12 16975 
10 51 8 13 16975 
10 51 22 12 16975 
10 51 38 13 16975 
10 51 52 12 16975 
10 52 8 13 16975 
10 52 22 12 16975 
10 52 38 13 16975 
10 52 52 12 16975 
10 53 8 13 16975 
10 53 22 12 16975 
10 53 38 13 16975 
10 53 52 12 16975 
10 54 8 13 16975 
10 54 22 12 16975 
10 54 38 13 16975 
10 54 52 12 16975 
10 55 8 13 16975 
10 55 22 12 16975 
10 55 38 13 16975 
10 55 52 12 16975 
10 56 8 13 16975 
10 56 22 12 16975 
10 56 38 13 16975 
10 56 52 12 16975 
10 57 8 13 16975 
10 57 22 12 16975 
10 57 38 13 16975 
10 57 52 12 16975 
10 58 8 13 16975 
10 58 22 12 16975 
10 58 38 13 16975 
10 58 52 12 16975 
10 59 8 13 16975 
10 59 22 12 16975 
10 59 38 13 16975 
10 59 52 12 16975 
11 0 8 13 16975 
11 2 38 13 16975 
11 2 52 12 16975 
11 3 8 13 16975 
11 3 22 12 16975 
11 3 38 13 16975 
11 3 52 12 16975 
11 4 8 13 16975 
11 4 22 12 16975 
11 4 38 13 16975 
11 4 52 12 16975 
11 5 8 13 16975 
11 5 22 12 16975 
11 5 38 13 16975 
11 5 52 12 16975 
11 6 8 13 16975 
11 6 22 12 16975 
11 6 38 13 16975 
11 6 52 12 16975 
11 7 8 13 16975 
11 7 22 12 16975 
11 7 38 13 16975 
11 7 52 12 16975 
11 8 8 13 16975 
11 8 22 12 16975 
11 8 38 13 16975 
11 8 52 12 16975 
11 9 8 13 16975 
11 9 22 12 16975 
11 9 38 13 16975 
11 9 52 12 16975 
11 10 8 13 16975 
11 10 22 12 16975 
11 10 38 13 16975 
11 10 52 12 16975 
11 11 8 13 16975 
11 11 22 12 16975 
11 11 38 13 16975 
11 11 52 12 16975 
11 12 8 13 16975 
11 12 22 12 16975 
11 12 38 13 16975 
11 12 52 12 16975 
11 13 8 13 16975 
11 13 22 12 16975 
11 13 38 13 16975 
11 13 52 12 16975 
11 14 8 13 16975 
11 14 22 12 16975 
11 14 38 13 16975 
11 14 52 12 16975 
11 15 8 13 16975 
11 15 22 12 16975 
11 15 38 13 16975 
11 15 52 12 16975 
11 16 8 13 16975 
11 16 22 12 16975 
11 16 38 13 16975 
11 16 52 12 16975 
11 17 8 13 16975 
11 19 38 13 16975 
11 19 52 12 16975 
11 20 8 13 16975 
11 20 22 12 16975 
11 20 38 13 16975 
11 20 52 12 16975 
11 21 8 13 16975 
11 21 22 12 16975 
11 21 38 13 16975 
11 21 52 12 16975 
11 22 8 13 16975 
11 22 22 12 16975 
11 22 38 13 16975 
11 22 52 12 16975 
11 23 8 13 16975 
11 23 22 12 16975 
11 23 38 13 16975 
11 23 52 12 16975 
11 24 8 13 16975 
11 24 22 12 16975 
11 24 38 13 16975 
11 24 52 12 16975 
11 25 8 13 16975 
11 25 22 12 16975 
11 25 38 13 16975 
11 25 52 12 16975 
11 26 8 13 16975 
11 26 22 12 16975 
11 26 38 13 16975 
11 26 52 12 16975 
11 27 8 13 16975 
11 27 22 12 16975 
11 27 38 13 16975 
11 27 52 12 16975 
11 28 8 13 16975 
11 28 22 12 16975 
11 28 38 13 16975 
11 28 52 12 16975 
11 29 8 13 16975 
11 29 22 12 16975 
11 29 38 13 16975 
11 29 52 12 16975 
11 30 8 13 16975 
11 30 22 12 16975 
11 30 38 13 16975 
11 30 52 12 16975 
11 31 8 13 16975 
11 31 22 12 16975 
11 31 38 13 16975 
11 31 52 12 16975 
11 32 8 13 16975 
11 32 22 12 16975 
11 32 38 13 16975 
11 32 52 12 16975 
11 33 8 13 16975 
11 33 22 12 16975 
11 33 38 13 16975 
11 33 52 12 16975 
11 34 8 13 16975 
11 36 39 13 16975 
11 36 53 12 16975 
11 37 9 13 16975 
11 37 23 12 16975 
11 37 39 13 16975 
11 37 53 12 16975 
11 38 9 13 16975 
11 38 23 12 16975 
11 38 39 13 16975 
11 38 53 12 16975 
11 39 9 13 16975 
11 39 23 12 16975 
11 39 39 13 16975 
11 39 53 12 16975 
11 40 9 13 16975 
11 40 23 12 16975 
11 40 39 13 16975 
11 40 53 12 16975 
11 41 9 13 16975 
11 41 23 12 16975 
11 41 39 13 16975 
11 41 53 12 16975 
11 42 9 13 16975 
11 42 23 12 16975 
11 42 39 13 16975 
11 42 53 12 16975 
11 43 9 13 16975 
11 43 23 12 16975 
11 43 39 13 16975 
11 43 53 12 16975 
11 44 9 13 16975 
11 44 23 12 16975 
11 44 39 13 16975 
11 44 53 12 16975 
11 45 9 13 16975 
11 45 23 12 16975 
11 45 39 13 16975 
11 45 53 12 16975 
11 46 9 13 16975 
11 46 23 12 16975 
11 46 39 13 16975 
11 46 53 12 16975 
11 47 9 13 16975 
11 47 23 12 16975 
11 47 39 13 16975 
11 47 53 12 16975 
11 48 9 13 16975 
11 48 23 12 16975 
11 48 39 13 16975 
11 48 53 12 16975 
11 49 9 13 16975 
11 49 23 12 16975 
11 49 39 13 16975 
11 49 53 12 16975 
11 50 9 13 16975 
11 50 23 12 16975 
11 50 39 13 16975 
11 50 53 12 16975 
11 51 9 13 16975 
11 53 39 13 16975 
11 53 53 12 16975 
11 54 9 13 16975 
11 54 23 12 16975 
11 54 39 13 16975 
11 54 53 12 16975 
11 55 9 13 16975 
11 55 23 12 16975 
11 55 39 13 16975 
11 55 53 12 16975 
11 56 9 13 16975 
11 56 23 12 16975 
11 56 39 13 16975 
11 56 53 12 16975 
11 57 9 13 16975 
11 57 23 12 16975 
11 57 39 13 16975 
11 57 53 12 16975 
11 58 9 13 16975 
11 58 23 12 16975 
11 58 39 13 16975 
11 58 53 12 16975 
11 59 9 13 16975 
11 59 23 12 16975 
11 59 39 13 16975 
11 59 53 12 16975 
12 0 9 13 16975 
12 0 23 12 16975 
12 0 39 13 16975 
12 0 53 12 16975 
12 1 9 13 16975 
12 1 23 12 16975 
12 1 39 13 16975 
12 1 53 12 16975 
12 2 9 13 16975 
12 2 23 12 16975 
12 2 39 13 16975 
12 2 53 12 16975 
12 3 9 13 16975 
12 3 23 12 16975 
12 3 39 13 16975 
12 3 53 12 16975 
12 4 9 13 16975 
12 4 23 12 16975 
12 4 39 13 16975 
12 4 53 12 16975 
12 5 9 13 16975 
12 5 23 12 16975 
12 5 39 13 16975 
12 5 53 12 16975 
12 6 9 13 16975 
12 6 23 12 16975 
12 6 39 13 16975 
12 6 53 12 16975 
12 7 9 13 16975 
12 7 23 12 16975 
12 7 39 13 16975 
12 7 53 12 16975 
12 8 9 13 16975 
12 10 39 13 16975 
12 10 53 12 16975 
12 11 9 13 16975 
12 11 23 12 16975 
12 11 39 13 16975 
12 11 53 12 16975 
12 12 9 13 16975 
12 12 23 12 16975 
12 12 39 13 16975 
12 12 53 12 16975 
12 13 9 13 16975 
12 13 23 12 16975 
12 13 39 13 16975 
12 13 53 12 16975 
12 14 9 13 16975 
12 14 23 12 16975 
12 14 39 13 16975 
12 14 53 12 16975 
12 15 9 13 16975 
12 15 23 12 16975 
12 15 39 13 16975 
12 15 53 12 16975 
12 16 9 13 16975 
12 16 23 12 16975 
12 16 39 13 16975 
12 16 53 12 16975 
12 17 9 13 16975 
12 17 23 12 16975 
12 17 39 13 16975 
12 17 53 12 16975 
12 18 9 13 16975 
12 18 23 12 16975 
12 18 39 13 16975 
12 18 53 12 16975 
12 19 9 13 16975 
12 19 23 12 16975 
12 19 39 13 16975 
12 19 53 12 16975 
12 20 9 13 16975 
12 20 23 12 16975 
12 20 39 13 16975 
12 20 53 12 16975 
12 21 9 13 16975 
12 21 23 12 16975 
12 21 39 13 16975 
12 21 53 12 16975 
12 22 9 13 16975 
12 22 23 12 16975 
12 22 39 13 16975 
12 22 53 12 16975 
12 23 9 13 16975 
12 23 23 12 16975 
12 23 39 13 16975 
12 23 53 12 16975 
12 24 9 13 16975 
12 24 23 12 16975 
12 24 39 13 16975 
12 24 53 12 16975 
12 25 9 13 16975 
12 27 40 13 16975 
12 27 54 12 16975 
12 28 10 13 16975 
12 28 24 12 16975 
12 28 40 13 16975 
12 28 54 12 16975 
12 29 10 13 16975 
12 29 24 12 16975 
12 29 40 13 16975 
12 29 54 12 16975 
12 30 10 13 16975 
12 30 24 12 16975 
12 30 40 13 16975 
12 30 54 12 16975 
12 31 10 13 16975 
12 31 24 12 16975 
12 31 40 13 16975 
12 31 54 12 16975 
12 32 10 13 16975 
12 32 24 12 16975 
12 32 40 13 16975 
12 32 54 12 16975 
12 33 10 13 16975 
12 33 24 12 16975 
12 33 40 13 16975 
12 33 54 12 16975 
12 34 10 13 16975 
12 34 24 12 16975 
12 34 40 13 16975 
12 34 54 12 16975 
12 35 10 13 16975 
12 35 24 12 16975 
12 35 40 13 16975 
12 35 54 12 16975 
12 36 10 13 16975 
12 36 24 12 16975 
12 36 40 13 16975 
12 36 54 12 16975 
12 37 10 13 16975 
12 37 24 12 16975 
12 37 40 13 16975 
12 37 54 12 16975 
12 38 10 13 16975 
12 38 24 12 16975 
12 38 40 13 16975 
12 38 54 12 16975 
12 39 10 13 16975 
12 39 24 12 16975 
12 39 40 13 16975 
12 39 54 12 16975 
12 40 10 13 16975 
12 40 24 12 16975 
12 40 40 13 16975 
12 40 54 12 16975 
12 41 10 13 16975 
12 41 24 12 16975 
12 41 40 13 16975 
12 41 54 12 16975 
12 42 10 13 16975 
12 44 40 13 16975 
12 44 54 12 16975 
12 45 10 13 16975 
12 45 24 12 16975 
12 45 40 13 16975 
12 45 54 12 16975 
12 46 10 13 16975 
12 46 24 12 16975 
12 46 40 13 16975 
12 46 54 12 16975 
12 47 10 13 16975 
12 47 24 12 16975 
12 47 40 13 16975 
12 47 54 12 16975 
12 48 10 13 16975 
12 48 24 12 16975 
12 48 40 13 16975 
12 48 54 12 16975 
12 49 10 13 16975 
12 49 24 12 16975 
12 49 40 13 16975 
12 49 54 12 16975 
12 50 10 13 16975 
12 50 24 12 16975 
12 50 40 13 16975 
12 50 54 12 16975 
12 51 10 13 16975 
12 51 24 12 16975 
12 51 40 13 16975 
12 51 54 12 16975 
12 52 10 13 16975 
12 52 24 12 16975 
12 52 40 13 16975 
12 52 54 12 16975 
12 53 10 13 16975 
12 53 24 12 16975 
12 53 40 13 16975 
12 53 54 12 16975 
12 54 10 13 16975 
12 54 24 12 16975 
12 54 40 13 16975 
12 54 54 12 16975 
12 55 10 13 16975 
12 55 24 12 16975 
12 55 40 13 16975 
12 55 54 12 16975 
12 56 10 13 16975 
12 56 24 12 16975 
12 56 40 13 16975 
12 56 54 12 16975 
12 57 10 13 16975 
12 57 24 12 16975 
12 57 40 13 16975 
12 57 54 12 16975 
12 58 10 13 16975 
12 58 24 12 16975 
12 58 40 13 16975 
12 58 54 12 16975 
12 59 10 13 16975 
13 1 40 13 16975 
13 1 54 12 16975 
13 2 10 13 16975 
13 2 24 12 16975 
13 2 40 13 16975 
13 2 54 12 16975 
13 3 10 13 16975 
13 3 24 12 16975 
13 3 40 13 16975 
13 3 54 12 16975 
13 4 10 13 16975 
13 4 24 12 16975 
13 4 40 13 16975 
13 4 54 12 16975 
13 5 10 13 16975 
13 5 24 12 16975 
13 5 40 13 16975 
13 5 54 12 16975 
13 6 10 13 16975 
13 6 24 12 16975 
13 6 40 13 16975 
13 6 54 12 16975 
13 7 10 13 16975 
13 7 24 12 16975 
13 7 40 13 16975 
13 7 54 12 16975 
13 8 10 13 16975 
13 8 24 12 16975 
13 8 40 13 16975 
13 8 54 12 16975 
13 9 10 13 16975 
13 9 24 12 16975 
13 9 40 13 16975 
13 9 54 12 16975 
13 10 10 13 16975 
13 10 24 12 16975 
13 10 40 13 16975 
13 10 54 12 16975 
13 11 10 13 16975 
13 11 24 12 16975 
13 11 40 13 16975 
13 11 54 12 16975 
13 12 10 13 16975 
13 12 24 12 16975 
13 12 40 13 16975 
13 12 54 12 16975 
13 13 10 13 16975 
13 13 24 12 16975 
13 13 40 13 16975 
13 13 54 12 16975 
13 14 10 13 16975 
13 14 24 12 16975 
13 14 40 13 16975 
13 14 54 12 16975 
13 15 10 13 16975 
13 15 24 12 16975 
13 15 40 13 16975 
13 15 54 12 16975 
13 16 10 13 16975 
13 18 41 13 16975 
13 18 56 12 16975 
13 19 11 13 16975 
13 19 26 12 16975 
13 19 41 13 16975 
13 19 56 12 16975 
13 20 11 13 16975 
13 20 26 12 16975 
13 20 41 13 16975 
13 20 56 12 16975 
13 21 11 13 16975 
13 21 26 12 16975 
13 21 41 13 16975 
13 21 56 12 16975 
13 22 11 13 16975 
13 22 26 12 16975 
13 22 41 13 16975 
13 22 56 12 16975 
13 23 11 13 16975 
13 23 26 12 16975 
13 23 41 13 16975 
13 23 56 12 16975 
13 24 11 13 16975 
13 24 26 12 16975 
13 24 41 13 16975 
13 24 56 12 16975 
13 25 11 13 16975 
13 25 26 12 16975 
13 25 41 13 16975 
13 25 56 12 16975 
13 26 11 13 16975 
13 26 26 12 16975 
13 26 41 13 16975 
13 26 56 12 16975 
13 27 11 13 16975 
13 27 26 12 16975 
13 27 41 13 16975 
13 27 56 12 16975 
13 28 11 13 16975 
13 28 26 12 16975 
13 28 41 13 16975 
13 28 56 12 16975 
13 29 11 13 16975 
13 29 26 12 16975 
13 29 41 13 16975 
13 29 56 12 16975 
13 30 11 13 16975 
13 30 26 12 16975 
13 30 41 13 16975 
13 30 56 12 16975 
13 31 11 13 16975 
13 31 26 12 16975 
13 31 41 13 16975 
13 31 56 12 16975 
13 32 11 13 16975 
13 32 26 12 16975 
13 32 41 13 16975 
13 32 56 12 16975 
13 33 11 13 16975 
13 35 41 13 16975 
13 35 56 12 16975 
13 36 11 13 16975 
13 36 26 12 16975 
13 36 41 13 16975 
13 36 56 12 16975 
13 37 11 13 16975 
13 37 26 12 16975 
13 37 41 13 16975 
13 37 56 12 16975 
13 38 11 13 16975 
13 38 26 12 16975 
13 38 41 13 16975 
13 38 56 12 16975 
13 39 11 13 16975 
13 39 26 12 16975 
13 39 41 13 16975 
13 39 56 12 16975 
13 40 11 13 16975 
13 40 26 12 16975 
13 40 41 13 16975 
13 40 56 12 16975 
13 41 11 13 16975 
13 41 26 12 16975 
13 41 41 13 16975 
13 41 56 12 16975 
13 42 11 13 16975 
13 42 26 12 16975 
13 42 41 13 16975 
13 42 56 12 16975 
13 43 11 13 16975 
13 43 26 12 16975 
13 43 41 13 16975 
13 43 56 12 16975 
13 44 11 13 16975 
13 44 26 12 16975 
13 44 41 13 16975 
13 44 56 12 16975 
13 45 11 13 16975 
13 45 26 12 16975 
13 45 41 13 16975 
13 45 56 12 16975 
13 46 11 13 16975 
13 46 26 12 16975 
13 46 41 13 16975 
13 46 56 12 16975 
13 47 11 13 16975 
13 47 26 12 16975 
13 47 41 13 16975 
13 47 56 12 16975 
13 48 11 13 16975 
13 48 26 12 16975 
13 48 41 13 16975 
13 48 56 12 16975 
13 49 11 13 16975 
13 49 26 12 16975 
13 49 41 13 16975 
13 49 56 12 16975 
13 50 11 13 16975 
13 52 41 13 16975 
13 52 56 12 16975 
13 53 11 13 16975 
13 53 26 12 16975 
13 53 41 13 16975 
13 53 56 12 16975 
13 54 11 13 16975 
13 54 26 12 16975 
13 54 41 13 16975 
13 54 56 12 16975 
13 55 11 13 16975 
13 55 25 12 16975 
13 55 41 13 16975 
13 55 56 12 16975 
13 56 11 13 16975 
13 56 26 12 16975 
13 56 41 13 16975 
13 56 56 12 16975 
13 57 11 13 16975 
13 57 26 12 16975 
13 57 41 13 16975 
13 57 56 12 16975 
13 58 11 13 16975 
13 58 26 12 16975 
13 58 41 13 16975 
13 58 56 12 16975 
13 59 11 13 16975 
13 59 26 12 16975 
13 59 41 13 16975 
13 59 56 12 16975 
14 0 11 13 16975 
14 0 26 12 16975 
14 0 41 13 16975 
14 0 56 12 16975 
14 1 11 13 16975 
14 1 26 12 16975 
14 1 41 13 16975 
14 1 56 12 16975 
14 2 11 13 16975 
14 2 26 12 16975 
14 2 41 13 16975 
14 2 56 12 16975 
14 3 11 13 16975 
14 3 26 12 16975 
14 3 41 13 16975 
14 3 56 12 16975 
14 4 11 13 16975 
14 4 26 12 16975 
14 4 41 13 16975 
14 4 56 12 16975 
14 5 11 13 16975 
14 5 26 12 16975 
14 5 41 13 16975 
14 5 56 12 16975 
14 6 11 13 16975 
14 6 26 12 16975 
14 6 41 13 16975 
14 6 56 12 16975 
14 7 11 13 16975 
14 9 42 13 16975 
14 9 57 12 16975 
14 10 12 13 16975 
14 10 27 12 16975 
14 10 42 13 16975 
14 10 57 12 16975 
14 11 12 13 16975 
14 11 27 12 16975 
14 11 42 13 16975 
14 11 57 12 16975 
14 12 12 13 16975 
14 12 27 12 16975 
14 12 42 13 16975 
14 12 57 12 16975 
14 13 12 13 16975 
14 13 27 12 16975 
14 13 42 13 16975 
14 13 57 12 16975 
14 14 12 13 16975 
14 14 27 12 16975 
14 14 42 13 16975 
14 14 57 12 16975 
14 15 12 13 16975 
14 15 27 12 16975 
14 15 42 13 16975 
14 15 57 12 16975 
14 16 12 13 16975 
14 16 27 12 16975 
14 16 42 13 16975 
14 16 57 12 16975 
14 17 12 13 16975 
14 17 27 12 16975 
14 17 42 13 16975 
14 17 57 12 16975 
14 18 12 13 16975 
14 18 27 12 16975 
14 18 42 13 16975 
14 18 57 12 16975 
14 19 12 13 16975 
14 19 27 12 16975 
14 19 42 13 16975 
14 19 57 12 16975 
14 20 12 13 16975 
14 20 27 12 16975 
14 20 42 13 16975 
14 20 57 12 16975 
14 21 12 13 16975 
14 21 27 12 16975 
14 21 42 13 16975 
14 21 57 12 16975 
14 22 12 13 16975 
14 22 27 12 17036 
14 22 42 13 16975 
14 22 57 12 16975 
14 23 12 13 16975 
14 23 27 12 16975 
14 23 42 13 16975 
14 23 57 12 16975 
14 24 12 13 16975 
14 26 42 13 16975 
14 26 57 12 16975 
14 27 12 13 16975 
14 27 27 12 16975 
14 27 42 13 16975 
14 27 57 12 16975 
14 28 12 13 16975 
14 28 27 12 16975 
14 28 42 13 16975 
14 28 57 12 16975 
14 29 12 13 16975 
14 29 27 12 16975 
14 29 42 13 16975 
14 29 57 12 16975 
14 30 12 13 16975 
14 30 27 12 16975 
14 30 42 13 16975 
14 30 57 12 16975 
14 31 12 13 16975 
14 31 27 12 16975 
14 31 42 13 16975 
14 31 57 12 16975 
14 32 12 13 16975 
14 32 27 12 16975 
14 32 42 13 16975 
14 32 57 12 16975 
14 33 12 13 16975 
14 33 27 12 16975 
14 33 42 13 16975 
14 33 57 12 16975 
14 34 12 13 16975 
14 34 27 12 16975 
14 34 42 13 16975 
14 34 57 12 16975 
14 35 12 13 16975 
14 35 27 12 16975 
14 35 42 13 16975 
14 35 57 12 16975 
14 36 12 13 16975 
14 36 27 12 16975 
14 36 42 13 16975 
14 36 57 12 16975 
14 37 12 13 16975 
14 37 27 12 16975 
14 37 42 13 16975 
14 37 57 12 16975 
14 38 12 13 16975 
14 38 27 12 16975 
14 38 42 13 16975 
14 38 57 12 16975 
14 39 12 13 16975 
14 39 27 12 16975 
14 39 42 13 16975 
14 39 57 12 16975 
14 40 12 13 16975 
14 40 27 12 16975 
14 40 42 13 16975 
14 40 57 12 16975 
14 41 12 13 16975 
14 43 42 13 16975 
14 43 57 12 16975 
14 44 12 13 16975 
14 44 27 12 16975 
14 44 42 13 16975 
14 44 57 12 16975 
14 45 12 13 16975 
14 45 27 12 16975 
14 45 42 13 16975 
14 45 57 12 16975 
14 46 12 13 16975 
14 46 27 12 16975 
14 46 42 13 16975 
14 46 57 12 16975 
14 47 12 13 17036 
14 47 27 12 17036 
14 47 42 13 16975 
14 47 57 12 17036 
14 48 12 13 16975 
14 48 27 12 16975 
14 48 42 13 16975 
14 48 57 12 16975 
14 49 12 13 16975 
14 49 27 12 16975 

/> 
read_ramp 10301301
read_ramp 10301301
<CR>Time:2021/10/30 14:43Ramp data first polarity: 
230 230 229 229 229 229 229 229 229 230 229 228 229 229 230 229 228 230 229 229 230 229 230 229 230 230 227 229 230 228 229 229 228 229 229 229 229 229 229 229 229 229 229 229 230 230 230 229 229 229 229 229 229 229 229 229 229 229 229 229 229 228 229 229 229 229 232 234 235 238 241 244 245 248 251 254 256 258 259 261 263 263 266 267 269 270 272 273 274 277 278 280 281 284 285 286 288 289 292 293 294 296 297 299 301 302 304 306 307 309 310 312 313 315 317 319 321 322 324 325 327 330 331 332 333 335 336 338 340 341 341 344 346 346 349 351 351 354 356 358 359 361 362 363 365 367 368 370 371 373 374 376 378 379 381 383 384 385 387 388 390 392 394 395 398 398 400 402 403 404 407 407 409 410 412 413 414 416 417 418 421 422 424 425 427 429 430 432 433 435 436 438 439 441 442 443 445 446 447 450 451 453 453 455 457 458 460 461 462 465 466 468 470 471 472 473 474 476 477 478 480 481 483 484 485 488 489 490 491 493 494 494 497 499 501 502 503 504 506 507 509 509 511 511 510 512 512 511 513 511 507 511 512 512 511 511 512 512 512 512 512 512 511 511 512 512 511 511 510 512 511 511 512 511 511 511 511 511 511 511 511 512 511 511 511 511 511 512 512 512 511 511 512 511 511 512 511 512 512 511 511 511 511 512 512 512 512 511 511 511 512 511 511 512 511 511 512 513 511 511 
ramp data second polarity
791 792 793 793 793 792 792 792 793 792 793 792 793 793 791 791 792 793 792 793 794 793 793 793 792 792 793 793 792 791 792 793 793 792 792 791 792 792 792 792 792 791 792 793 793 793 794 793 792 792 792 792 793 792 792 792 792 791 792 792 791 791 791 788 787 785 783 779 777 775 770 768 766 764 763 762 759 758 756 755 754 751 750 748 746 745 744 742 740 739 738 737 735 733 731 730 727 726 725 723 721 719 718 717 715 713 712 710 708 706 705 703 702 700 699 698 696 694 692 690 688 687 686 685 682 681 680 677 676 675 673 671 670 668 667 665 662 661 661 658 657 655 654 652 651 649 648 646 644 643 641 639 637 636 635 634 632 630 629 627 625 623 621 621 619 619 616 616 613 612 610 609 607 605 604 603 601 599 598 597 594 594 590 590 588 586 586 585 583 581 580 579 577 575 574 572 571 570 568 566 565 564 562 560 559 557 556 554 552 551 550 550 548 546 545 544 541 540 538 538 536 534 533 531 530 528 527 525 523 522 520 519 518 516 514 514 513 511 511 511 509 509 509 509 509 508 509 508 509 509 509 509 509 509 509 509 509 509 509 510 510 510 510 510 509 509 509 510 510 509 509 509 509 509 510 509 509 508 509 509 509 509 509 508 510 510 509 509 509 508 509 509 509 509 509 509 509 509 509 509 509 509 509 510 509 509 509 510 510 509 510 509 508 509 509 510 509 509 508 509 
Oscillation data first polarity :
788 786 782 779 777 774 770 768 767 765 762 762 760 758 756 755 754 752 751 749 747 745 744 742 741 739 738 737 735 733 731 730 728 727 725 724 722 720 718 716 714 713 711 709 708 706 705 703 702 701 699 697 695 693 692 691 689 688 686 685 684 681 681 678 677 675 673 671 670 669 667 665 663 663 660 659 658 656 654 652 651 650 648 647 645 644 641 640 638 636 635 633 632 630 629 627 625 623 622 621 619 618 616 615 613 612 611 610 607 607 606 602 601 600 599 597 596 594 593 591 589 588 586 584 583 581 580 578 577 576 575 573 572 570 569 566 565 564 561 560 559 557 556 555 553 552 550 549 547 546 545 543 541 540 539 538 536 535 534 531 531 529 527 526 524 522 521 520 518 517 515 514 514 511 511 511 510 509 510 510 510 509 510 508 509 509 509 509 510 509 509 510 509 509 509 509 509 509 509 510 509 510 510 510 510 510 510 509 510 510 509 509 510 509 510 510 510 510 509 509 509 510 509 509 509 510 510 511 510 510 509 509 509 509 510 509 509 510 510 509 509 510 509 509 510 510 509 509 509 510 510 510 509 510 509 509 509 509 510 509 509 509 509 510 509 510 509 509 509 509 509 509 509 510 510 509 511 510 510 510 510 509 510 509 510 509 509 510 509 509 509 509 510 510 509 509 509 510 510 510 510 510 509 509 510 510 510 509 510 510 510 509 509 509 509 510 509 509 510 509 
Oscillation data second polarity :
234 234 239 242 246 249 250 254 256 257 259 261 262 263 265 266 268 270 270 273 274 274 278 280 281 283 285 285 287 290 291 292 294 296 297 299 300 302 304 305 307 308 310 311 313 314 317 319 320 322 324 325 326 328 330 332 333 335 336 337 339 342 342 344 346 347 349 350 352 353 356 358 360 361 363 364 365 367 369 370 371 373 374 375 377 379 380 381 384 385 387 388 390 391 394 395 397 398 399 400 402 404 406 407 408 410 411 414 414 416 419 419 421 422 424 425 426 428 430 431 433 435 436 437 439 440 442 443 444 446 447 449 451 452 453 455 457 458 459 461 462 465 466 468 468 470 471 473 474 476 477 479 479 481 483 485 486 487 489 491 492 494 494 495 497 499 500 501 503 505 505 506 508 509 508 510 511 511 511 512 511 512 511 511 511 512 511 511 512 513 512 513 513 511 511 512 512 512 511 512 512 512 512 512 512 512 512 513 513 512 511 512 512 513 513 512 512 512 511 513 512 512 512 510 511 512 511 512 512 511 511 511 512 511 511 512 512 513 512 513 512 512 512 512 513 513 512 512 512 512 512 511 511 512 511 511 512 512 511 512 512 513 513 512 512 511 511 512 512 511 511 512 511 511 512 511 511 512 511 511 512 511 511 512 513 512 513 513 512 511 512 512 512 511 511 512 512 511 511 511 511 511 511 512 511 511 512 512 513 513 512 512 511 512 512 512 511 511 511 511 
/> 