<P> 538750.062 1363774.505 294.727 0  
<P> 538718.187 1363746.918 295.333 0  
<P> 538682.022 1363706.164 294.582 0  
<P> 538659.120 1363673.771 293.880 0  
<P> 538619.684 1363635.287 293.418 0  
<P> 538594.735 1363614.573 292.907 0  
<P> 538562.502 1363643.970 292.363 0  
<P> 538526.915 1363673.062 291.969 0  
<P> 538499.312 1363704.226 292.476 0  
<P> 538470.217 1363733.425 292.503 0  
<P> 538439.351 1363762.479 291.807 0  
<P> 538408.547 1363787.588 293.055 0  
<P> 538386.652 1363816.243 291.957 0  
<P> 538356.253 1363842.733 293.181 0  
<P> 538328.292 1363865.048 292.819 0  
<P> 538307.942 1363889.487 292.050 0  
<P> 538339.652 1363919.977 291.687 0  
<P> 538366.395 1363950.855 292.436 0  
<P> 538397.607 1363979.131 292.714 0  
<P> 538425.543 1364009.365 295.440 0  
<P> 538458.005 1364037.154 294.399 0  
<P> 538485.988 1364067.523 295.012 0  
<P> 538518.998 1364093.305 295.194 0  
<P> 538544.478 1364120.615 297.451 0  
<P> 538568.574 1364147.333 296.550 0  
<P> 538593.953 1364165.977 296.557 0  
<P> 538623.144 1364135.815 296.391 0  
<P> 538656.366 1364108.605 296.659 0  
<P> 538688.004 1364077.844 297.788 0  
<P> 538720.196 1364043.460 296.756 0  
<P> 538752.946 1364009.117 297.506 0  
<P> 538782.776 1363980.513 296.354 0  
<P> 538812.072 1363951.589 296.158 0  
<P> 538838.834 1363924.532 296.377 0  
<P> 538863.315 1363900.715 296.220 0  
<P> 538876.118 1363887.852 297.570 0  
<P> 538840.176 1363849.660 297.890 0  
<P> 538808.172 1363823.490 297.475 0  
<P> 538784.753 1363801.126 297.515 0  
<P> 538729.577 1363839.815 293.518 0  AF19003 COLLAR
