<P> 538849.643 1363544.329 291.063 0  AF19004-Collar
<L00> 538912.467 1363524.711 293.721 0
<L01> 538939.119 1363554.885 292.901 0  
<L02> 538981.115 1363580.632 295.014 0  
<L03> 539003.582 1363615.238 294.589 0  
<L04> 538968.263 1363653.631 295.137 0  
<L05> 538941.189 1363684.823 294.413 0  
<L06> 538908.599 1363716.815 295.221 0  
<L07> 538879.556 1363747.762 296.214 0  
<L08> 538843.936 1363781.682 294.203 0  
<L09> 538810.762 1363813.829 293.680 0  
<L10> 538784.807 1363848.362 293.245 0  
<L11> 538759.546 1363880.071 293.574 0  
<L12> 538724.552 1363907.181 292.740 0  
<L13> 538699.003 1363890.095 292.769 0  
<L14> 538671.221 1363860.132 293.399 0  
<L15> 538641.136 1363828.699 290.102 0  
<L16> 538611.975 1363796.652 291.090 0  
<L17> 538581.567 1363769.253 291.235 0  
<L18> 538557.012 1363745.398 291.441 0  
<L19> 538527.672 1363711.784 289.781 0  
<L20> 538499.389 1363678.855 289.656 0  
<L21> 538465.127 1363649.146 289.722 0  
<L22> 538449.339 1363609.821 289.186 0  
<L23> 538464.626 1363575.136 290.651 0  
<L24> 538507.040 1363540.532 289.385 0  
<L25> 538543.931 1363510.853 289.473 0  
<L26> 538572.679 1363483.990 290.143 0  
<L27> 538600.786 1363451.114 290.023 0  
<L28> 538634.503 1363418.922 290.746 0  
<L29> 538664.856 1363389.948 291.353 0  
<L30> 538692.215 1363360.852 290.538 0  
<L31> 538717.277 1363330.695 290.692 0  
<L32> 538754.847 1363359.400 291.397 0  
<L33> 538781.542 1363391.443 290.922 0  
<L34> 538808.072 1363422.759 291.256 0  
<L35> 538836.716 1363450.380 291.596 0  
<L36> 538867.825 1363476.405 292.548 0  
<L37> 538890.327 1363505.535 292.043 0   
