ls

ls
<CR>
         TIME          Size       File name 
----A 2021/11/15 14:47      8752  1115
----A 2021/11/15 09:40    128000  11150925
----A 2021/11/15 09:58    128000  11150943
----A 2021/11/15 10:19    128000  11151001
----A 2021/11/15 10:35    128000  11151020
----A 2021/11/15 10:55    128000  11151038
----A 2021/11/15 11:11    128000  11151056
----A 2021/11/15 11:31    128000  11151115
----A 2021/11/15 11:50    128000  11151133
----A 2021/11/15 12:07    128000  11151151
----A 2021/11/15 12:25    128000  11151210
----A 2021/11/15 12:43    128000  11151228
----A 2021/11/15 13:02    128000  11151246
----A 2021/11/15 13:21    128000  11151305
----A 2021/11/15 13:38    128000  11151323
----A 2021/11/15 13:57    128000  11151342
----A 2021/11/15 14:15    128000  11151400
----A 2021/11/15 14:35    128000  11151418
----A 2021/11/15 14:37      2560  11151437
----A 2021/11/16 14:47      8504  1116
----A 2021/11/16 09:50    128000  11160935
----A 2021/11/16 10:09    128000  11160953
----A 2021/11/16 10:26    128000  11161011
----A 2021/11/16 10:45    128000  11161030
----A 2021/11/16 11:03    128000  11161048
----A 2021/11/16 11:23    128000  11161106
----A 2021/11/16 11:40    128000  11161125
----A 2021/11/16 11:58    128000  11161143
----A 2021/11/16 12:19    128000  11161201
----A 2021/11/16 12:35    128000  11161220
----A 2021/11/16 12:55    128000  11161238
----A 2021/11/16 13:11    128000  11161256
----A 2021/11/16 13:31    128000  11161315
----A 2021/11/16 13:50    128000  11161333
----A 2021/11/16 14:07    128000  11161351
----A 2021/11/16 14:25    128000  11161410
----A 2021/11/16 14:43    128000  11161428
----A 2021/11/16 14:47      2560  11161446
----A 2021/11/17 12:19      5016  1117
----A 2021/11/17 09:37    128000  11170921
----A 2021/11/17 09:55    128000  11170940
----A 2021/11/17 10:15    128000  11170958
----A 2021/11/17 10:32    128000  11171016
----A 2021/11/17 10:51    128000  11171035
----A 2021/11/17 11:10    128000  11171053
----A 2021/11/17 11:27    128000  11171112
----A 2021/11/17 11:45    128000  11171130
----A 2021/11/17 12:03    128000  11171148
----A 2021/11/17 12:07      2560  11171207
----A 2021/11/23 14:55      6104  1123
----A 2021/11/23 11:33    128000  11231118
----A 2021/11/23 11:51    128000  11231136
----A 2021/11/23 12:11    128000  11231154
----A 2021/11/23 12:28    128000  11231213
----A 2021/11/23 12:46    128000  11231231
----A 2021/11/23 13:07    128000  11231249
----A 2021/11/23 13:23    128000  11231308
----A 2021/11/23 13:43    128000  11231326
----A 2021/11/23 14:00    128000  11231344
----A 2021/11/23 14:19    128000  11231403
----A 2021/11/23 14:38    128000  11231421
----A 2021/11/23 14:55    108160  11231439
----A 2021/11/24 14:51      8352  1124
----A 2021/11/24 10:01    128000  11240945
----A 2021/11/24 10:18    128000  11241003
----A 2021/11/24 10:37    128000  11241022
----A 2021/11/24 10:55    128000  11241040
----A 2021/11/24 11:15    128000  11241058
----A 2021/11/24 11:32    128000  11241117
----A 2021/11/24 11:51    128000  11241135
----A 2021/11/24 12:11    128000  11241153
----A 2021/11/24 12:27    128000  11241212
----A 2021/11/24 12:45    128000  11241230
----A 2021/11/24 13:03    128000  11241248
----A 2021/11/24 13:22    128000  11241307
----A 2021/11/24 13:42    128000  11241325
----A 2021/11/24 13:59    128000  11241343
----A 2021/11/24 14:17    128000  11241402
----A 2021/11/24 14:35    128000  11241420
----A 2021/11/24 14:39      2560  11241438

  80 File(s),   9115128 bytes total
   0 Dir(s),     991360K bytes free

/> 
read 1124
read 1124
<CR>Time:2021/11/24 14:39
Hours Minutes Seconds  Nb_Samples    Aver. Current 
9 18 25 8 13411 
9 18 39 7 16311 
9 18 55 8 17036 
9 19 9 7 17036 
9 19 25 8 17036 
9 19 39 7 17036 
9 29 23 7 17036 
9 29 39 8 17036 
9 29 53 7 17036 
9 30 9 8 17036 
9 30 23 7 17036 
9 30 39 8 17036 
9 30 53 7 17036 
9 31 9 8 17036 
9 31 23 7 17036 
9 31 39 8 17036 
9 31 53 7 17036 
9 32 9 8 17036 
9 32 23 7 17036 
9 32 39 8 17036 
9 32 53 7 17036 
9 33 9 8 16975 
9 33 23 7 16975 
9 33 39 8 17036 
9 33 53 7 17036 
9 34 9 8 17036 
9 34 23 7 17036 
9 34 39 8 17036 
9 34 53 7 17036 
9 35 9 8 17036 
9 35 23 7 17036 
9 35 39 8 17036 
9 35 53 7 17036 
9 36 9 8 17036 
9 36 23 7 16975 
9 36 39 8 17036 
9 36 53 7 17036 
9 37 9 8 16975 
9 37 23 7 17036 
9 37 39 8 16975 
9 37 53 7 17036 
9 38 9 8 16975 
9 38 23 7 16975 
9 38 39 8 16975 
9 38 53 7 17036 
9 39 9 8 16975 
9 39 23 7 16975 
9 39 39 8 17036 
9 39 53 7 16975 
9 40 9 8 16975 
9 40 23 7 17036 
9 40 39 8 16975 
9 40 53 7 16975 
9 41 9 8 16975 
9 41 23 7 16975 
9 41 39 8 16975 
9 41 53 7 17036 
9 45 53 8 16975 
9 46 7 7 17036 
9 46 23 8 16975 
9 46 37 7 17036 
9 46 53 8 16975 
9 47 7 7 17036 
9 47 23 8 16975 
9 47 37 7 16975 
9 47 53 8 16975 
9 48 7 7 17036 
9 48 23 8 17036 
9 48 37 7 17036 
9 48 53 8 16975 
9 49 7 7 16975 
9 49 23 8 16975 
9 49 37 7 16975 
9 49 53 8 16975 
9 50 7 7 16975 
9 50 23 8 16975 
9 50 37 7 16975 
9 50 53 8 16975 
9 51 7 7 17036 
9 51 23 8 16975 
9 51 37 7 16975 
9 51 53 8 16975 
9 52 7 7 16975 
9 52 23 8 16975 
9 52 37 7 16975 
9 52 53 8 16975 
9 53 7 7 16975 
9 53 23 8 16975 
9 53 37 7 16975 
9 53 53 8 17036 
9 54 7 7 16975 
9 54 23 8 16975 
9 54 37 7 17036 
9 54 53 8 16975 
9 55 7 7 16975 
9 55 23 8 17036 
9 55 37 7 16975 
9 55 53 8 16975 
9 56 7 7 16975 
9 56 23 8 16975 
9 56 37 7 16975 
9 56 53 8 16975 
9 57 7 7 16975 
9 57 23 8 16975 
9 57 37 7 17036 
9 57 53 8 16975 
9 58 7 7 17036 
9 58 23 8 17036 
9 58 37 7 17036 
9 58 53 8 16975 
9 59 7 7 16975 
9 59 23 8 17036 
9 59 37 7 17036 
9 59 53 8 16975 
10 0 7 7 16975 
10 0 23 8 17036 
10 4 13 7 17036 
10 4 29 8 16975 
10 4 43 7 17036 
10 4 59 8 16975 
10 5 13 7 16975 
10 5 29 8 17036 
10 5 43 7 17036 
10 5 59 8 17036 
10 6 13 7 17036 
10 6 29 8 16975 
10 6 43 7 16975 
10 6 59 8 16975 
10 7 13 7 17036 
10 7 29 8 16975 
10 7 43 7 16975 
10 7 59 8 16975 
10 8 13 7 17036 
10 8 29 8 16975 
10 8 43 7 16975 
10 8 59 8 16975 
10 9 13 7 17036 
10 9 29 8 17036 
10 9 43 7 17036 
10 9 59 8 17036 
10 10 13 7 17036 
10 10 29 8 17036 
10 10 43 7 16975 
10 10 59 8 17036 
10 11 13 7 17036 
10 11 29 8 17036 
10 11 43 7 16975 
10 11 59 8 17036 
10 12 13 7 16975 
10 12 29 8 16975 
10 12 43 7 17036 
10 12 59 8 17036 
10 13 13 7 17036 
10 13 29 8 17036 
10 13 43 7 17036 
10 13 59 8 17036 
10 14 13 7 16975 
10 14 29 8 17036 
10 14 43 7 17036 
10 14 59 8 17036 
10 15 13 7 17036 
10 15 29 8 17036 
10 15 43 7 17036 
10 15 59 8 16975 
10 16 13 7 17036 
10 16 29 8 17036 
10 16 43 7 17036 
10 16 59 8 17036 
10 17 13 7 17036 
10 17 29 8 17036 
10 17 43 7 17036 
10 17 59 8 16975 
10 18 13 7 17036 
10 18 29 8 17036 
10 18 43 7 17036 
10 22 35 8 16975 
10 22 49 7 17036 
10 23 5 8 16975 
10 23 19 7 17036 
10 23 35 8 17036 
10 23 49 7 17036 
10 24 5 8 17036 
10 24 19 7 17036 
10 24 35 8 17036 
10 24 49 7 17036 
10 25 5 8 17036 
10 25 19 7 16975 
10 25 35 8 17036 
10 25 49 7 17036 
10 26 5 8 17036 
10 26 19 7 17036 
10 26 35 8 16975 
10 26 49 7 17036 
10 27 5 8 16975 
10 27 19 7 17036 
10 27 35 8 17036 
10 27 49 7 16975 
10 28 5 8 17036 
10 28 19 7 17036 
10 28 35 8 17036 
10 28 49 7 17036 
10 29 5 8 17036 
10 29 19 7 17036 
10 29 35 8 17036 
10 29 49 7 17036 
10 30 5 8 17036 
10 30 19 7 17036 
10 30 35 8 17036 
10 30 49 7 17036 
10 31 5 8 17036 
10 31 19 7 17036 
10 31 35 8 17036 
10 31 49 7 17036 
10 32 5 8 17036 
10 32 19 7 17036 
10 32 35 8 17036 
10 32 49 7 17036 
10 33 5 8 17036 
10 33 19 7 17036 
10 33 35 8 17036 
10 33 49 7 17036 
10 34 5 8 17036 
10 34 19 7 17036 
10 34 35 8 17036 
10 34 49 7 17036 
10 35 5 8 17036 
10 35 19 7 17036 
10 35 35 8 17036 
10 35 49 7 17036 
10 36 5 8 17036 
10 36 19 7 17036 
10 36 35 8 17036 
10 36 49 7 17036 
10 37 5 8 17036 
10 40 55 7 17036 
10 41 11 8 17036 
10 41 25 7 17036 
10 41 41 8 17036 
10 41 55 7 17036 
10 42 11 8 17036 
10 42 25 7 17036 
10 42 41 8 17036 
10 42 55 7 17036 
10 43 11 8 17036 
10 43 25 7 17036 
10 43 41 8 17036 
10 43 55 7 17036 
10 44 11 8 17036 
10 44 25 7 17036 
10 44 41 8 17036 
10 44 55 7 17036 
10 45 11 8 17036 
10 45 25 7 17036 
10 45 41 8 17036 
10 45 55 7 17036 
10 46 11 8 17036 
10 46 25 7 17036 
10 46 41 8 17036 
10 46 55 7 17036 
10 47 11 8 17036 
10 47 25 7 17036 
10 47 41 8 17036 
10 47 55 7 17036 
10 48 11 8 17036 
10 48 25 7 17036 
10 48 41 8 17036 
10 48 55 7 17036 
10 49 11 8 17036 
10 49 25 7 17036 
10 49 41 8 17036 
10 49 55 7 17036 
10 50 11 8 17036 
10 50 25 7 17036 
10 50 41 8 17036 
10 50 55 7 17036 
10 51 11 8 17036 
10 51 25 7 17036 
10 51 41 8 17036 
10 51 55 7 17036 
10 52 11 8 17036 
10 52 25 7 17036 
10 52 41 8 17036 
10 52 55 7 17036 
10 53 11 8 17036 
10 53 25 7 17036 
10 53 41 8 17036 
10 53 55 7 17036 
10 54 11 8 17036 
10 54 25 7 17036 
10 54 41 8 17036 
10 54 55 7 17036 
10 55 11 8 17036 
10 55 25 7 17036 
10 59 17 8 17036 
10 59 31 7 17036 
10 59 47 8 17036 
11 0 1 7 17036 
11 0 17 8 17036 
11 0 31 7 17036 
11 0 47 8 17036 
11 1 1 7 17036 
11 1 17 8 17036 
11 1 31 7 17036 
11 1 47 8 17036 
11 2 1 7 17036 
11 2 17 8 17036 
11 2 31 7 17036 
11 2 47 8 17036 
11 3 1 7 17036 
11 3 17 8 17036 
11 3 31 7 17036 
11 3 47 8 17036 
11 4 1 7 17036 
11 4 17 8 17036 
11 4 31 7 17036 
11 4 47 8 17036 
11 5 1 7 17036 
11 5 17 8 17036 
11 5 31 7 17036 
11 5 47 8 17036 
11 6 1 7 17036 
11 6 17 8 17036 
11 6 31 7 17036 
11 6 47 8 17036 
11 7 1 7 17036 
11 7 17 8 17036 
11 7 31 7 17036 
11 7 47 8 17036 
11 8 1 7 17036 
11 8 17 8 17036 
11 8 31 7 17036 
11 8 47 8 17036 
11 9 1 7 17036 
11 9 17 8 17036 
11 9 31 7 17036 
11 9 47 8 17036 
11 10 1 7 17036 
11 10 17 8 17036 
11 10 31 7 17036 
11 10 47 8 17036 
11 11 1 7 17036 
11 11 17 8 17036 
11 11 31 7 17036 
11 11 47 8 17036 
11 12 1 7 17036 
11 12 17 8 17036 
11 12 31 7 17036 
11 12 47 8 17036 
11 13 1 7 17036 
11 13 17 8 17036 
11 13 31 7 17036 
11 13 47 8 17036 
11 17 37 7 17036 
11 17 53 8 17036 
11 18 7 7 17036 
11 18 23 8 17036 
11 18 37 7 17036 
11 18 53 8 17036 
11 19 7 7 17036 
11 19 23 8 17036 
11 19 37 7 17036 
11 19 53 8 17036 
11 20 7 7 17036 
11 20 23 8 17036 
11 20 37 7 17036 
11 20 53 8 17036 
11 21 7 7 17036 
11 21 23 8 17036 
11 21 37 7 17036 
11 21 53 8 17036 
11 22 7 7 17036 
11 22 23 8 17036 
11 22 37 7 17036 
11 22 53 8 17036 
11 23 7 7 17036 
11 23 23 8 17036 
11 23 37 7 17036 
11 23 53 8 17036 
11 24 7 7 17036 
11 24 23 8 17036 
11 24 37 7 17036 
11 24 53 8 17036 
11 25 7 7 17036 
11 25 23 8 17036 
11 25 37 7 17036 
11 25 53 8 17036 
11 26 7 7 17036 
11 26 23 8 17036 
11 26 37 7 17036 
11 26 53 8 17036 
11 27 7 7 17036 
11 27 23 8 17036 
11 27 37 7 17036 
11 27 53 8 17036 
11 28 7 7 17036 
11 28 23 8 17036 
11 28 37 7 17036 
11 28 53 8 17036 
11 29 7 7 17036 
11 29 23 8 17036 
11 29 37 7 17036 
11 29 53 8 17036 
11 30 7 7 17036 
11 30 23 8 17036 
11 30 37 7 17036 
11 30 53 8 17036 
11 31 7 7 17036 
11 31 23 8 17036 
11 31 37 7 17036 
11 31 53 8 17036 
11 32 7 7 17036 
11 35 59 8 17036 
11 36 13 7 17036 
11 36 29 8 17036 
11 36 43 7 17036 
11 36 59 8 17036 
11 37 13 7 17036 
11 37 29 8 17036 
11 37 43 7 17036 
11 37 59 8 17036 
11 38 13 7 17036 
11 38 29 8 17036 
11 38 43 7 17036 
11 38 59 8 17036 
11 39 13 7 17036 
11 39 29 8 17036 
11 39 43 7 17036 
11 39 59 8 17036 
11 40 13 7 17036 
11 40 29 8 17036 
11 40 43 7 17036 
11 40 59 8 17036 
11 41 13 7 17036 
11 41 29 8 17036 
11 41 43 7 17036 
11 41 59 8 17036 
11 42 13 7 17036 
11 42 29 8 17036 
11 42 43 7 17036 
11 42 59 8 17036 
11 43 13 7 17036 
11 43 29 8 17036 
11 43 43 7 17036 
11 43 59 8 17036 
11 44 13 7 17036 
11 44 29 8 17036 
11 44 43 7 17036 
11 44 59 8 17036 
11 45 13 7 17036 
11 45 29 8 17036 
11 45 43 7 17036 
11 45 59 8 17036 
11 46 13 7 17036 
11 46 29 8 17036 
11 46 43 7 17036 
11 46 59 8 17036 
11 47 13 7 17036 
11 47 29 8 17036 
11 47 43 7 17036 
11 47 59 8 17036 
11 48 13 7 17036 
11 48 29 8 17036 
11 48 43 7 17036 
11 48 59 8 17036 
11 49 13 7 17036 
11 49 29 8 17036 
11 49 43 7 17036 
11 49 59 8 17036 
11 50 13 7 17036 
11 50 29 8 17036 
11 54 19 7 17036 
11 54 35 8 17036 
11 54 49 7 17036 
11 55 5 8 17036 
11 55 19 7 17036 
11 55 35 8 17036 
11 55 49 7 17036 
11 56 5 8 17036 
11 56 19 7 17036 
11 56 35 8 17036 
11 56 49 7 17036 
11 57 5 8 17036 
11 57 19 7 17036 
11 57 35 8 17036 
11 57 49 7 17036 
11 58 5 8 17036 
11 58 19 7 17036 
11 58 35 8 17036 
11 58 49 7 17036 
11 59 5 8 17036 
11 59 19 7 17036 
11 59 35 8 17036 
11 59 49 7 17036 
12 0 5 8 17036 
12 0 19 7 17036 
12 0 35 8 17036 
12 0 49 7 17036 
12 1 5 8 17036 
12 1 19 7 17036 
12 1 35 8 17036 
12 1 49 7 17036 
12 2 5 8 17036 
12 2 19 7 17036 
12 2 35 8 17036 
12 2 49 7 17036 
12 3 5 8 17036 
12 3 19 7 17036 
12 3 35 8 17036 
12 3 49 7 17036 
12 4 5 8 17036 
12 4 19 7 17036 
12 4 35 8 17036 
12 4 49 7 17036 
12 5 5 8 17036 
12 5 19 7 17036 
12 5 35 8 17036 
12 5 49 7 17036 
12 6 5 8 17036 
12 6 19 7 17036 
12 6 35 8 17036 
12 6 49 7 17036 
12 7 5 8 17036 
12 7 19 7 17036 
12 7 35 8 17036 
12 7 49 7 17036 
12 8 5 8 17036 
12 8 19 7 17036 
12 8 35 8 17036 
12 8 49 7 17036 
12 12 41 8 17036 
12 12 57 8 17036 
12 13 11 7 17036 
12 13 27 8 17036 
12 13 41 7 17036 
12 13 57 8 17036 
12 14 11 7 17036 
12 14 27 8 17036 
12 14 41 7 17036 
12 14 55 7 17036 
12 15 11 8 17036 
12 15 27 8 17036 
12 15 41 7 17036 
12 15 57 8 17036 
12 16 11 7 17036 
12 16 27 8 17036 
12 16 41 7 17036 
12 16 57 8 17036 
12 17 11 7 17036 
12 17 27 8 17036 
12 17 41 7 17036 
12 17 57 8 17036 
12 18 11 7 17036 
12 18 27 8 17036 
12 18 41 7 17036 
12 18 57 8 17036 
12 19 11 7 17036 
12 19 27 8 17036 
12 19 41 7 17036 
12 19 57 8 17036 
12 20 11 7 17036 
12 20 27 8 17036 
12 20 41 7 17036 
12 20 57 8 17036 
12 21 11 7 17036 
12 21 27 8 17036 
12 21 41 7 17036 
12 21 57 8 17036 
12 22 11 7 17036 
12 22 27 8 17036 
12 22 41 7 17036 
12 22 57 8 17036 
12 23 11 7 17036 
12 23 27 8 17036 
12 23 41 7 17036 
12 23 57 8 17036 
12 24 11 7 17036 
12 24 27 8 17036 
12 24 41 7 17036 
12 24 57 8 17036 
12 25 11 7 17036 
12 25 27 8 17036 
12 25 41 7 17036 
12 25 57 8 17036 
12 26 11 7 17036 
12 26 27 8 17036 
12 26 41 7 17036 
12 26 57 8 17036 
12 27 11 7 17036 
12 31 1 7 17036 
12 31 17 8 17036 
12 31 31 7 17036 
12 31 47 8 17036 
12 32 1 7 17036 
12 32 17 8 17036 
12 32 31 7 17036 
12 32 47 8 17036 
12 33 1 7 17036 
12 33 17 8 17036 
12 33 31 7 17036 
12 33 47 8 17036 
12 34 1 7 17036 
12 34 17 8 17036 
12 34 31 7 17036 
12 34 47 8 17036 
12 35 1 7 17036 
12 35 17 8 17036 
12 35 31 7 17036 
12 35 47 8 17036 
12 36 1 7 17036 
12 36 17 8 17036 
12 36 31 7 17036 
12 36 47 8 17036 
12 37 1 7 17036 
12 37 17 8 17036 
12 37 31 7 17036 
12 37 47 8 17036 
12 38 1 7 17036 
12 38 17 8 17036 
12 38 31 7 17036 
12 38 47 8 17036 
12 39 1 7 17036 
12 39 17 8 17036 
12 39 31 7 17036 
12 39 47 8 17036 
12 40 1 7 17036 
12 40 17 8 17036 
12 40 31 7 17036 
12 40 47 8 17036 
12 41 1 7 17036 
12 41 17 8 17036 
12 41 31 7 17036 
12 41 47 8 17036 
12 42 1 7 17036 
12 42 17 8 17036 
12 42 31 7 17036 
12 42 47 8 17036 
12 43 1 7 17036 
12 43 17 8 17036 
12 43 31 7 17036 
12 43 47 8 17036 
12 44 1 7 17036 
12 44 17 8 17036 
12 44 31 7 17036 
12 44 47 8 17036 
12 45 1 7 17036 
12 45 17 8 17036 
12 45 31 7 17036 
12 49 23 8 17036 
12 49 37 7 17036 
12 49 53 8 17036 
12 50 7 7 17036 
12 50 23 8 17036 
12 50 37 7 17036 
12 50 53 8 17036 
12 51 7 7 17036 
12 51 23 8 17036 
12 51 37 7 17036 
12 51 53 8 17036 
12 52 7 7 17036 
12 52 23 8 17036 
12 52 37 7 17036 
12 52 53 8 17036 
12 53 7 7 17036 
12 53 23 8 17036 
12 53 37 7 17036 
12 53 53 8 17036 
12 54 7 7 17036 
12 54 23 8 17036 
12 54 37 7 17036 
12 54 53 8 17036 
12 55 7 7 17036 
12 55 23 8 17036 
12 55 37 7 17036 
12 55 53 8 16975 
12 56 7 7 17036 
12 56 23 8 17036 
12 56 37 7 17036 
12 56 53 8 17036 
12 57 7 7 17036 
12 57 23 8 17036 
12 57 37 7 17036 
12 57 53 8 17036 
12 58 7 7 17036 
12 58 23 8 17036 
12 58 37 7 17036 
12 58 53 8 17036 
12 59 7 7 17036 
12 59 23 8 17036 
12 59 37 7 17036 
12 59 53 8 17036 
13 0 7 7 17036 
13 0 23 8 17036 
13 0 37 7 17036 
13 0 53 8 17036 
13 1 7 7 17036 
13 1 23 8 17036 
13 1 37 7 17036 
13 1 53 8 17036 
13 2 7 7 17036 
13 2 23 8 17036 
13 2 37 7 17036 
13 2 53 8 17036 
13 3 7 7 17036 
13 3 23 8 17036 
13 3 37 7 17036 
13 3 53 8 17036 
13 7 43 7 17036 
13 7 59 8 17036 
13 8 13 7 17036 
13 8 29 8 17036 
13 8 43 7 17036 
13 8 59 8 17036 
13 9 13 7 17036 
13 9 29 8 17036 
13 9 43 7 17036 
13 9 59 8 17036 
13 10 13 7 17036 
13 10 29 8 17036 
13 10 43 7 17036 
13 10 59 8 17036 
13 11 13 7 17036 
13 11 29 8 17036 
13 11 43 7 17036 
13 11 59 8 17036 
13 12 13 7 17036 
13 12 29 8 17036 
13 12 43 7 17036 
13 12 59 8 17036 
13 13 13 7 17036 
13 13 29 8 17036 
13 13 43 7 17036 
13 13 59 8 17036 
13 14 13 7 17036 
13 14 29 8 17036 
13 14 43 7 17036 
13 14 59 8 17036 
13 15 13 7 17036 
13 15 29 8 17036 
13 15 43 7 17036 
13 15 59 8 17036 
13 16 13 7 17036 
13 16 29 8 17036 
13 16 43 7 17036 
13 16 59 8 17036 
13 17 13 7 17036 
13 17 29 8 17036 
13 17 43 7 17036 
13 17 59 8 17036 
13 18 13 7 17036 
13 18 29 8 17036 
13 18 43 7 17036 
13 18 59 8 17036 
13 19 13 7 17036 
13 19 29 8 17036 
13 19 43 7 17036 
13 19 59 8 17036 
13 20 13 7 17036 
13 20 29 8 17036 
13 20 43 7 17036 
13 20 59 8 17036 
13 21 13 7 17036 
13 21 29 8 17036 
13 21 43 7 17036 
13 21 59 8 17036 
13 22 13 7 17036 
13 26 5 8 17036 
13 26 19 7 17036 
13 26 35 8 17036 
13 26 49 7 17036 
13 27 5 8 17036 
13 27 19 7 17036 
13 27 35 8 17036 
13 27 49 7 17036 
13 28 5 8 17036 
13 28 19 7 17036 
13 28 35 8 17036 
13 28 49 7 17036 
13 29 5 8 17036 
13 29 19 7 17036 
13 29 35 8 17036 
13 29 49 7 17036 
13 30 5 8 17036 
13 30 19 7 17036 
13 30 35 8 17036 
13 30 49 7 17036 
13 31 5 8 17036 
13 31 19 7 17036 
13 31 35 8 17036 
13 31 49 7 17036 
13 32 5 8 17036 
13 32 19 7 17036 
13 32 35 8 17036 
13 32 49 7 17036 
13 33 5 8 17036 
13 33 19 7 17036 
13 33 35 8 17036 
13 33 49 7 17036 
13 34 5 8 17036 
13 34 19 7 17036 
13 34 35 8 17036 
13 34 49 7 17036 
13 35 5 8 17036 
13 35 19 7 17036 
13 35 35 8 17036 
13 35 49 7 17036 
13 36 5 8 17036 
13 36 19 7 17036 
13 36 35 8 17036 
13 36 49 7 17036 
13 37 5 8 17036 
13 37 19 7 17036 
13 37 35 8 17036 
13 37 49 7 17036 
13 38 5 8 17036 
13 38 19 7 17036 
13 38 35 8 17036 
13 38 49 7 17036 
13 39 5 8 17036 
13 39 19 7 17036 
13 39 35 8 17036 
13 39 49 7 17036 
13 40 5 8 17036 
13 40 19 7 17036 
13 40 35 8 17036 
13 44 25 7 17036 
13 44 41 8 17036 
13 44 55 7 17036 
13 45 11 8 17036 
13 45 25 7 17036 
13 45 41 8 17036 
13 45 55 7 17036 
13 46 11 8 17036 
13 46 25 7 17036 
13 46 41 8 17036 
13 46 55 7 17036 
13 47 11 8 17036 
13 47 25 7 17036 
13 47 41 8 17036 
13 47 55 7 17036 
13 48 11 8 17036 
13 48 25 7 17036 
13 48 41 8 17036 
13 48 55 7 17036 
13 49 11 8 17036 
13 49 25 7 17036 
13 49 41 8 17036 
13 49 55 7 17036 
13 50 11 8 17036 
13 50 25 7 17036 
13 50 41 8 17036 
13 50 55 7 17036 
13 51 11 8 17036 
13 51 25 7 17036 
13 51 41 8 17036 
13 51 55 7 17036 
13 52 11 8 17036 
13 52 25 7 17036 
13 52 41 8 17036 
13 52 55 7 17036 
13 53 11 8 17036 
13 53 25 7 17036 
13 53 41 8 17036 
13 53 55 7 17036 
13 54 11 8 17036 
13 54 25 7 17036 
13 54 41 8 17036 
13 54 55 7 17036 
13 55 11 8 17036 
13 55 25 7 17036 
13 55 41 8 17036 
13 55 55 7 17036 
13 56 11 8 17036 
13 56 25 7 17036 
13 56 41 8 17036 
13 56 55 7 17036 
13 57 11 8 17036 
13 57 25 7 17036 
13 57 41 8 17036 
13 57 55 7 17036 
13 58 11 8 17036 
13 58 25 7 17036 
13 58 41 8 17036 
13 58 55 7 17036 
14 2 47 8 17036 
14 3 1 7 17036 
14 3 17 8 17036 
14 3 31 7 17036 
14 3 47 8 17036 
14 4 1 7 17036 
14 4 17 8 17036 
14 4 31 7 17036 
14 4 47 8 17036 
14 5 1 7 17036 
14 5 17 8 17036 
14 5 31 7 17036 
14 5 47 8 17036 
14 6 1 7 17036 
14 6 17 8 17036 
14 6 31 7 17036 
14 6 47 8 17036 
14 7 1 7 17036 
14 7 17 8 17036 
14 7 31 7 17036 
14 7 47 8 17036 
14 8 1 7 17036 
14 8 17 8 17036 
14 8 31 7 17036 
14 8 47 8 17036 
14 9 1 7 17036 
14 9 17 8 17036 
14 9 31 7 17036 
14 9 47 8 17036 
14 10 1 7 17036 
14 10 17 8 17036 
14 10 31 7 17036 
14 10 47 8 17036 
14 11 1 7 17036 
14 11 17 8 17036 
14 11 31 7 17036 
14 11 47 8 17036 
14 12 1 7 17036 
14 12 17 8 17036 
14 12 31 7 17036 
14 12 47 8 17036 
14 13 1 7 17036 
14 13 17 8 17036 
14 13 31 7 17036 
14 13 47 8 17036 
14 14 1 7 17036 
14 14 17 8 17036 
14 14 31 7 17036 
14 14 47 8 17036 
14 15 1 7 17036 
14 15 17 8 17036 
14 15 31 7 17036 
14 15 47 8 17036 
14 16 1 7 17036 
14 16 17 8 17036 
14 16 31 7 17036 
14 16 47 8 17036 
14 17 1 7 17036 
14 17 17 8 17036 
14 21 7 7 17036 
14 21 23 8 17036 
14 21 37 7 17036 
14 21 53 8 17036 
14 22 7 7 17036 
14 22 23 8 17036 
14 22 37 7 17036 
14 22 53 8 17036 
14 23 7 7 17036 
14 23 23 8 17036 
14 23 37 7 17036 
14 23 53 8 17036 
14 24 7 7 17036 
14 24 23 8 17036 
14 24 37 7 17036 
14 24 53 8 17036 
14 25 7 7 17036 
14 25 23 8 17036 
14 25 37 7 17036 
14 25 53 8 17036 
14 26 7 7 17036 
14 26 23 8 17036 
14 26 37 7 17036 
14 26 53 8 17036 
14 27 7 7 17036 
14 27 23 8 17036 
14 27 37 7 17036 
14 27 53 8 17036 
14 28 7 7 17036 
14 28 23 8 17036 
14 28 37 7 17036 
14 28 53 8 17096 
14 29 7 7 17036 
14 29 23 8 17036 
14 29 37 7 17036 
14 29 53 8 17036 
14 30 7 7 17036 
14 30 23 8 17036 
14 30 37 7 17036 
14 30 53 8 17036 
14 31 7 7 17036 
14 31 23 8 17036 
14 31 37 7 17036 
14 31 53 8 17036 
14 32 7 7 17036 
14 32 23 8 17036 
14 32 37 7 17036 
14 32 53 8 17036 
14 33 7 7 17036 
14 33 23 8 17036 
14 33 37 7 17036 
14 33 53 8 17036 
14 34 7 7 17036 
14 34 23 8 17036 
14 34 37 7 17036 
14 34 53 8 17036 
14 35 7 7 17036 
14 35 23 8 17036 
14 35 37 7 17036 
14 39 29 8 17036 
14 39 43 7 17036 
14 39 59 8 17096 
14 40 13 7 17036 
14 40 29 8 17036 
14 40 43 7 17036 
14 40 59 8 17036 
14 41 13 7 17036 
14 41 29 8 17036 
14 41 43 7 17096 
14 41 59 8 17036 
14 42 13 7 17036 
14 42 29 8 17036 
14 42 43 7 17096 
14 42 59 8 17036 
14 43 13 7 17096 
14 43 29 8 17036 
14 43 43 7 17036 
14 43 59 8 17036 
14 44 13 7 17036 
14 44 29 8 17036 
14 44 43 7 17096 
14 44 59 8 17036 
14 45 13 7 17036 
14 45 29 8 17036 
14 45 43 7 17036 
14 45 59 8 17036 
14 46 13 7 17036 
14 46 29 8 17036 
14 46 43 7 17036 
14 46 59 8 17036 
14 47 13 7 17036 
14 47 29 8 17036 
14 47 43 7 17036 
14 47 59 8 17036 
14 48 13 7 17036 
14 48 29 8 17036 
14 48 43 7 17096 
14 48 59 8 17036 
14 49 13 7 17096 
14 49 29 8 17036 
14 49 43 7 17036 
14 49 59 8 17096 

/> 
read_ramp 11241307
read_ramp 11241307
<CR>Time:2021/11/24 14:39Ramp data first polarity: 4:39Ramp data first polarity: 
228 229 228 228 229 229 228 229 229 229 229 229 229 229 228 228 229 229 229 228 228 228 228 228 229 228 228 229 229 228 228 228 228 228 228 229 228 230 229 228 229 229 229 229 228 228 229 229 229 229 229 229 229 227 229 229 228 229 229 228 228 228 228 227 228 230 229 230 231 230 229 230 226 229 228 229 228 229 229 229 229 229 229 229 229 228 228 227 228 228 229 228 229 228 229 228 229 229 229 229 228 230 229 229 228 228 229 228 229 228 228 229 229 227 229 229 229 228 228 228 228 229 229 229 229 229 229 229 229 228 229 229 229 229 229 228 229 229 228 228 228 229 229 229 229 229 229 228 228 229 228 228 228 228 228 228 229 229 229 229 229 228 228 228 229 229 229 229 230 228 228 228 228 228 228 228 228 229 229 229 228 230 228 228 228 229 229 229 230 229 229 229 228 228 228 229 229 229 228 229 229 229 229 228 228 228 228 229 228 228 228 229 228 228 228 228 229 229 230 230 229 229 229 228 228 228 229 228 229 229 229 228 229 228 228 228 228 228 228 228 229 229 228 228 228 228 229 229 228 229 230 229 229 229 229 229 229 228 228 228 228 228 229 229 229 228 229 228 228 228 228 228 228 228 229 229 229 229 229 229 228 228 228 228 229 229 229 228 229 228 228 228 228 229 229 229 229 229 228 228 228 228 228 229 228 229 229 230 230 229 229 228 228 228 230 229 229 229 229 229 
ramp data second polarity
794 794 794 793 793 792 794 794 793 794 794 793 794 794 794 793 793 794 792 793 794 793 794 794 794 794 794 794 794 793 794 794 794 794 795 793 794 793 794 793 793 794 794 793 793 794 793 794 793 793 794 794 794 794 795 794 795 794 793 793 794 794 794 794 794 792 793 790 789 786 783 780 776 773 771 767 765 765 761 760 759 758 756 755 754 751 750 748 746 744 743 741 740 738 737 735 733 732 730 729 727 726 724 723 721 719 717 716 714 713 711 710 707 707 705 703 701 700 698 696 695 694 692 690 688 687 685 684 682 681 679 678 675 674 672 671 668 667 665 664 663 661 660 658 657 655 653 652 650 648 647 646 643 642 641 638 637 635 634 632 631 629 628 627 625 623 622 620 619 617 615 615 613 612 610 609 606 605 603 601 601 599 597 595 595 592 591 589 588 586 585 584 582 581 580 578 576 574 572 571 569 569 568 566 564 563 562 559 557 556 555 554 552 551 549 548 546 545 543 542 540 538 537 536 535 533 532 528 529 527 526 524 523 522 521 520 518 517 515 514 512 511 511 510 510 509 509 510 509 509 508 510 509 510 509 509 509 509 509 509 509 509 510 510 509 511 510 509 509 509 509 509 509 509 510 510 509 510 509 510 509 510 510 509 509 509 509 510 509 510 509 510 510 510 510 510 510 509 509 510 511 510 510 510 509 508 509 510 509 509 509 510 508 509 509 509 509 509 508 509 
Oscillation data first polarity :
788 786 785 781 777 776 774 770 769 766 763 762 760 758 757 755 754 752 750 749 748 746 745 743 742 739 738 737 735 733 731 730 728 727 726 723 722 720 719 717 715 714 712 710 708 707 705 703 702 701 700 697 696 695 692 691 689 688 686 685 684 681 679 678 676 675 673 672 670 669 667 666 664 662 660 658 657 655 654 652 651 649 648 646 645 644 642 639 638 638 636 634 633 631 629 627 626 625 622 621 619 618 616 615 613 612 611 609 607 606 605 604 602 601 598 596 595 594 592 590 589 588 586 585 583 581 580 578 577 575 574 572 571 570 568 566 566 563 562 561 560 557 557 555 554 552 550 548 547 547 544 543 542 540 539 537 536 533 532 531 530 528 527 525 524 523 521 519 517 516 515 514 514 513 512 512 510 510 509 509 510 510 509 511 509 509 509 509 508 509 509 509 510 509 509 509 509 509 509 509 510 510 510 510 510 510 510 509 509 511 510 510 509 509 508 510 509 510 509 509 509 509 509 510 509 510 509 510 509 510 510 510 510 510 510 510 509 509 510 509 510 509 509 509 510 510 510 510 510 510 510 509 509 510 509 509 509 509 509 509 510 509 510 510 510 509 509 509 510 512 510 510 509 509 509 509 509 510 509 510 509 510 509 509 509 509 509 509 509 509 510 510 510 510 510 510 509 510 509 510 509 510 510 509 509 509 509 509 509 510 509 509 509 510 510 510 510 509 509 509 
Oscillation data second polarity :
232 234 237 240 243 247 249 253 256 259 260 262 263 265 267 267 269 270 272 273 276 276 278 279 281 283 285 287 288 289 291 291 294 296 297 298 301 303 303 306 308 309 311 313 314 316 317 319 321 323 324 325 326 328 330 332 333 335 337 337 340 341 342 344 346 347 349 351 353 354 356 358 358 361 362 364 366 367 368 370 372 374 375 376 377 379 381 382 384 386 388 389 390 392 393 395 396 398 400 401 403 406 407 408 409 411 411 413 415 416 418 420 422 423 426 426 427 429 430 431 433 435 437 439 439 441 442 443 445 446 447 450 452 454 455 457 459 459 460 461 463 465 466 468 469 470 472 474 475 476 477 479 481 482 483 485 487 488 489 490 492 494 495 497 499 500 501 503 504 505 507 507 509 510 511 512 513 513 513 513 512 513 513 511 512 512 512 512 513 512 512 512 511 512 512 512 513 513 512 512 511 512 513 512 512 511 511 512 511 512 512 512 513 512 511 512 512 511 511 511 512 512 512 513 513 513 511 513 512 512 512 512 512 512 513 511 512 512 511 511 511 512 512 512 512 512 512 511 511 511 511 511 511 513 512 512 513 513 513 512 511 511 512 512 511 511 512 512 512 513 512 511 511 510 511 511 511 512 512 512 512 512 511 511 513 512 513 512 513 512 512 512 511 512 511 511 511 511 512 512 512 511 513 512 511 511 512 511 512 512 512 511 511 511 512 513 513 513 511 512 
/> 