ls

ls
<CR>
         TIME          Size       File name 
----A 2021/11/15 14:47      8752  1115
----A 2021/11/15 09:42    128000  11150925
----A 2021/11/15 09:59    128000  11150943
----A 2021/11/15 10:17    128000  11151002
----A 2021/11/15 10:35    128000  11151020
----A 2021/11/15 10:54    128000  11151039
----A 2021/11/15 11:13    128000  11151057
----A 2021/11/15 11:31    128000  11151115
----A 2021/11/15 11:49    128000  11151134
----A 2021/11/15 12:07    128000  11151152
----A 2021/11/15 12:27    128000  11151210
----A 2021/11/15 12:44    128000  11151229
----A 2021/11/15 13:02    128000  11151247
----A 2021/11/15 13:23    128000  11151305
----A 2021/11/15 13:39    128000  11151324
----A 2021/11/15 13:59    128000  11151342
----A 2021/11/15 14:15    128000  11151400
----A 2021/11/15 14:35    128000  11151419
----A 2021/11/15 14:39      2560  11151437
----A 2021/11/16 14:49      8360  1116
----A 2021/11/16 09:50    128000  11160935
----A 2021/11/16 10:11    128000  11160953
----A 2021/11/16 10:27    128640  11161012
----A 2021/11/16 10:47    128640  11161030
----A 2021/11/16 11:04    129280  11161048
----A 2021/11/16 11:23    128640  11161107
----A 2021/11/16 11:42    129920  11161125
----A 2021/11/16 11:59    128640  11161144
----A 2021/11/16 12:17    128640  11161202
----A 2021/11/16 12:35    128640  11161220
----A 2021/11/16 12:54    128000  11161239
----A 2021/11/16 13:14    128000  11161257
----A 2021/11/16 13:31    128640  11161315
----A 2021/11/16 13:49    128640  11161334
----A 2021/11/16 14:07    129280  11161352
----A 2021/11/16 14:26    128000  11161411
----A 2021/11/16 14:45    128000  11161429
----A 2021/11/16 14:47      2560  11161447
----A 2021/11/17 12:17      5000  1117
----A 2021/11/17 09:39    128000  11170922
----A 2021/11/17 09:55    128000  11170940
----A 2021/11/17 10:14    128000  11170959
----A 2021/11/17 10:34    128000  11171017
----A 2021/11/17 10:51    128000  11171035
----A 2021/11/17 11:09    128000  11171054
----A 2021/11/17 11:27    128000  11171112
----A 2021/11/17 11:47    128640  11171130
----A 2021/11/17 12:05    128000  11171149
----A 2021/11/17 12:07      2560  11171207
----A 2021/11/23 14:57      6112  1123
----A 2021/11/23 11:34    128000  11231119
----A 2021/11/23 11:55    128000  11231137
----A 2021/11/23 12:11    128000  11231156
----A 2021/11/23 12:31    128000  11231214
----A 2021/11/23 12:48    128000  11231232
----A 2021/11/23 13:07    128000  11231251
----A 2021/11/23 13:26    128000  11231309
----A 2021/11/23 13:43    128000  11231328
----A 2021/11/23 14:01    128000  11231346
----A 2021/11/23 14:19    128000  11231404
----A 2021/11/23 14:38    128000  11231423
----A 2021/11/23 14:57     89600  11231441
----A 2021/11/24 14:51      8480  1124
----A 2021/11/24 09:51    128000  11240936
----A 2021/11/24 10:11    128000  11240954
----A 2021/11/24 10:29    128000  11241013
----A 2021/11/24 10:46    128000  11241031
----A 2021/11/24 11:07    128000  11241049
----A 2021/11/24 11:23    128000  11241108
----A 2021/11/24 11:43    128000  11241126
----A 2021/11/24 12:00    128000  11241144
----A 2021/11/24 12:19    128000  11241203
----A 2021/11/24 12:38    128000  11241221
----A 2021/11/24 12:55    128000  11241240
----A 2021/11/24 13:13    128000  11241258
----A 2021/11/24 13:31    128000  11241316
----A 2021/11/24 13:50    128000  11241335
----A 2021/11/24 14:09    128000  11241353
----A 2021/11/24 14:27    128000  11241411
----A 2021/11/24 14:45    128000  11241430
----A 2021/11/24 14:49      2560  11241448

  81 File(s),   9234784 bytes total
   0 Dir(s),     991248K bytes free

/> 
read 1124
read 1124
<CR>Time:2021/11/24 14:49
Hours Minutes Seconds  Nb_Samples    Aver. Current 
9 19 5 7 14246 
9 19 21 8 16518 
9 19 35 7 17071 
9 19 51 8 17010 
9 20 5 7 17010 
9 20 21 8 17071 
9 20 35 7 17071 
9 20 51 8 17071 
9 21 5 7 17071 
9 21 21 8 17010 
9 21 35 7 17010 
9 21 51 8 17071 
9 22 5 7 17071 
9 22 21 8 17071 
9 22 35 7 17010 
9 22 51 8 17071 
9 23 5 7 17071 
9 23 21 8 17010 
9 23 35 7 17071 
9 23 51 8 17071 
9 24 5 7 17010 
9 24 21 8 17071 
9 24 35 7 17071 
9 24 51 8 17010 
9 25 5 7 17071 
9 25 21 8 17010 
9 25 35 7 17010 
9 25 51 8 17010 
9 26 5 7 17010 
9 26 21 8 17010 
9 26 35 7 17010 
9 26 51 8 17010 
9 29 7 3 17440 
9 29 21 7 17071 
9 29 35 7 17010 
9 29 51 8 17010 
9 30 5 7 17010 
9 30 21 8 17010 
9 30 35 7 17010 
9 30 51 8 17010 
9 31 5 7 17010 
9 31 21 8 17010 
9 31 35 7 17010 
9 31 51 8 17010 
9 32 5 7 17010 
9 32 21 8 17010 
9 32 35 7 17010 
9 32 51 8 17010 
9 33 5 7 17010 
9 37 7 8 17010 
9 37 21 7 17010 
9 37 37 8 17010 
9 37 51 7 17010 
9 38 7 8 17010 
9 38 21 7 17010 
9 38 37 8 17010 
9 38 51 7 17010 
9 39 7 8 17010 
9 39 21 7 17010 
9 39 37 8 17010 
9 39 51 7 17010 
9 40 7 8 17010 
9 40 21 7 17010 
9 40 37 8 17010 
9 40 51 7 17010 
9 41 7 8 17010 
9 41 21 7 17010 
9 41 37 8 17010 
9 41 51 7 17010 
9 42 7 8 17010 
9 42 21 7 17010 
9 42 37 8 17010 
9 42 51 7 17010 
9 43 7 8 17010 
9 43 21 7 17010 
9 43 37 8 17010 
9 43 51 7 17010 
9 44 7 8 17010 
9 44 21 7 17010 
9 44 37 8 17010 
9 44 51 7 17010 
9 45 7 8 17010 
9 45 21 7 17010 
9 45 37 8 17010 
9 45 51 7 17010 
9 46 7 8 17010 
9 46 21 7 17010 
9 46 37 8 17010 
9 46 51 7 17010 
9 47 7 8 17010 
9 47 21 7 17010 
9 47 37 8 17010 
9 47 51 7 17010 
9 48 7 8 17010 
9 48 21 7 17010 
9 48 37 8 17010 
9 48 51 7 17010 
9 49 7 8 17010 
9 49 21 7 17010 
9 49 37 8 17010 
9 49 51 7 17010 
9 50 7 8 17010 
9 50 21 7 17010 
9 50 37 8 17010 
9 50 51 7 17010 
9 51 7 8 16948 
9 51 21 7 17010 
9 51 37 8 17010 
9 55 27 7 17010 
9 55 43 8 17010 
9 55 57 7 17010 
9 56 13 8 17010 
9 56 27 7 17010 
9 56 43 8 17010 
9 56 57 7 17010 
9 57 13 8 17010 
9 57 27 7 17010 
9 57 43 8 17010 
9 57 57 7 17010 
9 58 13 8 17010 
9 58 27 7 17010 
9 58 43 8 17010 
9 58 57 7 17010 
9 59 13 8 17010 
9 59 27 7 17010 
9 59 43 8 17010 
9 59 57 7 17010 
10 0 13 8 17010 
10 0 27 7 17010 
10 0 43 8 17010 
10 0 57 7 17010 
10 1 13 8 17010 
10 1 27 7 17010 
10 1 43 8 17010 
10 1 57 7 17010 
10 2 13 8 17010 
10 2 27 7 17010 
10 2 43 8 17010 
10 2 57 7 17010 
10 3 13 8 17010 
10 3 27 7 17010 
10 3 43 8 17010 
10 3 57 7 17010 
10 4 13 8 17010 
10 4 27 7 17010 
10 4 43 8 17010 
10 4 57 7 17010 
10 5 13 8 17010 
10 5 27 7 17010 
10 5 43 8 17010 
10 5 57 7 17010 
10 6 13 8 17010 
10 6 27 7 17010 
10 6 43 8 17010 
10 6 57 7 17010 
10 7 13 8 17010 
10 7 27 7 17010 
10 7 43 8 17010 
10 7 57 7 17010 
10 8 13 8 17010 
10 8 27 7 17010 
10 8 43 8 17010 
10 8 57 7 17010 
10 9 13 8 17010 
10 9 27 7 17010 
10 9 43 8 17010 
10 9 57 7 17010 
10 13 49 8 17010 
10 14 3 7 17010 
10 14 19 8 17010 
10 14 33 7 17010 
10 14 49 8 17010 
10 15 3 7 17010 
10 15 19 8 17010 
10 15 33 7 17010 
10 15 49 8 17010 
10 16 3 7 17010 
10 16 19 8 17010 
10 16 33 7 17010 
10 16 49 8 17010 
10 17 3 7 17010 
10 17 19 8 17010 
10 17 33 7 17010 
10 17 49 8 17010 
10 18 3 7 17010 
10 18 19 8 17010 
10 18 33 7 17010 
10 18 49 8 17010 
10 19 3 7 17010 
10 19 19 8 17010 
10 19 33 7 17010 
10 19 49 8 17010 
10 20 3 7 17010 
10 20 19 8 17010 
10 20 33 7 17010 
10 20 49 8 17010 
10 21 3 7 17010 
10 21 19 8 17010 
10 21 33 7 17010 
10 21 49 8 17010 
10 22 3 7 17010 
10 22 19 8 17010 
10 22 33 7 17010 
10 22 49 8 17010 
10 23 3 7 17010 
10 23 19 8 17010 
10 23 33 7 16948 
10 23 49 8 17010 
10 24 3 7 17010 
10 24 19 8 17010 
10 24 35 8 17010 
10 24 49 7 17010 
10 25 5 8 17010 
10 25 19 7 17010 
10 25 35 8 17010 
10 25 49 7 17010 
10 26 5 8 17010 
10 26 19 7 17010 
10 26 35 8 17010 
10 26 49 7 17010 
10 27 5 8 17010 
10 27 19 7 17010 
10 27 35 8 17010 
10 27 49 7 17010 
10 28 5 8 17010 
10 28 19 7 17010 
10 32 9 7 17010 
10 32 25 8 17010 
10 32 39 7 17010 
10 32 55 8 17010 
10 33 9 7 17010 
10 33 25 8 17010 
10 33 39 7 17010 
10 33 55 8 17010 
10 34 9 7 17010 
10 34 25 8 17010 
10 34 39 7 17010 
10 34 55 8 17010 
10 35 9 7 17010 
10 35 25 8 17010 
10 35 39 7 17010 
10 35 55 8 17010 
10 36 9 7 17010 
10 36 25 8 17010 
10 36 39 7 17010 
10 36 55 8 17010 
10 37 9 7 17010 
10 37 25 8 17010 
10 37 39 7 17010 
10 37 55 8 17010 
10 38 9 7 17010 
10 38 25 8 17010 
10 38 39 7 17010 
10 38 55 8 17010 
10 39 9 7 17010 
10 39 25 8 17010 
10 39 39 7 17010 
10 39 55 8 17010 
10 40 9 7 17010 
10 40 25 8 17010 
10 40 39 7 17071 
10 40 55 8 17010 
10 41 9 7 17010 
10 41 25 8 17010 
10 41 39 7 17010 
10 41 55 8 17010 
10 42 9 7 17010 
10 42 25 8 17010 
10 42 39 7 17010 
10 42 55 8 17010 
10 43 9 7 17010 
10 43 25 8 17010 
10 43 39 7 17071 
10 43 55 8 17010 
10 44 9 7 17010 
10 44 25 8 17010 
10 44 39 7 17010 
10 44 55 8 17071 
10 45 9 7 17010 
10 45 25 8 17010 
10 45 39 7 17010 
10 45 55 8 17010 
10 46 9 7 17010 
10 46 25 8 17010 
10 46 39 7 17071 
10 50 29 7 17010 
10 50 45 8 17010 
10 50 59 7 17010 
10 51 15 8 17010 
10 51 29 7 17010 
10 51 45 8 17010 
10 51 59 7 17010 
10 52 15 8 17010 
10 52 29 7 17010 
10 52 45 8 17010 
10 52 59 7 17010 
10 53 15 8 17010 
10 53 29 7 17071 
10 53 45 8 17010 
10 53 59 7 17010 
10 54 15 8 17010 
10 54 29 7 17010 
10 54 45 8 17010 
10 54 59 7 17010 
10 55 15 8 17010 
10 55 29 7 17010 
10 55 45 8 17010 
10 55 59 7 17010 
10 56 15 8 17010 
10 56 29 7 17071 
10 56 45 8 17010 
10 56 59 7 17010 
10 57 15 8 17010 
10 57 29 7 17010 
10 57 45 8 17010 
10 57 59 7 17010 
10 58 15 8 17010 
10 58 29 7 17010 
10 58 45 8 17010 
10 58 59 7 17071 
10 59 15 8 17010 
10 59 29 7 17071 
10 59 45 8 17010 
10 59 59 7 17010 
11 0 15 8 17071 
11 0 29 7 17010 
11 0 45 8 17010 
11 0 59 7 17010 
11 1 15 8 17010 
11 1 29 7 17010 
11 1 45 8 17010 
11 1 59 7 17071 
11 2 15 8 17010 
11 2 29 7 17010 
11 2 45 8 17010 
11 2 59 7 17071 
11 3 15 8 17010 
11 3 29 7 17071 
11 3 45 8 17010 
11 3 59 7 17010 
11 4 15 8 17010 
11 4 29 7 17010 
11 4 45 8 17010 
11 4 59 7 17010 
11 8 51 8 17071 
11 9 5 7 17071 
11 9 21 8 17071 
11 9 35 7 17010 
11 9 51 8 17010 
11 10 5 7 17010 
11 10 21 8 17010 
11 10 35 7 17010 
11 10 51 8 17010 
11 11 5 7 17010 
11 11 21 8 17071 
11 11 35 7 17010 
11 11 51 8 17010 
11 12 5 7 17010 
11 12 21 8 17010 
11 12 35 7 17010 
11 12 51 8 17010 
11 13 5 7 17010 
11 13 21 8 17010 
11 13 35 7 17010 
11 13 51 8 17010 
11 14 5 7 17010 
11 14 21 8 17010 
11 14 35 7 17010 
11 14 51 8 17010 
11 15 5 7 17010 
11 15 21 8 17010 
11 15 35 7 17010 
11 15 51 8 17010 
11 16 5 7 17010 
11 16 21 8 17010 
11 16 35 7 17010 
11 16 51 8 17010 
11 17 5 7 17010 
11 17 21 8 17010 
11 17 35 7 17071 
11 17 51 8 17010 
11 18 5 7 17010 
11 18 21 8 17010 
11 18 35 7 17010 
11 18 51 8 17010 
11 19 5 7 17010 
11 19 21 8 17071 
11 19 35 7 17010 
11 19 51 8 17010 
11 20 5 7 17010 
11 20 21 8 17010 
11 20 35 7 17010 
11 20 51 8 17010 
11 21 5 7 17010 
11 21 21 8 17010 
11 21 35 7 17071 
11 21 51 8 17010 
11 22 5 7 17010 
11 22 21 8 17010 
11 22 35 7 17010 
11 22 51 8 17010 
11 23 5 7 17010 
11 23 21 8 17010 
11 27 11 7 17010 
11 27 27 8 17010 
11 27 41 7 17010 
11 27 57 8 17071 
11 28 11 7 17010 
11 28 27 8 17010 
11 28 41 7 17010 
11 28 57 8 17010 
11 29 11 7 17010 
11 29 27 8 17071 
11 29 41 7 17010 
11 29 57 8 17071 
11 30 11 7 17010 
11 30 27 8 17071 
11 30 41 7 17010 
11 30 57 8 17010 
11 31 11 7 17071 
11 31 27 8 17071 
11 31 41 7 17071 
11 31 57 8 17010 
11 32 11 7 17010 
11 32 27 8 17010 
11 32 41 7 17010 
11 32 57 8 17010 
11 33 11 7 17010 
11 33 27 8 17071 
11 33 41 7 17010 
11 33 57 8 17010 
11 34 11 7 17071 
11 34 27 8 17071 
11 34 41 7 17010 
11 34 57 8 17010 
11 35 11 7 17010 
11 35 27 8 17071 
11 35 41 7 17071 
11 35 57 8 17010 
11 36 11 7 17010 
11 36 27 8 17010 
11 36 41 7 17010 
11 36 57 8 17071 
11 37 11 7 17071 
11 37 27 8 17010 
11 37 41 7 17010 
11 37 57 8 17010 
11 38 11 7 17010 
11 38 27 8 17010 
11 38 41 7 17010 
11 38 57 8 17071 
11 39 11 7 17010 
11 39 27 8 17071 
11 39 41 7 17010 
11 39 57 8 17010 
11 40 11 7 17071 
11 40 27 8 17010 
11 40 41 7 17010 
11 40 57 8 17010 
11 41 11 7 17010 
11 41 27 8 17010 
11 41 41 7 17010 
11 45 33 8 17010 
11 45 47 7 17071 
11 46 3 8 17010 
11 46 17 7 17010 
11 46 33 8 17010 
11 46 47 7 17071 
11 47 3 8 17071 
11 47 17 7 17010 
11 47 33 8 17010 
11 47 47 7 17071 
11 48 3 8 17010 
11 48 17 7 17010 
11 48 33 8 17010 
11 48 47 7 17071 
11 49 3 8 17010 
11 49 17 7 17010 
11 49 33 8 17010 
11 49 47 7 17010 
11 50 3 8 17010 
11 50 17 7 17071 
11 50 33 8 17010 
11 50 47 7 17071 
11 51 3 8 17010 
11 51 17 7 17010 
11 51 33 8 17010 
11 51 47 7 17010 
11 52 3 8 17010 
11 52 17 7 17010 
11 52 33 8 17010 
11 52 47 7 17010 
11 53 3 8 17010 
11 53 17 7 17010 
11 53 33 8 17010 
11 53 47 7 17010 
11 54 3 8 17010 
11 54 17 7 17010 
11 54 33 8 17071 
11 54 47 7 17010 
11 55 3 8 17071 
11 55 17 7 17071 
11 55 33 8 17010 
11 55 47 7 17010 
11 56 3 8 17010 
11 56 17 7 17010 
11 56 33 8 17071 
11 56 47 7 17010 
11 57 3 8 17010 
11 57 17 7 17010 
11 57 33 8 17071 
11 57 47 7 17010 
11 58 3 8 17010 
11 58 17 7 17010 
11 58 33 8 17010 
11 58 47 7 17010 
11 59 3 8 17010 
11 59 17 7 17010 
11 59 33 8 17010 
11 59 47 7 17010 
12 0 3 8 17010 
12 3 53 7 17071 
12 4 9 8 17071 
12 4 23 7 17010 
12 4 39 8 17071 
12 4 53 7 17010 
12 5 9 8 17071 
12 5 23 7 17010 
12 5 39 8 17010 
12 5 53 7 17010 
12 6 9 8 17010 
12 6 23 7 17071 
12 6 39 8 17010 
12 6 53 7 17071 
12 7 9 8 17071 
12 7 23 7 17010 
12 7 39 8 17010 
12 7 53 7 17010 
12 8 9 8 17010 
12 8 23 7 17071 
12 8 39 8 17010 
12 8 53 7 17010 
12 9 9 8 17071 
12 9 23 7 17010 
12 9 39 8 17010 
12 9 53 7 17071 
12 10 9 8 17071 
12 10 23 7 17071 
12 10 39 8 17010 
12 10 53 7 17071 
12 11 9 8 17010 
12 11 23 7 17010 
12 11 39 8 17010 
12 11 53 7 17010 
12 12 9 8 17071 
12 12 23 7 17010 
12 12 39 8 17010 
12 12 53 7 17010 
12 13 9 8 17071 
12 13 23 7 17071 
12 13 39 8 17010 
12 13 53 7 17071 
12 14 9 8 17010 
12 14 23 7 17010 
12 14 39 8 17071 
12 14 53 7 17010 
12 15 9 8 17071 
12 15 23 7 17010 
12 15 39 8 17071 
12 15 53 7 17071 
12 16 9 8 17010 
12 16 23 7 17071 
12 16 39 8 17071 
12 16 53 7 17071 
12 17 9 8 17071 
12 17 23 7 17071 
12 17 39 8 17071 
12 17 53 7 17010 
12 18 9 8 17071 
12 18 23 7 17071 
12 22 15 8 17071 
12 22 29 7 17010 
12 22 45 8 17071 
12 22 59 7 17071 
12 23 15 8 17071 
12 23 29 7 17010 
12 23 45 8 17010 
12 23 59 7 17010 
12 24 15 8 17010 
12 24 29 7 17010 
12 24 45 8 17010 
12 24 59 7 17010 
12 25 15 8 17010 
12 25 29 7 17071 
12 25 45 8 17071 
12 25 59 7 17010 
12 26 15 8 17071 
12 26 29 7 17071 
12 26 45 8 17010 
12 26 59 7 17071 
12 27 15 8 17071 
12 27 29 7 17071 
12 27 45 8 17071 
12 27 59 7 17010 
12 28 15 8 17010 
12 28 29 7 17071 
12 28 45 8 17010 
12 28 59 7 17071 
12 29 15 8 17010 
12 29 29 7 17071 
12 29 45 8 17071 
12 29 59 7 17010 
12 30 15 8 17010 
12 30 29 7 17071 
12 30 45 8 17010 
12 30 59 7 17010 
12 31 15 8 17010 
12 31 29 7 17071 
12 31 45 8 17071 
12 31 59 7 17071 
12 32 15 8 17071 
12 32 29 7 17071 
12 32 45 8 17010 
12 32 59 7 17071 
12 33 15 8 17071 
12 33 29 7 17010 
12 33 45 8 17071 
12 33 59 7 17071 
12 34 15 8 17071 
12 34 29 7 17071 
12 34 45 8 17071 
12 34 59 7 17071 
12 35 15 8 17071 
12 35 29 7 17071 
12 35 45 8 17010 
12 35 59 7 17071 
12 36 15 8 17010 
12 36 29 7 17010 
12 36 45 8 17010 
12 40 35 7 17010 
12 40 51 8 17071 
12 41 5 7 17071 
12 41 21 8 17071 
12 41 35 7 17071 
12 41 51 8 17071 
12 42 5 7 17010 
12 42 21 8 17071 
12 42 35 7 17071 
12 42 51 8 17071 
12 43 5 7 17071 
12 43 21 8 17071 
12 43 35 7 17071 
12 43 51 8 17071 
12 44 5 7 17071 
12 44 21 8 17071 
12 44 35 7 17071 
12 44 51 8 17071 
12 45 5 7 17071 
12 45 21 8 17071 
12 45 35 7 17071 
12 45 51 8 17071 
12 46 5 7 17010 
12 46 21 8 17071 
12 46 35 7 17071 
12 46 51 8 17071 
12 47 5 7 17071 
12 47 21 8 17071 
12 47 35 7 17071 
12 47 51 8 17071 
12 48 5 7 17071 
12 48 21 8 17071 
12 48 35 7 17071 
12 48 51 8 17071 
12 49 5 7 17071 
12 49 21 8 17071 
12 49 35 7 17010 
12 49 51 8 17010 
12 50 5 7 17010 
12 50 21 8 17071 
12 50 35 7 17071 
12 50 51 8 17071 
12 51 5 7 17071 
12 51 21 8 17071 
12 51 35 7 17071 
12 51 51 8 17071 
12 52 5 7 17071 
12 52 21 8 17071 
12 52 35 7 17010 
12 52 51 8 17071 
12 53 5 7 17071 
12 53 21 8 17071 
12 53 35 7 17010 
12 53 51 8 17071 
12 54 5 7 17071 
12 54 21 8 17010 
12 54 35 7 17010 
12 54 51 8 17071 
12 55 5 7 17071 
12 58 57 8 17071 
12 59 11 7 17071 
12 59 27 8 17071 
12 59 41 7 17071 
12 59 57 8 17071 
13 0 11 7 17071 
13 0 27 8 17071 
13 0 41 7 17071 
13 0 57 8 17071 
13 1 11 7 17071 
13 1 27 8 17071 
13 1 41 7 17071 
13 1 57 8 17071 
13 2 11 7 17071 
13 2 27 8 17071 
13 2 41 7 17071 
13 2 57 8 17071 
13 3 11 7 17010 
13 3 27 8 17071 
13 3 41 7 17071 
13 3 57 8 17071 
13 4 11 7 17071 
13 4 27 8 17071 
13 4 41 7 17071 
13 4 57 8 17071 
13 5 11 7 17071 
13 5 27 8 17071 
13 5 41 7 17071 
13 5 57 8 17071 
13 6 11 7 17071 
13 6 27 8 17010 
13 6 41 7 17071 
13 6 57 8 17010 
13 7 11 7 17010 
13 7 27 8 17071 
13 7 41 7 17010 
13 7 57 8 17071 
13 8 11 7 17071 
13 8 27 8 17071 
13 8 41 7 17071 
13 8 57 8 17071 
13 9 11 7 17071 
13 9 27 8 17071 
13 9 41 7 17071 
13 9 57 8 17071 
13 10 11 7 17071 
13 10 27 8 17071 
13 10 41 7 17071 
13 10 57 8 17071 
13 11 11 7 17071 
13 11 27 8 17071 
13 11 41 7 17071 
13 11 57 8 17071 
13 12 11 7 17071 
13 12 27 8 17071 
13 12 41 7 17071 
13 12 57 8 17071 
13 13 11 7 17071 
13 13 27 8 17071 
13 17 17 7 17071 
13 17 33 8 17071 
13 17 47 7 17071 
13 18 3 8 17071 
13 18 17 7 17010 
13 18 33 8 17071 
13 18 47 7 17071 
13 19 3 8 17071 
13 19 17 7 17071 
13 19 33 8 17071 
13 19 47 7 17071 
13 20 3 8 17071 
13 20 17 7 17071 
13 20 33 8 17071 
13 20 47 7 17071 
13 21 3 8 17071 
13 21 17 7 17071 
13 21 33 8 17071 
13 21 47 7 17071 
13 22 3 8 17071 
13 22 17 7 17071 
13 22 33 8 17071 
13 22 47 7 17071 
13 23 3 8 17071 
13 23 17 7 17071 
13 23 33 8 17071 
13 23 47 7 17071 
13 24 3 8 17071 
13 24 17 7 17071 
13 24 33 8 17071 
13 24 47 7 17071 
13 25 3 8 17071 
13 25 17 7 17010 
13 25 33 8 17071 
13 25 47 7 17071 
13 26 3 8 17071 
13 26 17 7 17010 
13 26 33 8 17071 
13 26 47 7 17071 
13 27 3 8 17071 
13 27 17 7 17071 
13 27 33 8 17071 
13 27 47 7 17071 
13 28 3 8 17071 
13 28 17 7 17071 
13 28 33 8 17071 
13 28 47 7 17071 
13 29 3 8 17071 
13 29 17 7 17071 
13 29 33 8 17071 
13 29 47 7 17071 
13 30 3 8 17071 
13 30 17 7 17071 
13 30 33 8 17071 
13 30 47 7 17071 
13 31 3 8 17071 
13 31 17 7 17071 
13 31 33 8 17071 
13 31 47 7 17071 
13 35 39 8 17071 
13 35 53 7 17071 
13 36 9 8 17071 
13 36 23 7 17071 
13 36 39 8 17071 
13 36 53 7 17071 
13 37 9 8 17071 
13 37 23 7 17071 
13 37 39 8 17071 
13 37 53 7 17071 
13 38 9 8 17071 
13 38 23 7 17071 
13 38 39 8 17071 
13 38 53 7 17071 
13 39 9 8 17071 
13 39 23 7 17071 
13 39 39 8 17071 
13 39 53 7 17071 
13 40 9 8 17071 
13 40 23 7 17071 
13 40 39 8 17071 
13 40 53 7 17071 
13 41 9 8 17071 
13 41 23 7 17071 
13 41 39 8 17071 
13 41 53 7 17071 
13 42 9 8 17071 
13 42 23 7 17071 
13 42 39 8 17010 
13 42 53 7 17071 
13 43 9 8 17071 
13 43 23 7 17071 
13 43 39 8 17071 
13 43 53 7 17071 
13 44 9 8 17010 
13 44 23 7 17071 
13 44 39 8 17071 
13 44 53 7 17071 
13 45 9 8 17071 
13 45 23 7 17071 
13 45 39 8 17071 
13 45 53 7 17071 
13 46 9 8 17071 
13 46 23 7 17071 
13 46 39 8 17071 
13 46 53 7 17071 
13 47 9 8 17071 
13 47 23 7 17071 
13 47 39 8 17071 
13 47 53 7 17071 
13 48 9 8 17071 
13 48 23 7 17071 
13 48 39 8 17071 
13 48 53 7 17071 
13 49 9 8 17071 
13 49 23 7 17071 
13 49 39 8 17071 
13 49 53 7 17071 
13 50 9 8 17071 
13 53 59 7 17071 
13 54 15 8 17071 
13 54 29 7 17071 
13 54 45 8 17071 
13 54 59 7 17071 
13 55 15 8 17071 
13 55 29 7 17071 
13 55 45 8 17071 
13 55 59 7 17071 
13 56 15 8 17071 
13 56 29 7 17071 
13 56 45 8 17071 
13 56 59 7 17071 
13 57 15 8 17071 
13 57 29 7 17071 
13 57 45 8 17071 
13 57 59 7 17071 
13 58 15 8 17071 
13 58 29 7 17071 
13 58 45 8 17071 
13 58 59 7 17071 
13 59 15 8 17071 
13 59 29 7 17071 
13 59 45 8 17071 
13 59 59 7 17071 
14 0 15 8 17071 
14 0 29 7 17071 
14 0 45 8 17071 
14 0 59 7 17071 
14 1 15 8 17071 
14 1 29 7 17071 
14 1 45 8 17071 
14 1 59 7 17071 
14 2 15 8 17071 
14 2 29 7 17071 
14 2 45 8 17071 
14 2 59 7 17071 
14 3 15 8 17071 
14 3 29 7 17071 
14 3 45 8 17071 
14 3 59 7 17071 
14 4 15 8 17071 
14 4 29 7 17071 
14 4 45 8 17071 
14 4 59 7 17071 
14 5 15 8 17071 
14 5 29 7 17071 
14 5 45 8 17071 
14 5 59 7 17071 
14 6 15 8 17071 
14 6 29 7 17071 
14 6 45 8 17071 
14 6 59 7 17071 
14 7 15 8 17071 
14 7 29 7 17071 
14 7 45 8 17071 
14 7 59 7 17071 
14 8 15 8 17071 
14 8 29 7 17071 
14 12 21 8 17071 
14 12 35 7 17071 
14 12 51 8 17071 
14 13 5 7 17071 
14 13 21 8 17071 
14 13 35 7 17071 
14 13 51 8 17071 
14 14 5 7 17071 
14 14 21 8 17071 
14 14 35 7 17071 
14 14 51 8 17071 
14 15 5 7 17010 
14 15 21 8 17071 
14 15 35 7 17071 
14 15 51 8 17071 
14 16 5 7 17071 
14 16 21 8 17071 
14 16 35 7 17071 
14 16 51 8 17071 
14 17 5 7 17071 
14 17 21 8 17071 
14 17 35 7 17071 
14 17 51 8 17071 
14 18 5 7 17071 
14 18 21 8 17071 
14 18 35 7 17071 
14 18 51 8 17071 
14 19 5 7 17071 
14 19 21 8 17071 
14 19 35 7 17071 
14 19 51 8 17071 
14 20 5 7 17071 
14 20 21 8 17071 
14 20 35 7 17071 
14 20 51 8 17071 
14 21 5 7 17071 
14 21 21 8 17071 
14 21 35 7 17071 
14 21 51 8 17071 
14 22 5 7 17071 
14 22 21 8 17071 
14 22 35 7 17071 
14 22 51 8 17071 
14 23 5 7 17071 
14 23 21 8 17071 
14 23 35 7 17071 
14 23 51 8 17071 
14 24 5 7 17071 
14 24 21 8 17071 
14 24 35 7 17071 
14 24 51 8 17071 
14 25 5 7 17071 
14 25 21 8 17071 
14 25 35 7 17071 
14 25 51 8 17071 
14 26 6 7 17071 
14 26 22 8 17071 
14 26 36 7 17071 
14 26 52 8 17071 
14 30 42 7 17071 
14 30 58 8 17071 
14 31 13 8 17071 
14 31 27 7 17071 
14 31 43 8 17071 
14 31 57 7 17071 
14 32 13 8 17071 
14 32 27 7 17071 
14 32 43 8 17071 
14 32 58 7 17071 
14 33 12 7 17071 
14 33 28 8 17071 
14 33 44 8 17071 
14 33 58 7 17071 
14 34 14 8 17071 
14 34 28 7 17071 
14 34 44 8 17071 
14 34 58 7 17071 
14 35 14 8 17071 
14 35 28 7 17071 
14 35 44 8 17071 
14 35 58 7 17071 
14 36 14 8 17071 
14 36 28 7 17071 
14 36 44 8 17071 
14 36 58 7 17071 
14 37 14 8 17071 
14 37 28 7 17071 
14 37 44 8 17071 
14 37 58 7 17071 
14 38 14 8 17071 
14 38 28 7 17071 
14 38 44 8 17071 
14 38 58 7 17071 
14 39 14 8 17071 
14 39 28 7 17071 
14 39 44 8 17071 
14 39 58 7 17071 
14 40 14 8 17071 
14 40 28 7 17071 
14 40 44 8 17071 
14 40 58 7 17071 
14 41 14 8 17071 
14 41 28 7 17071 
14 41 44 8 17071 
14 41 58 7 17071 
14 42 14 8 17071 
14 42 28 7 17071 
14 42 44 8 17071 
14 42 58 7 17071 
14 43 14 8 17071 
14 43 28 7 17071 
14 43 44 8 17071 
14 43 58 7 17071 
14 44 14 8 17071 
14 44 28 7 17071 
14 44 44 8 17071 
14 44 58 7 17071 
14 45 14 8 17071 
14 49 4 8 17071 
14 49 17 7 17071 
14 49 34 8 17010 
14 49 48 7 17071 
14 50 4 8 17071 
14 50 18 7 17071 
14 50 34 8 17071 
14 50 48 7 17071 

/> 
read_ramp 11241316
read_ramp 11241316
<CR>Time:2021/11/24 14:49Ramp data first polarity: 
228 227 228 228 228 229 228 229 228 228 227 228 228 228 228 228 228 228 228 228 227 228 227 228 228 228 229 228 228 228 229 228 227 228 228 228 228 228 228 228 228 228 228 228 228 228 228 228 228 229 228 228 228 229 228 227 227 228 228 228 228 228 228 229 228 229 230 233 233 237 240 242 247 250 253 255 257 258 260 261 263 265 266 267 269 270 273 274 275 276 279 281 281 283 284 287 288 290 292 293 295 296 298 300 300 303 304 305 308 310 311 312 314 315 317 318 320 322 324 325 327 329 329 331 333 334 336 337 339 341 342 344 347 348 349 349 352 354 355 356 358 360 362 364 364 366 367 369 370 372 373 375 378 379 381 383 385 385 386 387 390 391 392 394 396 398 399 401 401 403 404 406 407 409 411 413 413 415 417 419 419 420 422 424 426 427 429 430 433 433 435 436 437 439 440 442 443 445 447 447 450 451 452 453 455 456 458 460 461 463 464 466 467 468 469 470 472 474 475 477 478 479 481 483 485 485 486 488 489 491 493 493 495 496 498 500 500 501 503 504 506 506 507 507 508 509 510 507 508 507 507 508 507 508 508 507 507 507 508 507 507 507 507 507 508 507 507 507 508 507 507 507 507 507 507 507 508 508 507 507 508 507 507 507 507 507 507 507 507 507 507 508 507 507 507 507 508 507 507 507 507 507 508 507 506 507 507 507 507 507 507 507 508 507 508 507 506 507 507 507 
ramp data second polarity
784 784 784 785 784 784 784 785 784 784 784 785 784 786 785 785 785 784 785 784 785 785 784 785 785 785 785 785 784 785 785 785 785 784 784 785 785 785 784 784 783 785 785 785 785 784 784 785 785 785 785 784 785 784 784 784 784 785 786 785 785 784 785 786 784 784 783 780 777 776 772 769 766 763 761 759 757 754 754 751 750 749 748 746 744 743 741 738 738 735 734 733 731 730 728 727 725 724 722 720 719 717 716 715 713 711 709 707 706 705 702 701 700 698 699 696 694 692 690 688 686 685 683 682 680 679 678 677 674 672 671 669 668 666 665 663 662 662 659 657 655 653 652 651 649 648 646 644 644 642 640 638 636 635 633 632 630 628 628 626 625 623 621 620 618 618 615 613 613 611 610 609 607 605 603 601 599 598 597 597 595 593 592 591 588 587 585 584 582 581 580 578 576 576 574 572 570 568 567 567 564 563 561 560 559 557 556 554 552 552 550 549 547 546 544 543 542 540 538 537 535 534 532 531 530 529 527 526 525 522 521 520 518 516 516 514 513 511 510 509 507 506 506 506 506 505 505 505 506 505 505 505 504 505 505 505 505 505 506 505 506 505 506 505 505 505 505 506 505 505 506 506 506 506 505 505 505 506 505 505 505 506 505 506 506 505 505 505 505 505 506 506 505 505 506 506 506 505 505 506 506 504 505 505 506 506 506 506 505 505 505 505 505 506 506 506 505 506 506 505 
Oscillation data first polarity :
778 778 775 773 771 765 765 762 760 757 755 753 751 750 748 747 745 743 743 741 738 738 737 734 733 731 729 728 726 725 724 722 721 719 717 715 714 712 711 708 707 707 705 703 701 700 698 696 694 693 692 690 689 688 685 684 682 681 678 677 675 674 672 672 670 668 666 664 663 661 659 658 657 655 654 653 651 649 647 645 644 642 641 640 638 637 635 634 631 630 629 626 626 623 623 621 620 619 617 615 613 613 610 609 607 606 605 603 602 601 599 597 595 593 592 591 589 589 586 586 585 582 580 579 578 576 574 573 571 571 568 567 566 565 562 560 559 559 557 556 554 553 552 551 549 546 545 544 543 541 539 538 536 536 534 533 531 529 528 527 524 524 524 521 520 518 518 516 513 512 511 510 508 507 507 506 506 505 505 506 504 505 504 504 504 505 505 505 505 506 505 505 505 504 505 505 506 506 505 505 506 506 505 505 505 505 505 505 505 505 505 505 506 506 504 505 505 505 505 505 506 505 505 506 506 505 505 505 505 505 506 505 506 505 506 506 506 505 505 505 505 505 505 506 505 506 506 506 506 505 506 505 505 505 505 506 506 506 506 505 505 505 505 505 505 505 505 505 506 506 506 505 505 505 505 506 505 505 505 506 506 505 505 505 505 505 505 505 505 506 505 506 507 506 506 505 505 506 506 505 506 505 506 506 505 505 505 505 505 505 505 505 505 505 506 506 505 505 505 505 
Oscillation data second polarity :
231 233 236 240 244 245 248 249 255 256 258 259 262 262 265 267 267 269 271 272 273 275 276 278 280 282 284 285 287 289 289 291 292 294 296 298 299 301 303 304 305 307 309 310 312 314 315 317 319 321 322 323 325 326 327 329 331 333 334 336 338 340 340 342 344 345 347 348 350 352 354 356 357 358 359 361 363 364 366 367 370 371 372 374 376 379 378 379 381 383 384 386 388 389 392 393 394 395 397 399 400 402 403 405 406 407 410 411 412 413 414 416 418 419 421 422 424 427 427 429 429 431 433 433 436 437 439 441 441 443 445 447 447 449 450 451 454 456 457 458 459 461 462 463 465 467 468 469 471 472 474 475 477 478 481 480 482 484 485 487 488 489 491 492 494 496 496 497 499 501 502 503 504 506 506 508 508 507 508 508 507 509 507 508 507 507 508 508 508 507 507 508 507 507 508 507 507 507 508 508 507 507 507 507 507 507 507 507 507 508 508 508 507 507 507 507 507 507 507 508 508 508 508 507 507 507 507 507 507 508 507 507 508 508 508 507 507 507 507 507 507 507 507 507 507 508 507 507 507 507 507 507 507 507 507 508 508 508 507 507 507 507 507 508 507 507 507 508 509 507 507 507 507 507 507 507 508 507 508 507 508 507 507 507 507 507 507 507 507 508 508 508 507 507 507 507 507 507 507 507 507 508 507 507 507 507 507 507 507 507 507 507 507 508 508 507 507 509 507 507 
/> 