read_ramp 11011039
Time:2021/11/01 10:39Ramp data first polarity: 
624 625 625 625 626 625 625 625 624 624 624 625 624 624 623 624 624 625 625 626 625 626 625 625 625 624 624 622 624 624 624 624 625 626 624 625 625 625 624 624 624 624 623 624 625 625 627 625 626 626 624 625 625 624 624 623 624 624 625 624 624 624 624 624 623 623 622 621 620 619 619 619 618 618 617 617 616 615 615 614 612 611 611 610 610 610 609 608 607 607 606 606 605 605 604 602 602 600 599 599 599 598 598 597 596 597 596 595 594 593 592 592 592 590 589 589 589 589 588 587 586 586 585 584 584 581 581 581 580 580 580 580 579 578 577 577 576 575 574 574 572 572 571 570 570 570 570 570 569 567 567 566 564 564 564 562 563 562 562 562 560 561 561 558 558 558 556 556 554 554 554 553 552 553 552 552 551 551 548 549 548 547 547 545 545 544 543 544 543 544 542 542 542 540 540 539 538 538 537 537 536 535 535 535 534 534 534 533 531 530 529 530 530 529 529 528 528 526 527 526 524 524 525 522 523 522 520 520 520 520 520 520 518 518 517 516 515 516 515 514 513 513 513 513 512 513 513 512 509 513 512 512 513 513 512 512 511 511 512 513 513 512 512 512 512 513 512 512 512 512 512 512 513 513 512 512 512 513 512 512 511 512 513 513 512 512 512 512 512 513 513 512 512 512 512 512 512 513 512 511 512 513 513 513 513 513 512 511 512 512 512 512 512 512 512 512 512 512 512 513 
ramp data second polarity
625 625 625 625 624 624 624 623 623 624 625 626 625 624 625 625 625 625 625 623 623 623 623 624 625 625 625 626 625 626 625 625 623 624 624 624 624 624 623 624 625 625 625 624 626 625 623 624 624 623 624 623 624 625 625 625 626 624 625 625 625 624 624 624 623 624 624 621 621 621 621 622 619 618 618 616 616 615 615 614 613 613 612 613 612 611 611 609 608 609 607 606 605 605 605 603 603 603 602 601 601 601 600 597 597 596 596 595 594 594 593 593 593 591 591 590 590 589 588 588 586 585 585 585 586 585 584 583 583 581 580 581 579 578 577 576 576 576 575 575 573 573 573 573 572 571 570 569 568 567 567 566 565 566 566 566 564 564 562 561 561 560 560 559 558 558 558 557 557 556 556 555 555 553 553 552 550 551 550 549 549 548 548 547 548 546 545 544 545 543 543 542 543 541 540 540 539 539 539 538 538 537 537 535 534 534 533 534 534 531 531 530 531 529 530 530 528 527 527 526 526 525 524 524 523 524 522 521 521 521 521 521 517 517 518 518 517 517 517 515 514 514 514 514 513 513 513 513 512 512 514 513 513 512 512 513 512 512 513 511 513 513 513 511 512 512 513 512 513 511 512 512 512 513 512 513 513 512 513 512 512 512 512 513 512 512 512 512 512 511 513 513 512 512 512 512 513 512 513 513 512 512 512 512 511 512 513 512 512 513 512 512 512 513 513 512 511 512 511 511 
Oscillation data first polarity :
620 622 621 621 619 619 619 617 616 617 615 615 615 615 614 613 613 612 611 611 609 608 608 608 607 605 605 605 605 604 603 603 600 600 598 599 597 597 596 596 596 596 594 595 595 593 593 592 590 589 589 588 588 587 587 586 586 585 585 584 583 582 582 580 580 579 577 578 577 578 577 576 575 574 573 573 573 572 570 569 569 569 569 568 568 568 566 565 565 564 563 562 561 560 561 560 559 559 558 559 558 557 556 556 554 553 553 553 552 551 551 550 551 550 549 549 547 547 546 545 545 544 544 543 542 542 541 541 541 540 540 539 537 537 536 536 535 535 535 533 533 533 532 531 530 533 531 529 528 528 526 525 526 526 525 525 524 524 524 523 522 522 520 520 519 519 519 519 518 517 518 516 517 514 514 514 514 513 512 512 512 513 512 515 512 512 512 512 512 513 513 513 512 512 511 512 513 512 513 511 512 512 512 512 512 513 513 512 511 512 511 513 512 513 512 512 511 513 512 513 513 513 512 511 512 513 512 512 513 513 512 512 512 511 512 513 513 513 512 512 512 512 511 514 513 513 512 511 513 513 512 513 512 511 513 512 512 513 513 513 512 513 512 512 512 512 513 512 512 512 513 512 512 513 513 512 512 512 512 512 512 513 511 512 512 512 512 512 513 513 513 512 511 512 512 512 514 512 512 512 512 512 512 513 513 512 512 512 513 512 512 513 513 512 512 513 512 512 513 513 
Oscillation data second polarity :
402 404 403 403 405 405 405 406 408 409 408 409 410 411 412 413 413 413 414 414 415 416 416 418 419 419 420 421 420 421 422 423 423 424 425 425 425 426 428 429 429 429 430 430 431 432 433 434 433 434 436 436 437 438 438 438 439 440 440 441 442 443 443 443 444 446 446 447 448 449 449 449 451 450 451 451 453 453 453 454 455 456 456 458 458 458 459 459 460 461 460 463 462 462 464 464 465 466 467 468 467 469 469 469 470 470 472 472 472 473 473 474 475 476 477 477 477 477 478 478 479 482 482 481 482 482 484 484 485 486 485 486 487 487 488 488 491 491 490 491 491 492 493 493 494 494 494 495 496 497 497 499 499 499 500 500 501 502 502 503 504 503 504 506 506 506 507 507 508 509 508 509 509 510 511 511 511 511 513 512 513 513 514 512 513 513 513 512 513 512 512 512 512 512 512 513 513 513 512 512 512 512 512 512 513 513 512 512 513 512 514 513 513 512 512 511 513 513 512 513 513 512 512 514 511 513 514 513 513 513 512 512 512 512 513 513 513 512 512 511 513 513 512 512 513 512 513 513 513 513 513 512 513 513 512 513 512 513 513 513 512 513 511 513 514 513 512 513 512 512 513 511 513 513 513 512 513 513 512 512 513 512 512 512 512 512 513 513 513 512 512 512 511 512 512 512 513 512 512 512 512 513 513 513 512 512 512 513 511 512 513 513 513 511 513 513 513 513 513 512 
/> 
