ls
ls
<CR>
         TIME          Size       File name 
----A 2021/11/09 14:59      8352  1109
----A 2021/11/09 09:55    128000  11090938
----A 2021/11/09 10:12    128000  11090957
----A 2021/11/09 10:31    128000  11091015
----A 2021/11/09 10:51    128000  11091033
----A 2021/11/09 11:07    128000  11091052
----A 2021/11/09 11:27    128000  11091110
----A 2021/11/09 11:43    128000  11091128
----A 2021/11/09 11:47      2560  11091147
----A 2021/11/09 12:31    128000  11091216
----A 2021/11/09 12:51    128000  11091234
----A 2021/11/09 13:08    128000  11091252
----A 2021/11/09 13:27    128000  11091311
----A 2021/11/09 13:46    128000  11091329
----A 2021/11/09 14:03    128000  11091348
----A 2021/11/09 14:21    128000  11091406
----A 2021/11/09 14:39    128000  11091424
----A 2021/11/09 14:43      2560  11091443

  18 File(s),   1933472 bytes total
   0 Dir(s),     998608K bytes free

/> 
read 1109
read 1109
<CR>Time:2021/11/09 14:43
Hours Minutes Seconds  Nb_Samples    Aver. Current 
9 22 15 7 10572 
9 22 31 8 13592 
9 22 45 7 15284 
9 23 1 8 15948 
9 23 15 7 15767 
9 23 31 8 15828 
9 23 45 7 15828 
9 24 1 8 15767 
9 24 15 7 15828 
9 24 31 8 15828 
9 24 45 7 16009 
9 27 0 7 16009 
9 27 16 8 16009 
9 27 30 7 16009 
9 27 46 8 16009 
9 28 0 7 16009 
9 28 16 8 16009 
9 28 30 7 16009 
9 28 46 8 16009 
9 29 0 7 16009 
9 29 16 8 16009 
9 29 30 7 16009 
9 29 46 8 16009 
9 30 0 7 16009 
9 30 16 8 16009 
9 30 30 7 16009 
9 30 46 8 16009 
9 31 0 7 16009 
9 31 16 8 16009 
9 31 30 7 16009 
9 31 46 8 16009 
9 32 0 7 16009 
9 32 16 8 16009 
9 32 30 7 16009 
9 32 46 8 16009 
9 33 0 7 16009 
9 33 16 8 16009 
9 33 30 7 16009 
9 33 46 8 16009 
9 34 0 7 16009 
9 34 16 8 16009 
9 34 30 7 16009 
9 34 46 8 16009 
9 35 0 7 16009 
9 39 18 8 16009 
9 39 32 7 16009 
9 39 48 8 16009 
9 40 2 7 16009 
9 40 18 8 16009 
9 40 32 7 16009 
9 40 48 8 16009 
9 41 2 7 16009 
9 41 18 8 16009 
9 41 32 7 16009 
9 41 48 8 16009 
9 42 2 7 16009 
9 42 18 8 16009 
9 42 32 7 16009 
9 42 48 8 16009 
9 43 2 7 16009 
9 43 18 8 16009 
9 43 32 7 16009 
9 43 48 8 16009 
9 44 2 7 16009 
9 44 18 8 16009 
9 44 32 7 15948 
9 44 48 8 16009 
9 45 2 7 16009 
9 45 18 8 16009 
9 45 32 7 16009 
9 45 48 8 16009 
9 46 2 7 16009 
9 46 18 8 16009 
9 46 32 7 16009 
9 46 48 8 16009 
9 47 2 7 16009 
9 47 18 8 16009 
9 47 32 7 16009 
9 47 48 8 16009 
9 48 2 7 16009 
9 48 18 8 16009 
9 48 32 7 16009 
9 48 48 8 16009 
9 49 2 7 16009 
9 49 18 8 16009 
9 49 32 7 16009 
9 49 48 8 16009 
9 50 2 7 16009 
9 50 18 8 16009 
9 50 32 7 16009 
9 50 48 8 16009 
9 51 2 7 16009 
9 51 18 8 16009 
9 51 32 7 16009 
9 51 48 8 16009 
9 52 2 7 16009 
9 52 18 8 16009 
9 52 32 7 16009 
9 52 48 8 16009 
9 53 2 7 16009 
9 53 18 8 16009 
9 53 32 7 16009 
9 53 48 8 16009 
9 57 38 7 16009 
9 57 54 8 15948 
9 58 8 7 16009 
9 58 24 8 16009 
9 58 38 7 16009 
9 58 54 8 15948 
9 59 8 7 16009 
9 59 24 8 16009 
9 59 38 7 16009 
9 59 54 8 16009 
10 0 8 7 16009 
10 0 24 8 16009 
10 0 38 7 16009 
10 0 54 8 16009 
10 1 8 7 16009 
10 1 24 8 16009 
10 1 38 7 16009 
10 1 54 8 16009 
10 2 8 7 16009 
10 2 24 8 16009 
10 2 38 7 16009 
10 2 54 8 16009 
10 3 8 7 16009 
10 3 24 8 16009 
10 3 38 7 16009 
10 3 54 8 16009 
10 4 8 7 16009 
10 4 24 8 16009 
10 4 38 7 16009 
10 4 54 8 16009 
10 5 8 7 16009 
10 5 24 8 16009 
10 5 38 7 16009 
10 5 54 8 16009 
10 6 8 7 15948 
10 6 24 8 16009 
10 6 40 8 16009 
10 6 54 7 15948 
10 7 10 8 16009 
10 7 24 7 16009 
10 7 40 8 16009 
10 7 54 7 16009 
10 8 10 8 16009 
10 8 24 7 16009 
10 8 40 8 15948 
10 8 54 7 16009 
10 9 10 8 16009 
10 9 24 7 16009 
10 9 40 8 15948 
10 9 54 7 16009 
10 10 10 8 16009 
10 10 24 7 16009 
10 10 40 8 16009 
10 10 54 7 16009 
10 11 10 8 16009 
10 11 24 7 16009 
10 11 40 8 15948 
10 11 54 7 16009 
10 12 10 8 16009 
10 16 0 8 16009 
10 16 14 7 16009 
10 16 30 8 16009 
10 16 44 7 16009 
10 17 0 8 16009 
10 17 14 7 16009 
10 17 30 8 16009 
10 17 44 7 16009 
10 18 0 8 16009 
10 18 14 7 16009 
10 18 30 8 16009 
10 18 44 7 16009 
10 19 0 8 16009 
10 19 14 7 16009 
10 19 30 8 16009 
10 19 44 7 16009 
10 20 0 8 16009 
10 20 14 7 16009 
10 20 30 8 16009 
10 20 44 7 16009 
10 21 0 8 16009 
10 21 14 7 16009 
10 21 30 8 16009 
10 21 44 7 16009 
10 22 0 8 16009 
10 22 14 7 16009 
10 22 30 8 16009 
10 22 44 7 16009 
10 23 0 8 16009 
10 23 14 7 16009 
10 23 30 8 16009 
10 23 44 7 16009 
10 24 0 8 16009 
10 24 14 7 16009 
10 24 30 8 16009 
10 24 44 7 16009 
10 25 0 8 15948 
10 25 14 7 16009 
10 25 30 8 16009 
10 25 44 7 16009 
10 26 0 8 16009 
10 26 14 7 16009 
10 26 30 8 16009 
10 26 44 7 15948 
10 27 0 8 15948 
10 27 14 7 16009 
10 27 30 8 16009 
10 27 44 7 16009 
10 28 0 8 16009 
10 28 14 7 16009 
10 28 30 8 16009 
10 28 44 7 16009 
10 29 0 8 15948 
10 29 14 7 16009 
10 29 30 8 16009 
10 29 44 7 16009 
10 30 0 8 16009 
10 30 14 7 16009 
10 30 30 8 16009 
10 34 20 7 16009 
10 34 36 8 15948 
10 34 50 7 16009 
10 35 6 8 16009 
10 35 20 7 16009 
10 35 36 8 16009 
10 35 50 7 16009 
10 36 6 8 16009 
10 36 20 7 16009 
10 36 36 8 16009 
10 36 50 7 15948 
10 37 6 8 16009 
10 37 20 7 16009 
10 37 36 8 16009 
10 37 50 7 16009 
10 38 6 8 16009 
10 38 20 7 16009 
10 38 36 8 16009 
10 38 50 7 16009 
10 39 6 8 16009 
10 39 20 7 16009 
10 39 36 8 16009 
10 39 50 7 16009 
10 40 6 8 16009 
10 40 20 7 16009 
10 40 36 8 16009 
10 40 50 7 16009 
10 41 6 8 16009 
10 41 20 7 16009 
10 41 36 8 16009 
10 41 50 7 16009 
10 42 6 8 16009 
10 42 20 7 16009 
10 42 36 8 15948 
10 42 50 7 16009 
10 43 6 8 15948 
10 43 20 7 16009 
10 43 36 8 16009 
10 43 50 7 15948 
10 44 6 8 15948 
10 44 20 7 15948 
10 44 36 8 16009 
10 44 50 7 16009 
10 45 6 8 16009 
10 45 20 7 16009 
10 45 36 8 15948 
10 45 50 7 16009 
10 46 6 8 15948 
10 46 20 7 15948 
10 46 36 8 16009 
10 46 50 7 16009 
10 47 6 8 16009 
10 47 20 7 16009 
10 47 36 8 16009 
10 47 50 7 15948 
10 48 6 8 15948 
10 48 20 7 15948 
10 48 36 8 16009 
10 48 50 7 16009 
10 52 42 8 15948 
10 52 56 7 15948 
10 53 12 8 15948 
10 53 26 7 15948 
10 53 42 8 15948 
10 53 56 7 16009 
10 54 12 8 15948 
10 54 26 7 15948 
10 54 42 8 15948 
10 54 56 7 15948 
10 55 12 8 15948 
10 55 26 7 15948 
10 55 42 8 15948 
10 55 56 7 15948 
10 56 12 8 15948 
10 56 26 7 15948 
10 56 42 8 15948 
10 56 56 7 15948 
10 57 12 8 15948 
10 57 26 7 15948 
10 57 42 8 15948 
10 57 56 7 15948 
10 58 12 8 15948 
10 58 26 7 15948 
10 58 42 8 15948 
10 58 56 7 15948 
10 59 12 8 15948 
10 59 26 7 15948 
10 59 42 8 15948 
10 59 56 7 15948 
11 0 12 8 15948 
11 0 26 7 15948 
11 0 42 8 15948 
11 0 56 7 15948 
11 1 12 8 15948 
11 1 26 7 15948 
11 1 42 8 15948 
11 1 56 7 15948 
11 2 12 8 15948 
11 2 26 7 15948 
11 2 42 8 15948 
11 2 56 7 15948 
11 3 12 8 15948 
11 3 26 7 15948 
11 3 42 8 15948 
11 3 56 7 15948 
11 4 12 8 15948 
11 4 26 7 15948 
11 4 42 8 15948 
11 4 56 7 15948 
11 5 12 8 15948 
11 5 26 7 15948 
11 5 42 8 15948 
11 5 56 7 15948 
11 6 12 8 15948 
11 6 26 7 15948 
11 6 42 8 15948 
11 6 56 7 15948 
11 7 12 8 15948 
11 11 2 7 15948 
11 11 18 8 15948 
11 11 32 7 15948 
11 11 48 8 15948 
11 12 2 7 15948 
11 12 18 8 15948 
11 12 32 7 15948 
11 12 48 8 15948 
11 13 2 7 15948 
11 13 18 8 15948 
11 13 32 7 15948 
11 13 48 8 15948 
11 14 2 7 15948 
11 14 18 8 15948 
11 14 32 7 15948 
11 14 48 8 15948 
11 15 2 7 15948 
11 15 18 8 15948 
11 15 32 7 15948 
11 15 48 8 15948 
11 16 2 7 15948 
11 16 18 8 15948 
11 16 32 7 15948 
11 16 48 8 15948 
11 17 2 7 15948 
11 17 18 8 15948 
11 17 32 7 15948 
11 17 48 8 15948 
11 18 2 7 15948 
11 18 18 8 15948 
11 18 32 7 15948 
11 18 48 8 15948 
11 19 2 7 15948 
11 19 18 8 15948 
11 19 32 7 15948 
11 19 48 8 15948 
11 20 2 7 15948 
11 20 18 8 15948 
11 20 32 7 15948 
11 20 48 8 15948 
11 21 2 7 15948 
11 21 18 8 15948 
11 21 32 7 15948 
11 21 48 8 15948 
11 22 2 7 15948 
11 22 18 8 15948 
11 22 32 7 15948 
11 22 48 8 15948 
11 23 2 7 15948 
11 23 18 8 15948 
11 23 32 7 15948 
11 23 48 8 15948 
11 24 2 7 15948 
11 24 18 8 15948 
11 24 32 7 15948 
11 24 48 8 15948 
11 25 2 7 15948 
11 25 18 8 15948 
11 25 32 7 15948 
11 29 24 8 15948 
11 29 38 7 15948 
11 29 54 8 15948 
11 30 8 7 15948 
11 30 24 8 15948 
11 30 38 7 15948 
11 30 54 8 15948 
11 31 8 7 15948 
11 31 24 8 15948 
11 31 38 7 15948 
11 31 54 8 15948 
11 32 8 7 15948 
11 32 24 8 15948 
11 32 38 7 15948 
11 32 54 8 15948 
11 33 8 7 15948 
11 33 24 8 15948 
11 33 38 7 15948 
11 33 54 8 15948 
11 34 8 7 15948 
11 34 24 8 15948 
11 34 38 7 15948 
11 34 54 8 15948 
11 35 8 7 15948 
11 35 24 8 15948 
11 35 38 7 15948 
11 35 54 8 15948 
11 36 8 7 15948 
11 36 24 8 15948 
11 36 38 7 15948 
11 36 54 8 15948 
11 37 8 7 15948 
11 37 24 8 15948 
11 37 38 7 15948 
11 37 54 8 15948 
11 38 8 7 15948 
11 38 24 8 15948 
11 38 38 7 15948 
11 38 54 8 15948 
11 39 8 7 15948 
11 39 24 8 15948 
11 39 38 7 15948 
11 39 54 8 15948 
11 40 8 7 15948 
11 40 24 8 15948 
11 40 38 7 15948 
11 40 54 8 15948 
11 41 8 7 15948 
11 41 24 8 15948 
11 41 38 7 15948 
11 41 54 8 15948 
11 42 8 7 15948 
11 42 24 8 15948 
11 42 38 7 15948 
11 42 54 8 15948 
11 43 8 7 15948 
11 43 24 8 15948 
11 43 38 7 15948 
11 43 54 8 15948 
11 47 44 7 15948 
11 48 0 8 15948 
11 58 28 7 10088 
11 58 44 8 14196 
11 58 58 7 14438 
11 59 14 8 15344 
11 59 28 7 15707 
11 59 44 8 15888 
11 59 58 7 16069 
12 0 14 8 16009 
12 0 28 7 16069 
12 0 44 8 16009 
12 0 58 7 16009 
12 1 14 8 16069 
12 1 28 7 16069 
12 1 44 8 16069 
12 1 58 7 16069 
12 2 14 8 16069 
12 2 28 7 16069 
12 2 44 8 16069 
12 2 58 7 16069 
12 3 14 8 16069 
12 3 28 7 16069 
12 3 44 8 16069 
12 3 58 7 16069 
12 4 14 8 16069 
12 4 28 7 16069 
12 4 44 8 16069 
12 4 58 7 16069 
12 5 14 8 16069 
12 5 28 7 16069 
12 5 44 8 16069 
12 5 58 7 16069 
12 6 14 8 16069 
12 6 28 7 16069 
12 6 44 8 16069 
12 6 58 7 16069 
12 7 14 8 16069 
12 7 28 7 16069 
12 7 44 8 16009 
12 7 58 7 16069 
12 8 14 8 16069 
12 8 28 7 16069 
12 8 44 8 16069 
12 8 58 7 16069 
12 9 14 8 16069 
12 9 28 7 16069 
12 9 44 8 16069 
12 9 58 7 16069 
12 10 14 8 16069 
12 10 28 7 16069 
12 10 44 8 16069 
12 10 58 7 16069 
12 11 14 8 16069 
12 11 28 7 16069 
12 11 44 8 16069 
12 11 58 7 16069 
12 12 14 8 16069 
12 12 28 7 16069 
12 12 44 8 16069 
12 12 58 7 16069 
12 16 50 8 16069 
12 17 4 7 16069 
12 17 20 8 16069 
12 17 34 7 16009 
12 17 50 8 16009 
12 18 4 7 16009 
12 18 20 8 16069 
12 18 34 7 16069 
12 18 50 8 16069 
12 19 4 7 16069 
12 19 20 8 16009 
12 19 34 7 16069 
12 19 50 8 16009 
12 20 4 7 16009 
12 20 20 8 16069 
12 20 34 7 16069 
12 20 50 8 16009 
12 21 4 7 16069 
12 21 20 8 16069 
12 21 34 7 16069 
12 21 50 8 16009 
12 22 4 7 16069 
12 22 20 8 16009 
12 22 34 7 16069 
12 22 50 8 16009 
12 23 4 7 16069 
12 23 20 8 16009 
12 23 34 7 16069 
12 23 50 8 16069 
12 24 4 7 16069 
12 24 20 8 16009 
12 24 34 7 16069 
12 24 50 8 16009 
12 25 4 7 16009 
12 25 20 8 16069 
12 25 34 7 16009 
12 25 50 8 16009 
12 26 4 7 16069 
12 26 20 8 16069 
12 26 34 7 16069 
12 26 50 8 16069 
12 27 4 7 16009 
12 27 20 8 16069 
12 27 34 7 16069 
12 27 50 8 16009 
12 28 4 7 16009 
12 28 20 8 16069 
12 28 34 7 16009 
12 28 50 8 16069 
12 29 4 7 16069 
12 29 20 8 16069 
12 29 34 7 16069 
12 29 50 8 16009 
12 30 4 7 16069 
12 30 20 8 16069 
12 30 34 7 16009 
12 30 50 8 16069 
12 31 4 7 16069 
12 31 20 8 16009 
12 35 10 7 16009 
12 35 26 8 16009 
12 35 40 7 16009 
12 35 56 8 16009 
12 36 10 7 16009 
12 36 26 8 16069 
12 36 40 7 16069 
12 36 56 8 16069 
12 37 10 7 16069 
12 37 26 8 16069 
12 37 40 7 16009 
12 37 56 8 16069 
12 38 10 7 16069 
12 38 26 8 16009 
12 38 40 7 16069 
12 38 56 8 16069 
12 39 10 7 16069 
12 39 26 8 16069 
12 39 40 7 16009 
12 39 56 8 16069 
12 40 10 7 16069 
12 40 26 8 16069 
12 40 40 7 16069 
12 40 56 8 16069 
12 41 10 7 16069 
12 41 26 8 16069 
12 41 40 7 16069 
12 41 56 8 16069 
12 42 10 7 16069 
12 42 26 8 16069 
12 42 40 7 16069 
12 42 56 8 16069 
12 43 10 7 16069 
12 43 26 8 16069 
12 43 40 7 16009 
12 43 56 8 16069 
12 44 10 7 16009 
12 44 26 8 16069 
12 44 40 7 16069 
12 44 56 8 16009 
12 45 10 7 16069 
12 45 26 8 16069 
12 45 40 7 16009 
12 45 56 8 16069 
12 46 10 7 16009 
12 46 26 8 16009 
12 46 40 7 16069 
12 46 56 8 16069 
12 47 10 7 16069 
12 47 26 8 16069 
12 47 40 7 16069 
12 47 56 8 16009 
12 48 10 7 16069 
12 48 26 8 16069 
12 48 40 7 16009 
12 48 56 8 16069 
12 49 10 7 16069 
12 49 26 8 16009 
12 49 40 7 16009 
12 53 32 8 16009 
12 53 46 7 16069 
12 54 2 8 16069 
12 54 16 7 16009 
12 54 32 8 16069 
12 54 46 7 16009 
12 55 2 8 16009 
12 55 16 7 16069 
12 55 32 8 16009 
12 55 46 7 16009 
12 56 2 8 16069 
12 56 16 7 16009 
12 56 32 8 16009 
12 56 46 7 16009 
12 57 2 8 16069 
12 57 16 7 16069 
12 57 32 8 16069 
12 57 46 7 16009 
12 58 2 8 16069 
12 58 16 7 16069 
12 58 32 8 16069 
12 58 46 7 16069 
12 59 2 8 16009 
12 59 16 7 16069 
12 59 32 8 16069 
12 59 46 7 16069 
13 0 2 8 16069 
13 0 16 7 16069 
13 0 32 8 16069 
13 0 46 7 16069 
13 1 2 8 16009 
13 1 16 7 16069 
13 1 32 8 16069 
13 1 46 7 16009 
13 2 2 8 16069 
13 2 16 7 16009 
13 2 32 8 16069 
13 2 46 7 16069 
13 3 2 8 16069 
13 3 16 7 16009 
13 3 32 8 16009 
13 3 46 7 16009 
13 4 2 8 16069 
13 4 16 7 16069 
13 4 32 8 16069 
13 4 46 7 16009 
13 5 2 8 16069 
13 5 16 7 16069 
13 5 32 8 16009 
13 5 46 7 16069 
13 6 2 8 16069 
13 6 16 7 16069 
13 6 32 8 16069 
13 6 46 7 16069 
13 7 2 8 16009 
13 7 16 7 16009 
13 7 32 8 16069 
13 7 46 7 16069 
13 8 2 8 16069 
13 11 52 7 16069 
13 12 8 8 16009 
13 12 22 7 16069 
13 12 38 8 16069 
13 12 52 7 16009 
13 13 8 8 16009 
13 13 22 7 16009 
13 13 38 8 16069 
13 13 52 7 16009 
13 14 8 8 16069 
13 14 22 7 16069 
13 14 38 8 16069 
13 14 52 7 16009 
13 15 8 8 16009 
13 15 22 7 16009 
13 15 38 8 16009 
13 15 52 7 16069 
13 16 8 8 16069 
13 16 22 7 16009 
13 16 38 8 16069 
13 16 52 7 16009 
13 17 8 8 16069 
13 17 22 7 16069 
13 17 38 8 16069 
13 17 52 7 16069 
13 18 8 8 16069 
13 18 22 7 16069 
13 18 38 8 16069 
13 18 52 7 16009 
13 19 8 8 16009 
13 19 22 7 16009 
13 19 38 8 16069 
13 19 52 7 16069 
13 20 8 8 16069 
13 20 22 7 16069 
13 20 38 8 16069 
13 20 52 7 16069 
13 21 8 8 16069 
13 21 22 7 16009 
13 21 38 8 16069 
13 21 52 7 16069 
13 22 8 8 16069 
13 22 22 7 16069 
13 22 38 8 16069 
13 22 52 7 16069 
13 23 8 8 16069 
13 23 22 7 16069 
13 23 38 8 16069 
13 23 52 7 16009 
13 24 8 8 16069 
13 24 22 7 16069 
13 24 38 8 16009 
13 24 52 7 16069 
13 25 8 8 16069 
13 25 22 7 16069 
13 25 38 8 16069 
13 25 52 7 16009 
13 26 8 8 16069 
13 26 22 7 16009 
13 30 14 8 16069 
13 30 28 7 16069 
13 30 44 8 16069 
13 30 58 7 16069 
13 31 14 8 16069 
13 31 28 7 16069 
13 31 44 8 16069 
13 31 58 7 16069 
13 32 14 8 16009 
13 32 28 7 16009 
13 32 44 8 16069 
13 32 58 7 16069 
13 33 14 8 16069 
13 33 28 7 16009 
13 33 44 8 16069 
13 33 58 7 16069 
13 34 14 8 16069 
13 34 28 7 16069 
13 34 44 8 16069 
13 34 58 7 16069 
13 35 14 8 16069 
13 35 28 7 16009 
13 35 44 8 16069 
13 35 58 7 16069 
13 36 14 8 16069 
13 36 28 7 16069 
13 36 44 8 16069 
13 36 58 7 16069 
13 37 14 8 16069 
13 37 28 7 16069 
13 37 44 8 16009 
13 37 58 7 16069 
13 38 14 8 16009 
13 38 28 7 16009 
13 38 44 8 16069 
13 38 58 7 16009 
13 39 14 8 16069 
13 39 28 7 16069 
13 39 44 8 16009 
13 39 58 7 16009 
13 40 14 8 16009 
13 40 28 7 16069 
13 40 44 8 16069 
13 40 58 7 16069 
13 41 14 8 16009 
13 41 28 7 16069 
13 41 44 8 16069 
13 41 58 7 16069 
13 42 14 8 16009 
13 42 28 7 16069 
13 42 44 8 16069 
13 42 58 7 16069 
13 43 14 8 16069 
13 43 28 7 16069 
13 43 44 8 16069 
13 43 58 7 16069 
13 44 14 8 16009 
13 44 28 7 16069 
13 44 44 8 16009 
13 48 34 7 16069 
13 48 50 8 16069 
13 49 4 7 16069 
13 49 20 8 16069 
13 49 34 7 16009 
13 49 50 8 16069 
13 50 4 7 16009 
13 50 20 8 16069 
13 50 34 7 16069 
13 50 50 8 16009 
13 51 4 7 16069 
13 51 20 8 16069 
13 51 34 7 16009 
13 51 50 8 16069 
13 52 4 7 16009 
13 52 20 8 16009 
13 52 34 7 16069 
13 52 50 8 16009 
13 53 4 7 16069 
13 53 20 8 16069 
13 53 34 7 16009 
13 53 50 8 16069 
13 54 4 7 16069 
13 54 20 8 16009 
13 54 34 7 16069 
13 54 50 8 16009 
13 55 4 7 16009 
13 55 20 8 16069 
13 55 34 7 16069 
13 55 50 8 16069 
13 56 4 7 16069 
13 56 20 8 16009 
13 56 34 7 16069 
13 56 50 8 16069 
13 57 4 7 16009 
13 57 20 8 16069 
13 57 34 7 16069 
13 57 50 8 16069 
13 58 4 7 16009 
13 58 20 8 16069 
13 58 34 7 16069 
13 58 50 8 16069 
13 59 4 7 16069 
13 59 20 8 16009 
13 59 34 7 16069 
13 59 50 8 16069 
14 0 4 7 16069 
14 0 20 8 16069 
14 0 34 7 16069 
14 0 50 8 16069 
14 1 4 7 16009 
14 1 20 8 16009 
14 1 34 7 16069 
14 1 50 8 16009 
14 2 4 7 16069 
14 2 20 8 16069 
14 2 34 7 16069 
14 2 50 8 16069 
14 3 4 7 16009 
14 6 56 8 16069 
14 7 10 7 16069 
14 7 26 8 16069 
14 7 40 7 16069 
14 7 56 8 16069 
14 8 10 7 16069 
14 8 26 8 16069 
14 8 40 7 16069 
14 8 56 8 16069 
14 9 10 7 16069 
14 9 26 8 16069 
14 9 40 7 16069 
14 9 56 8 16069 
14 10 10 7 16069 
14 10 26 8 16069 
14 10 40 7 16069 
14 10 56 8 16069 
14 11 10 7 16069 
14 11 26 8 16069 
14 11 40 7 16069 
14 11 56 8 16069 
14 12 10 7 16069 
14 12 26 8 16069 
14 12 40 7 16069 
14 12 56 8 16069 
14 13 10 7 16069 
14 13 26 8 16069 
14 13 40 7 16069 
14 13 56 8 16009 
14 14 10 7 16069 
14 14 26 8 16069 
14 14 40 7 16069 
14 14 56 8 16009 
14 15 10 7 16069 
14 15 26 8 16069 
14 15 40 7 16069 
14 15 56 8 16069 
14 16 10 7 16009 
14 16 26 8 16069 
14 16 40 7 16009 
14 16 56 8 16009 
14 17 10 7 16069 
14 17 26 8 16069 
14 17 40 7 16069 
14 17 56 8 16069 
14 18 10 7 16009 
14 18 26 8 16069 
14 18 40 7 16069 
14 18 56 8 16069 
14 19 10 7 16069 
14 19 26 8 16069 
14 19 40 7 16069 
14 19 56 8 16069 
14 20 10 7 16069 
14 20 26 8 16069 
14 20 40 7 16069 
14 20 56 8 16069 
14 21 10 7 16069 
14 21 26 8 16009 
14 25 16 7 16069 
14 25 32 8 16009 
14 25 46 7 16069 
14 26 2 8 16009 
14 26 16 7 16009 
14 26 32 8 16069 
14 26 46 7 16009 
14 27 2 8 16069 
14 27 16 7 16009 
14 27 32 8 16009 
14 27 46 7 16009 
14 28 2 8 16069 
14 28 16 7 16069 
14 28 32 8 16009 
14 28 46 7 16069 
14 29 2 8 16009 
14 29 16 7 16009 
14 29 32 8 16009 
14 29 46 7 16009 
14 30 2 8 16069 
14 30 18 8 16069 
14 30 32 7 16069 
14 30 48 8 16069 
14 31 2 7 16009 
14 31 18 8 16069 
14 31 32 7 16009 
14 31 48 8 16069 
14 32 2 7 16069 
14 32 16 7 16009 
14 32 32 8 16069 
14 32 46 7 16069 
14 33 2 8 16069 
14 33 18 8 16009 
14 33 32 7 16069 
14 33 48 8 16069 
14 34 2 7 16069 
14 34 18 8 16009 
14 34 32 7 16009 
14 34 48 8 16009 
14 35 2 7 16009 
14 35 18 8 16069 
14 35 32 7 16069 
14 35 48 8 16009 
14 36 2 7 16069 
14 36 18 8 16069 
14 36 32 7 16009 
14 36 48 8 16009 
14 37 2 7 16069 
14 37 18 8 16009 
14 37 32 7 16069 
14 37 48 8 16069 
14 38 2 7 16009 
14 38 18 8 16009 
14 38 32 7 16009 
14 38 48 8 16069 
14 39 2 7 16069 
14 39 18 8 16069 
14 39 32 7 16009 
14 39 48 8 16069 
14 43 38 8 16009 
14 43 52 7 16069 
14 44 8 8 16069 
14 44 22 7 16009 
14 44 38 8 16069 
14 44 52 7 16069 
14 45 8 8 16069 
14 45 22 7 16069 
14 45 38 8 16069 
14 45 52 7 16009 
14 46 8 8 16069 
14 46 22 7 16009 
14 46 38 8 16069 
14 46 52 7 16069 
14 47 8 8 16009 
14 47 22 7 16069 
14 47 38 8 16009 
14 47 52 7 16069 
14 48 8 8 16069 
14 48 22 7 16009 
14 48 38 8 16069 
14 48 52 7 16009 
14 49 8 8 16069 
14 49 22 7 16069 
14 49 38 8 16009 
14 49 52 7 16009 
14 50 8 8 16009 
14 50 22 7 16009 
14 50 38 8 16069 
14 50 52 7 16069 
14 51 8 8 16069 
14 51 22 7 16009 
14 51 38 8 16009 
14 51 51 7 16009 
14 52 8 8 16009 
14 52 22 7 16069 
14 52 38 8 16069 
14 52 52 7 16009 
14 53 8 8 16069 
14 53 22 7 16009 
14 53 38 8 16009 
14 53 52 7 16009 
14 54 8 8 16009 
14 54 22 7 16009 
14 54 38 8 16009 
14 54 52 7 16069 
14 55 8 8 16009 
14 55 22 7 16069 
14 55 38 8 16009 
14 55 52 7 16009 
14 56 8 8 16009 
14 56 22 7 16009 
14 56 38 8 16069 
14 56 57 1 8034 

/> 
read_ramp 11091311
read_ramp 11091311
<CR>Time:2021/11/09 14:43Ramp data first polarity: 
778 776 777 777 777 777 777 777 776 777 777 777 776 777 776 776 777 777 777 778 777 777 777 777 777 777 776 776 777 776 777 777 777 776 777 775 776 776 776 776 776 776 777 778 778 777 777 778 776 776 777 776 777 777 777 777 776 776 776 776 776 776 776 776 776 773 771 770 769 765 764 761 758 754 752 752 749 746 744 743 741 739 737 736 734 733 732 731 729 727 726 724 723 722 721 719 718 717 715 714 712 710 709 706 705 703 702 701 699 697 697 695 693 691 690 688 687 686 684 684 682 680 679 676 675 673 672 671 669 666 666 665 663 661 660 658 657 655 654 652 651 651 649 648 647 644 643 642 639 638 636 635 634 633 631 629 628 627 625 623 622 620 618 617 616 615 613 611 610 609 608 606 605 603 602 601 599 598 596 594 593 591 589 589 587 586 585 584 583 580 579 578 575 575 574 573 571 570 568 566 565 563 562 561 559 558 557 556 555 553 552 550 548 547 545 544 542 541 540 539 538 537 536 534 532 530 529 528 527 525 524 523 521 520 518 517 516 515 514 512 512 510 510 510 510 510 510 510 509 509 506 508 510 509 510 510 510 509 509 509 509 509 509 509 510 510 509 510 509 509 508 509 510 509 509 510 510 510 509 509 509 509 510 509 509 510 509 509 509 509 509 509 508 509 509 509 509 510 511 511 510 510 510 509 509 509 510 510 509 509 509 510 510 509 509 509 509 509 509 509 
ramp data second polarity
245 245 245 244 244 244 245 244 244 245 245 245 245 245 244 244 245 244 245 244 245 245 245 246 246 245 245 245 246 244 245 245 245 245 245 246 245 245 245 245 244 244 244 245 245 245 245 245 244 245 245 245 245 246 245 245 245 245 245 244 244 244 244 245 245 252 247 249 251 254 258 261 263 267 271 272 274 276 278 278 280 282 284 285 286 287 289 291 292 293 295 296 297 299 300 302 303 305 306 308 310 312 314 315 316 317 319 320 322 323 325 326 328 328 331 333 333 335 336 338 339 341 343 344 346 348 349 351 352 354 354 357 358 360 361 363 364 365 366 368 369 372 373 374 376 377 379 380 382 382 385 386 388 389 391 392 393 395 397 398 398 400 401 402 404 406 407 409 410 412 413 414 417 417 419 421 422 424 426 427 428 428 431 432 433 434 436 437 439 441 442 443 444 445 447 448 450 451 452 454 455 458 458 460 461 463 464 464 467 468 468 471 472 473 474 476 476 478 480 481 483 484 487 487 488 490 491 493 493 495 496 497 499 500 502 503 504 506 507 507 509 509 511 511 511 512 511 513 511 511 507 511 513 512 513 512 512 512 512 511 511 511 511 511 511 511 513 511 511 511 512 511 511 511 511 511 512 513 512 513 513 511 511 511 511 511 512 511 512 511 512 511 512 512 511 511 511 511 511 511 511 512 512 513 511 512 512 510 511 512 511 511 511 511 510 511 513 511 511 513 
Oscillation data first polarity :
248 250 254 257 260 261 266 269 271 272 274 276 277 278 280 282 284 286 287 289 290 291 292 293 295 296 299 298 301 303 304 306 307 308 310 311 313 315 317 318 320 321 323 324 325 327 328 330 332 333 335 337 338 340 340 342 343 345 346 348 349 351 353 354 355 357 359 360 362 363 365 366 367 369 371 372 373 374 376 378 379 381 382 383 385 386 388 389 390 393 394 395 397 399 400 401 403 405 405 406 407 409 411 412 413 415 417 418 420 421 422 423 425 427 428 430 431 433 434 435 436 437 439 440 441 443 444 445 448 449 450 451 453 454 456 457 458 460 462 464 466 467 468 468 469 471 473 474 475 477 478 479 481 482 484 484 485 487 488 489 491 493 494 496 497 498 500 500 501 503 505 506 507 509 509 510 511 511 511 511 513 512 511 511 510 511 511 511 512 512 512 512 511 511 511 512 512 511 511 511 511 511 511 511 512 512 512 511 511 512 511 511 511 511 511 511 512 511 511 511 511 511 511 511 511 512 511 512 511 511 513 511 511 512 511 511 511 512 512 512 512 511 511 511 511 511 511 511 511 511 511 511 511 511 511 511 511 511 511 511 511 512 512 511 512 512 511 512 510 512 512 511 511 511 512 511 511 513 511 511 510 511 511 511 511 511 512 512 512 512 511 511 511 511 511 512 511 511 512 511 512 512 511 512 511 511 511 511 510 511 512 512 511 512 512 511 510 511 511 511 
Oscillation data second polarity :
771 769 767 764 763 760 758 754 751 749 748 747 745 743 742 741 738 736 735 733 732 730 729 728 726 725 723 722 720 718 717 715 714 713 711 710 708 708 706 704 703 701 699 697 696 695 693 692 691 689 687 686 684 683 681 679 678 676 676 674 671 670 669 668 666 665 663 662 660 659 659 657 655 653 651 649 647 646 645 644 642 641 640 637 636 634 633 631 631 630 628 627 625 623 622 619 618 617 615 614 613 612 611 609 608 607 605 603 601 599 598 597 596 594 594 592 591 590 588 586 584 583 582 580 579 578 576 575 573 571 570 569 567 566 565 564 562 561 560 557 557 556 554 553 551 550 549 548 546 545 544 542 540 539 537 536 535 534 533 531 529 529 527 525 524 523 522 521 519 518 516 515 513 512 512 511 510 509 509 510 509 509 509 509 509 509 509 509 509 508 508 510 510 509 510 509 510 509 509 511 509 509 509 509 509 509 509 509 509 509 509 510 509 510 509 509 510 510 510 509 509 509 509 510 509 509 509 509 509 509 509 509 509 509 509 509 509 509 509 509 508 510 510 510 510 509 509 509 510 509 509 509 510 509 509 509 509 509 509 510 509 510 509 509 509 509 509 509 510 510 509 509 509 510 510 509 509 510 509 509 509 509 509 509 509 509 509 509 509 509 510 510 510 511 510 510 510 509 509 509 509 510 509 509 509 509 509 509 509 509 509 509 509 509 509 509 509 510 510 510 
/> 