ls

ls
<CR>
         TIME          Size       File name 
----A 2021/06/02 12:43      8864  0602
----A 2021/06/02 07:31    128000  06020715
----A 2021/06/02 07:47    128000  06020732
----A 2021/06/02 08:07    128000  06020749
----A 2021/06/02 08:23    128000  06020806
----A 2021/06/02 08:39    128000  06020823
----A 2021/06/02 08:55    128000  06020840
----A 2021/06/02 09:15    128000  06020857
----A 2021/06/02 09:31    128000  06020914
----A 2021/06/02 09:47    128000  06020931
----A 2021/06/02 10:03    128000  06020948
----A 2021/06/02 10:23    128000  06021005
----A 2021/06/02 10:39    128000  06021022
----A 2021/06/02 10:55    128000  06021039
----A 2021/06/02 11:12    128000  06021056
----A 2021/06/02 11:29    128000  06021113
----A 2021/06/02 11:46    128000  06021130
----A 2021/06/02 11:48      2560  06021148
----A 2021/06/03 12:57      8968  0603
----A 2021/06/03 07:27    128000  06030711
----A 2021/06/03 07:43    128000  06030728
----A 2021/06/03 08:02    128000  06030745
----A 2021/06/03 08:19    128000  06030802
----A 2021/06/03 08:19      2560  06030819
----A 2021/06/03 09:50    128000  06030935
----A 2021/06/03 10:07    128000  06030952
----A 2021/06/03 10:26    128000  06031009
----A 2021/06/03 10:43    128000  06031026
----A 2021/06/03 10:58    128000  06031043
----A 2021/06/03 11:15    128000  06031100
----A 2021/06/03 11:34    128000  06031117
----A 2021/06/03 11:51    128000  06031134
----A 2021/06/03 12:06    128000  06031151
----A 2021/06/03 12:23    128000  06031208
----A 2021/06/03 12:42    128000  06031225
----A 2021/06/03 12:42      2560  06031242
----A 2021/06/04 12:51      9536  0604
----A 2021/06/04 07:39    128000  06040724
----A 2021/06/04 07:57    128000  06040741
----A 2021/06/04 08:13    128000  06040758
----A 2021/06/04 08:31    128000  06040815
----A 2021/06/04 08:47    128000  06040832
----A 2021/06/04 09:05    128000  06040849
----A 2021/06/04 09:21    128000  06040906
----A 2021/06/04 09:39    128000  06040923
----A 2021/06/04 09:55    128000  06040940
----A 2021/06/04 10:14    128000  06040957
----A 2021/06/04 10:31    128000  06041014
----A 2021/06/04 10:46    128000  06041031
----A 2021/06/04 11:03    128000  06041048
----A 2021/06/04 11:22    128000  06041105
----A 2021/06/04 11:39    128000  06041122
----A 2021/06/04 11:54    128000  06041139
----A 2021/06/04 12:11    128000  06041156
----A 2021/06/04 12:30    128000  06041213
----A 2021/06/04 12:47    128000  06041230
----A 2021/06/04 12:47      2560  06041247

  57 File(s),   6437608 bytes total
   0 Dir(s),     994064K bytes free

/> 
read 0604
read 0604
<CR>Time:2021/06/04 12:47
Hours Minutes Seconds  Nb_Samples    Aver. Current 
7 8 11 13 5711 
7 8 25 12 6623 
7 8 41 13 7352 
7 8 55 12 8810 
7 9 11 13 8871 
7 9 25 12 9600 
7 9 41 13 9843 
7 9 55 12 10086 
7 10 11 13 10086 
7 10 27 13 10086 
7 10 41 12 10086 
7 10 55 12 10086 
7 11 11 13 10086 
7 11 25 12 10086 
7 11 41 13 10026 
7 11 55 12 10026 
7 12 11 13 10026 
7 12 25 12 10026 
7 12 41 13 10086 
7 12 55 12 10086 
7 13 11 13 10026 
7 13 25 12 10026 
7 13 41 13 10026 
7 13 55 12 10086 
7 14 11 13 10026 
7 14 25 12 10026 
7 14 41 13 10086 
7 14 55 12 10026 
7 15 11 13 10026 
7 15 25 12 10026 
7 15 41 13 10026 
7 15 55 12 10026 
7 16 11 13 10026 
7 16 25 12 10026 
7 16 41 13 10026 
7 16 55 12 10026 
7 17 11 13 10026 
7 17 25 12 10026 
7 17 41 13 10026 
7 17 55 12 10026 
7 18 11 13 10026 
7 18 25 12 10026 
7 18 41 13 10026 
7 18 55 12 10026 
7 19 11 13 10026 
7 19 25 12 10026 
7 19 41 13 10026 
7 19 55 12 10026 
7 20 11 13 10026 
7 20 25 12 10026 
7 20 41 13 10026 
7 20 55 12 10026 
7 21 11 13 10026 
7 21 25 12 10026 
7 21 41 13 10026 
7 21 55 12 10026 
7 22 11 13 10026 
7 22 25 12 10026 
7 24 57 13 10026 
7 25 12 12 10026 
7 25 27 13 10026 
7 25 42 12 10026 
7 25 57 13 10026 
7 26 12 12 10026 
7 26 27 13 10026 
7 26 42 12 10026 
7 26 57 13 10026 
7 27 12 12 10026 
7 27 27 13 10026 
7 27 42 12 10026 
7 27 57 13 10026 
7 28 12 12 10026 
7 28 27 13 10026 
7 28 42 12 10026 
7 28 57 13 10026 
7 29 12 12 10026 
7 29 27 13 10026 
7 29 42 12 10026 
7 29 57 13 10026 
7 30 12 12 10026 
7 30 27 13 10026 
7 30 42 12 10026 
7 30 57 13 10026 
7 31 12 12 10026 
7 31 27 13 10026 
7 31 42 12 10026 
7 31 57 13 10026 
7 32 12 12 10026 
7 32 27 13 10026 
7 32 42 12 10026 
7 32 57 13 10026 
7 33 12 12 10026 
7 33 27 13 10026 
7 33 42 12 10026 
7 33 57 13 10026 
7 34 12 12 10026 
7 34 27 13 10026 
7 34 42 12 10026 
7 34 57 13 10026 
7 35 12 12 10026 
7 35 27 13 10026 
7 35 42 12 10026 
7 35 57 13 10026 
7 36 12 12 10026 
7 36 27 13 10026 
7 36 42 12 10026 
7 36 57 13 10026 
7 37 12 12 10026 
7 37 27 13 10026 
7 37 42 12 10026 
7 37 57 13 10026 
7 38 12 12 10026 
7 38 27 13 10026 
7 38 42 12 10026 
7 38 57 13 10026 
7 39 12 12 10026 
7 39 27 13 10026 
7 41 58 13 10026 
7 42 13 12 10026 
7 42 28 13 10026 
7 42 43 12 10026 
7 42 58 13 10026 
7 43 13 12 10026 
7 43 28 13 10026 
7 43 43 12 10026 
7 43 58 13 10026 
7 44 13 12 10026 
7 44 28 13 10026 
7 44 43 12 10026 
7 44 58 13 10026 
7 45 13 12 10026 
7 45 28 13 10026 
7 45 43 12 10026 
7 45 58 13 10026 
7 46 13 12 10026 
7 46 28 13 10026 
7 46 43 12 10026 
7 46 58 13 10026 
7 47 13 12 10026 
7 47 28 13 10026 
7 47 43 12 10026 
7 47 58 13 10026 
7 48 13 12 10026 
7 48 28 13 10026 
7 48 43 12 10026 
7 48 58 13 10026 
7 49 13 12 10026 
7 49 28 13 10026 
7 49 43 12 10026 
7 49 58 13 10026 
7 50 13 12 10026 
7 50 28 13 10026 
7 50 43 12 10026 
7 50 58 13 10026 
7 51 13 12 10026 
7 51 28 13 10026 
7 51 43 12 10026 
7 51 58 13 10026 
7 52 13 12 10026 
7 52 28 13 10026 
7 52 43 12 10026 
7 52 58 13 10026 
7 53 13 12 10026 
7 53 28 13 10026 
7 53 43 12 10026 
7 53 58 13 10026 
7 54 13 12 10026 
7 54 28 13 10026 
7 54 43 12 10026 
7 54 58 13 10026 
7 55 13 12 10026 
7 55 28 13 10026 
7 55 43 12 10026 
7 55 58 13 10026 
7 56 13 12 10026 
7 56 28 13 10026 
7 58 58 13 10026 
7 59 13 12 10026 
7 59 28 13 10026 
7 59 43 12 10026 
7 59 58 13 10026 
8 0 13 12 10026 
8 0 28 13 10026 
8 0 43 12 10026 
8 0 58 13 10026 
8 1 13 12 10026 
8 1 28 13 10026 
8 1 43 12 10026 
8 1 58 13 10026 
8 2 13 12 10026 
8 2 28 13 10026 
8 2 43 12 10026 
8 2 58 13 10026 
8 3 13 12 10026 
8 3 28 13 10026 
8 3 43 12 10026 
8 3 58 13 10026 
8 4 13 12 10026 
8 4 28 13 10026 
8 4 43 12 10026 
8 4 58 13 10026 
8 5 13 12 10026 
8 5 28 13 10026 
8 5 43 12 10026 
8 5 58 13 10026 
8 6 13 12 10026 
8 6 28 13 10026 
8 6 43 12 10026 
8 6 58 13 10026 
8 7 13 12 10026 
8 7 28 13 10026 
8 7 43 12 10026 
8 7 58 13 10026 
8 8 13 12 10026 
8 8 28 13 10026 
8 8 43 12 10026 
8 8 58 13 10026 
8 9 13 12 10026 
8 9 28 13 9965 
8 9 43 12 10026 
8 9 58 13 10026 
8 10 13 12 10026 
8 10 28 13 10026 
8 10 43 12 10026 
8 10 58 13 10026 
8 11 13 12 10026 
8 11 28 13 10026 
8 11 43 12 10026 
8 11 58 13 10026 
8 12 13 12 10026 
8 12 28 13 10026 
8 12 43 12 10086 
8 12 58 13 10026 
8 13 13 12 10026 
8 13 28 13 10026 
8 16 0 13 10026 
8 16 14 12 10026 
8 16 30 13 10026 
8 16 44 12 10026 
8 17 0 13 10026 
8 17 14 12 10026 
8 17 30 13 10026 
8 17 44 12 10026 
8 18 0 13 10026 
8 18 14 12 10026 
8 18 30 13 10026 
8 18 44 12 10026 
8 19 0 13 10026 
8 19 14 12 10026 
8 19 30 13 10026 
8 19 44 12 10026 
8 20 0 13 10026 
8 20 14 12 10026 
8 20 30 13 10026 
8 20 44 12 10026 
8 21 0 13 10026 
8 21 14 12 10026 
8 21 30 13 10026 
8 21 44 12 10026 
8 22 0 13 10026 
8 22 14 12 10026 
8 22 30 13 10026 
8 22 44 12 10026 
8 23 0 13 10026 
8 23 14 12 10026 
8 23 30 13 10026 
8 23 44 12 10026 
8 24 0 13 10026 
8 24 14 12 10026 
8 24 30 13 10026 
8 24 44 12 10026 
8 25 0 13 10026 
8 25 14 12 10026 
8 25 30 13 10026 
8 25 44 12 10026 
8 26 0 13 10026 
8 26 14 12 10026 
8 26 30 13 10026 
8 26 44 12 10026 
8 27 0 13 10026 
8 27 14 12 10026 
8 27 30 13 10026 
8 27 44 12 10026 
8 28 0 13 10026 
8 28 14 12 10026 
8 28 30 13 10026 
8 28 44 12 10026 
8 29 0 13 10026 
8 29 14 12 10026 
8 29 30 13 10026 
8 29 44 12 10026 
8 30 0 13 10026 
8 30 14 12 10026 
8 30 29 13 10026 
8 33 1 13 10026 
8 33 15 12 10026 
8 33 31 13 10026 
8 33 45 12 10026 
8 34 1 13 10026 
8 34 15 12 10026 
8 34 31 13 10026 
8 34 45 12 9965 
8 35 1 13 10026 
8 35 15 12 10026 
8 35 31 13 10026 
8 35 45 12 10026 
8 36 1 13 10026 
8 36 15 12 10026 
8 36 31 13 10026 
8 36 45 12 10026 
8 37 1 13 10026 
8 37 15 12 10026 
8 37 31 13 10026 
8 37 45 12 10026 
8 38 1 13 10026 
8 38 15 12 10026 
8 38 31 13 10026 
8 38 45 12 10026 
8 39 1 13 10026 
8 39 15 12 10026 
8 39 31 13 10026 
8 39 45 12 10026 
8 40 1 13 10026 
8 40 15 12 10026 
8 40 31 13 10026 
8 40 45 12 10026 
8 41 1 13 10026 
8 41 15 12 10026 
8 41 31 13 10026 
8 41 45 12 10026 
8 42 1 13 10026 
8 42 15 12 10026 
8 42 31 13 10026 
8 42 45 12 10026 
8 43 1 13 10026 
8 43 15 12 10026 
8 43 31 13 10026 
8 43 45 12 10026 
8 44 1 13 10026 
8 44 15 12 10026 
8 44 31 13 10026 
8 44 45 12 10026 
8 45 1 13 10026 
8 45 15 12 10026 
8 45 31 13 10026 
8 45 45 12 10026 
8 46 1 13 10026 
8 46 15 12 10026 
8 46 31 13 10026 
8 46 45 12 10026 
8 47 1 13 10026 
8 47 15 12 10026 
8 47 31 13 10026 
8 50 1 13 10026 
8 50 15 12 10026 
8 50 31 13 10026 
8 50 45 12 10026 
8 51 1 13 10026 
8 51 15 12 10026 
8 51 31 13 10026 
8 51 45 12 10026 
8 52 1 13 10026 
8 52 15 12 10026 
8 52 31 13 10026 
8 52 45 12 10026 
8 53 1 13 10026 
8 53 15 12 10026 
8 53 31 13 10026 
8 53 45 12 10026 
8 54 1 13 10026 
8 54 15 12 10026 
8 54 31 13 10026 
8 54 45 12 10026 
8 55 1 13 10026 
8 55 15 12 10026 
8 55 31 13 10026 
8 55 45 12 10026 
8 56 1 13 10026 
8 56 15 12 10026 
8 56 31 13 10026 
8 56 45 12 10026 
8 57 1 13 10026 
8 57 15 12 10026 
8 57 31 13 10026 
8 57 45 12 10026 
8 58 1 13 10026 
8 58 15 12 10026 
8 58 31 13 10026 
8 58 45 12 10026 
8 59 1 13 10026 
8 59 15 12 10026 
8 59 31 13 10026 
8 59 45 12 10026 
9 0 1 13 10026 
9 0 15 12 10026 
9 0 31 13 10026 
9 0 45 12 10026 
9 1 1 13 10026 
9 1 15 12 10026 
9 1 31 13 10026 
9 1 45 12 10026 
9 2 1 13 10026 
9 2 15 12 10026 
9 2 31 13 10026 
9 2 45 12 10026 
9 3 1 13 10026 
9 3 15 12 10026 
9 3 31 13 10026 
9 3 45 12 10026 
9 4 1 13 10026 
9 4 15 12 10026 
9 4 31 13 10026 
9 7 1 13 10026 
9 7 15 12 10026 
9 7 31 13 10026 
9 7 45 12 10026 
9 8 1 13 10026 
9 8 15 12 10026 
9 8 31 13 10026 
9 8 45 12 10026 
9 9 1 13 10026 
9 9 15 12 10026 
9 9 31 13 10026 
9 9 45 12 10026 
9 10 1 13 10026 
9 10 15 12 10026 
9 10 31 13 10026 
9 10 45 12 10026 
9 11 1 13 10026 
9 11 15 12 10026 
9 11 31 13 10026 
9 11 45 12 10026 
9 12 1 13 10026 
9 12 15 12 10026 
9 12 31 13 10026 
9 12 45 12 10026 
9 13 1 13 10026 
9 13 15 12 10026 
9 13 31 13 10026 
9 13 45 12 10086 
9 14 1 13 10026 
9 14 15 12 10026 
9 14 31 13 10026 
9 14 45 12 10026 
9 15 1 13 10026 
9 15 15 12 10026 
9 15 31 13 10026 
9 15 45 12 10026 
9 16 1 13 10026 
9 16 15 12 9965 
9 16 31 13 10026 
9 16 45 12 10026 
9 17 1 13 10026 
9 17 15 12 10026 
9 17 31 13 10026 
9 17 45 12 10026 
9 18 1 13 10026 
9 18 15 12 10026 
9 18 31 13 10026 
9 18 45 12 10026 
9 19 1 13 10026 
9 19 15 12 10026 
9 19 31 13 10026 
9 19 45 12 10026 
9 20 1 13 10026 
9 20 15 12 10026 
9 20 31 13 10026 
9 20 45 12 10026 
9 21 1 13 10026 
9 21 15 12 10026 
9 21 31 13 10026 
9 24 1 13 10026 
9 24 15 12 10026 
9 24 31 13 10026 
9 24 45 12 10026 
9 25 1 13 10026 
9 25 15 12 10026 
9 25 31 13 10026 
9 25 45 12 10026 
9 26 1 13 10026 
9 26 15 12 10026 
9 26 31 13 10026 
9 26 45 12 10026 
9 27 1 13 10026 
9 27 15 12 10026 
9 27 31 13 10026 
9 27 45 12 10026 
9 28 1 13 10026 
9 28 15 12 10026 
9 28 31 13 10026 
9 28 45 12 10026 
9 29 1 13 10026 
9 29 15 12 10026 
9 29 31 13 10026 
9 29 45 12 10026 
9 30 1 13 10026 
9 30 15 12 10026 
9 30 31 13 10026 
9 30 45 12 10026 
9 31 1 13 10086 
9 31 15 12 10026 
9 31 31 13 10026 
9 31 45 12 10026 
9 32 1 13 10026 
9 32 15 12 10026 
9 32 31 13 10026 
9 32 45 12 10026 
9 33 1 13 10026 
9 33 15 12 10026 
9 33 31 13 10026 
9 33 45 12 10026 
9 34 1 13 10026 
9 34 15 12 10026 
9 34 31 13 10026 
9 34 45 12 10026 
9 35 1 13 10026 
9 35 15 12 10026 
9 35 31 13 10026 
9 35 45 12 10026 
9 36 1 13 10026 
9 36 15 12 9965 
9 36 31 13 10026 
9 36 45 12 10026 
9 37 1 13 10026 
9 37 15 12 10026 
9 37 31 13 10026 
9 37 45 12 10026 
9 38 1 13 10026 
9 38 15 12 10026 
9 38 31 13 10026 
9 41 2 13 10026 
9 41 17 12 10026 
9 41 32 13 10026 
9 41 47 12 10026 
9 42 2 13 10026 
9 42 17 12 10026 
9 42 32 13 10026 
9 42 47 12 10026 
9 43 2 13 10026 
9 43 17 12 10026 
9 43 32 13 10026 
9 43 47 12 10026 
9 44 2 13 10026 
9 44 17 12 10026 
9 44 32 13 10026 
9 44 47 12 10026 
9 45 2 13 10026 
9 45 17 12 10026 
9 45 32 13 10026 
9 45 47 12 10026 
9 46 2 13 10026 
9 46 17 12 10026 
9 46 32 13 10026 
9 46 47 12 10026 
9 47 2 13 9965 
9 47 17 12 10026 
9 47 32 13 10026 
9 47 47 12 10026 
9 48 2 13 10026 
9 48 17 12 10026 
9 48 32 13 10026 
9 48 47 12 10026 
9 49 2 13 10026 
9 49 16 12 10026 
9 49 32 13 9965 
9 49 47 12 10026 
9 50 2 13 10026 
9 50 17 12 10026 
9 50 32 13 10026 
9 50 47 12 10026 
9 51 2 13 10026 
9 51 17 12 10026 
9 51 32 13 10026 
9 51 47 12 10026 
9 52 2 13 10026 
9 52 17 12 10026 
9 52 32 13 9965 
9 52 47 12 10026 
9 53 2 13 10026 
9 53 17 12 10026 
9 53 32 13 10026 
9 53 47 12 10026 
9 54 2 13 10026 
9 54 17 12 9965 
9 54 32 13 10026 
9 54 47 12 10026 
9 55 2 13 10026 
9 55 17 12 10026 
9 55 32 13 10026 
9 58 2 13 10026 
9 58 17 12 10026 
9 58 32 13 10026 
9 58 47 12 10026 
9 59 2 13 10026 
9 59 16 12 10026 
9 59 32 13 10026 
9 59 47 12 10026 
10 0 2 13 10026 
10 0 17 12 10026 
10 0 32 13 10026 
10 0 47 12 10026 
10 1 2 13 10026 
10 1 17 12 10026 
10 1 32 13 10026 
10 1 47 12 10026 
10 2 2 13 10026 
10 2 17 12 10026 
10 2 32 13 10026 
10 2 47 12 10026 
10 3 2 13 10026 
10 3 17 12 10026 
10 3 32 13 10026 
10 3 47 12 10026 
10 4 2 13 10026 
10 4 17 12 10026 
10 4 32 13 10026 
10 4 47 12 10026 
10 5 2 13 10026 
10 5 17 12 10026 
10 5 32 13 10026 
10 5 47 12 10026 
10 6 2 13 10026 
10 6 17 12 10026 
10 6 32 13 10026 
10 6 47 12 10026 
10 7 2 13 10026 
10 7 17 12 10026 
10 7 32 13 10026 
10 7 47 12 10026 
10 8 2 13 10026 
10 8 17 12 10026 
10 8 32 13 10026 
10 8 47 12 10026 
10 9 2 13 10026 
10 9 17 12 10026 
10 9 32 13 10026 
10 9 47 12 10026 
10 10 2 13 10026 
10 10 17 12 10026 
10 10 32 13 10026 
10 10 47 12 10026 
10 11 2 13 10026 
10 11 17 12 10026 
10 11 32 13 10026 
10 11 47 12 10026 
10 12 2 13 10026 
10 12 17 12 10026 
10 12 32 13 10026 
10 15 2 13 10026 
10 15 17 12 10026 
10 15 32 13 10026 
10 15 47 12 10026 
10 16 2 13 10026 
10 16 17 12 10026 
10 16 32 13 10026 
10 16 47 12 10026 
10 17 2 13 10026 
10 17 17 12 10026 
10 17 32 13 10026 
10 17 47 12 10026 
10 18 2 13 10026 
10 18 17 12 10026 
10 18 32 13 10026 
10 18 47 12 10026 
10 19 2 13 10026 
10 19 17 12 10026 
10 19 32 13 10026 
10 19 47 12 10026 
10 20 2 13 10026 
10 20 17 12 10026 
10 20 32 13 10026 
10 20 47 12 10026 
10 21 2 13 10026 
10 21 17 12 10026 
10 21 32 13 10026 
10 21 47 12 10026 
10 22 2 13 10026 
10 22 17 12 10026 
10 22 32 13 10026 
10 22 47 12 10026 
10 23 2 13 10026 
10 23 17 12 10026 
10 23 32 13 10026 
10 23 47 12 10026 
10 24 2 13 10026 
10 24 17 12 10026 
10 24 32 13 10026 
10 24 47 12 10026 
10 25 2 13 10026 
10 25 17 12 10026 
10 25 32 13 10026 
10 25 47 12 10026 
10 26 2 13 10026 
10 26 17 12 10026 
10 26 32 13 10026 
10 26 47 12 10026 
10 27 2 13 10026 
10 27 16 12 10026 
10 27 32 13 10026 
10 27 47 12 10026 
10 28 2 13 10026 
10 28 17 12 10026 
10 28 32 13 10026 
10 28 47 12 10026 
10 29 2 13 10026 
10 29 17 12 10026 
10 29 32 13 10026 
10 32 3 13 10026 
10 32 18 12 10026 
10 32 33 13 10026 
10 32 48 12 10026 
10 33 3 13 10026 
10 33 18 12 10026 
10 33 33 13 10026 
10 33 48 12 10026 
10 34 3 13 10026 
10 34 18 12 10026 
10 34 33 13 10026 
10 34 48 12 10026 
10 35 3 13 10026 
10 35 18 12 10026 
10 35 33 13 10026 
10 35 48 12 10026 
10 36 3 13 10026 
10 36 18 12 10026 
10 36 33 13 10026 
10 36 48 12 10026 
10 37 3 13 10026 
10 37 18 12 10026 
10 37 33 13 10026 
10 37 48 12 10026 
10 38 3 13 10026 
10 38 18 12 10026 
10 38 33 13 10026 
10 38 48 12 10026 
10 39 3 13 10026 
10 39 18 12 10026 
10 39 33 13 10026 
10 39 48 12 10026 
10 40 3 13 10026 
10 40 18 12 10026 
10 40 33 13 10026 
10 40 48 12 10026 
10 41 3 13 10026 
10 41 18 12 10026 
10 41 33 13 10026 
10 41 48 12 10026 
10 42 3 13 10026 
10 42 18 12 10026 
10 42 33 13 10026 
10 42 48 12 10026 
10 43 3 13 10026 
10 43 18 12 10026 
10 43 33 13 10026 
10 43 48 12 10026 
10 44 3 13 10026 
10 44 18 12 10026 
10 44 33 13 10026 
10 44 48 12 10026 
10 45 3 13 10026 
10 45 18 12 10026 
10 45 33 13 10026 
10 45 48 12 10026 
10 46 3 13 10026 
10 46 18 12 10026 
10 46 33 13 10026 
10 49 4 13 10026 
10 49 19 12 10026 
10 49 34 13 10026 
10 49 49 12 10026 
10 50 4 13 10026 
10 50 19 12 10026 
10 50 34 13 10026 
10 50 49 12 10026 
10 51 4 13 10026 
10 51 19 12 10026 
10 51 34 13 10026 
10 51 49 12 10026 
10 52 4 13 10026 
10 52 19 12 10026 
10 52 34 13 10026 
10 52 49 12 10026 
10 53 4 13 10026 
10 53 19 12 10026 
10 53 34 13 10026 
10 53 49 12 10026 
10 54 4 13 10026 
10 54 19 12 10026 
10 54 34 13 10026 
10 54 49 12 10026 
10 55 4 13 10026 
10 55 19 12 10026 
10 55 34 13 10026 
10 55 49 12 10026 
10 56 4 13 10026 
10 56 19 12 10026 
10 56 34 13 10026 
10 56 49 12 10026 
10 57 4 13 10026 
10 57 19 12 10026 
10 57 34 13 10026 
10 57 49 12 10026 
10 58 4 13 10026 
10 58 19 12 10026 
10 58 34 13 10026 
10 58 49 12 10026 
10 59 4 13 10026 
10 59 19 12 10026 
10 59 34 13 10026 
10 59 49 12 10026 
11 0 4 13 10026 
11 0 19 12 10026 
11 0 34 13 10026 
11 0 49 12 10026 
11 1 4 13 10026 
11 1 19 12 10026 
11 1 34 13 10026 
11 1 49 12 10026 
11 2 4 13 10026 
11 2 19 12 10026 
11 2 34 13 9965 
11 2 49 12 10026 
11 3 4 13 10026 
11 3 19 12 10026 
11 3 34 13 10026 
11 6 4 13 10026 
11 6 19 12 10026 
11 6 34 13 10026 
11 6 49 12 10026 
11 7 4 13 10026 
11 7 19 12 10026 
11 7 34 13 10026 
11 7 49 12 10026 
11 8 4 13 10026 
11 8 19 12 10026 
11 8 34 13 10026 
11 8 49 12 10026 
11 9 4 13 10026 
11 9 19 12 10026 
11 9 34 13 10026 
11 9 49 12 10026 
11 10 4 13 10026 
11 10 19 12 10026 
11 10 34 13 10026 
11 10 49 12 10026 
11 11 4 13 10026 
11 11 19 12 10026 
11 11 34 13 10026 
11 11 49 12 10026 
11 12 4 13 10026 
11 12 19 12 10026 
11 12 34 13 10026 
11 12 49 12 10026 
11 13 4 13 10026 
11 13 19 12 10026 
11 13 34 13 10026 
11 13 49 12 10026 
11 14 4 13 10026 
11 14 19 12 10026 
11 14 34 13 9965 
11 14 49 12 10026 
11 15 4 13 10026 
11 15 19 12 10026 
11 15 34 13 10026 
11 15 49 12 10026 
11 16 4 13 10026 
11 16 19 12 10026 
11 16 34 13 10026 
11 16 49 12 10026 
11 17 4 13 10026 
11 17 19 12 10026 
11 17 34 13 10026 
11 17 49 12 10026 
11 18 4 13 10026 
11 18 19 12 9965 
11 18 34 13 10026 
11 18 49 12 10026 
11 19 4 13 10026 
11 19 19 12 10026 
11 19 34 13 10026 
11 19 49 12 10026 
11 20 4 13 10026 
11 20 19 12 10026 
11 20 34 13 10026 
11 23 4 13 10026 
11 23 19 12 10026 
11 23 34 13 10026 
11 23 49 12 10026 
11 24 4 13 10026 
11 24 19 12 10026 
11 24 34 13 10026 
11 24 49 12 10026 
11 25 4 13 10026 
11 25 19 12 10026 
11 25 34 13 10026 
11 25 49 12 10026 
11 26 4 13 10026 
11 26 19 12 10026 
11 26 34 13 10026 
11 26 49 12 10026 
11 27 4 13 10026 
11 27 19 12 10026 
11 27 34 13 10026 
11 27 49 12 10026 
11 28 4 13 10026 
11 28 19 12 10026 
11 28 34 13 10026 
11 28 49 12 10026 
11 29 4 13 10026 
11 29 19 12 10026 
11 29 34 13 10026 
11 29 49 12 10026 
11 30 4 13 10026 
11 30 19 12 10026 
11 30 34 13 10026 
11 30 49 12 10026 
11 31 4 13 10026 
11 31 19 12 10026 
11 31 34 13 10026 
11 31 49 12 10026 
11 32 4 13 10026 
11 32 19 12 10026 
11 32 34 13 10026 
11 32 49 12 9965 
11 33 4 13 10026 
11 33 19 12 10026 
11 33 34 13 9965 
11 33 49 12 10026 
11 34 4 13 10026 
11 34 19 12 10026 
11 34 34 13 10026 
11 34 49 12 10026 
11 35 4 13 10026 
11 35 19 12 10026 
11 35 34 13 10026 
11 35 49 12 10026 
11 36 4 13 10026 
11 36 19 12 10026 
11 36 34 13 10026 
11 36 49 12 10026 
11 37 4 13 10026 
11 37 19 12 10026 
11 37 34 13 10026 
11 40 4 13 10026 
11 40 19 12 10026 
11 40 34 13 10026 
11 40 49 12 10026 
11 41 4 13 10026 
11 41 19 12 10026 
11 41 34 13 9965 
11 41 49 12 10026 
11 42 4 13 10026 
11 42 19 12 10026 
11 42 34 13 10026 
11 42 49 12 10026 
11 43 4 13 10026 
11 43 19 12 10026 
11 43 34 13 10026 
11 43 49 12 10026 
11 44 4 13 10026 
11 44 19 12 10026 
11 44 34 13 10026 
11 44 49 12 10026 
11 45 4 13 10026 
11 45 19 12 10026 
11 45 34 13 10026 
11 45 49 12 10026 
11 46 4 13 10026 
11 46 19 12 10026 
11 46 34 13 10026 
11 46 49 12 10026 
11 47 4 13 10026 
11 47 19 12 10026 
11 47 34 13 10026 
11 47 49 12 10026 
11 48 4 13 10026 
11 48 19 12 10026 
11 48 34 13 10026 
11 48 49 12 10026 
11 49 4 13 10026 
11 49 19 12 10026 
11 49 34 13 10026 
11 49 49 12 10026 
11 50 4 13 10026 
11 50 19 12 10026 
11 50 34 13 10026 
11 50 49 12 10026 
11 51 4 13 10026 
11 51 19 12 10026 
11 51 34 13 10026 
11 51 49 12 10026 
11 52 4 13 10026 
11 52 19 12 10026 
11 52 34 13 10026 
11 52 49 12 10026 
11 53 4 13 10026 
11 53 19 12 10026 
11 53 34 13 10026 
11 53 49 12 10026 
11 54 4 13 10026 
11 54 19 12 10026 
11 54 34 13 10026 
11 57 6 13 10026 
11 57 20 12 10026 
11 57 36 13 10026 
11 57 50 12 10026 
11 58 6 13 10026 
11 58 20 12 10026 
11 58 36 13 10026 
11 58 50 12 10026 
11 59 6 13 10026 
11 59 20 12 10026 
11 59 36 13 10026 
11 59 50 12 10026 
12 0 6 13 10026 
12 0 20 12 10026 
12 0 36 13 10026 
12 0 50 12 10026 
12 1 6 13 10026 
12 1 20 12 10026 
12 1 36 13 10026 
12 1 50 12 10026 
12 2 6 13 10026 
12 2 20 12 10026 
12 2 36 13 10026 
12 2 50 12 10026 
12 3 6 13 10026 
12 3 20 12 10026 
12 3 36 13 10026 
12 3 50 12 10026 
12 4 6 13 10026 
12 4 20 12 10026 
12 4 36 13 10026 
12 4 50 12 10026 
12 5 6 13 10026 
12 5 20 12 10026 
12 5 36 13 10026 
12 5 50 12 10026 
12 6 6 13 10026 
12 6 20 12 9965 
12 6 36 13 10026 
12 6 50 12 10026 
12 7 6 13 10026 
12 7 20 12 10026 
12 7 36 13 10026 
12 7 50 12 10026 
12 8 6 13 10026 
12 8 20 12 10026 
12 8 36 13 10026 
12 8 50 12 10026 
12 9 6 13 10026 
12 9 20 12 10026 
12 9 36 13 10026 
12 9 50 12 10026 
12 10 6 13 10026 
12 10 20 12 10026 
12 10 36 13 10026 
12 10 50 12 10026 
12 11 6 13 10026 
12 11 20 12 10026 
12 11 36 13 10026 
12 14 6 13 10026 
12 14 20 12 10026 
12 14 36 13 10026 
12 14 50 12 10026 
12 15 6 13 10026 
12 15 20 12 10026 
12 15 36 13 10026 
12 15 50 12 10026 
12 16 6 13 10026 
12 16 20 12 10026 
12 16 36 13 10026 
12 16 50 12 10026 
12 17 6 13 10026 
12 17 20 12 10026 
12 17 36 13 10026 
12 17 50 12 10026 
12 18 6 13 10026 
12 18 20 12 10026 
12 18 36 13 10026 
12 18 50 12 10026 
12 19 6 13 10026 
12 19 20 12 10026 
12 19 36 13 10026 
12 19 50 12 10026 
12 20 6 13 10026 
12 20 20 12 10026 
12 20 36 13 10026 
12 20 50 12 10026 
12 21 6 13 10026 
12 21 20 12 10026 
12 21 36 13 10026 
12 21 50 12 10026 
12 22 6 13 10026 
12 22 20 12 10026 
12 22 36 13 10026 
12 22 50 12 10026 
12 23 6 13 10026 
12 23 20 12 10026 
12 23 36 13 10026 
12 23 50 12 10026 
12 24 6 13 10026 
12 24 20 12 10026 
12 24 36 13 10026 
12 24 50 12 10026 
12 25 6 13 10026 
12 25 20 12 10026 
12 25 36 13 10026 
12 25 50 12 10026 
12 26 6 13 10026 
12 26 20 12 10026 
12 26 36 13 10026 
12 26 50 12 10026 
12 27 5 13 10026 
12 27 20 12 10026 
12 27 36 13 10026 
12 27 50 12 10026 
12 28 6 13 10026 
12 28 20 12 10026 
12 28 36 13 10026 
12 31 7 13 10026 
12 31 21 12 10026 
12 31 37 13 10026 
12 31 51 12 10026 
12 32 7 13 10026 
12 32 21 12 10026 
12 32 37 13 10026 
12 32 51 12 10026 
12 33 7 13 10026 
12 33 21 12 10026 
12 33 37 13 10026 
12 33 51 12 10026 
12 34 7 13 10026 
12 34 21 12 10026 
12 34 37 13 10026 
12 34 51 12 10026 
12 35 7 13 10026 
12 35 21 12 10026 
12 35 37 13 10026 
12 35 51 12 10026 
12 36 7 13 10026 
12 36 21 12 9965 
12 36 37 13 10026 
12 36 51 12 10026 
12 37 7 13 9965 
12 37 21 12 10026 
12 37 37 13 10026 
12 37 51 12 10026 
12 38 7 13 10026 
12 38 21 12 10026 
12 38 37 13 10026 
12 38 51 12 10026 
12 39 7 13 10026 
12 39 21 12 10026 
12 39 37 13 10026 
12 39 51 12 10026 
12 40 7 13 10026 
12 40 21 12 10026 
12 40 37 13 10026 
12 40 51 12 10026 
12 41 7 13 10026 
12 41 21 12 10026 
12 41 37 13 10026 
12 41 51 12 10026 
12 42 7 13 10026 
12 42 21 12 10026 
12 42 37 13 10026 
12 42 51 12 10026 
12 43 7 13 10026 
12 43 21 12 10026 
12 43 37 13 10026 
12 43 51 12 10026 
12 44 7 13 10026 
12 44 21 12 10026 
12 44 37 13 10026 
12 44 51 12 10026 
12 45 7 13 10026 
12 45 21 12 10026 
12 45 37 13 10026 
12 48 7 13 10026 
12 48 21 12 10026 
12 48 37 13 10026 
12 48 51 12 10026 
12 49 7 13 10026 
12 49 21 12 10026 
12 49 37 13 10026 
12 49 51 12 10026 
12 50 7 13 10026 
12 50 21 12 10026 
12 50 37 13 10026 
12 50 51 12 10026 
12 51 7 13 10026 

/> 