ls

ls
<CR>
         TIME          Size       File name 
----A 2021/06/02 12:43      8864  0602
----A 2021/06/02 07:31    128000  06020715
----A 2021/06/02 07:47    128000  06020732
----A 2021/06/02 08:07    128000  06020749
----A 2021/06/02 08:23    128000  06020806
----A 2021/06/02 08:39    128000  06020823
----A 2021/06/02 08:55    128000  06020840
----A 2021/06/02 09:15    128000  06020857
----A 2021/06/02 09:31    128000  06020914
----A 2021/06/02 09:47    128000  06020931
----A 2021/06/02 10:03    128000  06020948
----A 2021/06/02 10:23    128000  06021005
----A 2021/06/02 10:39    128000  06021022
----A 2021/06/02 10:55    128000  06021039
----A 2021/06/02 11:12    128000  06021056
----A 2021/06/02 11:29    128000  06021113
----A 2021/06/02 11:46    128000  06021130
----A 2021/06/02 11:48      2560  06021148
----A 2021/06/03 12:57      8968  0603
----A 2021/06/03 07:27    128000  06030711
----A 2021/06/03 07:43    128000  06030728
----A 2021/06/03 08:02    128000  06030745
----A 2021/06/03 08:19    128000  06030802
----A 2021/06/03 08:19      2560  06030819
----A 2021/06/03 09:50    128000  06030935
----A 2021/06/03 10:07    128000  06030952
----A 2021/06/03 10:26    128000  06031009
----A 2021/06/03 10:43    128000  06031026
----A 2021/06/03 10:58    128000  06031043
----A 2021/06/03 11:15    128000  06031100
----A 2021/06/03 11:34    128000  06031117
----A 2021/06/03 11:51    128000  06031134
----A 2021/06/03 12:06    128000  06031151
----A 2021/06/03 12:23    128000  06031208
----A 2021/06/03 12:42    128000  06031225
----A 2021/06/03 12:42      2560  06031242
----A 2021/06/04 12:51      9536  0604
----A 2021/06/04 07:39    128000  06040724
----A 2021/06/04 07:57    128000  06040741
----A 2021/06/04 08:13    128000  06040758
----A 2021/06/04 08:31    128000  06040815
----A 2021/06/04 08:47    128000  06040832
----A 2021/06/04 09:05    128000  06040849
----A 2021/06/04 09:21    128000  06040906
----A 2021/06/04 09:39    128000  06040923
----A 2021/06/04 09:55    128000  06040940
----A 2021/06/04 10:14    128000  06040957
----A 2021/06/04 10:31    128000  06041014
----A 2021/06/04 10:46    128000  06041031
----A 2021/06/04 11:03    128000  06041048
----A 2021/06/04 11:22    128000  06041105
----A 2021/06/04 11:39    128000  06041122
----A 2021/06/04 11:54    128000  06041139
----A 2021/06/04 12:11    128000  06041156
----A 2021/06/04 12:30    128000  06041213
----A 2021/06/04 12:47    128000  06041230
----A 2021/06/04 12:47      2560  06041247
----A 2021/06/05 12:27      9224  0605
----A 2021/06/05 07:26    128000  06050711
----A 2021/06/05 07:43    128000  06050728
----A 2021/06/05 08:00    128000  06050745
----A 2021/06/05 08:17    128000  06050802
----A 2021/06/05 08:34    128000  06050819
----A 2021/06/05 08:51    128000  06050836
----A 2021/06/05 09:08    128000  06050853
----A 2021/06/05 09:25    128000  06050910
----A 2021/06/05 09:42    128000  06050927
----A 2021/06/05 09:59    128000  06050944
----A 2021/06/05 10:16    128000  06051001
----A 2021/06/05 10:33    128000  06051018
----A 2021/06/05 10:50    128000  06051035
----A 2021/06/05 11:07    128000  06051052
----A 2021/06/05 11:24    128000  06051109
----A 2021/06/05 11:41    128000  06051126
----A 2021/06/05 11:58    128000  06051143
----A 2021/06/05 12:15    128000  06051200
----A 2021/06/05 12:17      2560  06051217

  77 File(s),   8753392 bytes total
   0 Dir(s),     991728K bytes free

/> 
read 0605
read 0605
<CR>Time:2021/06/05 12:17
Hours Minutes Seconds  Nb_Samples    Aver. Current 
6 54 49 13 5651 
6 55 3 12 6744 
6 55 19 13 7777 
6 55 33 12 8263 
6 55 49 13 9053 
6 56 3 12 9479 
6 56 19 13 9783 
6 56 33 12 9843 
6 56 49 13 10026 
6 57 3 12 10086 
6 57 19 13 10026 
6 57 33 12 10026 
6 57 49 13 9965 
6 58 3 12 9965 
6 58 19 13 10026 
6 58 33 12 10086 
6 58 49 13 10026 
6 59 3 12 10026 
6 59 19 13 10026 
6 59 33 12 10026 
6 59 49 13 10026 
7 0 3 12 10026 
7 0 19 13 10026 
7 0 33 12 10026 
7 0 49 13 10026 
7 1 3 12 10026 
7 1 19 13 10026 
7 1 33 12 10026 
7 1 49 13 10026 
7 2 3 12 10026 
7 2 19 13 10026 
7 2 33 12 10026 
7 2 49 13 10026 
7 3 3 12 10026 
7 3 19 13 10026 
7 3 33 12 10026 
7 3 49 13 10026 
7 4 3 12 10026 
7 4 19 13 10026 
7 4 33 12 10026 
7 4 49 13 10026 
7 5 3 12 10026 
7 5 19 13 10026 
7 5 33 12 10026 
7 5 49 13 10026 
7 6 3 12 10026 
7 6 19 13 10026 
7 6 33 12 10026 
7 6 49 13 10026 
7 7 3 12 10026 
7 7 19 13 10026 
7 7 33 12 10026 
7 7 49 13 10026 
7 8 3 12 10026 
7 8 19 13 10026 
7 8 33 12 10026 
7 8 49 13 10026 
7 9 3 12 10026 
7 11 34 12 10026 
7 11 50 13 10026 
7 12 4 12 10026 
7 12 20 13 10026 
7 12 34 12 10026 
7 12 50 13 10026 
7 13 4 12 10026 
7 13 20 13 10026 
7 13 34 12 10026 
7 13 50 13 10026 
7 14 4 12 10026 
7 14 20 13 10026 
7 14 34 12 10026 
7 14 50 13 10026 
7 15 5 13 10026 
7 15 20 12 10026 
7 15 35 13 10026 
7 15 50 12 10026 
7 16 5 13 10026 
7 16 20 12 10026 
7 16 35 13 10026 
7 16 50 12 10026 
7 17 5 13 10026 
7 17 20 12 10026 
7 17 35 13 10026 
7 17 50 12 10026 
7 18 5 13 10026 
7 18 20 12 10026 
7 18 35 13 10026 
7 18 50 12 10026 
7 19 5 13 10026 
7 19 20 12 10026 
7 19 35 13 10026 
7 19 50 12 10026 
7 20 5 13 10026 
7 20 20 12 10026 
7 20 35 13 10026 
7 20 50 12 10026 
7 21 5 13 10026 
7 21 19 12 10026 
7 21 35 13 10026 
7 21 50 12 10026 
7 22 5 13 10026 
7 22 20 12 10026 
7 22 35 13 10026 
7 22 50 12 10026 
7 23 5 13 10026 
7 23 20 12 10026 
7 23 35 13 10026 
7 23 50 12 10026 
7 24 5 13 10026 
7 24 20 12 10026 
7 24 35 13 10026 
7 24 50 12 10026 
7 25 5 13 10026 
7 25 20 12 10026 
7 25 35 13 10026 
7 25 50 12 10026 
7 26 5 13 10026 
7 28 35 13 10026 
7 28 50 12 10026 
7 29 5 13 10026 
7 29 20 12 10026 
7 29 35 13 10026 
7 29 50 12 10026 
7 30 5 13 10026 
7 30 20 12 10026 
7 30 35 13 10026 
7 30 50 12 10026 
7 31 5 13 10026 
7 31 20 12 10026 
7 31 35 13 10026 
7 31 50 12 10026 
7 32 5 13 10026 
7 32 20 12 10026 
7 32 35 13 10026 
7 32 50 12 10026 
7 33 5 13 10026 
7 33 20 12 10026 
7 33 35 13 10026 
7 33 50 12 10026 
7 34 5 13 10026 
7 34 20 12 10026 
7 34 35 13 10026 
7 34 50 12 10026 
7 35 5 13 10026 
7 35 20 12 10026 
7 35 35 13 10026 
7 35 50 12 10026 
7 36 5 13 10026 
7 36 20 12 10026 
7 36 35 13 10026 
7 36 50 12 10026 
7 37 5 13 10026 
7 37 20 12 10026 
7 37 35 13 10026 
7 37 50 12 10026 
7 38 5 13 10026 
7 38 20 12 10026 
7 38 35 13 10026 
7 38 50 12 10026 
7 39 5 13 10026 
7 39 20 12 10026 
7 39 35 13 10026 
7 39 50 12 10026 
7 40 5 13 10026 
7 40 20 12 10026 
7 40 35 13 10026 
7 40 50 12 10026 
7 41 5 13 10026 
7 41 20 12 10026 
7 41 35 13 10026 
7 41 50 12 10026 
7 42 5 13 10026 
7 42 20 12 10026 
7 42 35 13 10026 
7 42 50 12 10026 
7 43 5 13 10026 
7 45 35 13 10026 
7 45 50 12 10026 
7 46 5 13 10026 
7 46 20 12 10026 
7 46 35 13 10026 
7 46 50 12 10026 
7 47 5 13 10026 
7 47 20 12 10026 
7 47 35 13 10026 
7 47 50 12 10026 
7 48 5 13 10026 
7 48 20 12 10026 
7 48 35 13 10026 
7 48 50 12 10026 
7 49 5 13 10026 
7 49 20 12 9965 
7 49 35 13 10026 
7 49 50 12 10026 
7 50 5 13 10026 
7 50 20 12 10026 
7 50 35 13 10026 
7 50 50 12 10026 
7 51 5 13 10026 
7 51 20 12 10026 
7 51 35 13 10026 
7 51 50 12 10026 
7 52 5 13 10026 
7 52 20 12 10026 
7 52 35 13 10026 
7 52 50 12 10026 
7 53 5 13 10026 
7 53 20 12 10026 
7 53 35 13 10026 
7 53 50 12 10026 
7 54 5 13 10026 
7 54 20 12 10026 
7 54 35 13 10026 
7 54 50 12 10026 
7 55 5 13 10026 
7 55 20 12 10026 
7 55 35 13 10026 
7 55 50 12 10026 
7 56 5 13 10026 
7 56 20 12 10026 
7 56 35 13 10026 
7 56 50 12 10026 
7 57 5 13 10026 
7 57 20 12 10026 
7 57 35 13 10026 
7 57 50 12 10026 
7 58 5 13 10026 
7 58 20 12 10026 
7 58 35 13 10026 
7 58 50 12 10026 
7 59 5 13 10026 
7 59 20 12 10026 
7 59 35 13 10026 
7 59 50 12 10026 
8 0 5 13 10026 
8 2 35 13 10026 
8 2 50 12 10026 
8 3 5 13 10026 
8 3 20 12 10026 
8 3 35 13 10026 
8 3 50 12 10026 
8 4 5 13 10026 
8 4 20 12 10026 
8 4 35 13 10026 
8 4 50 12 10026 
8 5 5 13 10026 
8 5 20 12 10026 
8 5 35 13 10026 
8 5 50 12 10026 
8 6 5 13 10026 
8 6 20 12 10026 
8 6 35 13 10026 
8 6 50 12 10026 
8 7 5 13 10026 
8 7 20 12 10026 
8 7 35 13 10026 
8 7 50 12 10026 
8 8 5 13 10026 
8 8 20 12 10026 
8 8 35 13 10026 
8 8 50 12 10026 
8 9 5 13 10026 
8 9 20 12 10026 
8 9 35 13 10026 
8 9 50 12 10026 
8 10 5 13 10026 
8 10 20 12 10026 
8 10 35 13 10026 
8 10 50 12 10026 
8 11 5 13 10026 
8 11 20 12 10026 
8 11 35 13 10026 
8 11 50 12 10026 
8 12 5 13 10026 
8 12 20 12 10026 
8 12 35 13 10026 
8 12 50 12 10026 
8 13 5 13 10026 
8 13 20 12 10026 
8 13 35 13 10026 
8 13 50 12 10026 
8 14 5 13 10026 
8 14 20 12 10026 
8 14 35 13 10026 
8 14 50 12 10026 
8 15 5 13 10026 
8 15 20 12 10026 
8 15 35 13 10026 
8 15 50 12 10026 
8 16 5 13 10026 
8 16 20 12 10026 
8 16 35 13 10026 
8 16 50 12 10026 
8 17 5 13 10026 
8 19 35 13 10026 
8 19 50 12 10026 
8 20 5 13 10026 
8 20 20 12 10026 
8 20 35 13 10026 
8 20 50 12 10026 
8 21 5 13 10026 
8 21 20 12 10026 
8 21 35 13 10026 
8 21 50 12 10026 
8 22 5 13 10026 
8 22 20 12 10026 
8 22 35 13 10026 
8 22 50 12 10026 
8 23 5 13 10026 
8 23 20 12 10026 
8 23 35 13 10026 
8 23 50 12 10026 
8 24 5 13 10026 
8 24 20 12 10026 
8 24 35 13 10026 
8 24 50 12 10026 
8 25 5 13 10026 
8 25 20 12 10026 
8 25 35 13 10026 
8 25 50 12 10026 
8 26 5 13 10026 
8 26 20 12 10026 
8 26 35 13 10026 
8 26 50 12 10026 
8 27 5 13 10026 
8 27 20 12 10026 
8 27 35 13 10026 
8 27 50 12 10026 
8 28 5 13 10026 
8 28 20 12 10026 
8 28 35 13 10026 
8 28 50 12 10026 
8 29 5 13 10026 
8 29 20 12 10026 
8 29 35 13 10026 
8 29 50 12 10026 
8 30 5 13 10026 
8 30 20 12 10026 
8 30 35 13 10026 
8 30 50 12 10026 
8 31 5 13 10026 
8 31 20 12 10026 
8 31 35 13 10026 
8 31 50 12 10026 
8 32 5 13 10026 
8 32 20 12 10026 
8 32 35 13 10026 
8 32 50 12 10026 
8 33 5 13 10026 
8 33 20 12 10026 
8 33 35 13 10026 
8 33 50 12 10026 
8 34 5 13 10026 
8 36 37 13 10026 
8 36 51 12 10026 
8 37 7 13 10026 
8 37 21 12 10026 
8 37 37 13 10026 
8 37 51 12 10026 
8 38 7 13 10026 
8 38 21 12 10026 
8 38 37 13 10026 
8 38 51 12 10026 
8 39 7 13 10026 
8 39 21 12 10026 
8 39 37 13 10026 
8 39 51 12 10026 
8 40 7 13 10026 
8 40 21 12 10026 
8 40 37 13 10026 
8 40 51 12 9965 
8 41 7 13 10026 
8 41 21 12 10026 
8 41 37 13 10026 
8 41 51 12 10026 
8 42 7 13 10026 
8 42 21 12 10026 
8 42 37 13 10026 
8 42 51 12 10026 
8 43 7 13 10026 
8 43 21 12 10026 
8 43 37 13 10026 
8 43 51 12 10026 
8 44 7 13 10026 
8 44 21 12 10026 
8 44 37 13 10026 
8 44 51 12 10026 
8 45 7 13 10026 
8 45 21 12 10026 
8 45 37 13 10026 
8 45 51 12 10026 
8 46 7 13 10026 
8 46 21 12 10026 
8 46 37 13 10026 
8 46 51 12 10026 
8 47 7 13 10026 
8 47 21 12 10026 
8 47 37 13 10026 
8 47 51 12 10026 
8 48 7 13 10026 
8 48 21 12 10026 
8 48 37 13 10026 
8 48 51 12 10026 
8 49 7 13 10026 
8 49 21 12 10026 
8 49 37 13 10026 
8 49 51 12 10026 
8 50 7 13 10026 
8 50 21 12 10026 
8 50 37 13 10026 
8 50 51 12 10026 
8 51 7 13 10026 
8 53 37 13 10026 
8 53 51 12 10026 
8 54 6 13 10026 
8 54 21 12 10026 
8 54 37 13 10026 
8 54 51 12 10026 
8 55 7 13 10026 
8 55 21 12 10026 
8 55 37 13 10026 
8 55 51 12 10026 
8 56 7 13 9965 
8 56 21 12 10026 
8 56 37 13 10026 
8 56 51 12 10026 
8 57 7 13 10026 
8 57 21 12 10026 
8 57 37 13 10026 
8 57 51 12 10026 
8 58 7 13 10026 
8 58 21 12 10026 
8 58 37 13 10026 
8 58 51 12 10026 
8 59 7 13 10026 
8 59 21 12 10026 
8 59 37 13 10026 
8 59 51 12 10026 
9 0 7 13 10026 
9 0 21 12 10026 
9 0 37 13 10026 
9 0 51 12 10026 
9 1 7 13 10026 
9 1 21 12 10026 
9 1 37 13 10026 
9 1 51 12 10026 
9 2 7 13 10026 
9 2 21 12 10026 
9 2 37 13 10026 
9 2 51 12 10026 
9 3 7 13 10026 
9 3 21 12 10026 
9 3 37 13 10026 
9 3 51 12 10026 
9 4 7 13 10026 
9 4 21 12 10026 
9 4 37 13 10026 
9 4 51 12 10026 
9 5 7 13 10026 
9 5 21 12 10026 
9 5 37 13 10026 
9 5 51 12 10026 
9 6 7 13 10026 
9 6 21 12 10026 
9 6 37 13 10026 
9 6 51 12 10026 
9 7 7 13 10026 
9 7 21 12 10026 
9 7 37 13 10026 
9 7 51 12 10026 
9 8 7 13 10026 
9 10 38 13 10026 
9 10 52 12 10026 
9 11 8 13 10026 
9 11 22 12 10026 
9 11 38 13 10026 
9 11 52 12 10026 
9 12 8 13 10026 
9 12 22 12 10026 
9 12 38 13 10026 
9 12 52 12 10026 
9 13 8 13 10026 
9 13 22 12 9965 
9 13 38 13 10026 
9 13 52 12 10026 
9 14 8 13 10026 
9 14 22 12 10026 
9 14 38 13 10026 
9 14 52 12 10026 
9 15 8 13 10026 
9 15 22 12 10026 
9 15 38 13 10026 
9 15 52 12 10026 
9 16 8 13 10026 
9 16 22 12 10026 
9 16 38 13 10026 
9 16 52 12 10026 
9 17 8 13 10026 
9 17 22 12 10026 
9 17 38 13 10026 
9 17 52 12 10026 
9 18 8 13 10026 
9 18 22 12 10026 
9 18 38 13 10026 
9 18 52 12 10026 
9 19 8 13 10026 
9 19 22 12 10026 
9 19 38 13 10026 
9 19 52 12 10026 
9 20 8 13 10026 
9 20 22 12 10026 
9 20 38 13 10026 
9 20 52 12 10026 
9 21 8 13 10026 
9 21 22 12 10026 
9 21 38 13 10026 
9 21 52 12 10026 
9 22 8 13 10026 
9 22 22 12 10026 
9 22 38 13 10026 
9 22 52 12 10026 
9 23 8 13 10026 
9 23 22 12 10026 
9 23 38 13 10026 
9 23 52 12 9965 
9 24 8 13 10026 
9 24 22 12 10026 
9 24 38 13 10026 
9 24 52 12 10026 
9 25 8 13 10026 
9 27 38 13 10026 
9 27 52 12 10026 
9 28 8 13 10026 
9 28 22 12 10026 
9 28 38 13 10026 
9 28 52 12 10026 
9 29 8 13 10026 
9 29 22 12 10026 
9 29 38 13 10026 
9 29 52 12 10026 
9 30 8 13 10026 
9 30 22 12 10026 
9 30 38 13 10026 
9 30 52 12 10026 
9 31 8 13 10026 
9 31 22 12 10026 
9 31 38 13 10026 
9 31 52 12 10026 
9 32 8 13 10026 
9 32 22 12 10026 
9 32 38 13 10026 
9 32 52 12 10026 
9 33 8 13 10026 
9 33 22 12 10026 
9 33 38 13 10026 
9 33 52 12 10026 
9 34 8 13 10026 
9 34 22 12 10026 
9 34 38 13 10026 
9 34 52 12 10026 
9 35 8 13 10026 
9 35 22 12 10026 
9 35 38 13 10026 
9 35 52 12 10026 
9 36 8 13 10026 
9 36 22 12 10026 
9 36 38 13 10026 
9 36 52 12 10026 
9 37 8 13 10026 
9 37 22 12 10026 
9 37 38 13 10026 
9 37 52 12 10026 
9 38 8 13 10026 
9 38 22 12 10026 
9 38 38 13 10026 
9 38 52 12 10026 
9 39 8 13 10026 
9 39 22 12 10026 
9 39 38 13 10026 
9 39 52 12 10026 
9 40 8 13 10026 
9 40 22 12 10026 
9 40 38 13 10026 
9 40 52 12 10026 
9 41 8 13 10026 
9 41 22 12 10026 
9 41 38 13 10026 
9 41 52 12 10026 
9 42 8 13 10026 
9 44 38 13 10026 
9 44 52 12 10026 
9 45 8 13 10026 
9 45 22 12 10026 
9 45 38 13 10026 
9 45 52 12 10026 
9 46 8 13 10026 
9 46 22 12 10026 
9 46 38 13 10026 
9 46 52 12 10026 
9 47 8 13 10026 
9 47 22 12 10026 
9 47 38 13 10026 
9 47 52 12 10026 
9 48 8 13 10026 
9 48 22 12 10026 
9 48 38 13 10026 
9 48 52 12 10026 
9 49 8 13 10026 
9 49 22 12 10026 
9 49 38 13 10026 
9 49 52 12 10026 
9 50 8 13 10026 
9 50 22 12 10026 
9 50 38 13 10026 
9 50 52 12 10026 
9 51 8 13 10026 
9 51 22 12 10026 
9 51 38 13 10026 
9 51 52 12 10026 
9 52 8 13 10026 
9 52 22 12 10026 
9 52 38 13 10026 
9 52 52 12 10026 
9 53 8 13 10026 
9 53 22 12 10026 
9 53 38 13 10026 
9 53 52 12 10026 
9 54 8 13 10026 
9 54 22 12 10026 
9 54 38 13 10026 
9 54 52 12 10026 
9 55 8 13 10026 
9 55 22 12 10026 
9 55 38 13 10026 
9 55 52 12 10026 
9 56 8 13 10026 
9 56 22 12 10026 
9 56 38 13 10026 
9 56 52 12 10026 
9 57 8 13 10026 
9 57 22 12 10026 
9 57 38 13 10026 
9 57 52 12 10026 
9 58 8 13 10026 
9 58 22 12 10026 
9 58 38 13 10026 
9 58 52 12 10026 
9 59 8 13 10026 
10 1 39 13 10026 
10 1 53 12 10026 
10 2 9 13 10026 
10 2 23 12 10026 
10 2 39 13 10026 
10 2 53 12 10026 
10 3 9 13 10026 
10 3 23 12 10026 
10 3 39 13 10026 
10 3 53 12 10026 
10 4 9 13 10026 
10 4 23 12 10026 
10 4 39 13 10026 
10 4 53 12 10026 
10 5 9 13 10026 
10 5 23 12 10026 
10 5 39 13 10026 
10 5 53 12 10026 
10 6 9 13 10026 
10 6 23 12 10026 
10 6 39 13 10026 
10 6 53 12 10026 
10 7 9 13 10026 
10 7 23 12 10026 
10 7 39 13 10026 
10 7 53 12 10026 
10 8 9 13 10026 
10 8 23 12 10026 
10 8 39 13 10026 
10 8 53 12 10026 
10 9 9 13 10026 
10 9 23 12 10026 
10 9 39 13 10026 
10 9 53 12 10026 
10 10 9 13 10026 
10 10 23 12 10026 
10 10 39 13 10026 
10 10 53 12 10026 
10 11 9 13 10026 
10 11 23 12 10026 
10 11 39 13 10026 
10 11 53 12 10026 
10 12 9 13 10026 
10 12 23 12 10026 
10 12 39 13 10026 
10 12 53 12 10026 
10 13 9 13 10026 
10 13 23 12 10026 
10 13 39 13 10026 
10 13 53 12 10026 
10 14 9 13 10026 
10 14 23 12 10026 
10 14 39 13 10026 
10 14 53 12 10026 
10 15 9 13 10026 
10 15 23 12 10026 
10 15 39 13 10026 
10 15 53 12 10026 
10 16 9 13 10026 
10 18 39 13 10026 
10 18 53 12 10026 
10 19 9 13 10026 
10 19 23 12 10026 
10 19 39 13 10026 
10 19 53 12 10026 
10 20 9 13 10026 
10 20 23 12 10026 
10 20 39 13 10026 
10 20 53 12 10026 
10 21 9 13 10026 
10 21 23 12 10026 
10 21 39 13 10026 
10 21 53 12 10026 
10 22 9 13 10026 
10 22 23 12 10026 
10 22 39 13 10026 
10 22 53 12 10026 
10 23 9 13 10026 
10 23 23 12 10026 
10 23 39 13 10026 
10 23 53 12 10026 
10 24 9 13 10026 
10 24 23 12 10026 
10 24 39 13 10026 
10 24 53 12 10026 
10 25 9 13 10026 
10 25 23 12 10026 
10 25 39 13 10026 
10 25 53 12 10026 
10 26 9 13 10026 
10 26 23 12 10026 
10 26 39 13 10026 
10 26 53 12 10026 
10 27 9 13 10026 
10 27 23 12 10026 
10 27 39 13 10026 
10 27 53 12 10026 
10 28 9 13 10026 
10 28 23 12 10026 
10 28 39 13 10026 
10 28 53 12 10026 
10 29 9 13 10026 
10 29 23 12 10026 
10 29 39 13 10026 
10 29 53 12 10026 
10 30 9 13 10026 
10 30 23 12 10026 
10 30 39 13 10026 
10 30 53 12 10026 
10 31 9 13 10026 
10 31 23 12 10026 
10 31 39 13 10026 
10 31 53 12 10026 
10 32 9 13 10026 
10 32 23 12 10026 
10 32 39 13 10026 
10 32 53 12 10026 
10 33 9 13 10026 
10 35 39 13 10026 
10 35 53 12 10026 
10 36 9 13 10026 
10 36 23 12 10026 
10 36 39 13 10026 
10 36 53 12 10026 
10 37 9 13 10026 
10 37 23 12 10026 
10 37 39 13 10026 
10 37 53 12 10026 
10 38 9 13 10026 
10 38 23 12 10026 
10 38 39 13 10026 
10 38 53 12 10026 
10 39 9 13 10026 
10 39 23 12 10026 
10 39 39 13 10026 
10 39 53 12 10026 
10 40 9 13 10026 
10 40 23 12 10026 
10 40 39 13 10026 
10 40 53 12 10026 
10 41 9 13 10026 
10 41 23 12 10026 
10 41 39 13 10026 
10 41 53 12 10026 
10 42 9 13 10026 
10 42 23 12 10026 
10 42 39 13 10026 
10 42 53 12 10026 
10 43 9 13 10026 
10 43 23 12 10026 
10 43 39 13 10026 
10 43 53 12 10026 
10 44 9 13 10026 
10 44 23 12 9965 
10 44 39 13 10026 
10 44 53 12 10026 
10 45 9 13 10026 
10 45 23 12 10026 
10 45 39 13 10026 
10 45 53 12 9965 
10 46 9 13 10026 
10 46 23 12 10026 
10 46 39 13 10026 
10 46 53 12 10026 
10 47 9 13 10026 
10 47 23 12 10026 
10 47 39 13 10026 
10 47 53 12 10026 
10 48 9 13 10026 
10 48 23 12 10026 
10 48 39 13 10026 
10 48 53 12 10026 
10 49 9 13 10026 
10 49 23 12 10026 
10 49 39 13 10026 
10 49 53 12 10026 
10 50 9 13 10026 
10 52 40 13 10026 
10 52 54 12 10026 
10 53 10 13 10026 
10 53 24 12 10026 
10 53 40 13 10026 
10 53 54 12 10026 
10 54 10 13 10026 
10 54 24 12 10026 
10 54 40 13 10026 
10 54 54 12 10026 
10 55 10 13 10026 
10 55 24 12 10026 
10 55 40 13 10026 
10 55 54 12 10026 
10 56 10 13 10026 
10 56 24 12 10026 
10 56 40 13 10026 
10 56 54 12 10026 
10 57 10 13 10026 
10 57 24 12 10026 
10 57 40 13 10026 
10 57 54 12 10026 
10 58 10 13 10026 
10 58 24 12 10026 
10 58 40 13 10026 
10 58 54 12 10026 
10 59 10 13 10026 
10 59 24 12 10026 
10 59 40 13 10026 
10 59 54 12 10026 
11 0 10 13 10026 
11 0 24 12 10026 
11 0 40 13 10026 
11 0 54 12 10026 
11 1 10 13 10026 
11 1 24 12 10026 
11 1 40 13 10026 
11 1 54 12 10026 
11 2 10 13 10026 
11 2 24 12 10026 
11 2 40 13 10026 
11 2 54 12 10026 
11 3 10 13 10026 
11 3 24 12 10026 
11 3 40 13 10026 
11 3 54 12 10026 
11 4 10 13 10026 
11 4 24 12 10026 
11 4 40 13 10026 
11 4 54 12 10026 
11 5 10 13 10026 
11 5 24 12 10026 
11 5 40 13 10026 
11 5 54 12 10026 
11 6 10 13 10026 
11 6 24 12 10026 
11 6 40 13 10026 
11 6 54 12 10026 
11 7 10 13 10026 
11 9 40 13 10026 
11 9 54 12 10026 
11 10 10 13 10026 
11 10 24 12 10026 
11 10 40 13 10026 
11 10 54 12 10026 
11 11 10 13 10026 
11 11 24 12 10026 
11 11 40 13 10026 
11 11 54 12 10026 
11 12 10 13 10026 
11 12 24 12 10026 
11 12 40 13 10026 
11 12 54 12 10026 
11 13 10 13 10026 
11 13 24 12 10026 
11 13 40 13 10026 
11 13 54 12 10026 
11 14 10 13 10026 
11 14 24 12 10026 
11 14 40 13 10026 
11 14 54 12 10026 
11 15 10 13 10026 
11 15 24 12 10026 
11 15 40 13 10026 
11 15 54 12 10026 
11 16 10 13 10026 
11 16 24 12 10026 
11 16 40 13 10026 
11 16 54 12 10026 
11 17 10 13 10026 
11 17 24 12 10026 
11 17 40 13 10026 
11 17 54 12 10026 
11 18 10 13 10026 
11 18 24 12 10026 
11 18 40 13 10026 
11 18 54 12 10026 
11 19 10 13 10026 
11 19 24 12 10026 
11 19 40 13 10026 
11 19 54 12 10026 
11 20 10 13 10026 
11 20 24 12 10026 
11 20 40 13 10026 
11 20 54 12 10026 
11 21 10 13 10026 
11 21 24 12 10026 
11 21 40 13 9965 
11 21 54 12 10026 
11 22 10 13 10026 
11 22 24 12 10026 
11 22 40 13 10026 
11 22 54 12 10026 
11 23 10 13 10026 
11 23 24 12 10026 
11 23 40 13 10026 
11 23 54 12 10026 
11 24 10 13 10026 
11 26 41 13 10026 
11 26 56 12 10026 
11 27 11 13 10026 
11 27 26 12 10026 
11 27 41 13 10026 
11 27 56 12 10026 
11 28 11 13 10026 
11 28 26 12 10026 
11 28 41 13 10026 
11 28 56 12 10026 
11 29 11 13 10026 
11 29 26 12 10026 
11 29 41 13 10026 
11 29 56 12 10026 
11 30 11 13 10026 
11 30 26 12 10026 
11 30 41 13 10026 
11 30 56 12 10026 
11 31 11 13 10026 
11 31 26 12 10026 
11 31 41 13 10026 
11 31 56 12 10026 
11 32 11 13 10026 
11 32 26 12 10026 
11 32 41 13 10026 
11 32 56 12 10026 
11 33 11 13 10026 
11 33 26 12 10026 
11 33 41 13 10026 
11 33 56 12 10026 
11 34 11 13 10026 
11 34 26 12 10026 
11 34 41 13 10026 
11 34 56 12 10026 
11 35 11 13 10026 
11 35 26 12 10026 
11 35 41 13 10026 
11 35 56 12 10026 
11 36 11 13 10026 
11 36 26 12 10026 
11 36 41 13 10026 
11 36 56 12 10026 
11 37 11 13 10026 
11 37 26 12 10026 
11 37 41 13 10026 
11 37 56 12 10026 
11 38 11 13 10026 
11 38 26 12 10026 
11 38 41 13 10026 
11 38 56 12 10026 
11 39 11 13 10026 
11 39 26 12 10026 
11 39 41 13 10026 
11 39 56 12 10026 
11 40 11 13 10026 
11 40 26 12 10026 
11 40 41 13 10026 
11 40 56 12 10026 
11 41 11 13 10026 
11 43 41 13 10026 
11 43 56 12 10026 
11 44 11 13 10026 
11 44 26 12 10026 
11 44 41 13 10026 
11 44 56 12 10026 
11 45 11 13 10026 
11 45 26 12 10026 
11 45 41 13 10026 
11 45 56 12 10026 
11 46 11 13 10026 
11 46 26 12 10026 
11 46 41 13 10026 
11 46 56 12 10026 
11 47 11 13 10026 
11 47 26 12 10026 
11 47 41 13 10026 
11 47 56 12 10026 
11 48 11 13 10026 
11 48 26 12 10026 
11 48 41 13 10026 
11 48 56 12 10026 
11 49 11 13 10026 
11 49 26 12 10026 
11 49 41 13 10026 
11 49 56 12 10026 
11 50 11 13 10026 
11 50 26 12 10026 
11 50 41 13 10026 
11 50 56 12 10026 
11 51 11 13 10026 
11 51 26 12 10026 
11 51 41 13 10026 
11 51 56 12 10026 
11 52 11 13 10026 
11 52 26 12 10026 
11 52 41 13 10026 
11 52 56 12 10026 
11 53 11 13 10026 
11 53 26 12 10026 
11 53 41 13 10026 
11 53 56 12 10026 
11 54 11 13 10026 
11 54 26 12 10026 
11 54 41 13 10026 
11 54 56 12 10026 
11 55 11 13 10026 
11 55 26 12 10026 
11 55 41 13 10026 
11 55 56 12 10026 
11 56 11 13 10026 
11 56 26 12 10026 
11 56 41 13 10026 
11 56 56 12 10026 
11 57 11 13 10026 
11 57 26 12 10026 
11 57 41 13 10026 
11 57 56 12 10026 
11 58 11 13 10026 
12 0 42 13 10026 
12 0 57 12 10026 
12 1 12 13 10026 
12 1 27 12 10026 
12 1 42 13 10026 
12 1 57 12 10026 
12 2 12 13 10026 
12 2 27 12 10026 
12 2 42 13 10026 
12 2 57 12 10026 
12 3 12 13 10026 
12 3 27 12 10026 
12 3 42 13 10026 
12 3 57 12 10026 
12 4 12 13 10026 
12 4 27 12 10026 
12 4 42 13 10026 
12 4 57 12 10026 
12 5 12 13 10026 
12 5 27 12 10026 
12 5 42 13 10026 
12 5 57 12 10026 
12 6 12 13 10026 
12 6 27 12 10026 
12 6 42 13 10026 
12 6 57 12 10026 
12 7 12 13 10026 
12 7 27 12 10026 
12 7 42 13 10026 
12 7 57 12 10026 
12 8 12 13 10026 
12 8 27 12 10026 
12 8 42 13 10026 
12 8 57 12 10026 
12 9 12 13 10026 
12 9 27 12 10026 
12 9 42 13 10026 
12 9 57 12 10026 
12 10 12 13 10026 
12 10 27 12 10026 
12 10 42 13 9965 
12 10 57 12 10026 
12 11 12 13 10026 
12 11 27 12 10026 
12 11 42 13 10026 
12 11 57 12 10026 
12 12 12 13 10026 
12 12 27 12 10026 
12 12 42 13 10026 
12 12 57 12 10026 
12 13 12 13 10026 
12 13 27 12 10026 
12 13 42 13 10026 
12 13 57 12 10026 
12 14 12 13 10026 
12 14 27 12 10026 
12 14 42 13 10026 
12 14 57 12 10026 
12 15 12 13 10026 
12 17 42 13 10026 
12 17 57 12 10026 
12 18 12 13 10026 
12 18 27 12 10026 
12 18 42 13 10026 
12 18 57 12 10026 
12 19 12 13 10026 
12 19 27 12 10026 
12 19 42 13 10026 
12 19 57 12 10026 
12 20 12 13 10026 
12 20 27 12 10026 
12 20 42 13 10026 
12 20 57 12 10026 
12 21 12 13 10026 
12 21 27 12 10026 
12 21 42 13 10026 
12 21 57 12 10026 
12 22 12 13 10026 
12 22 27 12 10026 
12 22 42 13 10026 
12 22 57 12 10026 
12 23 12 13 10026 
12 23 27 12 10026 
12 23 42 13 10026 
12 23 57 12 10026 
12 24 12 13 10026 
12 24 27 12 10026 
12 24 42 13 10026 
12 24 57 12 10026 
12 25 12 13 10026 
12 25 27 12 10026 
12 25 42 13 10026 

/> 