
read 0817
<CR>Time:2021/08/17 13:47
Hours Minutes Seconds  Nb_Samples    Aver. Current 
11 45 32 224 3104 
11 45 47 219 5540 
11 46 2 224 10654 
11 46 17 224 17777 
11 46 32 224 19969 
11 47 55 224 20029 
11 48 10 224 20029 
11 48 25 224 20029 
11 48 40 224 20029 
11 48 55 224 20029 
11 49 10 224 20029 
11 49 25 224 20029 
11 49 40 224 20029 
11 49 55 224 20029 
11 50 10 224 20029 
11 50 25 224 20029 
11 50 40 224 20029 
11 50 55 224 20029 
11 51 10 224 20029 
11 51 25 224 20029 
11 51 40 224 20029 
11 51 55 224 20029 
11 52 10 224 20029 
11 52 25 224 20029 
11 52 40 224 20029 
11 52 55 224 20029 
11 53 10 224 20029 
11 53 25 224 20029 
11 53 40 224 20029 
11 53 55 224 20029 
11 54 10 224 20029 
11 54 25 224 20029 
11 54 40 224 20029 
11 54 55 224 20029 
11 55 10 224 20029 
11 55 25 224 20029 
11 55 40 224 20029 
11 55 55 224 20029 
11 56 10 224 20029 
11 56 25 224 20029 
11 56 40 224 20029 
11 56 55 224 20029 
11 57 10 224 20029 
11 57 25 224 20029 
11 57 40 224 20029 
11 57 55 224 20029 
11 58 10 223 20029 
11 58 25 224 20029 
11 58 40 224 20029 
11 58 55 224 20029 
11 59 10 224 20029 
11 59 25 224 20029 
11 59 40 224 20029 
11 59 55 224 19969 
12 0 10 224 20029 
12 0 25 224 19969 
12 1 17 224 19969 
12 1 32 224 19969 
12 1 47 224 19969 
12 2 2 224 19969 
12 2 17 224 19969 
12 2 32 224 19969 
12 2 47 224 20029 
12 3 2 224 19969 
12 3 17 224 19969 
12 3 32 224 19969 
12 3 47 224 19969 
12 4 2 224 19969 
12 4 17 224 19969 
12 4 32 224 20029 
12 4 47 224 19969 
12 5 2 223 19969 
12 5 17 224 19969 
12 5 32 224 19969 
12 5 47 224 19969 
12 6 2 224 19969 
12 6 17 224 19969 
12 6 32 224 19969 
12 6 47 224 19969 
12 7 2 224 19969 
12 7 17 224 19969 
12 7 32 224 19969 
12 7 47 224 19969 
12 8 2 224 19969 
12 8 17 224 19969 
12 8 32 224 19969 
12 8 47 224 19969 
12 9 2 225 19969 
12 9 17 224 19969 
12 9 32 224 19969 
12 9 47 224 19969 
12 10 2 224 19969 
12 10 17 224 19969 
12 10 32 224 19969 
12 10 47 224 19969 
12 11 2 224 19969 
12 11 17 224 19969 
12 11 32 224 19969 
12 11 47 224 19969 
12 12 2 224 19969 
12 12 17 224 19969 
12 12 32 224 19969 
12 12 47 224 19969 
12 13 2 223 19969 
12 13 17 224 19969 
12 13 32 224 19969 
12 13 47 224 19969 
12 14 2 224 19969 
12 14 17 224 19969 
12 14 32 224 19969 
12 14 47 224 19969 
12 15 2 224 19969 
12 15 17 224 19969 
12 15 32 224 19969 
12 16 10 224 19969 
12 16 25 224 19969 
12 16 40 224 19969 
12 16 55 224 19969 
12 17 10 224 19969 
12 17 25 224 19969 
12 17 39 223 19969 
12 17 54 224 19969 
12 18 9 224 19969 
12 18 24 224 19969 
12 18 39 224 19969 
12 18 54 224 19969 
12 19 9 224 19969 
12 19 24 224 19969 
12 19 39 224 19969 
12 19 54 224 19969 
12 20 9 224 19969 
12 20 24 224 19969 
12 20 39 224 19969 
12 20 55 224 19969 
12 21 10 224 19969 
12 21 25 224 19969 
12 21 40 224 19969 
12 21 55 224 19969 
12 22 10 224 19969 
12 22 25 224 19969 
12 22 40 224 19969 
12 22 55 224 19969 
12 23 10 224 19969 
12 23 25 224 19969 
12 23 40 224 19969 
12 23 55 224 19969 
12 24 10 224 19969 
12 24 25 224 19969 
12 24 40 224 19969 
12 24 55 224 19969 
12 25 10 224 19969 
12 25 25 224 19969 
12 25 40 224 19969 
12 25 55 224 19969 
12 26 10 224 19969 
12 26 25 224 19969 
12 26 40 224 19969 
12 26 55 224 19969 
12 27 10 224 19969 
12 27 25 224 19969 
12 27 40 224 19969 
12 27 55 224 19969 
12 28 10 224 19969 
12 28 25 224 19969 
12 28 40 224 19969 
12 28 55 224 19969 
12 29 10 224 19969 
12 29 25 224 19969 
12 29 40 224 19969 
12 29 55 224 19969 
12 30 10 224 19969 
12 30 25 224 19969 
12 30 40 224 19969 
12 31 32 224 19969 
12 31 47 224 19969 
12 32 2 224 19969 
12 32 17 224 19969 
12 32 32 223 19969 
12 32 47 224 19969 
12 33 2 224 19969 
12 33 17 224 19969 
12 33 32 224 19969 
12 33 47 224 19969 
12 34 2 224 19969 
12 34 17 224 19969 
12 34 32 225 19969 
12 34 47 224 19969 
12 35 2 224 19969 
12 35 17 224 19969 
12 35 32 224 19969 
12 35 47 224 19969 
12 36 2 224 19969 
12 36 17 224 19969 
12 36 32 224 19969 
12 36 47 224 19969 
12 37 2 224 19969 
12 37 17 224 19969 
12 37 32 224 19969 
12 37 47 224 19969 
12 38 2 224 19969 
12 38 17 224 19969 
12 38 32 224 19969 
12 38 47 224 19969 
12 39 2 224 19969 
12 39 17 224 19969 
12 39 32 224 19969 
12 39 47 224 19969 
12 40 2 224 19969 
12 40 17 224 19969 
12 40 32 223 19969 
12 40 47 224 19969 
12 41 2 224 19969 
12 41 17 224 19969 
12 41 32 224 19969 
12 41 47 224 19969 
12 42 2 224 19969 
12 42 17 224 19969 
12 42 32 224 19969 
12 42 47 224 19969 
12 43 2 224 19969 
12 43 17 224 19969 
12 43 32 224 19969 
12 43 47 224 19969 
12 44 2 224 19969 
12 44 17 224 19969 
12 44 32 224 19969 
12 44 47 224 19969 
12 45 2 224 19969 
12 45 17 224 19969 
12 45 32 224 19969 
12 45 47 224 19969 
12 46 24 224 19969 
12 46 39 224 19969 
12 46 54 224 19969 
12 47 9 223 19969 
12 47 24 224 19969 
12 47 39 224 19969 
12 47 54 224 19969 
12 48 9 224 19969 
12 48 24 224 19969 
12 48 39 224 19969 
12 48 54 224 20029 
12 49 9 224 19969 
12 49 24 224 19969 
12 49 39 224 19969 
12 49 54 224 19969 
12 50 9 224 20029 
12 50 24 224 20029 
12 50 39 224 19969 
12 50 54 224 19969 
12 51 9 224 19969 
12 51 24 224 19969 
12 51 39 224 19969 
12 51 54 224 19969 
12 52 9 224 19969 
12 52 24 224 19969 
12 52 39 224 19969 
12 52 54 224 19969 
12 53 9 224 19969 
12 53 24 224 19969 
12 53 39 224 19969 
12 53 54 224 19969 
12 54 9 224 19969 
12 54 24 224 19969 
12 54 39 224 19969 
12 54 54 223 19969 
12 55 9 224 19969 
12 55 24 224 19969 
12 55 39 224 19969 
12 55 54 224 19969 
12 56 9 224 19969 
12 56 24 224 19969 
12 56 39 224 19969 
12 56 54 224 20029 
12 57 9 224 19969 
12 57 24 224 20029 
12 57 39 224 19969 
12 57 54 224 20029 
12 58 9 224 19969 
12 58 24 224 19969 
12 58 39 224 19969 
12 58 54 225 19969 
12 59 9 224 19969 
12 59 24 224 19969 
12 59 39 224 19969 
12 59 54 224 19969 
13 0 9 224 19969 
13 0 24 224 19969 
13 0 39 224 19969 
13 0 54 224 19969 
13 1 46 224 20029 
13 2 1 224 20029 
13 2 16 224 20029 
13 2 31 224 19969 
13 2 46 224 20029 
13 3 1 224 19969 
13 3 16 224 19969 
13 3 31 224 19969 
13 3 46 224 19969 
13 4 1 224 19969 
13 4 16 224 20029 
13 4 31 224 19969 
13 4 46 224 20029 
13 5 1 224 20029 
13 5 16 224 20029 
13 5 31 224 20029 
13 5 46 224 19969 
13 6 1 224 20029 
13 6 16 224 19969 
13 6 31 224 19969 
13 6 46 224 20029 
13 7 1 224 20029 
13 7 16 224 20029 
13 7 31 224 20029 
13 7 46 224 20029 
13 8 1 224 20029 
13 8 16 224 20029 
13 8 31 224 20029 
13 8 46 224 19969 
13 9 1 224 19969 
13 9 16 224 20029 
13 9 31 224 19969 
13 9 46 223 19969 
13 10 1 224 19969 
13 10 16 224 20029 
13 10 31 224 20029 
13 10 46 224 20029 
13 11 1 224 19969 
13 11 16 224 19969 
13 11 31 224 19969 
13 11 46 224 20029 
13 12 1 224 20029 
13 12 16 224 20029 
13 12 31 224 19969 
13 12 46 224 20029 
13 13 1 224 20029 
13 13 16 224 20029 
13 13 31 224 20029 
13 13 46 224 20029 
13 14 1 224 20029 
13 14 16 224 19969 
13 14 31 224 20029 
13 14 46 224 20029 
13 15 1 224 20029 
13 15 16 224 20029 
13 15 31 224 20029 
13 15 46 224 20029 
13 16 1 224 20029 
13 16 38 224 20029 
13 16 53 224 20029 
13 17 8 224 20029 
13 17 23 224 20029 
13 17 38 224 19969 
13 17 53 224 20029 
13 18 8 224 20029 
13 18 23 224 20029 
13 18 38 224 20029 
13 18 53 224 20029 
13 19 8 224 20029 
13 19 23 224 19969 
13 19 38 224 20029 
13 19 53 224 20029 
13 20 8 224 20029 
13 20 23 224 20029 
13 20 38 224 20029 
13 20 53 224 20029 
13 21 8 224 19969 
13 21 23 224 20029 
13 21 38 224 20029 
13 21 53 224 20029 
13 22 8 224 19969 
13 22 23 224 20029 
13 22 38 224 20029 
13 22 53 224 20029 
13 23 8 224 20029 
13 23 23 224 20029 
13 23 38 224 20029 
13 23 53 224 20029 
13 24 8 224 20029 
13 24 23 224 19969 
13 24 38 224 20029 
13 24 53 224 20029 
13 25 8 224 20029 
13 25 23 224 20029 
13 25 38 224 20029 
13 25 53 224 20029 
13 26 8 224 20029 
13 26 23 224 20029 
13 26 38 224 20029 
13 26 53 224 20029 
13 27 8 224 20029 
13 27 23 224 20029 
13 27 38 224 20029 
13 27 53 224 20029 
13 28 8 224 20029 
13 28 23 224 20029 
13 28 38 224 20029 
13 28 53 224 20029 
13 29 8 224 20029 
13 29 23 224 20029 
13 29 38 224 20029 
13 29 53 224 20029 
13 30 8 224 20029 
13 30 23 224 20029 
13 30 38 224 20029 
13 30 53 224 20029 
13 31 8 224 20029 
13 32 0 224 20029 
13 32 15 224 20029 
13 32 30 224 20029 
13 32 45 224 20029 
13 33 0 224 20029 
13 33 15 224 20029 
13 33 30 224 20029 
13 33 45 224 20029 
13 34 0 224 20029 
13 34 15 224 20029 
13 34 30 224 20029 
13 34 45 224 20029 
13 35 0 224 20029 
13 35 15 224 20029 
13 35 30 224 20029 
13 35 45 224 20029 
13 36 0 224 20029 
13 36 15 224 20029 
13 36 30 224 20029 
13 36 45 224 20029 
13 37 0 224 20029 
13 37 15 224 20029 
13 37 30 224 20029 
13 37 45 224 20029 
13 38 0 224 20029 
13 38 15 224 20029 
13 38 30 224 20029 
13 38 45 224 20029 
13 39 0 224 20029 
13 39 15 223 20029 
13 39 30 224 20029 
13 39 45 224 20029 
13 40 0 224 20029 
13 40 15 224 20029 
13 40 30 224 20029 
13 40 45 224 20029 
13 41 0 224 20029 
13 41 15 224 20029 
13 41 30 224 20029 
13 41 45 224 20029 
13 42 0 224 20029 
13 42 15 224 20029 
13 42 30 224 20029 
13 42 45 224 20029 
13 43 0 224 20029 
13 43 15 224 20029 
13 43 30 224 20029 
13 43 45 224 20029 
13 44 0 224 20029 
13 44 15 224 20029 
13 44 30 224 20029 
13 44 45 224 20029 
13 45 0 224 20029 
13 45 15 224 20029 
13 45 30 225 20029 
13 45 45 224 20029 
13 46 0 224 20029 
13 46 15 224 20029 
13 46 52 224 20029 
13 47 7 224 20029 
13 47 22 224 20029 
13 47 37 224 20029 
13 47 52 224 20029 
13 48 7 224 20029 
13 48 22 224 20029 
13 48 37 224 20029 
13 48 52 224 20029 
13 49 7 224 20029 
13 49 22 224 20029 
13 49 37 224 20029 
13 49 52 224 20029 
13 50 7 224 20029 
13 50 22 224 20029 
13 50 37 224 20029 
13 50 52 224 20029 
13 51 7 224 20029 
13 51 22 224 20029 
13 51 37 224 20029 
13 51 52 224 20029 
13 52 7 224 20029 
13 52 22 224 20029 
13 52 37 224 20029 
13 52 52 224 20029 
13 53 7 224 20029 
13 53 22 224 20029 
13 53 37 224 20029 
13 53 52 224 20029 
13 54 7 224 20029 
13 54 22 224 20029 
13 54 37 224 20029 
13 54 52 224 20029 
13 55 7 224 20029 
13 55 22 224 20029 
13 55 37 224 20029 
13 55 52 224 20029 
13 56 7 224 20029 
13 56 22 224 20029 
13 56 37 224 20029 
13 56 52 224 20029 
13 57 7 224 20029 
13 57 22 224 20029 
13 57 37 224 20029 
13 57 52 224 20029 
13 58 7 224 20029 
13 58 22 224 20029 
13 58 37 224 20029 
13 58 52 224 20029 
13 59 7 224 20029 
13 59 22 224 20029 
13 59 37 224 20029 
13 59 52 224 20029 

/> 