ls
ls

<CR>
         TIME          Size       File name 
----A 2021/11/09 14:59      8352  1109
----A 2021/11/09 09:55    128000  11090938
----A 2021/11/09 10:12    128000  11090957
----A 2021/11/09 10:31    128000  11091015
----A 2021/11/09 10:51    128000  11091033
----A 2021/11/09 11:07    128000  11091052
----A 2021/11/09 11:27    128000  11091110
----A 2021/11/09 11:43    128000  11091128
----A 2021/11/09 11:47      2560  11091147
----A 2021/11/09 12:31    128000  11091216
----A 2021/11/09 12:51    128000  11091234
----A 2021/11/09 13:08    128000  11091252
----A 2021/11/09 13:27    128000  11091311
----A 2021/11/09 13:46    128000  11091329
----A 2021/11/09 14:03    128000  11091348
----A 2021/11/09 14:21    128000  11091406
----A 2021/11/09 14:39    128000  11091424
----A 2021/11/09 14:43      2560  11091443
----A 2021/11/10 14:48      7584  1110
----A 2021/11/10 09:35      2560  11100935
----A 2021/11/10 10:50    128000  11101035
----A 2021/11/10 11:09    128000  11101053
----A 2021/11/10 11:27    128000  11101112
----A 2021/11/10 11:47    128000  11101130
----A 2021/11/10 12:04    128000  11101149
----A 2021/11/10 12:23    128000  11101207
----A 2021/11/10 12:42    128000  11101225
----A 2021/11/10 12:59    128000  11101244
----A 2021/11/10 13:17    128000  11101302
----A 2021/11/10 13:35    128000  11101320
----A 2021/11/10 13:54    128000  11101339
----A 2021/11/10 14:13    128000  11101357
----A 2021/11/10 14:31    128000  11101415
----A 2021/11/10 14:34      2560  11101434

  34 File(s),   3610176 bytes total
   0 Dir(s),     996896K bytes free

/> 
read 1110
read 1110
<CR>Time:2021/11/10 14:34
Hours Minutes Seconds  Nb_Samples    Aver. Current 
9 11 57 8 10088 
9 12 11 7 13592 
9 12 27 8 15707 
9 12 41 7 16069 
9 12 57 8 16190 
9 13 11 7 16130 
9 13 27 8 16069 
9 18 42 7 16009 
9 18 58 8 16009 
9 19 12 7 16009 
9 19 28 8 16009 
9 19 42 7 16009 
9 19 58 8 16009 
9 20 12 7 16009 
9 20 28 8 16009 
9 20 42 7 16009 
9 20 58 8 16009 
9 21 12 7 16009 
9 21 28 8 16009 
9 21 42 7 16009 
9 21 58 8 16009 
9 22 12 7 16009 
9 22 28 8 16009 
9 22 42 7 16009 
9 22 58 8 16009 
9 23 12 7 16009 
9 23 28 8 16009 
9 23 42 7 16009 
9 23 58 8 16009 
9 24 12 7 16009 
9 24 28 8 16009 
9 24 42 7 16009 
9 24 58 8 16009 
9 25 12 7 16009 
9 25 28 8 16009 
9 25 42 7 16009 
9 25 58 8 16009 
9 26 12 7 16009 
9 26 28 8 16009 
9 26 42 7 16009 
9 26 58 8 16009 
9 27 56 7 16009 
9 28 12 8 16009 
9 28 26 7 16009 
9 28 42 8 16009 
9 28 56 7 16009 
9 29 12 8 16009 
9 29 26 7 16009 
9 29 42 8 16009 
9 29 56 7 16009 
9 30 12 8 16009 
9 30 26 7 16009 
9 30 42 8 16009 
9 30 56 7 16009 
9 31 12 8 16009 
9 31 26 7 16009 
9 36 2 8 16009 
9 36 16 7 16009 
9 36 32 8 16009 
9 36 46 7 15948 
9 37 2 8 16009 
9 37 16 7 16009 
9 37 32 8 16009 
9 37 46 7 16009 
9 38 2 8 16009 
9 38 16 7 16009 
9 38 32 8 16009 
9 38 46 7 16009 
10 18 3 7 11176 
10 18 19 8 13592 
10 18 33 7 14680 
10 18 49 8 15586 
10 19 3 7 15888 
10 19 19 8 16009 
10 19 33 7 16009 
10 19 49 8 16009 
10 20 3 7 16009 
10 20 19 8 16009 
10 20 33 7 16009 
10 20 49 8 16009 
10 21 3 7 16009 
10 21 19 8 16009 
10 21 33 7 16009 
10 21 49 8 16009 
10 22 3 7 16009 
10 22 19 8 16009 
10 22 33 7 16009 
10 22 49 8 16009 
10 23 3 7 16009 
10 23 19 8 16009 
10 23 33 7 16009 
10 23 49 8 16009 
10 24 3 7 16009 
10 24 19 8 16009 
10 24 33 7 16009 
10 24 49 8 16009 
10 25 3 7 16009 
10 25 19 8 16009 
10 25 33 7 16009 
10 25 49 8 16009 
10 26 3 7 16009 
10 26 19 8 16009 
10 26 33 7 15948 
10 26 49 8 16009 
10 27 3 7 16009 
10 27 19 8 16009 
10 27 33 7 16009 
10 27 49 8 16009 
10 28 3 7 16009 
10 28 19 8 16009 
10 28 33 7 16009 
10 28 49 8 16009 
10 29 3 7 16009 
10 29 19 8 16009 
10 29 33 7 16009 
10 29 49 8 16009 
10 30 3 7 16009 
10 30 19 8 16009 
10 30 33 7 16009 
10 30 49 8 16009 
10 31 3 7 16009 
10 31 19 8 16009 
10 31 33 7 16009 
10 31 49 8 15948 
10 32 3 7 16009 
10 32 19 8 16009 
10 36 10 7 16009 
10 36 26 8 16009 
10 36 40 7 16009 
10 36 56 8 16009 
10 37 10 7 15948 
10 37 26 8 16009 
10 37 40 7 16009 
10 37 56 8 15948 
10 38 10 7 15948 
10 38 26 8 15948 
10 38 40 7 15948 
10 38 56 8 16009 
10 39 10 7 15948 
10 39 26 8 16009 
10 39 40 7 15948 
10 39 56 8 15948 
10 40 10 7 15948 
10 40 26 8 16009 
10 40 40 7 16009 
10 40 56 8 16009 
10 41 10 7 16009 
10 41 26 8 16009 
10 41 40 7 15948 
10 41 56 8 16009 
10 42 10 7 16009 
10 42 26 8 16009 
10 42 40 7 15948 
10 42 56 8 16009 
10 43 10 7 15948 
10 43 26 8 16009 
10 43 40 7 16009 
10 43 56 8 16009 
10 44 10 7 16009 
10 44 26 8 16009 
10 44 40 7 16009 
10 44 56 8 16009 
10 45 10 7 15948 
10 45 26 8 15948 
10 45 40 7 16009 
10 45 56 8 15948 
10 46 10 7 15948 
10 46 26 8 15948 
10 46 40 7 16009 
10 46 56 8 16009 
10 47 10 7 16009 
10 47 26 8 15948 
10 47 40 7 16009 
10 47 56 8 16009 
10 48 10 7 15948 
10 48 26 8 16009 
10 48 40 7 16009 
10 48 56 8 16009 
10 49 10 7 16009 
10 49 26 8 15948 
10 49 40 7 15948 
10 49 56 8 16009 
10 50 10 7 16009 
10 50 26 8 15948 
10 50 40 7 15948 
10 54 32 8 15948 
10 54 46 7 15948 
10 55 2 8 16009 
10 55 16 7 16009 
10 55 32 8 15948 
10 55 46 7 16009 
10 56 2 8 16009 
10 56 16 7 16009 
10 56 32 8 15948 
10 56 46 7 15948 
10 57 2 8 16009 
10 57 16 7 15948 
10 57 32 8 16009 
10 57 46 7 16009 
10 58 2 8 15948 
10 58 16 7 16009 
10 58 32 8 16009 
10 58 46 7 16009 
10 59 2 8 15948 
10 59 16 7 15948 
10 59 32 8 15948 
10 59 46 7 15948 
11 0 2 8 15948 
11 0 16 7 15948 
11 0 32 8 16009 
11 0 46 7 15948 
11 1 2 8 15948 
11 1 16 7 16009 
11 1 32 8 16009 
11 1 46 7 16009 
11 2 2 8 15948 
11 2 16 7 16009 
11 2 32 8 16009 
11 2 46 7 15948 
11 3 2 8 16009 
11 3 16 7 16009 
11 3 32 8 16009 
11 3 46 7 15948 
11 4 2 8 15948 
11 4 16 7 16009 
11 4 32 8 15948 
11 4 46 7 16009 
11 5 2 8 16009 
11 5 16 7 16009 
11 5 32 8 16009 
11 5 46 7 15948 
11 6 2 8 15948 
11 6 16 7 15948 
11 6 32 8 16009 
11 6 46 7 15948 
11 7 2 8 16009 
11 7 16 7 16009 
11 7 32 8 16009 
11 7 46 7 15948 
11 8 2 8 16009 
11 8 16 7 16009 
11 8 32 8 16009 
11 8 46 7 16009 
11 9 2 8 15948 
11 12 52 7 16009 
11 13 8 8 16009 
11 13 22 7 16009 
11 13 38 8 15948 
11 13 52 7 15948 
11 14 8 8 16009 
11 14 22 7 16009 
11 14 38 8 15948 
11 14 52 7 16009 
11 15 8 8 16009 
11 15 22 7 16009 
11 15 38 8 15948 
11 15 52 7 16009 
11 16 8 8 16009 
11 16 22 7 15948 
11 16 38 8 16009 
11 16 52 7 15948 
11 17 8 8 15948 
11 17 22 7 16009 
11 17 38 8 15948 
11 17 52 7 16009 
11 18 8 8 16009 
11 18 22 7 15948 
11 18 38 8 15948 
11 18 52 7 16009 
11 19 8 8 16009 
11 19 22 7 15948 
11 19 38 8 15948 
11 19 52 7 16009 
11 20 8 8 16009 
11 20 22 7 16009 
11 20 38 8 16009 
11 20 52 7 15948 
11 21 8 8 16009 
11 21 22 7 16009 
11 21 38 8 16009 
11 21 52 7 16009 
11 22 8 8 16009 
11 22 24 8 16009 
11 22 38 7 16009 
11 22 54 8 15948 
11 23 8 7 16009 
11 23 24 8 15948 
11 23 38 7 16009 
11 23 54 8 16009 
11 24 8 7 16009 
11 24 24 8 16009 
11 24 38 7 15948 
11 24 54 8 16009 
11 25 8 7 16009 
11 25 24 8 15948 
11 25 38 7 16009 
11 25 54 8 16009 
11 26 8 7 15948 
11 26 24 8 15948 
11 26 38 7 15948 
11 26 54 8 15948 
11 27 8 7 15948 
11 27 24 8 15948 
11 31 14 8 15948 
11 31 28 7 15948 
11 31 44 8 15948 
11 31 58 7 16009 
11 32 14 8 15948 
11 32 28 7 15948 
11 32 44 8 15948 
11 32 58 7 15948 
11 33 14 8 15948 
11 33 28 7 15948 
11 33 44 8 16009 
11 33 58 7 15948 
11 34 14 8 15948 
11 34 28 7 15948 
11 34 44 8 15948 
11 34 58 7 15948 
11 35 14 8 15948 
11 35 28 7 15948 
11 35 44 8 16009 
11 35 58 7 16009 
11 36 14 8 15948 
11 36 28 7 15948 
11 36 44 8 15948 
11 36 58 7 15948 
11 37 14 8 16009 
11 37 28 7 15948 
11 37 44 8 15948 
11 37 58 7 15948 
11 38 14 8 16009 
11 38 28 7 15948 
11 38 44 8 16009 
11 38 58 7 16009 
11 39 14 8 15948 
11 39 28 7 16009 
11 39 44 8 15948 
11 39 58 7 16009 
11 40 14 8 15948 
11 40 28 7 15948 
11 40 44 8 16009 
11 40 58 7 15948 
11 41 14 8 15948 
11 41 28 7 15948 
11 41 44 8 15948 
11 41 58 7 15948 
11 42 14 8 16009 
11 42 28 7 15948 
11 42 44 8 15948 
11 42 58 7 15948 
11 43 14 8 15948 
11 43 28 7 15948 
11 43 44 8 15948 
11 43 58 7 15948 
11 44 14 8 15948 
11 44 28 7 16009 
11 44 44 8 15948 
11 44 58 7 15948 
11 45 14 8 15948 
11 45 28 7 15948 
11 45 44 8 15948 
11 49 34 8 15948 
11 49 48 7 15948 
11 50 4 8 15948 
11 50 18 7 15948 
11 50 34 8 15948 
11 50 48 7 15948 
11 51 4 8 15948 
11 51 18 7 15948 
11 51 34 8 15948 
11 51 48 7 15948 
11 52 4 8 15948 
11 52 18 7 15948 
11 52 34 8 16009 
11 52 48 7 16009 
11 53 4 8 15948 
11 53 18 7 15948 
11 53 34 8 15948 
11 53 48 7 15948 
11 54 4 8 15948 
11 54 18 7 16009 
11 54 34 8 15948 
11 54 48 7 16009 
11 55 4 8 15948 
11 55 18 7 16009 
11 55 34 8 15948 
11 55 48 7 15948 
11 56 4 8 15948 
11 56 18 7 15948 
11 56 34 8 15948 
11 56 48 7 15948 
11 57 4 8 15948 
11 57 18 7 15948 
11 57 34 8 15948 
11 57 48 7 15948 
11 58 4 8 15948 
11 58 18 7 16009 
11 58 34 8 15948 
11 58 48 7 15948 
11 59 4 8 15948 
11 59 18 7 15948 
11 59 34 8 15948 
11 59 48 7 15948 
12 0 3 8 15948 
12 0 18 7 15948 
12 0 34 8 15948 
12 0 48 7 15948 
12 1 4 8 15948 
12 1 18 7 16009 
12 1 34 8 16009 
12 1 48 7 15948 
12 2 4 8 15948 
12 2 18 7 15948 
12 2 34 8 15948 
12 2 48 7 15948 
12 3 4 8 15948 
12 3 18 7 15948 
12 3 34 8 15948 
12 3 48 7 15948 
12 4 4 8 15948 
12 7 54 7 15948 
12 8 10 8 15948 
12 8 24 7 15948 
12 8 40 8 15948 
12 8 54 7 16009 
12 9 10 8 15948 
12 9 24 7 15948 
12 9 40 8 15948 
12 9 54 7 16009 
12 10 10 8 15948 
12 10 24 7 15948 
12 10 40 8 15948 
12 10 54 7 15948 
12 11 10 8 15948 
12 11 24 7 15948 
12 11 40 8 16009 
12 11 54 7 15948 
12 12 10 8 15948 
12 12 24 7 15948 
12 12 40 8 15948 
12 12 54 7 15948 
12 13 10 8 15948 
12 13 24 7 15948 
12 13 40 8 15948 
12 13 54 7 15948 
12 14 10 8 15948 
12 14 24 7 15948 
12 14 40 8 15948 
12 14 54 7 15948 
12 15 10 8 15948 
12 15 24 7 15948 
12 15 40 8 15948 
12 15 54 7 15948 
12 16 10 8 15948 
12 16 24 7 15948 
12 16 40 8 15948 
12 16 54 7 15948 
12 17 10 8 15948 
12 17 24 7 15948 
12 17 40 8 15948 
12 17 54 7 15948 
12 18 10 8 15948 
12 18 24 7 15948 
12 18 40 8 15948 
12 18 54 7 15948 
12 19 10 8 16009 
12 19 24 7 15948 
12 19 40 8 15948 
12 19 54 7 15948 
12 20 10 8 15948 
12 20 24 7 15948 
12 20 40 8 15948 
12 20 54 7 15948 
12 21 10 8 15948 
12 21 24 7 15948 
12 21 40 8 15948 
12 21 54 7 15948 
12 22 10 8 15948 
12 22 24 7 15948 
12 26 16 8 15948 
12 26 30 7 15948 
12 26 46 8 15948 
12 27 0 7 15948 
12 27 16 8 15948 
12 27 30 7 15948 
12 27 46 8 15948 
12 28 0 7 15948 
12 28 16 8 15948 
12 28 30 7 15948 
12 28 46 8 15948 
12 29 0 7 15948 
12 29 16 8 15948 
12 29 30 7 15948 
12 29 46 8 15948 
12 30 0 7 15948 
12 30 16 8 15948 
12 30 30 7 15948 
12 30 46 8 15948 
12 31 0 7 15948 
12 31 16 8 15948 
12 31 30 7 15948 
12 31 46 8 15948 
12 32 0 7 15948 
12 32 16 8 15948 
12 32 30 7 15948 
12 32 46 8 15948 
12 33 0 7 15948 
12 33 16 8 15948 
12 33 30 7 15948 
12 33 46 8 15948 
12 34 0 7 15948 
12 34 16 8 15948 
12 34 30 7 15948 
12 34 46 8 15948 
12 35 0 7 15948 
12 35 16 8 15948 
12 35 30 7 15948 
12 35 46 8 15948 
12 36 0 7 15948 
12 36 16 8 15948 
12 36 30 7 15948 
12 36 46 8 15948 
12 37 0 7 15948 
12 37 16 8 15948 
12 37 30 7 15948 
12 37 46 8 15948 
12 38 0 7 15948 
12 38 16 8 15948 
12 38 30 7 15948 
12 38 46 8 15948 
12 39 0 7 15948 
12 39 16 8 15948 
12 39 30 7 15948 
12 39 46 8 15948 
12 40 0 7 15948 
12 40 16 8 15948 
12 40 30 7 15948 
12 40 46 8 15948 
12 44 36 7 15948 
12 44 52 8 15948 
12 45 6 7 15948 
12 45 22 8 15948 
12 45 36 7 15948 
12 45 52 8 15948 
12 46 6 7 15948 
12 46 22 8 15948 
12 46 36 7 15948 
12 46 52 8 15948 
12 47 6 7 15948 
12 47 22 8 15948 
12 47 36 7 15948 
12 47 52 8 15948 
12 48 6 7 15948 
12 48 22 8 15948 
12 48 36 7 15948 
12 48 52 8 15948 
12 49 6 7 15948 
12 49 22 8 15948 
12 49 36 7 15948 
12 49 52 8 15948 
12 50 6 7 15948 
12 50 22 8 15948 
12 50 36 7 15948 
12 50 52 8 15948 
12 51 6 7 15948 
12 51 22 8 15948 
12 51 36 7 15948 
12 51 52 8 15948 
12 52 6 7 15948 
12 52 22 8 15948 
12 52 36 7 15948 
12 52 52 8 15948 
12 53 6 7 15948 
12 53 22 8 15948 
12 53 36 7 15948 
12 53 52 8 15948 
12 54 6 7 15948 
12 54 22 8 15948 
12 54 36 7 15948 
12 54 52 8 15948 
12 55 6 7 15948 
12 55 22 8 15948 
12 55 36 7 15948 
12 55 52 8 15948 
12 56 6 7 15948 
12 56 22 8 15948 
12 56 36 7 15948 
12 56 52 8 15948 
12 57 6 7 15948 
12 57 22 8 15948 
12 57 36 7 15948 
12 57 52 8 15948 
12 58 6 7 15948 
12 58 22 8 15948 
12 58 36 7 15948 
12 58 52 8 15948 
12 59 6 7 15948 
13 2 58 8 15948 
13 3 12 7 15948 
13 3 28 8 15948 
13 3 42 7 15948 
13 3 58 8 15948 
13 4 12 7 15948 
13 4 28 8 15948 
13 4 42 7 15948 
13 4 58 8 15948 
13 5 12 7 15948 
13 5 28 8 15948 
13 5 42 7 15948 
13 5 58 8 15948 
13 6 12 7 15948 
13 6 28 8 15948 
13 6 42 7 15948 
13 6 58 8 15948 
13 7 12 7 15948 
13 7 28 8 15948 
13 7 42 7 15948 
13 7 58 8 15948 
13 8 12 7 15948 
13 8 28 8 15948 
13 8 42 7 15948 
13 8 58 8 15948 
13 9 12 7 15948 
13 9 28 8 15948 
13 9 42 7 15948 
13 9 58 8 15948 
13 10 12 7 15948 
13 10 28 8 15948 
13 10 42 7 15948 
13 10 58 8 15948 
13 11 12 7 15948 
13 11 28 8 15948 
13 11 42 7 15948 
13 11 58 8 15948 
13 12 12 7 15948 
13 12 28 8 15948 
13 12 42 7 15948 
13 12 58 8 15948 
13 13 12 7 15948 
13 13 28 8 15948 
13 13 42 7 15948 
13 13 58 8 15948 
13 14 12 7 15948 
13 14 28 8 15948 
13 14 42 7 15948 
13 14 58 8 15948 
13 15 12 7 15948 
13 15 28 8 15948 
13 15 42 7 15948 
13 15 58 8 15948 
13 16 12 7 15948 
13 16 28 8 15948 
13 16 42 7 15948 
13 16 58 8 15948 
13 17 12 7 15948 
13 17 28 8 15948 
13 21 18 7 15948 
13 21 34 8 15948 
13 21 48 7 15948 
13 22 4 8 15948 
13 22 18 7 15948 
13 22 34 8 15948 
13 22 48 7 15948 
13 23 4 8 15948 
13 23 18 7 15948 
13 23 34 8 15948 
13 23 48 7 15948 
13 24 4 8 15948 
13 24 18 7 15948 
13 24 34 8 15948 
13 24 48 7 15948 
13 25 4 8 15948 
13 25 18 7 15948 
13 25 34 8 15948 
13 25 48 7 15948 
13 26 4 8 15948 
13 26 18 7 15948 
13 26 34 8 15948 
13 26 48 7 15948 
13 27 4 8 15948 
13 27 18 7 15948 
13 27 34 8 15948 
13 27 48 7 15948 
13 28 4 8 15948 
13 28 18 7 15948 
13 28 34 8 15948 
13 28 48 7 15948 
13 29 4 8 15948 
13 29 18 7 15948 
13 29 34 8 15948 
13 29 48 7 15948 
13 30 4 8 15948 
13 30 18 7 15948 
13 30 34 8 15948 
13 30 48 7 15948 
13 31 4 8 15948 
13 31 18 7 15948 
13 31 34 8 15948 
13 31 48 7 15948 
13 32 4 8 15948 
13 32 18 7 15948 
13 32 34 8 15948 
13 32 48 7 15948 
13 33 4 8 15948 
13 33 18 7 15948 
13 33 34 8 15948 
13 33 48 7 15948 
13 34 4 8 15948 
13 34 18 7 15948 
13 34 34 8 15948 
13 34 48 7 15948 
13 35 4 8 15948 
13 35 18 7 15948 
13 35 34 8 15948 
13 35 48 7 15948 
13 39 40 8 15948 
13 39 54 7 15948 
13 40 10 8 15948 
13 40 24 7 15948 
13 40 40 8 15948 
13 40 54 7 15948 
13 41 10 8 15948 
13 41 24 7 15948 
13 41 40 8 15948 
13 41 54 7 15948 
13 42 10 8 15948 
13 42 24 7 15948 
13 42 40 8 15948 
13 42 54 7 15948 
13 43 10 8 15948 
13 43 24 7 15948 
13 43 40 8 15948 
13 43 54 7 15948 
13 44 10 8 15948 
13 44 24 7 15948 
13 44 40 8 15948 
13 44 54 7 15948 
13 45 10 8 15948 
13 45 24 7 15948 
13 45 40 8 15948 
13 45 54 7 15948 
13 46 10 8 15948 
13 46 24 7 15948 
13 46 40 8 15948 
13 46 54 7 15948 
13 47 10 8 15948 
13 47 24 7 15948 
13 47 40 8 15948 
13 47 54 7 15948 
13 48 10 8 15948 
13 48 24 7 15948 
13 48 40 8 15948 
13 48 54 7 15948 
13 49 10 8 15948 
13 49 24 7 15948 
13 49 40 8 15948 
13 49 54 7 15948 
13 50 10 8 15948 
13 50 24 7 15948 
13 50 40 8 15948 
13 50 54 7 15948 
13 51 10 8 15948 
13 51 24 7 15948 
13 51 40 8 15948 
13 51 54 7 15948 
13 52 10 8 15948 
13 52 24 7 15948 
13 52 40 8 15948 
13 52 54 7 15948 
13 53 10 8 15948 
13 53 24 7 15948 
13 53 40 8 15948 
13 53 54 7 15948 
13 54 10 8 15948 
13 58 0 7 15948 
13 58 16 8 15948 
13 58 30 7 15948 
13 58 46 8 15948 
13 59 0 7 15948 
13 59 16 8 15948 
13 59 30 7 15948 
13 59 46 8 15948 
14 0 0 7 15948 
14 0 16 8 15948 
14 0 30 7 15948 
14 0 46 8 15948 
14 1 0 7 15948 
14 1 16 8 15948 
14 1 30 7 15948 
14 1 46 8 15948 
14 2 0 7 15948 
14 2 16 8 15948 
14 2 30 7 15948 
14 2 46 8 15948 
14 3 0 7 15948 
14 3 16 8 15948 
14 3 30 7 15948 
14 3 46 8 15948 
14 4 0 7 15948 
14 4 16 8 15948 
14 4 30 7 15948 
14 4 46 8 15948 
14 5 0 7 15948 
14 5 16 8 15948 
14 5 30 7 15948 
14 5 46 8 15948 
14 6 0 7 15948 
14 6 16 8 15948 
14 6 30 7 15948 
14 6 46 8 15948 
14 7 0 7 15948 
14 7 16 8 15948 
14 7 30 7 15948 
14 7 46 8 15948 
14 8 0 7 15948 
14 8 16 8 15948 
14 8 30 7 15948 
14 8 46 8 15948 
14 9 0 7 15948 
14 9 16 8 15948 
14 9 30 7 15948 
14 9 46 8 15948 
14 10 0 7 15948 
14 10 16 8 15948 
14 10 30 7 15948 
14 10 46 8 15948 
14 11 0 7 15948 
14 11 16 8 15948 
14 11 30 7 15948 
14 11 46 8 15948 
14 12 0 7 15948 
14 12 16 8 15948 
14 12 30 7 15948 
14 16 22 8 15948 
14 16 36 7 15948 
14 16 52 8 15948 
14 17 6 7 15948 
14 17 22 8 15948 
14 17 36 7 15948 
14 17 52 8 15948 
14 18 6 7 15948 
14 18 22 8 15948 
14 18 36 7 15948 
14 18 52 8 15948 
14 19 6 7 15948 
14 19 22 8 15948 
14 19 36 7 15948 
14 19 52 8 15948 
14 20 6 7 15948 
14 20 22 8 15948 
14 20 36 7 15948 
14 20 52 8 15948 
14 21 6 7 15948 
14 21 22 8 15948 
14 21 36 7 15948 
14 21 52 8 15948 
14 22 6 7 15948 
14 22 22 8 15948 
14 22 36 7 15948 
14 22 52 8 15948 
14 23 6 7 15948 
14 23 22 8 15948 
14 23 36 7 15948 
14 23 52 8 15948 
14 24 6 7 15948 
14 24 22 8 15948 
14 24 36 7 15948 
14 24 52 8 15948 
14 25 6 7 15948 
14 25 22 8 15948 
14 25 36 7 15948 
14 25 52 8 15948 
14 26 6 7 15948 
14 26 22 8 15948 
14 26 36 7 15948 
14 26 52 8 15948 
14 27 6 7 15948 
14 27 22 8 15948 
14 27 36 7 15948 
14 27 52 8 15948 
14 28 6 7 15948 
14 28 22 8 15948 
14 28 36 7 15948 
14 28 52 8 15948 
14 29 6 7 15948 
14 29 22 8 15948 
14 29 36 7 15948 
14 29 52 8 15948 
14 30 6 7 15948 
14 30 22 8 15948 
14 30 36 7 15948 
14 30 52 8 15948 
14 34 42 7 15948 
14 34 58 8 15948 
14 35 12 7 15948 
14 35 28 8 15948 
14 35 42 7 15948 
14 35 58 8 15948 
14 36 12 7 15948 
14 36 28 8 15948 
14 36 42 7 15948 
14 36 58 8 15948 
14 37 12 7 15948 
14 37 28 8 15948 
14 37 42 7 15948 
14 37 58 8 15948 
14 38 12 7 15948 
14 38 28 8 15948 
14 38 42 7 15948 
14 38 58 8 15948 
14 39 12 7 15948 
14 39 28 8 15948 
14 39 42 7 15948 
14 39 58 8 15948 
14 40 12 7 15948 
14 40 28 8 15948 
14 40 42 7 15948 
14 40 58 8 15948 
14 41 12 7 15948 
14 41 28 8 15948 
14 41 42 7 15948 
14 41 58 8 15948 
14 42 12 7 15948 
14 42 28 8 15948 
14 42 42 7 15948 
14 42 58 8 15948 
14 43 12 7 15948 
14 43 28 8 15948 
14 43 42 7 15948 
14 43 58 8 15948 
14 44 12 7 15948 
14 44 28 8 15948 
14 44 42 7 15948 
14 44 58 8 15948 
14 45 12 7 15948 
14 45 28 8 15948 
14 45 42 7 15948 
14 45 58 8 15948 
14 46 12 7 15948 
14 46 28 8 15948 
14 46 42 7 15948 
14 46 58 8 15948 
14 47 12 7 15948 
14 47 28 8 15948 
14 47 42 7 15948 
14 47 58 8 15948 
14 48 12 7 15948 

/> 
read_ramp 11101302
read_ramp 11101302
<CR>Time:2021/11/10 14:34Ramp data first polarity: 
247 246 246 247 247 246 248 247 246 246 246 247 247 246 246 247 246 246 246 247 246 246 246 247 245 246 246 245 247 246 246 247 247 245 246 246 247 246 246 245 245 246 246 246 247 246 246 246 246 246 246 245 246 247 247 247 247 246 246 246 247 247 246 253 249 251 253 257 260 262 266 269 272 273 275 277 279 281 283 285 286 287 289 289 291 292 294 296 296 298 299 301 302 304 305 307 308 310 312 313 315 316 318 319 321 322 323 325 326 328 330 332 333 334 336 337 339 340 341 343 344 346 347 349 351 351 353 356 357 358 360 361 363 365 366 367 370 369 370 372 373 375 377 379 380 381 383 384 385 387 388 390 392 393 394 396 397 398 400 401 401 403 405 406 408 409 411 413 414 416 417 418 419 420 422 423 426 428 429 431 431 432 433 435 436 437 439 440 442 443 445 446 447 449 450 451 453 453 456 458 459 460 462 462 464 465 466 468 470 471 472 474 475 476 477 478 479 481 482 483 485 486 488 489 490 493 494 495 496 497 498 500 501 503 504 505 506 507 508 509 509 511 511 510 512 512 512 512 513 511 513 512 512 511 512 511 512 512 512 512 512 512 511 511 511 511 511 511 510 511 511 511 511 511 512 513 513 512 511 511 511 511 512 511 512 512 511 511 511 511 510 511 511 510 511 511 512 512 512 512 512 512 510 511 511 510 512 511 512 512 511 511 512 512 511 511 512 512 511 511 
ramp data second polarity
775 776 775 775 775 775 775 776 776 776 776 776 776 775 776 775 775 774 774 774 775 775 776 776 776 774 776 775 774 774 774 775 776 776 776 777 776 774 775 775 774 775 775 775 775 776 776 775 775 776 775 775 775 775 775 775 775 776 776 776 776 775 776 775 774 771 771 768 763 761 761 757 755 753 749 747 746 743 741 740 739 737 735 734 733 731 730 729 727 725 724 722 721 719 717 715 714 713 712 710 709 707 706 704 703 701 699 698 696 696 694 693 692 690 688 685 685 684 682 681 678 677 677 675 673 672 670 668 668 665 664 664 661 660 659 658 657 656 653 650 649 648 646 646 644 643 641 639 638 636 634 633 631 630 629 627 626 625 622 622 621 618 618 616 614 613 612 611 610 608 606 604 604 602 600 598 597 597 595 594 593 591 590 588 587 586 585 583 581 580 578 578 576 574 573 571 570 569 567 566 565 564 563 561 559 558 555 554 554 552 551 550 549 548 546 545 543 542 540 539 537 536 535 534 532 531 529 527 526 525 524 522 522 520 519 518 517 516 514 514 512 511 511 511 510 510 509 509 509 509 509 508 509 509 509 510 509 509 510 509 509 510 509 510 511 509 509 511 509 510 510 509 510 510 509 509 510 509 510 510 509 509 510 509 509 509 510 510 510 510 510 509 509 509 509 509 510 508 509 509 509 510 510 508 509 509 508 509 509 509 509 510 510 509 510 509 509 509 509 510 
Oscillation data first polarity :
770 769 767 764 762 758 757 753 751 749 747 744 743 741 740 738 736 736 733 732 731 729 728 726 724 723 722 721 719 718 717 714 713 712 710 708 707 705 703 703 701 700 698 697 694 693 691 690 689 687 687 686 684 683 682 679 677 675 674 673 671 670 668 667 665 663 662 661 660 657 656 655 654 652 650 649 649 647 645 643 642 640 638 638 637 636 634 633 631 629 628 626 624 623 623 620 618 619 616 614 614 611 610 609 607 607 605 603 602 601 599 597 596 594 593 591 590 590 587 586 585 583 583 581 578 577 576 574 574 573 570 570 568 565 565 564 562 562 560 559 558 556 555 553 552 551 549 548 546 545 543 543 541 541 539 538 536 534 533 531 530 530 528 526 525 524 523 521 520 519 517 516 514 514 513 512 511 511 510 510 509 510 510 510 509 509 511 509 509 509 509 509 509 509 509 509 508 509 509 509 509 509 509 510 509 510 509 510 510 509 509 509 510 509 510 509 510 510 509 509 509 509 509 509 509 509 509 509 509 509 510 510 510 510 509 509 509 510 509 510 509 509 509 509 509 508 509 509 509 509 509 509 509 509 510 510 510 510 509 509 509 509 509 510 509 509 509 509 510 508 510 510 509 509 509 507 509 509 508 509 510 510 510 510 510 510 510 510 509 509 509 509 509 509 509 508 509 509 509 509 510 509 509 509 509 510 510 510 510 509 509 509 509 509 510 509 509 509 509 509 
Oscillation data second polarity :
248 250 254 258 261 263 267 270 273 274 275 278 279 280 282 284 286 287 289 290 291 293 294 295 297 299 301 302 305 305 306 307 308 310 311 313 314 316 318 320 321 322 324 325 326 328 329 331 332 333 336 338 339 340 342 342 344 346 347 349 351 352 354 355 356 357 359 360 361 364 365 366 368 370 371 372 374 375 377 378 380 381 382 384 386 388 388 390 392 393 394 395 397 398 400 401 402 404 405 407 408 410 411 413 415 416 416 418 420 421 422 423 425 426 428 429 431 432 434 435 436 438 438 440 442 442 445 446 447 449 451 451 452 454 455 457 458 460 462 463 465 465 466 468 469 470 472 473 474 477 477 479 481 482 483 485 485 486 487 490 491 492 494 495 496 497 498 498 500 501 502 505 506 506 508 509 510 511 511 512 511 511 510 511 513 511 512 512 511 511 511 511 511 511 510 511 511 511 511 511 511 512 512 512 511 512 512 511 511 512 512 511 511 511 511 511 510 512 511 511 511 512 511 511 511 512 511 512 512 512 512 512 511 511 512 512 511 511 511 511 511 511 511 511 511 511 511 511 511 511 511 512 513 512 512 512 512 511 511 511 511 511 511 511 511 511 511 511 511 511 513 511 511 512 510 511 511 512 512 513 512 512 511 511 511 512 511 511 512 512 511 511 511 511 511 511 511 510 511 511 509 510 511 512 512 511 512 511 511 510 511 511 511 511 511 511 511 511 512 511 
/> 