14 52 13 223 11072 
14 52 28 224 11072 
14 52 43 223 11012 
14 52 58 223 11072 
14 53 13 223 11012 
14 53 28 224 11072 
14 53 43 223 11012 
14 53 58 223 11012 
14 54 13 223 11012 
14 54 28 224 11012 
14 54 43 223 11012 
14 54 58 223 11012 
14 55 13 223 11012 
14 55 28 224 11012 
14 55 43 223 11072 
14 55 58 224 11012 
14 56 13 223 11012 
14 56 57 224 11072 
14 57 12 223 11012 
14 57 27 224 11012 
14 57 42 223 11072 
14 57 57 224 11012 
14 58 12 223 11012 
14 58 27 223 11012 
14 58 42 224 11012 
14 58 57 223 11072 
14 59 12 223 11012 
14 59 27 223 11012 
14 59 42 223 11072 
14 59 57 223 11012 
15 0 12 223 11012 
15 0 27 224 11072 
15 0 42 223 11072 
15 0 57 224 11072 
15 1 12 223 11012 
15 1 27 224 11072 
15 1 42 223 11072 
15 1 57 224 11012 
15 2 12 223 11072 
15 2 27 224 11012 
15 2 42 223 11072 
15 2 57 224 11012 
15 3 12 223 11012 
15 3 27 224 11072 
15 3 42 223 11072 
15 3 57 224 11012 
15 4 12 223 11072 
15 4 27 224 11072 
15 4 42 223 11072 
15 4 57 224 11072 
15 5 12 223 11072 
15 5 27 224 11012 
15 5 42 223 11072 
15 5 57 224 11072 
15 6 12 223 11012 
15 6 27 224 11072 
15 6 42 223 11072 
15 6 57 224 11012 
15 7 12 223 11012 
15 7 27 224 11072 
15 7 42 223 11012 
15 7 57 224 11012 
15 8 12 223 11012 
15 8 27 224 11012 
15 8 42 223 11072 
15 8 57 224 11012 
15 9 12 223 11072 
15 9 27 224 11012 
15 9 42 223 11072 
15 9 57 224 11072 
15 10 12 223 11072 
15 10 27 224 11012 
15 10 42 223 11012 
15 10 57 224 11012 
15 11 12 223 11072 
15 11 27 224 11012 
15 12 11 224 11012 
15 12 26 222 11012 
15 12 41 223 11012 
15 12 56 224 11012 
15 13 11 223 11072 
15 13 26 224 11072 
15 13 41 223 11012 
15 13 56 224 11072 
15 14 11 223 11012 
15 14 26 224 11012 
15 14 41 223 11012 
15 14 56 224 11012 
15 15 11 223 11012 
15 15 26 224 11012 
15 15 41 223 11072 
15 15 56 224 11072 
15 16 11 223 11012 
15 16 26 224 11072 
15 16 41 223 11072 
15 16 56 224 11072 
15 17 11 223 11072 
15 17 26 224 11012 
15 17 41 223 11072 
15 17 56 224 11072 
15 18 11 223 11012 
15 18 26 224 11072 
15 18 41 223 11072 
15 18 56 224 11072 
15 19 11 223 11012 
15 19 26 224 11072 
15 19 41 223 11012 
15 19 56 224 11012 
15 20 11 223 11012 
15 20 26 224 11072 
15 20 41 223 11072 
15 20 56 224 11012 
15 21 11 223 11072 
15 21 26 224 11072 
15 21 41 223 11012 
15 21 56 224 11012 
15 22 11 223 11072 
15 22 26 224 11012 
15 22 41 223 11072 
15 22 56 224 11012 
15 23 11 223 11072 
15 23 26 224 11012 
15 23 41 223 11012 
15 23 56 224 11012 
15 24 11 223 11012 
15 24 26 224 11012 
15 24 41 223 11012 
15 24 56 224 11012 
15 25 11 223 11012 
15 25 26 224 11012 
15 25 41 223 11012 
15 25 56 224 11012 
15 26 11 223 11072 
15 26 26 224 11072 
15 26 41 223 11012 
15 27 25 224 11012 
15 27 40 223 11012 
15 27 55 223 11012 
15 28 10 224 11012 
15 28 25 223 11012 
15 28 40 223 11012 
15 28 55 223 11012 
15 29 10 223 11012 
15 29 25 224 11012 
15 29 40 223 11012 
15 29 55 223 11012 
15 30 10 223 11072 
15 30 25 223 11072 
15 30 40 223 11072 
15 30 55 223 11012 
15 31 10 223 11012 
15 31 25 224 11012 
15 31 40 223 11012 
15 31 55 223 11072 
15 32 10 224 11072 
15 32 25 223 11072 
15 32 40 223 11012 
15 32 55 223 11072 
15 33 10 223 11072 
15 33 25 223 11072 
15 33 40 223 11072 
15 33 55 223 11072 
15 34 10 223 11072 
15 34 25 223 11072 
15 34 40 223 11012 
15 34 55 223 11072 
15 35 10 223 11072 
15 35 25 223 11072 
15 35 40 223 11072 
15 35 55 223 11012 
15 36 10 223 11072 
15 36 25 223 11072 
15 36 40 223 11072 
15 36 55 223 11072 
15 37 10 223 11072 
15 37 25 224 11012 
15 37 40 223 11012 
15 37 55 223 11072 
15 38 10 223 11012 
15 38 25 224 11012 
15 38 40 223 11072 
15 38 55 223 11072 
15 39 10 223 11072 
15 39 25 223 11072 
15 39 40 223 11072 
15 39 55 223 10892 
15 40 10 223 6017 

/> 
ls
ls
<CR>
         TIME          Size       File name 
----A 2021/06/29 14:21     10360  0629
----A 2021/06/29 09:15    128640  06290900
----A 2021/06/29 09:31    128000  06290915
----A 2021/06/29 09:46    128640  06290931
----A 2021/06/29 10:01    128000  06290946
----A 2021/06/29 10:17    128640  06291001
----A 2021/06/29 10:31    128000  06291016
----A 2021/06/29 10:46    128640  06291031
----A 2021/06/29 11:03    128640  06291046
----A 2021/06/29 11:18    128640  06291101
----A 2021/06/29 11:31    128000  06291116
----A 2021/06/29 11:47    128640  06291132
----A 2021/06/29 12:02    128640  06291147
----A 2021/06/29 12:17    128640  06291202
----A 2021/06/29 12:33    128000  06291217
----A 2021/06/29 12:47    128640  06291232
----A 2021/06/29 13:02    128000  06291247
----A 2021/06/29 13:19    128640  06291302
----A 2021/06/29 13:35    128000  06291317
----A 2021/06/29 13:47    128640  06291332
----A 2021/06/29 14:03    128000  06291348
----A 2021/06/29 14:18    128640  06291403
----A 2021/06/29 14:19      2560  06291418
----A 2021/06/30 16:02      8288  0630
----A 2021/06/30 11:35      2560  06301135
----A 2021/06/30 12:23    128640  06301207
----A 2021/06/30 12:37    128640  06301222
----A 2021/06/30 12:54    128000  06301237
----A 2021/06/30 13:07    128640  06301252
----A 2021/06/30 13:23    128000  06301307
----A 2021/06/30 13:38    128640  06301323
----A 2021/06/30 13:53    128000  06301338
----A 2021/06/30 14:08    128640  06301353
----A 2021/06/30 14:23    128000  06301408
----A 2021/06/30 14:39    128640  06301423
----A 2021/06/30 14:55    128640  06301438
----A 2021/06/30 15:10    128640  06301453
----A 2021/06/30 15:23    128000  06301508
----A 2021/06/30 15:39    128640  06301523
----A 2021/06/30 15:54    128640  06301539
----A 2021/06/30 15:54      2560  06301554
----A 2021/07/01 16:08     13328  0701
----A 2021/07/01 09:27    128640  07010912
----A 2021/07/01 09:43    128000  07010927
----A 2021/07/01 09:57    128640  07010942
----A 2021/07/01 10:14    128000  07010957
----A 2021/07/01 10:27    128640  07011012
----A 2021/07/01 10:43    128000  07011027
----A 2021/07/01 10:59    128640  07011042
----A 2021/07/01 11:13    128000  07011058
----A 2021/07/01 11:28    128640  07011113
----A 2021/07/01 11:43    128000  07011128
----A 2021/07/01 11:59    128640  07011143
----A 2021/07/01 12:15    128000  07011158
----A 2021/07/01 12:30    128640  07011213
----A 2021/07/01 12:43    128640  07011228
----A 2021/07/01 12:59    128640  07011243
----A 2021/07/01 13:14    128640  07011259
----A 2021/07/01 13:29    128640  07011314
----A 2021/07/01 13:45    128640  07011329
----A 2021/07/01 13:59    128640  07011344
----A 2021/07/01 14:15    128000  07011359
----A 2021/07/01 14:31    128640  07011414
----A 2021/07/01 14:46    128000  07011429
----A 2021/07/01 14:59    128000  07011444
----A 2021/07/01 15:15    128000  07011500
----A 2021/07/01 15:30    128000  07011515
----A 2021/07/01 15:45    128000  07011530
----A 2021/07/01 16:01    128000  07011545
----A 2021/07/01 16:01      2560  07011600
----A 2021/07/02 15:50     12152  0702
----A 2021/07/02 09:02    128000  07020847
----A 2021/07/02 09:19    128000  07020902
----A 2021/07/02 09:35    128000  07020917
----A 2021/07/02 09:48    128000  07020933
----A 2021/07/02 10:03    128000  07020948
----A 2021/07/02 10:19    128000  07021003
----A 2021/07/02 10:33    128000  07021018
----A 2021/07/02 10:50    128640  07021033
----A 2021/07/02 11:03    128000  07021048
----A 2021/07/02 11:19    128000  07021103
----A 2021/07/02 11:35    128000  07021118
----A 2021/07/02 11:49    128000  07021134
----A 2021/07/02 12:04    128000  07021149
----A 2021/07/02 12:19    128000  07021204
----A 2021/07/02 12:35    128000  07021219
----A 2021/07/02 12:51    128000  07021234
----A 2021/07/02 13:06    128000  07021249
----A 2021/07/02 13:19    128000  07021304
----A 2021/07/02 13:35    128000  07021319
----A 2021/07/02 13:35      2560  07021335
----A 2021/07/02 14:54    128000  07021439
----A 2021/07/02 15:11    128000  07021454
----A 2021/07/02 15:27    128000  07021509
----A 2021/07/02 15:40    128000  07021525
----A 2021/07/02 15:40      2560  07021540
----A 2021/07/03 16:03     13800  0703
----A 2021/07/03 09:10    128000  07030855
----A 2021/07/03 09:27    128000  07030910
----A 2021/07/03 09:43    128000  07030926
----A 2021/07/03 09:56    128000  07030941
----A 2021/07/03 10:11    128000  07030956
----A 2021/07/03 10:27    128000  07031011
----A 2021/07/03 10:41    128000  07031026
----A 2021/07/03 10:58    128000  07031041
----A 2021/07/03 11:11    128000  07031056
----A 2021/07/03 11:27    128000  07031111
----A 2021/07/03 11:43    128000  07031126
----A 2021/07/03 11:57    128000  07031142
----A 2021/07/03 12:12    128000  07031157
----A 2021/07/03 12:27    128000  07031212
----A 2021/07/03 12:43    128000  07031227
----A 2021/07/03 12:59    128000  07031242
----A 2021/07/03 13:14    128000  07031257
----A 2021/07/03 13:27    128000  07031312
----A 2021/07/03 13:43    128000  07031327
----A 2021/07/03 13:58    128000  07031343
----A 2021/07/03 14:13    128640  07031358
----A 2021/07/03 14:28    128000  07031413
----A 2021/07/03 14:43    128000  07031428
----A 2021/07/03 14:59    128000  07031443
----A 2021/07/03 15:15    128000  07031458
----A 2021/07/03 15:30    128000  07031513
----A 2021/07/03 15:43    128000  07031528
----A 2021/07/03 15:59    128000  07031543
----A 2021/07/03 15:59      2560  07031559
----A 2021/07/04 15:53     12352  0704
----A 2021/07/04 09:47    128000  07040930
----A 2021/07/04 10:01    128000  07040946
----A 2021/07/04 10:16    128000  07041001
----A 2021/07/04 10:31    128000  07041016
----A 2021/07/04 10:47    128000  07041031
----A 2021/07/04 11:03    128000  07041046
----A 2021/07/04 11:18    128000  07041101
----A 2021/07/04 11:31    128000  07041116
----A 2021/07/04 11:47    128000  07041131
----A 2021/07/04 12:02    128000  07041147
----A 2021/07/04 12:17    128000  07041202
----A 2021/07/04 12:32    128000  07041217
----A 2021/07/04 12:47    128000  07041232
----A 2021/07/04 13:03    128000  07041247
----A 2021/07/04 13:19    128000  07041302
----A 2021/07/04 13:34    128000  07041317
----A 2021/07/04 13:47    128000  07041332
----A 2021/07/04 14:03    128000  07041347
----A 2021/07/04 14:18    128000  07041403
----A 2021/07/04 14:33    128000  07041418
----A 2021/07/04 14:49    128000  07041433
----A 2021/07/04 15:03    128000  07041448
----A 2021/07/04 15:18    128000  07041503
----A 2021/07/04 15:35    128000  07041518
----A 2021/07/04 15:51    128000  07041533
----A 2021/07/04 15:49      2560  07041549
----A 2021/07/05 15:56     13760  0705
----A 2021/07/05 09:02    128000  07050847
----A 2021/07/05 09:17    128000  07050902
----A 2021/07/05 09:33    128000  07050917
----A 2021/07/05 09:47    128000  07050932
----A 2021/07/05 10:02    128000  07050947
----A 2021/07/05 10:19    128000  07051002
----A 2021/07/05 10:33    128000  07051018
----A 2021/07/05 10:48    128000  07051033
----A 2021/07/05 11:03    128000  07051048
----A 2021/07/05 11:18    128000  07051103
----A 2021/07/05 11:35    128000  07051118
----A 2021/07/05 11:49    128000  07051134
----A 2021/07/05 12:05    128000  07051149
----A 2021/07/05 12:19    128000  07051204
----A 2021/07/05 12:34    128000  07051219
----A 2021/07/05 12:51    128000  07051234
----A 2021/07/05 13:05    128000  07051250
----A 2021/07/05 13:21    128000  07051305
----A 2021/07/05 13:35    128000  07051320
----A 2021/07/05 13:50    128000  07051335
----A 2021/07/05 14:07    128000  07051350
----A 2021/07/05 14:21    128000  07051406
----A 2021/07/05 14:37    128000  07051421
----A 2021/07/05 14:51    128000  07051436
----A 2021/07/05 15:07    128000  07051451
----A 2021/07/05 15:22    128000  07051507
----A 2021/07/05 15:37    128000  07051522
----A 2021/07/05 15:53    128000  07051537
----A 2021/07/05 15:54      2560  07051552
----A 2021/07/07 15:47     12680  0707
----A 2021/07/07 09:22    128000  07070907
----A 2021/07/07 09:37    128000  07070922
----A 2021/07/07 09:54    128000  07070937
----A 2021/07/07 10:07    128000  07070952
----A 2021/07/07 10:23    128000  07071008
----A 2021/07/07 10:38    128000  07071023
----A 2021/07/07 10:53    128000  07071038
----A 2021/07/07 11:10    128000  07071053
----A 2021/07/07 11:23    128000  07071108
----A 2021/07/07 11:39    128000  07071124
----A 2021/07/07 11:55    128000  07071139
----A 2021/07/07 12:11    128000  07071154
----A 2021/07/07 12:27    128000  07071209
----A 2021/07/07 12:40    128000  07071225
----A 2021/07/07 12:55    128000  07071240
----A 2021/07/07 13:10    128000  07071255
----A 2021/07/07 13:27    128000  07071310
----A 2021/07/07 13:41    128000  07071326
----A 2021/07/07 13:56    128000  07071341
----A 2021/07/07 14:11    128000  07071356
----A 2021/07/07 14:26    128000  07071411
----A 2021/07/07 14:43    128000  07071426
----A 2021/07/07 14:57    128000  07071442
----A 2021/07/07 15:13    128000  07071457
----A 2021/07/07 15:27    128000  07071512
----A 2021/07/07 15:43    128000  07071527
----A 2021/07/07 15:43      2560  07071543

 211 File(s),  24851280 bytes total
   0 Dir(s),     975584K bytes free

/> 
read 0707
read 0707
<CR>Time:2021/07/07 15:43
Hours Minutes Seconds  Nb_Samples    Aver. Current 
8 53 44 1 7592 
8 54 18 1 7286 
8 54 39 1 7531 
8 55 13 2 7899 
8 56 8 1 7715 
8 56 21 202 9184 
8 56 36 224 9674 
8 56 51 223 9736 
8 57 6 224 10164 
8 57 21 223 11021 
8 58 14 224 11083 
8 59 31 224 11083 
8 59 46 223 11083 
9 0 1 223 11083 
9 0 16 224 11083 
9 0 31 223 11083 
9 0 46 224 11083 
9 1 1 223 11083 
9 1 16 224 11083 
9 1 31 223 11083 
9 1 46 224 11083 
9 2 1 223 11083 
9 2 16 224 11083 
9 2 31 223 11083 
9 2 46 224 11083 
9 3 1 223 11083 
9 3 16 224 11083 
9 3 31 223 11083 
9 3 46 224 11083 
9 4 1 223 11083 
9 4 16 224 11083 
9 4 31 223 11083 
9 4 46 224 11083 
9 5 1 223 11083 
9 5 16 224 11083 
9 5 31 223 11083 
9 5 46 224 11083 
9 6 1 223 11083 
9 6 16 223 11083 
9 6 31 223 11083 
9 6 46 224 11083 
9 7 1 223 11083 
9 7 38 224 11083 
9 7 53 223 11083 
9 8 8 224 11083 
9 8 23 223 11083 
9 8 38 224 11083 
9 8 53 223 11083 
9 9 8 224 11083 
9 9 23 223 11083 
9 9 38 224 11083 
9 9 53 223 11083 
9 10 8 224 11083 
9 10 23 223 11083 
9 10 38 223 11083 
9 10 53 223 11083 
9 11 8 223 11083 
9 11 23 224 11083 
9 11 38 223 11083 
9 11 53 224 11083 
9 12 8 223 11083 
9 12 23 224 11083 
9 12 38 223 11083 
9 12 53 224 11083 
9 13 8 223 11083 
9 13 23 224 11083 
9 13 38 223 11083 
9 13 53 224 11083 
9 14 8 223 11083 
9 14 23 224 11083 
9 14 38 223 11083 
9 14 53 224 11083 
9 15 8 223 11083 
9 15 23 224 11083 
9 15 38 223 11083 
9 15 53 224 11083 
9 16 8 223 11083 
9 16 23 224 11083 
9 16 38 223 11083 
9 16 53 223 11083 
9 17 8 224 11083 
9 17 23 223 11083 
9 17 38 224 11083 
9 17 53 223 11083 
9 18 8 224 11083 
9 18 23 223 11083 
9 18 38 224 11083 
9 18 53 223 11083 
9 19 8 224 11083 
9 19 23 223 11083 
9 19 38 224 11083 
9 19 53 223 11083 
9 20 8 224 11083 
9 20 23 223 11083 
9 20 38 224 11083 
9 20 53 224 11083 
9 21 8 223 11083 
9 21 23 223 11083 
9 21 38 224 11083 
9 21 53 223 11083 
9 22 8 224 11083 
9 22 51 224 11083 
9 23 6 223 11083 
9 23 21 224 11083 
9 23 36 223 11083 
9 23 51 224 11083 
9 24 6 223 11083 
9 24 21 224 11083 
9 24 36 223 11083 
9 24 51 223 11083 
9 25 6 224 11083 
9 25 21 223 11083 
9 25 36 224 11083 
9 25 51 223 11083 
9 26 6 224 11083 
9 26 21 223 11083 
9 26 36 224 11083 
9 26 51 223 11083 
9 27 6 224 11083 
9 27 21 223 11083 
9 27 36 224 11083 
9 27 51 223 11083 
9 28 6 224 11083 
9 28 21 223 11083 
9 28 36 224 11083 
9 28 51 223 11083 
9 29 6 224 11083 
9 29 21 223 11083 
9 29 36 224 11083 
9 29 51 223 11083 
9 30 6 223 11083 
9 30 21 224 11083 
9 30 36 223 11083 
9 30 51 223 11083 
9 31 6 224 11083 
9 31 21 223 11083 
9 31 36 224 11083 
9 31 51 223 11083 
9 32 6 224 11083 
9 32 21 223 11083 
9 32 36 224 11083 
9 32 51 223 11083 
9 33 6 224 11083 
9 33 21 223 11083 
9 33 36 224 11083 
9 33 51 223 11083 
9 34 6 224 11083 
9 34 21 223 11083 
9 34 36 223 11083 
9 34 51 223 11083 
9 35 6 224 11083 
9 35 21 223 11083 
9 35 36 224 11083 
9 35 51 223 11083 
9 36 6 224 11083 
9 36 21 223 11083 
9 36 36 223 11083 
9 36 51 223 11083 
9 37 6 223 11083 
9 37 21 224 11083 
9 38 4 224 11083 
9 38 19 223 11083 
9 38 34 223 11083 
9 38 49 223 11083 
9 39 4 223 11083 
9 39 19 224 11083 
9 39 34 223 11083 
9 39 49 223 11083 
9 40 4 223 11083 
9 40 19 224 11083 
9 40 34 223 11083 
9 40 49 223 11083 
9 41 4 223 11083 
9 41 19 224 11083 
9 41 34 223 11083 
9 41 49 224 11083 
9 42 4 223 11083 
9 42 19 224 11083 
9 42 34 223 11083 
9 42 49 224 11083 
9 43 4 223 11083 
9 43 19 224 11083 
9 43 34 223 11083 
9 43 49 224 11083 
9 44 4 223 11083 
9 44 19 224 11083 
9 44 34 223 11083 
9 44 49 224 11083 
9 45 4 223 11083 
9 45 19 224 11083 
9 45 34 223 11083 
9 45 50 224 11083 
9 46 4 223 11083 
9 46 20 224 11083 
9 46 34 223 11083 
9 46 49 223 11083 
9 47 5 223 11083 
9 47 20 224 11083 
9 47 35 223 11083 
9 47 50 223 11083 
9 48 5 224 11083 
9 48 20 223 11083 
9 48 35 223 11083 
9 48 50 223 11083 
9 49 5 223 11083 
9 49 20 224 11083 
9 49 35 223 11083 
9 49 50 223 11083 
9 50 5 223 11083 
9 50 20 224 11083 
9 50 35 223 11083 
9 50 50 223 11083 
9 51 5 223 11083 
9 51 20 224 11083 
9 51 35 223 11083 
9 51 50 224 11083 
9 52 5 223 11083 
9 52 20 224 11083 
9 52 35 223 11083 
9 53 18 224 11083 
9 53 33 223 11083 
9 53 48 224 11083 
9 54 3 223 11083 
9 54 18 224 11083 
9 54 33 223 11083 
9 54 48 224 11083 
9 55 3 223 11083 
9 55 18 224 11083 
9 55 33 223 11083 
9 55 48 224 11083 
9 56 3 223 11083 
9 56 18 224 11083 
9 56 33 223 11083 
9 56 48 223 11083 
9 57 3 223 11083 
9 57 18 224 11083 
9 57 33 223 11083 
9 57 48 224 11083 
9 58 3 223 11083 
9 58 18 224 11083 
9 58 33 223 11083 
9 58 48 223 11083 
9 59 3 223 11083 
9 59 18 224 11083 
9 59 33 223 11083 
9 59 48 223 11083 
10 0 3 223 11083 
10 0 18 224 11083 
10 0 33 223 11083 
10 0 48 223 11083 
10 1 3 223 11083 
10 1 18 224 11083 
10 1 33 223 11083 
10 1 48 224 11083 
10 2 3 223 11083 
10 2 18 224 11083 
10 2 33 223 11083 
10 2 48 224 11083 
10 3 3 223 11083 
10 3 18 224 11083 
10 3 33 223 11083 
10 3 48 224 11083 
10 4 3 223 11083 
10 4 18 224 11083 
10 4 33 223 11083 
10 4 48 224 11083 
10 5 3 223 11083 
10 5 18 223 11083 
10 5 33 224 11083 
10 5 48 223 11083 
10 6 3 224 11083 
10 6 18 223 11083 
10 6 33 224 11083 
10 6 48 223 11083 
10 7 3 223 11083 
10 7 18 224 11083 
10 7 33 223 11083 
10 7 48 224 11083 
10 8 31 224 11083 
10 8 46 223 11083 
10 9 1 223 11083 
10 9 16 224 11083 
10 9 31 223 11083 
10 9 46 224 11083 
10 10 1 223 11083 
10 10 16 224 11083 
10 10 31 223 11083 
10 10 46 223 11083 
10 11 1 223 11083 
10 11 16 224 11083 
10 11 31 223 11083 
10 11 46 224 11083 
10 12 1 223 11083 
10 12 16 224 11083 
10 12 31 223 11083 
10 12 46 224 11083 
10 13 1 223 11083 
10 13 16 224 11083 
10 13 31 223 11083 
10 13 46 224 11083 
10 14 1 223 11083 
10 14 16 223 11083 
10 14 31 223 11083 
10 14 46 224 11083 
10 15 1 223 11083 
10 15 16 224 11083 
10 15 31 223 11083 
10 15 46 224 11083 
10 16 1 223 11083 
10 16 16 224 11083 
10 16 31 223 11083 
10 16 46 223 11083 
10 17 1 223 11083 
10 17 16 224 11083 
10 17 31 223 11083 
10 17 46 224 11083 
10 18 1 223 11083 
10 18 16 224 11083 
10 18 31 223 11083 
10 18 46 223 11083 
10 19 1 223 11083 
10 19 16 224 11083 
10 19 31 223 11083 
10 19 46 223 11083 
10 20 1 223 11083 
10 20 16 224 11083 
10 20 31 223 11083 
10 20 46 223 11083 
10 21 1 223 11083 
10 21 16 224 11083 
10 21 31 223 11083 
10 21 46 224 11083 
10 22 1 223 11083 
10 22 16 224 11083 
10 22 31 223 11083 
10 22 46 223 11083 
10 23 1 223 11083 
10 23 44 224 11083 
10 23 59 223 11083 
10 24 14 223 11083 
10 24 29 223 11083 
10 24 44 223 11083 
10 24 59 223 11083 
10 25 14 223 11083 
10 25 29 223 11083 
10 25 44 223 11083 
10 25 59 223 11083 
10 26 14 223 11083 
10 26 29 223 11083 
10 26 44 223 11083 
10 26 59 223 11083 
10 27 14 223 11083 
10 27 29 223 11083 
10 27 44 223 11083 
10 27 59 223 11083 
10 28 14 223 11083 
10 28 29 223 11083 
10 28 44 223 11083 
10 28 59 223 11083 
10 29 14 223 11083 
10 29 29 223 11083 
10 29 44 223 11083 
10 29 59 223 11083 
10 30 14 223 11083 
10 30 29 223 11083 
10 30 44 223 11083 
10 30 59 223 11083 
10 31 14 223 11083 
10 31 29 224 11083 
10 31 44 223 11083 
10 31 59 223 11083 
10 32 14 223 11083 
10 32 29 223 11083 
10 32 44 223 11083 
10 32 59 223 11083 
10 33 14 223 11083 
10 33 29 223 11083 
10 33 44 223 11083 
10 33 59 223 11083 
10 34 14 223 11083 
10 34 29 223 11083 
10 34 44 223 11083 
10 34 59 223 11083 
10 35 14 223 11083 
10 35 29 223 11083 
10 35 44 224 11083 
10 35 59 223 11083 
10 36 14 223 11083 
10 36 29 223 11083 
10 36 44 223 11083 
10 36 59 223 11083 
10 37 14 223 11083 
10 37 29 223 11083 
10 37 44 223 11083 
10 37 59 223 11083 
10 38 14 223 11083 
10 38 57 224 11083 
10 39 12 222 11083 
10 39 27 223 11083 
10 39 42 223 11083 
10 39 57 223 11083 
10 40 12 223 11083 
10 40 27 223 11083 
10 40 42 223 11083 
10 40 57 223 11083 
10 41 12 223 11083 
10 41 27 224 11083 
10 41 42 223 11083 
10 41 57 223 11083 
10 42 12 223 11083 
10 42 27 223 11083 
10 42 42 223 11083 
10 42 57 223 11083 
10 43 12 223 11083 
10 43 27 223 11083 
10 43 42 223 11083 
10 43 57 223 11083 
10 44 12 223 11083 
10 44 27 223 11083 
10 44 42 223 11083 
10 44 57 223 11083 
10 45 12 223 11083 
10 45 27 223 11083 
10 45 42 223 11083 
10 45 57 223 11083 
10 46 12 223 11083 
10 46 27 223 11083 
10 46 42 223 11083 
10 46 57 223 11083 
10 47 12 223 11083 
10 47 27 224 11083 
10 47 42 223 11083 
10 47 57 223 11083 
10 48 12 223 11083 
10 48 27 223 11083 
10 48 42 223 11083 
10 48 57 223 11083 
10 49 12 223 11083 
10 49 27 223 11083 
10 49 42 223 11083 
10 49 57 223 11083 
10 50 12 223 11083 
10 50 27 223 11083 
10 50 42 223 11083 
10 50 57 223 11083 
10 51 12 223 11083 
10 51 27 224 11083 
10 51 42 223 11083 
10 51 57 223 11083 
10 52 12 224 11083 
10 52 27 223 11083 
10 52 42 223 11083 
10 52 57 223 11083 
10 53 12 223 11083 
10 53 27 223 11083 
10 54 10 224 11083 
10 54 25 223 11083 
10 54 40 223 11083 
10 54 55 223 11083 
10 55 10 223 11083 
10 55 25 223 11083 
10 55 40 223 11083 
10 55 55 223 11083 
10 56 10 223 11083 
10 56 25 223 11083 
10 56 40 223 11083 
10 56 55 223 11083 
10 57 10 223 11083 
10 57 25 223 11083 
10 57 40 223 11083 
10 57 55 223 11083 
10 58 10 223 11083 
10 58 25 223 11083 
10 58 40 223 11083 
10 58 55 223 11083 
10 59 10 223 11083 
10 59 25 223 11083 
10 59 40 223 11083 
10 59 55 223 11083 
11 0 10 223 11083 
11 0 25 224 11083 
11 0 40 223 11083 
11 0 55 224 11083 
11 1 10 223 11083 
11 1 25 224 11083 
11 1 40 223 11083 
11 1 55 224 11083 
11 2 10 223 11083 
11 2 25 224 11083 
11 2 40 223 11083 
11 2 55 224 11083 
11 3 10 223 11083 
11 3 25 224 11083 
11 3 40 223 11083 
11 3 55 224 11083 
11 4 10 223 11083 
11 4 25 224 11083 
11 4 40 223 11083 
11 4 55 224 11083 
11 5 10 223 11083 
11 5 25 224 11083 
11 5 40 223 11083 
11 5 55 224 11083 
11 6 10 223 11083 
11 6 25 224 11083 
11 6 40 223 11083 
11 6 55 224 11083 
11 7 10 223 11083 
11 7 25 224 11083 
11 7 40 223 11083 
11 7 55 224 11083 
11 8 10 223 11083 
11 8 25 224 11083 
11 8 40 223 11083 
11 9 23 224 11083 
11 9 38 223 11083 
11 9 53 223 11083 
11 10 8 224 11083 
11 10 23 223 11083 
11 10 38 224 11083 
11 10 53 223 11083 
11 11 8 223 11083 
11 11 23 224 11083 
11 11 38 223 11083 
11 11 53 223 11083 
11 12 8 224 11083 
11 12 23 223 11083 
11 12 38 224 11083 
11 12 53 223 11083 
11 13 8 224 11083 
11 13 23 223 11083 
11 13 38 224 11083 
11 13 53 223 11083 
11 14 8 224 11083 
11 14 23 223 11083 
11 14 38 224 11083 
11 14 53 223 11083 
11 15 8 224 11083 
11 15 23 223 11083 
11 15 38 224 11083 
11 15 53 223 11083 
11 16 8 224 11083 
11 16 23 223 11083 
11 16 38 224 11083 
11 16 53 223 11083 
11 17 8 223 11083 
11 17 23 224 11083 
11 17 38 223 11083 
11 17 53 223 11083 
11 18 8 224 11083 
11 18 23 223 11083 
11 18 38 223 11083 
11 18 53 223 11083 
11 19 8 223 11083 
11 19 23 224 11083 
11 19 38 223 11083 
11 19 53 223 11083 
11 20 8 224 11083 
11 20 23 223 11083 
11 20 38 223 11083 
11 20 53 223 11083 
11 21 8 223 11083 
11 21 23 224 11083 
11 21 38 223 11083 
11 21 53 223 11083 
11 22 8 224 11083 
11 22 23 223 11083 
11 22 38 223 11083 
11 22 53 223 11083 
11 23 8 224 11083 
11 23 23 223 11083 
11 23 38 224 11083 
11 23 53 223 11083 
11 24 37 224 11083 
11 24 52 223 11083 
11 25 7 224 11083 
11 25 22 223 11083 
11 25 37 223 11083 
11 25 52 223 11083 
11 26 7 224 11083 
11 26 22 223 11083 
11 26 37 224 11083 
11 26 52 223 11083 
11 27 7 223 11083 
11 27 22 224 11083 
11 27 37 223 11083 
11 27 52 224 11083 
11 28 7 223 11083 
11 28 22 224 11083 
11 28 37 223 11083 
11 28 52 223 11083 
11 29 7 223 11083 
11 29 22 224 11083 
11 29 37 223 11083 
11 29 52 224 11083 
11 30 7 223 11083 
11 30 22 224 11083 
11 30 37 223 11083 
11 30 52 223 11083 
11 31 7 223 11083 
11 31 22 224 11083 
11 31 37 223 11083 
11 31 52 224 11083 
11 32 7 223 11083 
11 32 22 224 11083 
11 32 37 223 11083 
11 32 52 224 11083 
11 33 7 223 11083 
11 33 22 224 11083 
11 33 37 223 11083 
11 33 52 224 11083 
11 34 7 223 11083 
11 34 22 224 11083 
11 34 37 223 11083 
11 34 52 224 11083 
11 35 7 223 11083 
11 35 22 224 11083 
11 35 37 223 11083 
11 35 52 224 11083 
11 36 7 223 11083 
11 36 22 224 11083 
11 36 37 223 11083 
11 36 52 223 11083 
11 37 7 223 11083 
11 37 22 224 11083 
11 37 37 223 11083 
11 37 52 224 11083 
11 38 7 223 11083 
11 38 22 224 11083 
11 38 37 223 11083 
11 38 52 223 11083 
11 39 7 223 11083 
11 39 51 224 11083 
11 40 6 223 11083 
11 40 21 223 11083 
11 40 36 224 11083 
11 40 51 223 11083 
11 41 6 224 11083 
11 41 21 223 11083 
11 41 36 224 11083 
11 41 51 223 11083 
11 42 6 224 11083 
11 42 21 223 11083 
11 42 36 224 11083 
11 42 51 223 11083 
11 43 6 224 11083 
11 43 21 223 11083 
11 43 36 224 11083 
11 43 51 223 11083 
11 44 6 224 11083 
11 44 21 223 11083 
11 44 37 224 11083 
11 44 51 223 11083 
11 45 7 224 11083 
11 45 21 223 11083 
11 45 37 224 11083 
11 45 51 223 11083 
11 46 7 224 11083 
11 46 22 223 11083 
11 46 37 224 11083 
11 46 52 223 11083 
11 47 7 223 11083 
11 47 22 224 11083 
11 47 37 223 11083 
11 47 52 224 11083 
11 48 7 223 11083 
11 48 22 224 11083 
11 48 37 223 11083 
11 48 52 223 11083 
11 49 7 223 11083 
11 49 22 223 11083 
11 49 37 223 11083 
11 49 52 223 11083 
11 50 7 223 11083 
11 50 22 224 11083 
11 50 37 223 11083 
11 50 52 223 11083 
11 51 7 223 11083 
11 51 22 224 11083 
11 51 37 223 11083 
11 51 52 224 11083 
11 52 7 223 11083 
11 52 22 224 11083 
11 52 37 223 11083 
11 52 52 224 11083 
11 53 7 223 11083 
11 53 22 224 11083 
11 53 37 223 11083 
11 53 52 224 11083 
11 54 7 223 11083 
11 54 22 224 11083 
11 55 6 224 11083 
11 55 21 223 11083 
11 55 36 224 11083 
11 55 51 223 11083 
11 56 6 223 11083 
11 56 21 223 11083 
11 56 36 224 11083 
11 56 51 223 11083 
11 57 6 223 11083 
11 57 21 224 11083 
11 57 36 223 11083 
11 57 51 223 11083 
11 58 6 223 11083 
11 58 21 224 11083 
11 58 36 223 11083 
11 58 51 223 11083 
11 59 6 223 11083 
11 59 21 224 11083 
11 59 36 223 11083 
11 59 51 223 11083 
12 0 6 223 11083 
12 0 21 224 11083 
12 0 36 223 11083 
12 0 51 224 11083 
12 1 6 223 11083 
12 1 21 224 11083 
12 1 36 223 11083 
12 1 51 224 11083 
12 2 6 223 11083 
12 2 21 223 11083 
12 2 36 223 11083 
12 2 51 224 11083 
12 3 6 223 11083 
12 3 21 224 11083 
12 3 36 223 11083 
12 3 51 224 11083 
12 4 6 223 11083 
12 4 21 224 11083 
12 4 36 223 11083 
12 4 51 224 11083 
12 5 6 223 11083 
12 5 21 224 11083 
12 5 36 223 11083 
12 5 51 224 11083 
12 6 6 223 11083 
12 6 21 224 11083 
12 6 36 223 11083 
12 6 51 224 11083 
12 7 6 223 11083 
12 7 21 224 11083 
12 7 36 223 11083 
12 7 51 224 11083 
12 8 6 223 11083 
12 8 21 224 11083 
12 8 36 223 11083 
12 8 51 224 11083 
12 9 6 223 11083 
12 9 21 224 11083 
12 9 36 223 11083 
12 10 20 224 11083 
12 10 35 223 11083 
12 10 50 223 11083 
12 11 5 223 11083 
12 11 20 224 11083 
12 11 35 223 11083 
12 11 50 224 11083 
12 12 5 223 11083 
12 12 20 224 11083 
12 12 35 223 11083 
12 12 50 224 11083 
12 13 5 223 11083 
12 13 20 224 11083 
12 13 35 223 11083 
12 13 50 223 11083 
12 14 5 223 11083 
12 14 20 224 11083 
12 14 35 223 11083 
12 14 50 224 11083 
12 15 5 223 11083 
12 15 20 224 11083 
12 15 35 223 11083 
12 15 50 223 11083 
12 16 5 223 11083 
12 16 20 224 11083 
12 16 35 223 11083 
12 16 50 223 11083 
12 17 5 223 11083 
12 17 20 224 11083 
12 17 35 223 11083 
12 17 50 224 11083 
12 18 5 223 11083 
12 18 20 224 11083 
12 18 35 223 11083 
12 18 50 223 11083 
12 19 5 223 11083 
12 19 20 224 11083 
12 19 35 223 11083 
12 19 50 223 11083 
12 20 5 223 11083 
12 20 20 224 11083 
12 20 35 223 11083 
12 20 50 223 11083 
12 21 5 223 11083 
12 21 20 224 11083 
12 21 35 223 11083 
12 21 50 224 11083 
12 22 5 223 11083 
12 22 20 224 11083 
12 22 35 223 11083 
12 22 50 223 11083 
12 23 5 223 11083 
12 23 20 224 11083 
12 23 35 223 11083 
12 23 50 223 11083 
12 24 5 223 11083 
12 24 20 224 11083 
12 24 35 223 11083 
12 24 50 223 11083 
12 25 34 224 11083 
12 25 49 223 11083 
12 26 4 223 11083 
12 26 19 224 11083 
12 26 34 222 11083 
12 26 49 223 11083 
12 27 4 223 11083 
12 27 19 224 11083 
12 27 34 223 11083 
12 27 49 224 11083 
12 28 4 223 11083 
12 28 19 224 11083 
12 28 34 223 11083 
12 28 49 223 11083 
12 29 4 223 11083 
12 29 19 224 11083 
12 29 34 223 11083 
12 29 49 223 11083 
12 30 4 223 11083 
12 30 19 224 11083 
12 30 34 223 11083 
12 30 49 223 11083 
12 31 4 223 11083 
12 31 19 224 11083 
12 31 34 223 11083 
12 31 49 223 11083 
12 32 4 223 11083 
12 32 19 224 11083 
12 32 34 223 11083 
12 32 49 223 11083 
12 33 4 223 11083 
12 33 19 224 11083 
12 33 34 223 11083 
12 33 49 223 11083 
12 34 4 223 11083 
12 34 19 224 11083 
12 34 34 223 11083 
12 34 49 223 11083 
12 35 4 223 11083 
12 35 19 224 11083 
12 35 34 223 11083 
12 35 49 223 11083 
12 36 4 223 11083 
12 36 19 224 11083 
12 36 34 223 11083 
12 36 49 223 11083 
12 37 4 223 11083 
12 37 19 224 11083 
12 37 34 223 11083 
12 37 49 223 11083 
12 38 4 223 11083 
12 38 19 224 11083 
12 38 34 223 11083 
12 38 49 223 11083 
12 39 4 223 11083 
12 39 19 224 11083 
12 39 34 223 11083 
12 39 49 223 11083 
12 40 4 223 11083 
12 40 48 224 11083 
12 41 3 223 11083 
12 41 18 223 11083 
12 41 33 224 11083 
12 41 48 223 11083 
12 42 3 223 11083 
12 42 18 223 11083 
12 42 33 224 11083 
12 42 48 223 11083 
12 43 3 223 11083 
12 43 18 224 11083 
12 43 33 223 11083 
12 43 48 223 11083 
12 44 3 223 11083 
12 44 18 224 11083 
12 44 33 223 11083 
12 44 48 223 11083 
12 45 3 223 11083 
12 45 18 224 11083 
12 45 33 223 11083 
12 45 48 223 11083 
12 46 3 223 11083 
12 46 18 224 11083 
12 46 33 223 11083 
12 46 48 223 11083 
12 47 3 223 11083 
12 47 18 224 11083 
12 47 33 223 11083 
12 47 48 223 11083 
12 48 3 224 11083 
12 48 18 223 11083 
12 48 33 223 11083 
12 48 48 223 11083 
12 49 3 223 11083 
12 49 18 224 11083 
12 49 33 223 11083 
12 49 48 223 11083 
12 50 3 223 11083 
12 50 18 224 11083 
12 50 33 223 11083 
12 50 48 223 11083 
12 51 3 223 11083 
12 51 18 224 11083 
12 51 33 223 11083 
12 51 48 224 11083 
12 52 3 223 11083 
12 52 18 224 11083 
12 52 33 223 11083 
12 52 48 223 11083 
12 53 3 223 11083 
12 53 18 224 11083 
12 53 33 223 11083 
12 53 48 223 11083 
12 54 3 223 11083 
12 54 18 224 11083 
12 54 33 223 11083 
12 54 48 223 11083 
12 55 3 223 11083 
12 55 18 224 11083 
12 56 2 224 11083 
12 56 17 223 11083 
12 56 32 224 11083 
12 56 47 223 11083 
12 57 2 223 11083 
12 57 17 223 11083 
12 57 32 224 11083 
12 57 47 223 11083 
12 58 2 224 11083 
12 58 17 223 11083 
12 58 32 223 11083 
12 58 47 223 11083 
12 59 2 223 11083 
12 59 17 224 11083 
12 59 32 223 11083 
12 59 47 223 11083 
13 0 2 223 11083 
13 0 17 224 11083 
13 0 32 224 11083 
13 0 47 223 11083 
13 1 2 224 11083 
13 1 17 223 11083 
13 1 32 224 11083 
13 1 47 223 11083 
13 2 2 224 11083 
13 2 17 223 11083 
13 2 32 224 11083 
13 2 47 223 11083 
13 3 2 224 11083 
13 3 17 223 11083 
13 3 32 224 11083 
13 3 47 223 11083 
13 4 2 224 11083 
13 4 17 223 11083 
13 4 32 224 11083 
13 4 47 223 11083 
13 5 2 224 11083 
13 5 17 223 11083 
13 5 32 224 11083 
13 5 47 223 11083 
13 6 2 224 11083 
13 6 17 223 11083 
13 6 32 224 11083 
13 6 47 223 11083 
13 7 2 224 11083 
13 7 17 223 11083 
13 7 32 224 11083 
13 7 47 223 11083 
13 8 2 224 11083 
13 8 17 223 11083 
13 8 32 224 11083 
13 8 47 223 11083 
13 9 2 224 11083 
13 9 17 223 11083 
13 9 32 224 11083 
13 9 47 223 11083 
13 10 2 224 11083 
13 10 17 223 11083 
13 10 32 224 11083 
13 11 16 224 11083 
13 11 31 223 11083 
13 11 46 223 11083 
13 12 1 224 11083 
13 12 16 223 11083 
13 12 31 224 11083 
13 12 46 223 11083 
13 13 1 223 11083 
13 13 16 224 11083 
13 13 31 223 11083 
13 13 46 224 11083 
13 14 1 223 11083 
13 14 16 224 11083 
13 14 31 223 11083 
13 14 46 224 11083 
13 15 1 223 11083 
13 15 16 224 11083 
13 15 31 223 11083 
13 15 46 224 11083 
13 16 1 223 11083 
13 16 16 224 11083 
13 16 31 223 11083 
13 16 46 224 11083 
13 17 1 223 11083 
13 17 16 224 11083 
13 17 31 223 11083 
13 17 46 224 11083 
13 18 1 223 11083 
13 18 16 224 11083 
13 18 31 223 11083 
13 18 46 223 11083 
13 19 1 223 11083 
13 19 16 224 11083 
13 19 31 223 11083 
13 19 46 224 11083 
13 20 1 223 11083 
13 20 16 224 11083 
13 20 31 223 11083 
13 20 46 223 11083 
13 21 1 224 11083 
13 21 16 223 11083 
13 21 31 224 11083 
13 21 46 223 11083 
13 22 1 223 11083 
13 22 16 224 11083 
13 22 31 223 11083 
13 22 46 224 11083 
13 23 1 223 11083 
13 23 16 224 11083 
13 23 31 223 11083 
13 23 46 224 11083 
13 24 1 223 11083 
13 24 16 223 11083 
13 24 31 223 11083 
13 24 46 224 11083 
13 25 1 223 11083 
13 25 16 224 11083 
13 25 31 223 11083 
13 25 46 224 11083 
13 26 30 224 11083 
13 26 45 223 11083 
13 27 0 223 11083 
13 27 15 224 11083 
13 27 30 223 11083 
13 27 45 223 11083 
13 28 0 223 11083 
13 28 16 224 11083 
13 28 30 223 11083 
13 28 45 223 11083 
13 29 0 223 11083 
13 29 16 224 11083 
13 29 30 223 11083 
13 29 45 223 11083 
13 30 0 223 11083 
13 30 16 224 11083 
13 30 30 223 11083 
13 30 45 223 11083 
13 31 0 223 11083 
13 31 16 224 11083 
13 31 30 223 11083 
13 31 45 223 11083 
13 32 0 223 11083 
13 32 16 224 11083 
13 32 30 223 11083 
13 32 45 223 11083 
13 33 0 223 11083 
13 33 16 224 11083 
13 33 31 223 11083 
13 33 46 223 11083 
13 34 1 223 11083 
13 34 16 224 11083 
13 34 31 223 11083 
13 34 46 223 11083 
13 35 1 223 11083 
13 35 16 224 11083 
13 35 31 223 11083 
13 35 46 223 11083 
13 36 1 223 11083 
13 36 16 224 11083 
13 36 31 223 11083 
13 36 46 223 11083 
13 37 1 223 11083 
13 37 16 224 11083 
13 37 31 223 11083 
13 37 46 223 11083 
13 38 1 223 11083 
13 38 16 224 11083 
13 38 31 223 11083 
13 38 46 223 11083 
13 39 1 223 11083 
13 39 16 224 11083 
13 39 31 223 11083 
13 39 46 223 11083 
13 40 1 223 11083 
13 40 16 224 11083 
13 40 31 223 11083 
13 40 46 223 11083 
13 41 1 223 11083 
13 41 45 224 11083 
13 42 0 223 11083 
13 42 15 223 11083 
13 42 30 224 11083 
13 42 45 223 11083 
13 43 0 223 11083 
13 43 15 224 11083 
13 43 30 223 11083 
13 43 45 223 11083 
13 44 0 223 11083 
13 44 15 224 11083 
13 44 30 223 11083 
13 44 45 223 11083 
13 45 0 223 11083 
13 45 15 224 11083 
13 45 30 223 11083 
13 45 45 223 11083 
13 46 0 223 11083 
13 46 15 224 11083 
13 46 30 223 11083 
13 46 45 223 11083 
13 47 0 223 11083 
13 47 15 224 11083 
13 47 30 223 11083 
13 47 45 223 11083 
13 48 0 223 11083 
13 48 15 224 11083 
13 48 30 223 11083 
13 48 45 223 11083 
13 49 0 223 11083 
13 49 15 224 11083 
13 49 30 223 11083 
13 49 45 223 11083 
13 50 0 223 11083 
13 50 15 224 11083 
13 50 30 223 11083 
13 50 45 223 11083 
13 51 0 223 11083 
13 51 15 224 11083 
13 51 30 223 11083 
13 51 45 223 11083 
13 52 0 223 11083 
13 52 15 224 11083 
13 52 30 223 11083 
13 52 45 223 11083 
13 53 0 223 11083 
13 53 15 224 11083 
13 53 30 223 11083 
13 53 45 223 11083 
13 54 0 224 11083 
13 54 15 223 11083 
13 54 30 223 11083 
13 54 45 223 11083 
13 55 0 223 11083 
13 55 15 224 11083 
13 55 30 223 11083 
13 55 45 223 11083 
13 56 0 223 11083 
13 56 15 224 11083 
13 56 59 224 11083 
13 57 14 223 11083 
13 57 29 224 11083 
13 57 44 223 11083 
13 57 59 223 11083 
13 58 14 223 11083 
13 58 29 223 11083 
13 58 44 223 11083 
13 58 59 223 11083 
13 59 14 223 11083 
13 59 29 223 11083 
13 59 44 223 11083 
13 59 59 223 11083 
14 0 14 223 11083 
14 0 29 224 11083 
14 0 44 223 11083 
14 0 59 224 11083 
14 1 14 223 11083 
14 1 29 224 11083 
14 1 44 223 11083 
14 1 59 224 11083 
14 2 14 223 11083 
14 2 29 224 11083 
14 2 44 223 11083 
14 2 59 224 11083 
14 3 14 223 11083 
14 3 29 224 11083 
14 3 44 223 11083 
14 3 59 223 11083 
14 4 14 223 11083 
14 4 29 224 11083 
14 4 44 223 11083 
14 4 59 224 11083 
14 5 14 223 11083 
14 5 29 224 11083 
14 5 44 223 11083 
14 5 59 224 11083 
14 6 14 223 11083 
14 6 29 224 11083 
14 6 44 223 11083 
14 6 59 224 11083 
14 7 14 223 11083 
14 7 29 224 11083 
14 7 44 223 11083 
14 7 59 224 11083 
14 8 14 223 11083 
14 8 29 224 11083 
14 8 44 223 11083 
14 8 59 224 11083 
14 9 14 223 11083 
14 9 29 224 11083 
14 9 44 223 11083 
14 9 59 224 11083 
14 10 14 223 11083 
14 10 29 224 11083 
14 10 44 223 11083 
14 10 59 223 11083 
14 11 14 223 11083 
14 11 29 224 11083 
14 12 13 224 11083 
14 12 28 223 11083 
14 12 43 223 11083 
14 12 58 224 11083 
14 13 13 223 11083 
14 13 28 224 11083 
14 13 43 223 11083 
14 13 58 223 11083 
14 14 13 223 11083 
14 14 28 224 11083 
14 14 43 223 11083 
14 14 58 223 11083 
14 15 13 223 11083 
14 15 28 223 11083 
14 15 43 223 11083 
14 15 58 223 11083 
14 16 13 223 11083 
14 16 28 224 11083 
14 16 43 223 11083 
14 16 58 223 11083 
14 17 13 223 11083 
14 17 28 223 11083 
14 17 43 223 11083 
14 17 58 224 11083 
14 18 13 223 11083 
14 18 28 223 11083 
14 18 43 223 11083 
14 18 58 223 11083 
14 19 13 223 11083 
14 19 28 224 11083 
14 19 43 223 11083 
14 19 58 223 11083 
14 20 13 223 11083 
14 20 28 223 11083 
14 20 43 223 11083 
14 20 58 223 11083 
14 21 13 223 11083 
14 21 28 224 11083 
14 21 43 223 11083 
14 21 58 224 11083 
14 22 13 223 11083 
14 22 28 224 11083 
14 22 43 223 11083 
14 22 58 223 11083 
14 23 13 223 11083 
14 23 28 224 11083 
14 23 43 223 11083 
14 23 58 223 11083 
14 24 13 223 11083 
14 24 28 224 11083 
14 24 43 223 11083 
14 24 58 223 11083 
14 25 13 223 11083 
14 25 28 224 11083 
14 25 43 223 11083 
14 25 58 223 11083 
14 26 13 223 11083 
14 26 28 223 11083 
14 26 43 224 11083 
14 27 27 224 11083 
14 27 42 223 11083 
14 27 57 224 11083 
14 28 12 223 11083 
14 28 27 223 11083 
14 28 42 223 11083 
14 28 57 223 11083 
14 29 12 223 11083 
14 29 27 223 11083 
14 29 42 223 11083 
14 29 57 223 11083 
14 30 12 223 11083 
14 30 27 223 11083 
14 30 42 223 11083 
14 30 57 223 11083 
14 31 12 223 11083 
14 31 27 224 11083 
14 31 42 223 11083 
14 31 57 224 11083 
14 32 12 223 11083 
14 32 27 224 11083 
14 32 42 223 11083 
14 32 57 223 11083 
14 33 12 223 11083 
14 33 27 223 11083 
14 33 42 223 11083 
14 33 57 223 11083 
14 34 12 223 11083 
14 34 27 223 11083 
14 34 42 223 11083 
14 34 57 223 11083 
14 35 12 223 11083 
14 35 27 224 11083 
14 35 42 223 11083 
14 35 57 223 11083 
14 36 12 223 11083 
14 36 27 223 11083 
14 36 42 223 11083 
14 36 57 223 11083 
14 37 12 223 11083 
14 37 27 224 11083 
14 37 42 223 11083 
14 37 57 223 11083 
14 38 12 224 11083 
14 38 27 223 11083 
14 38 42 223 11083 
14 38 57 223 11083 
14 39 12 223 11083 
14 39 27 223 11083 
14 39 42 223 11083 
14 39 57 223 11083 
14 40 12 223 11083 
14 40 27 223 11083 
14 40 42 223 11083 
14 40 57 223 11083 
14 41 12 223 11083 
14 41 27 224 11083 
14 41 42 223 11083 
14 41 57 224 11083 
14 42 41 224 11083 
14 42 56 223 11083 
14 43 11 223 11083 
14 43 26 224 11083 
14 43 41 223 11083 
14 43 56 223 11083 
14 44 11 223 11083 
14 44 26 224 11083 
14 44 41 223 11083 
14 44 56 223 11083 
14 45 11 223 11083 
14 45 26 224 11083 
14 45 41 223 11083 
14 45 56 223 11083 
14 46 11 223 11083 
14 46 26 223 11083 
14 46 41 223 11083 
14 46 56 223 11083 
14 47 11 223 11083 
14 47 26 224 11083 
14 47 41 223 11083 
14 47 56 224 11083 
14 48 11 223 11083 
14 48 26 223 11083 
14 48 41 223 11083 
14 48 56 223 11083 
14 49 11 223 11083 
14 49 26 223 11083 
14 49 41 223 11083 
14 49 56 223 11083 
14 50 11 223 11083 
14 50 26 223 11083 
14 50 41 223 11083 
14 50 56 223 11083 
14 51 11 223 11083 
14 51 26 224 11083 
14 51 41 223 11083 
14 51 56 224 11083 
14 52 11 223 11083 
14 52 26 223 11083 
14 52 41 223 11083 
14 52 56 223 11083 
14 53 11 223 11083 
14 53 26 224 11083 
14 53 41 223 11083 
14 53 56 223 11083 
14 54 11 223 11083 
14 54 26 224 11083 
14 54 41 223 11083 
14 54 56 223 11083 
14 55 11 223 11083 
14 55 26 224 11083 
14 55 41 223 11083 
14 55 56 223 11083 
14 56 11 223 11083 
14 56 26 223 11083 
14 56 41 223 11083 
14 56 56 223 11083 
14 57 11 223 11083 
14 57 55 224 11083 
14 58 10 223 11083 
14 58 25 223 11083 
14 58 40 223 11083 
14 58 55 223 11083 
14 59 10 223 11083 
14 59 25 223 11083 
14 59 40 223 11083 
14 59 55 223 11083 
15 0 10 223 11083 
15 0 25 224 11083 
15 0 40 223 11083 
15 0 55 223 11083 
15 1 10 224 11083 
15 1 25 223 11083 
15 1 40 224 11083 
15 1 55 223 11083 
15 2 10 224 11083 
15 2 25 223 11083 
15 2 40 224 11083 
15 2 55 223 11083 
15 3 10 224 11083 
15 3 25 223 11083 
15 3 40 224 11083 
15 3 55 223 11083 
15 4 10 224 11083 
15 4 25 223 11083 
15 4 40 224 11083 
15 4 55 223 11083 
15 5 10 224 11083 
15 5 25 223 11083 
15 5 40 224 11083 
15 5 55 223 11083 
15 6 10 224 11083 
15 6 25 223 11083 
15 6 40 224 11083 
15 6 55 223 11083 
15 7 10 224 11083 
15 7 25 223 11083 
15 7 40 224 11083 
15 7 55 223 11083 
15 8 10 224 11083 
15 8 25 223 11083 
15 8 40 224 11083 
15 8 55 223 11083 
15 9 10 224 11083 
15 9 25 223 11083 
15 9 40 224 11083 
15 9 55 223 11083 
15 10 10 224 11083 
15 10 25 223 11083 
15 10 40 223 11083 
15 10 55 223 11083 
15 11 10 223 11083 
15 11 25 224 11083 
15 11 40 223 11083 
15 11 55 224 11083 
15 12 10 223 11083 
15 12 25 224 11083 
15 13 9 224 11083 
15 13 24 223 11083 
15 13 39 223 11083 
15 13 54 223 11083 
15 14 9 223 11083 
15 14 24 224 11083 
15 14 39 223 11083 
15 14 54 223 11083 
15 15 9 223 11083 
15 15 24 224 11083 
15 15 39 223 11083 
15 15 54 223 11083 
15 16 9 223 11083 
15 16 24 224 11083 
15 16 39 223 11083 
15 16 54 224 11083 
15 17 9 223 11083 
15 17 24 224 11083 
15 17 39 223 11083 
15 17 54 223 11083 
15 18 9 223 11083 
15 18 24 224 11083 
15 18 39 223 11083 
15 18 54 223 11083 
15 19 9 223 11083 
15 19 24 224 11083 
15 19 39 223 11083 
15 19 54 223 11083 
15 20 9 223 11083 
15 20 24 224 11083 
15 20 39 223 11083 
15 20 54 223 11083 
15 21 9 223 11083 
15 21 24 224 11083 
15 21 39 223 11083 
15 21 54 223 11083 
15 22 9 224 11083 
15 22 24 223 11083 
15 22 39 223 11083 
15 22 54 223 11083 
15 23 9 223 11083 
15 23 25 224 11083 
15 23 39 223 11083 
15 23 55 223 11083 
15 24 10 223 11083 
15 24 25 224 11083 
15 24 40 223 11083 
15 24 55 223 11083 
15 25 10 223 11083 
15 25 25 223 11083 
15 25 40 223 11083 
15 25 55 223 11083 
15 26 10 223 11083 
15 26 25 223 11083 
15 26 40 223 11083 
15 26 55 223 11083 
15 27 10 223 11083 
15 27 25 224 11083 
15 27 40 223 11083 
15 28 24 224 11083 
15 28 39 223 11083 
15 28 54 223 11083 
15 29 9 223 11083 
15 29 24 223 11083 
15 29 39 223 11083 
15 29 54 223 11083 
15 30 9 223 11083 
15 30 24 224 11083 
15 30 39 223 11083 
15 30 54 223 11083 
15 31 9 223 11083 
15 31 24 224 11083 
15 31 39 223 11083 
15 31 54 223 11083 
15 32 9 224 11083 
15 32 24 223 11083 
15 32 39 223 11083 
15 32 54 223 11083 
15 33 9 223 11083 
15 33 24 224 11083 
15 33 39 223 11083 
15 33 54 223 11083 
15 34 9 223 11083 
15 34 24 224 11083 
15 34 39 223 11083 
15 34 54 223 11083 
15 35 9 223 11083 
15 35 24 224 11083 
15 35 39 223 11083 
15 35 54 223 11083 
15 36 9 223 11083 
15 36 24 224 11083 
15 36 39 223 11083 
15 36 54 223 11083 
15 37 9 223 11083 
15 37 24 224 11083 
15 37 39 223 11083 
15 37 54 223 11083 
15 38 9 223 11083 
15 38 24 224 11083 
15 38 39 223 11083 
15 38 54 223 11083 
15 39 9 223 11083 
15 39 24 223 11083 
15 39 39 223 11083 
15 39 54 223 11083 
15 40 9 223 11083 
15 40 24 224 11083 
15 40 39 223 11083 
15 40 54 223 11083 
15 41 9 223 11083 
15 41 24 224 11083 
15 41 39 223 11083 
15 41 54 223 11083 
15 42 9 223 11083 
15 42 24 224 11083 
15 42 39 223 11083 
15 42 54 223 11083 
15 43 38 224 11083 
15 43 53 223 11083 
15 44 8 223 11083 
15 44 23 224 11083 
15 44 38 223 11083 
15 44 53 223 11083 
15 45 8 223 11083 
15 45 23 224 11083 
15 45 38 223 7715 

/> 