15 6 20 224 11021 
15 6 35 223 11021 
15 6 50 224 11021 
15 7 33 224 11021 
15 7 48 223 11021 
15 8 3 224 11021 
15 8 18 223 11021 
15 8 33 224 11021 
15 8 48 223 11021 
15 9 3 224 11021 
15 9 18 223 11021 
15 9 33 224 11021 
15 9 48 223 11021 
15 10 3 224 11021 
15 10 18 223 11021 
15 10 33 223 11021 
15 10 48 224 11021 
15 11 3 223 11021 
15 11 18 224 11021 
15 11 33 223 11021 
15 11 48 224 11021 
15 12 3 223 11021 
15 12 18 224 11021 
15 12 33 223 11021 
15 12 48 224 11021 
15 13 3 223 11021 
15 13 18 224 11021 
15 13 33 223 11021 
15 13 48 224 11021 
15 14 3 223 11021 
15 14 18 224 11021 
15 14 33 223 11021 
15 14 48 224 11021 
15 15 3 223 11021 
15 15 18 224 11021 
15 15 33 223 11021 
15 15 48 224 11021 
15 16 3 223 11021 
15 16 18 224 11021 
15 16 33 223 11021 
15 16 48 223 11021 
15 17 3 224 11021 
15 17 18 223 11021 
15 17 33 224 11021 
15 17 48 223 11021 
15 18 3 224 11021 
15 18 18 223 11021 
15 18 33 224 11021 
15 18 48 223 11021 
15 19 3 224 11021 
15 19 18 223 11021 
15 19 33 224 11021 
15 19 48 223 11021 
15 20 3 224 11021 
15 20 18 223 11021 
15 20 33 224 11021 
15 20 48 223 11021 
15 21 3 224 11021 
15 21 18 223 11021 
15 21 33 224 11021 
15 21 48 223 11021 
15 22 3 224 11021 
15 22 46 224 11021 
15 23 1 224 11021 
15 23 16 223 11021 
15 23 31 224 11021 
15 23 46 222 11021 
15 24 1 224 11021 
15 24 16 223 11021 
15 24 31 224 11021 
15 24 46 223 11021 
15 25 1 224 11021 
15 25 16 223 11021 
15 25 31 224 11021 
15 25 46 223 11021 
15 26 1 224 11021 
15 26 16 223 11021 
15 26 31 224 11021 
15 26 46 223 11021 
15 27 1 224 11021 
15 27 16 223 11021 
15 27 31 224 11021 
15 27 46 223 11021 
15 28 1 224 11021 
15 28 16 223 11021 
15 28 31 224 11021 
15 28 46 223 11021 
15 29 1 224 11021 
15 29 16 223 11021 
15 29 31 224 11021 
15 29 46 223 11021 
15 30 1 224 11021 
15 30 16 224 11021 
15 30 31 223 11021 
15 30 46 224 11021 
15 31 1 223 11021 
15 31 16 224 11021 
15 31 31 223 11021 
15 31 46 224 11021 
15 32 1 223 11021 
15 32 16 224 11021 
15 32 31 223 11021 
15 32 46 224 11021 
15 33 1 223 11021 
15 33 16 224 11021 
15 33 31 223 11021 
15 33 46 224 11021 
15 34 1 223 11021 
15 34 16 224 11021 
15 34 31 223 11021 
15 34 46 224 11021 
15 35 1 223 11021 
15 35 16 224 11021 
15 35 31 223 11021 
15 35 46 224 11021 
15 36 1 223 11021 
15 36 16 223 11021 
15 36 31 224 11021 
15 36 46 223 11021 
15 37 1 224 11021 
15 37 16 223 11021 
15 37 59 224 11021 
15 38 14 223 11021 
15 38 29 223 11021 
15 38 44 224 11021 
15 38 59 223 11021 
15 39 14 224 11021 
15 39 29 223 11021 
15 39 44 224 11021 
15 39 59 223 11021 
15 40 14 224 11021 
15 40 29 223 11021 
15 40 44 224 11021 
15 40 59 223 11021 
15 41 14 224 11021 
15 41 29 223 11021 
15 41 44 224 11021 
15 41 59 223 11021 
15 42 14 224 11021 
15 42 29 223 11021 
15 42 44 224 11021 
15 42 59 223 11021 
15 43 14 224 11021 
15 43 29 223 11021 
15 43 44 224 11021 
15 43 59 223 11021 
15 44 14 224 11021 
15 44 29 223 11021 
15 44 44 224 11021 
15 44 59 223 11021 
15 45 14 224 11021 
15 45 29 223 11021 
15 45 44 224 11021 
15 45 59 223 11021 
15 46 14 224 11021 
15 46 29 223 11021 
15 46 44 224 11021 
15 46 59 223 11021 
15 47 14 224 11021 
15 47 29 223 11021 
15 47 44 224 11021 
15 47 59 223 11021 
15 48 14 224 11021 
15 48 29 223 11021 
15 48 44 224 11021 
15 48 59 223 11021 
15 49 14 224 11021 
15 49 29 223 11021 
15 49 44 224 11021 
15 49 59 223 11021 
15 50 14 224 11021 
15 50 29 223 11021 
15 50 44 224 11021 
15 50 59 223 11021 
15 51 14 224 11021 
15 51 29 223 11021 
15 51 44 224 11021 
15 51 59 223 11021 
15 52 14 224 11021 
15 52 29 223 11021 
15 53 27 225 11021 
15 53 42 224 11021 
15 53 57 223 11021 
15 54 12 224 11021 
15 54 27 223 11021 
15 54 42 223 11021 
15 54 57 224 11021 
15 55 12 223 11021 
15 55 27 224 11021 
15 55 42 223 11021 
15 55 57 224 11021 
15 56 12 223 10593 

/> 
ls
ls
<CR>
         TIME          Size       File name 
----A 2021/06/29 14:19     10376  0629
----A 2021/06/29 09:11    128640  06290855
----A 2021/06/29 09:27    128000  06290910
----A 2021/06/29 09:42    128640  06290925
----A 2021/06/29 09:55    128000  06290940
----A 2021/06/29 10:11    128640  06290955
----A 2021/06/29 10:26    128000  06291011
----A 2021/06/29 10:41    128640  06291026
----A 2021/06/29 10:56    128000  06291041
----A 2021/06/29 11:11    128640  06291056
----A 2021/06/29 11:27    128000  06291111
----A 2021/06/29 11:43    128640  06291126
----A 2021/06/29 11:58    128000  06291141
----A 2021/06/29 12:11    128640  06291156
----A 2021/06/29 12:27    128640  06291211
----A 2021/06/29 12:42    128640  06291227
----A 2021/06/29 12:57    128000  06291242
----A 2021/06/29 13:13    128640  06291257
----A 2021/06/29 13:27    128640  06291312
----A 2021/06/29 13:42    128640  06291327
----A 2021/06/29 13:59    128000  06291342
----A 2021/06/29 14:14    128640  06291357
----A 2021/06/29 14:15      2560  06291412
----A 2021/06/30 15:59      8264  0630
----A 2021/06/30 11:31      2560  06301130
----A 2021/06/30 12:19    128640  06301202
----A 2021/06/30 12:34    128640  06301217
----A 2021/06/30 12:47    128640  06301232
----A 2021/06/30 13:03    128640  06301248
----A 2021/06/30 13:18    128000  06301303
----A 2021/06/30 13:33    128640  06301318
----A 2021/06/30 13:49    128640  06301333
----A 2021/06/30 14:03    128640  06301348
----A 2021/06/30 14:18    128640  06301403
----A 2021/06/30 14:35    128640  06301418
----A 2021/06/30 14:51    128000  06301433
----A 2021/06/30 15:03    128000  06301448
----A 2021/06/30 15:19    128640  06301504
----A 2021/06/30 15:34    128000  06301519
----A 2021/06/30 15:49    128640  06301534
----A 2021/06/30 15:49      2560  06301549
----A 2021/07/01 16:03     13168  0701
----A 2021/07/01 09:23    129280  07010907
----A 2021/07/01 09:39    129280  07010922
----A 2021/07/01 09:54    128640  07010937
----A 2021/07/01 10:07    128640  07010952
----A 2021/07/01 10:23    129280  07011007
----A 2021/07/01 10:38    128640  07011023
----A 2021/07/01 10:53    128640  07011038
----A 2021/07/01 11:09    129920  07011053
----A 2021/07/01 11:23    128640  07011108
----A 2021/07/01 11:38    128640  07011123
----A 2021/07/01 11:55    128640  07011138
----A 2021/07/01 12:10    128000  07011153
----A 2021/07/01 12:23    129280  07011208
----A 2021/07/01 12:39    128640  07011224
----A 2021/07/01 12:54    128640  07011239
----A 2021/07/01 13:09    128640  07011254
----A 2021/07/01 13:25    128640  07011309
----A 2021/07/01 13:39    128000  07011324
----A 2021/07/01 13:54    129280  07011339
----A 2021/07/01 14:11    129280  07011354
----A 2021/07/01 14:27    129280  07011409
----A 2021/07/01 14:39    128000  07011424
----A 2021/07/01 14:55    128000  07011440
----A 2021/07/01 15:10    129280  07011455
----A 2021/07/01 15:25    128000  07011510
----A 2021/07/01 15:41    129280  07011525
----A 2021/07/01 15:55    129280  07011540
----A 2021/07/01 15:55      2560  07011555
----A 2021/07/02 15:43     12088  0702
----A 2021/07/02 08:59    128000  07020842
----A 2021/07/02 09:13    128000  07020858
----A 2021/07/02 09:28    128000  07020913
----A 2021/07/02 09:43    128000  07020928
----A 2021/07/02 09:59    128640  07020943
----A 2021/07/02 10:13    128000  07020958
----A 2021/07/02 10:30    128000  07021013
----A 2021/07/02 10:43    128000  07021028
----A 2021/07/02 10:59    128640  07021043
----A 2021/07/02 11:15    128000  07021058
----A 2021/07/02 11:29    128640  07021114
----A 2021/07/02 11:44    129280  07021129
----A 2021/07/02 11:59    128640  07021144
----A 2021/07/02 12:15    128000  07021159
----A 2021/07/02 12:31    128000  07021214
----A 2021/07/02 12:46    128640  07021229
----A 2021/07/02 12:59    128640  07021244
----A 2021/07/02 13:15    128000  07021259
----A 2021/07/02 13:30    128000  07021315
----A 2021/07/02 14:23     16000  07021330
----A 2021/07/02 14:51    128000  07021436
----A 2021/07/02 15:07    128000  07021451
----A 2021/07/02 15:23    128640  07021506
----A 2021/07/02 15:37    128640  07021522
----A 2021/07/02 15:37      2560  07021537
----A 2021/07/03 15:59     13624  0703
----A 2021/07/03 09:07    131200  07030850
----A 2021/07/03 09:22    128000  07030905
----A 2021/07/03 09:35    128640  07030920
----A 2021/07/03 09:51    128000  07030936
----A 2021/07/03 10:06    128000  07030951
----A 2021/07/03 10:21    128000  07031006
----A 2021/07/03 10:37    128000  07031021
----A 2021/07/03 10:51    128000  07031036
----A 2021/07/03 11:06    128000  07031051
----A 2021/07/03 11:23    128000  07031106
----A 2021/07/03 11:39    128000  07031121
----A 2021/07/03 11:51    128000  07031136
----A 2021/07/03 12:07    128000  07031152
----A 2021/07/03 12:22    128640  07031207
----A 2021/07/03 12:37    128640  07031222
----A 2021/07/03 12:53    128640  07031237
----A 2021/07/03 13:07    129280  07031252
----A 2021/07/03 13:22    128000  07031307
----A 2021/07/03 13:39    128640  07031322
----A 2021/07/03 13:55    128640  07031337
----A 2021/07/03 14:08    129280  07031353
----A 2021/07/03 14:23    128000  07031408
----A 2021/07/03 14:38    128000  07031423
----A 2021/07/03 14:53    128640  07031438
----A 2021/07/03 15:09    128640  07031453
----A 2021/07/03 15:23    128640  07031508
----A 2021/07/03 15:38    129280  07031523
----A 2021/07/03 15:55    128000  07031538
----A 2021/07/03 15:55      2560  07031553
----A 2021/07/04 15:47     12136  0704
----A 2021/07/04 09:39    128640  07040924
----A 2021/07/04 09:54    128000  07040939
----A 2021/07/04 10:09    128000  07040954
----A 2021/07/04 10:25    128640  07041009
----A 2021/07/04 10:39    131200  07041024
----A 2021/07/04 10:54    128640  07041039
----A 2021/07/04 11:11    128640  07041054
----A 2021/07/04 11:27    128640  07041109
----A 2021/07/04 11:40    129280  07041125
----A 2021/07/04 11:55    128640  07041140
----A 2021/07/04 12:11    129920  07041155
----A 2021/07/04 12:25    129280  07041210
----A 2021/07/04 12:41    128640  07041225
----A 2021/07/04 12:55    129280  07041240
----A 2021/07/04 13:10    129920  07041255
----A 2021/07/04 13:27    128000  07041310
----A 2021/07/04 13:43    129280  07041326
----A 2021/07/04 13:56    129280  07041341
----A 2021/07/04 14:11    128640  07041356
----A 2021/07/04 14:27    129280  07041411
----A 2021/07/04 14:41    129280  07041426
----A 2021/07/04 14:58    128000  07041441
----A 2021/07/04 15:11    128000  07041456
----A 2021/07/04 15:27    128640  07041511
----A 2021/07/04 15:42    128640  07041527
----A 2021/07/04 15:42      2560  07041542
----A 2021/07/05 15:51     12648  0705
----A 2021/07/05 08:57    129920  07050842
----A 2021/07/05 09:12    129280  07050857
----A 2021/07/05 09:27    129920  07050912
----A 2021/07/05 09:43    131200  07050927
----A 2021/07/05 09:59    133760  07050942
----A 2021/07/05 10:14    131200  07050957
----A 2021/07/05 10:27    129920  07051012
----A 2021/07/05 10:43    133120  07051028
----A 2021/07/05 10:58    130560  07051043
----A 2021/07/05 11:13    132480  07051058
----A 2021/07/05 11:30    129920  07051113
----A 2021/07/05 11:43    130560  07051128
----A 2021/07/05 11:59    129280  07051144
----A 2021/07/05 12:15    131200  07051159
----A 2021/07/05 12:31    129920  07051214
----A 2021/07/05 12:46    129920  07051229
----A 2021/07/05 13:00    131200  07051245
----A 2021/07/05 13:15    131840  07051300
----A 2021/07/05 13:31    131200  07051315
----A 2021/07/05 13:47    130560  07051330
----A 2021/07/05 14:03    131200  07051345
----A 2021/07/05 14:16    133760  07051401
----A 2021/07/05 14:31    133120  07051416
----A 2021/07/05 14:46    133120  07051431
----A 2021/07/05 15:03    131200  07051447
----A 2021/07/05 15:17    131200  07051502
----A 2021/07/05 15:32    130560  07051517
----A 2021/07/05 15:47    129280  07051532
----A 2021/07/05 15:47      2560  07051547
----A 2021/07/07 15:40     12648  0707
----A 2021/07/07 09:21    128640  07070906
----A 2021/07/07 09:37    128000  07070921
----A 2021/07/07 09:51    128640  07070936
----A 2021/07/07 10:07    128000  07070951
----A 2021/07/07 10:22    128640  07071007
----A 2021/07/07 10:37    128640  07071022
----A 2021/07/07 10:53    128640  07071037
----A 2021/07/07 11:07    128000  07071052
----A 2021/07/07 11:23    128000  07071107
----A 2021/07/07 11:38    128000  07071123
----A 2021/07/07 11:53    128000  07071138
----A 2021/07/07 12:10    128000  07071153
----A 2021/07/07 12:23    128000  07071208
----A 2021/07/07 12:39    128000  07071224
----A 2021/07/07 12:55    128000  07071239
----A 2021/07/07 13:11    128000  07071254
----A 2021/07/07 13:27    128000  07071309
----A 2021/07/07 13:40    128000  07071325
----A 2021/07/07 13:55    128000  07071340
----A 2021/07/07 14:11    128000  07071355
----A 2021/07/07 14:27    128000  07071410
----A 2021/07/07 14:43    128000  07071425
----A 2021/07/07 14:56    128640  07071441
----A 2021/07/07 15:11    128000  07071456
----A 2021/07/07 15:26    128000  07071511
----A 2021/07/07 15:27      2560  07071526

 210 File(s),  24878952 bytes total
   0 Dir(s),     975440K bytes free

/> 
read 0707
read 0707
<CR>Time:2021/07/07 15:27
Hours Minutes Seconds  Nb_Samples    Aver. Current 
8 48 18 1 7522 
8 48 52 1 7221 
8 49 12 1 7522 
8 49 47 2 7823 
8 50 57 224 9327 
8 51 12 219 9628 
8 51 27 222 9688 
8 51 42 223 10290 
8 52 54 224 11012 
8 53 9 223 11012 
8 53 45 224 11012 
8 54 0 223 11012 
8 54 15 224 11012 
8 54 30 223 11012 
8 54 45 224 11012 
8 55 0 223 11012 
8 55 15 224 11012 
8 55 30 223 11012 
8 55 45 224 11012 
8 56 0 223 11012 
8 56 15 224 11012 
8 56 30 223 11012 
8 56 45 223 11012 
8 57 0 224 11012 
8 57 15 223 11012 
8 57 30 224 11012 
8 57 45 223 11012 
8 58 0 224 11012 
8 58 15 223 11012 
8 58 30 224 11012 
8 58 45 223 11012 
8 59 0 223 11012 
8 59 15 224 11012 
8 59 30 223 11012 
8 59 45 223 11012 
9 0 0 224 11012 
9 0 15 223 11012 
9 0 30 224 11012 
9 0 45 223 11012 
9 1 0 224 11012 
9 1 15 223 11012 
9 1 30 224 11012 
9 1 45 223 11012 
9 2 0 224 11012 
9 2 15 223 11012 
9 2 30 224 11012 
9 2 45 223 11012 
9 3 0 224 11012 
9 3 15 223 11012 
9 3 30 224 11012 
9 3 45 223 11012 
9 4 0 224 11012 
9 4 15 223 11012 
9 4 30 224 11012 
9 4 45 223 11012 
9 5 0 223 11012 
9 5 15 223 11012 
9 5 30 224 11012 
9 5 45 223 11012 
9 6 0 224 11012 
9 6 37 224 11012 
9 6 52 223 11012 
9 7 7 224 11012 
9 7 22 223 11012 
9 7 37 223 11012 
9 7 52 223 11012 
9 8 22 225 11012 
9 8 37 224 11012 
9 8 52 223 11012 
9 9 7 224 11012 
9 9 22 223 11012 
9 9 37 224 11012 
9 9 52 223 11012 
9 10 7 224 11012 
9 10 22 223 11012 
9 10 37 224 11012 
9 10 52 223 11012 
9 11 7 224 11012 
9 11 22 223 11012 
9 11 37 224 11012 
9 11 52 223 11012 
9 12 7 224 11012 
9 12 22 223 11012 
9 12 37 224 11012 
9 12 52 223 11012 
9 13 7 224 11012 
9 13 22 223 11012 
9 13 37 224 11012 
9 13 52 223 11012 
9 14 7 224 11012 
9 14 22 223 11012 
9 14 37 224 11012 
9 14 52 223 11012 
9 15 7 224 11012 
9 15 22 223 11012 
9 15 37 224 11012 
9 15 52 223 11012 
9 16 7 224 11012 
9 16 22 223 11012 
9 16 37 224 11012 
9 16 52 223 11012 
9 17 7 224 11012 
9 17 22 223 11012 
9 17 37 224 11012 
9 17 52 223 11012 
9 18 7 224 11012 
9 18 22 223 11012 
9 18 37 224 11012 
9 18 52 223 11012 
9 19 7 224 11012 
9 19 22 223 11012 
9 19 37 223 11012 
9 19 52 224 11012 
9 20 7 223 11012 
9 20 22 224 11012 
9 20 37 223 11012 
9 20 52 224 11012 
9 21 7 223 11012 
9 21 51 224 11012 
9 22 6 223 11012 
9 22 21 224 11012 
9 22 36 223 11012 
9 22 51 224 11012 
9 23 6 223 11012 
9 23 21 224 11012 
9 23 36 223 11012 
9 23 51 224 11012 
9 24 6 224 11012 
9 24 21 223 11012 
9 24 36 224 11012 
9 24 51 223 11012 
9 25 6 224 11012 
9 25 21 223 11012 
9 25 36 224 11012 
9 25 51 223 11012 
9 26 6 224 11012 
9 26 21 223 11012 
9 26 36 224 11012 
9 26 51 223 11012 
9 27 6 224 11012 
9 27 21 223 11012 
9 27 36 224 11012 
9 27 51 223 11012 
9 28 7 224 11012 
9 28 21 223 11012 
9 28 37 224 11012 
9 28 51 223 11012 
9 29 7 224 11012 
9 29 21 223 11012 
9 29 37 224 11012 
9 29 51 223 11012 
9 30 7 224 11012 
9 30 21 223 11012 
9 30 37 224 11012 
9 30 51 223 11012 
9 31 7 224 11012 
9 31 21 223 11012 
9 31 37 224 11012 
9 31 51 223 11012 
9 32 7 224 11012 
9 32 21 223 11012 
9 32 37 224 11012 
9 32 52 223 11012 
9 33 6 223 11012 
9 33 22 224 11012 
9 33 36 223 11012 
9 33 52 224 11012 
9 34 6 223 11012 
9 34 22 224 11012 
9 34 37 223 11012 
9 34 52 224 11012 
9 35 7 223 11012 
9 35 22 224 11012 
9 35 37 223 11012 
9 35 52 224 11012 
9 36 7 223 11012 
9 36 22 224 11012 
9 37 6 224 11012 
9 37 21 223 11012 
9 37 36 224 11012 
9 37 51 223 11012 
9 38 6 224 11012 
9 38 21 223 11012 
9 38 36 224 11012 
9 38 51 223 11012 
9 39 6 224 11012 
9 39 21 223 11012 
9 39 36 224 11012 
9 39 51 223 11012 
9 40 6 224 11012 
9 40 21 223 11012 
9 40 36 224 11012 
9 40 51 223 11012 
9 41 6 224 11012 
9 41 21 223 11012 
9 41 36 224 11012 
9 41 51 223 11012 
9 42 6 224 11012 
9 42 21 223 11012 
9 42 36 224 11012 
9 42 51 223 11012 
9 43 6 224 11012 
9 43 21 223 11012 
9 43 36 224 11012 
9 43 51 223 11012 
9 44 6 224 11012 
9 44 21 223 11012 
9 44 36 224 11012 
9 44 51 223 11012 
9 45 6 224 11012 
9 45 21 223 11012 
9 45 51 225 11012 
9 46 6 223 11012 
9 46 21 224 11012 
9 46 36 223 11012 
9 46 51 224 11012 
9 47 6 223 11012 
9 47 21 224 11012 
9 47 36 223 11012 
9 47 51 224 11012 
9 48 6 223 11012 
9 48 21 223 11012 
9 48 36 223 11012 
9 48 51 223 11012 
9 49 6 224 11012 
9 49 21 223 11012 
9 49 36 224 11012 
9 49 51 223 11012 
9 50 6 223 11012 
9 50 21 223 11012 
9 50 36 224 11012 
9 50 51 223 11012 
9 51 6 224 11012 
9 51 21 223 11012 
9 51 36 224 11012 
9 52 19 224 11012 
9 52 34 223 11012 
9 52 49 224 11012 
9 53 4 223 11012 
9 53 19 224 11012 
9 53 34 223 11012 
9 53 49 224 11012 
9 54 4 223 11012 
9 54 19 224 11012 
9 54 34 223 11012 
9 54 49 224 11012 
9 55 4 223 11012 
9 55 19 224 11012 
9 55 34 223 11012 
9 55 49 224 11012 
9 56 4 223 11012 
9 56 19 224 11012 
9 56 34 223 11012 
9 56 49 224 11012 
9 57 4 223 11012 
9 57 19 224 11012 
9 57 34 223 11012 
9 57 49 224 11012 
9 58 4 223 11012 
9 58 19 224 11012 
9 58 34 223 11012 
9 58 49 224 11012 
9 59 4 223 11012 
9 59 19 224 11012 
9 59 34 223 11012 
9 59 49 224 11012 
10 0 4 223 11012 
10 0 19 224 11012 
10 0 34 223 11012 
10 0 49 224 11012 
10 1 4 223 11012 
10 1 19 224 11012 
10 1 34 223 11012 
10 1 49 224 11012 
10 2 4 223 11012 
10 2 19 224 11012 
10 2 34 223 11012 
10 2 49 224 11012 
10 3 4 223 11012 
10 3 19 223 11012 
10 3 34 224 11012 
10 3 49 223 11012 
10 4 4 224 11012 
10 4 19 223 11012 
10 4 34 223 11012 
10 4 49 223 11012 
10 5 4 224 11012 
10 5 19 223 11012 
10 5 34 224 11012 
10 5 49 223 11012 
10 6 4 224 11012 
10 6 19 223 11012 
10 6 34 224 11012 
10 6 49 223 11012 
10 7 32 224 11012 
10 7 47 222 11012 
10 8 2 224 11012 
10 8 17 223 11012 
10 8 32 224 11012 
10 8 47 223 11012 
10 9 2 224 11012 
10 9 17 223 11012 
10 9 32 224 11012 
10 9 47 223 11012 
10 10 2 224 11012 
10 10 17 223 11012 
10 10 32 223 11012 
10 11 2 226 11012 
10 11 17 223 11012 
10 11 32 224 11012 
10 11 47 223 11012 
10 12 2 224 11012 
10 12 17 223 11012 
10 12 32 224 11012 
10 12 47 223 11012 
10 13 2 224 11012 
10 13 17 223 11012 
10 13 32 224 11012 
10 13 47 223 11012 
10 14 2 224 11012 
10 14 17 223 11012 
10 14 32 224 11012 
10 14 47 223 11012 
10 15 2 224 11012 
10 15 17 223 11012 
10 15 32 224 11012 
10 15 47 223 11012 
10 16 2 224 11012 
10 16 17 223 11012 
10 16 32 223 11012 
10 16 47 223 11012 
10 17 2 223 11012 
10 17 17 224 11012 
10 17 32 223 11012 
10 17 47 224 11012 
10 18 2 223 11012 
10 18 17 224 11012 
10 18 32 223 11012 
10 18 47 223 11012 
10 19 2 223 11012 
10 19 17 224 11012 
10 19 32 223 11012 
10 19 47 223 11012 
10 20 2 223 11012 
10 20 17 224 11012 
10 20 32 223 11012 
10 20 47 223 11012 
10 21 2 223 11012 
10 21 17 224 11012 
10 21 32 223 11012 
10 21 47 224 11012 
10 22 2 223 11012 
10 22 46 224 11012 
10 23 1 223 11012 
10 23 16 224 11012 
10 23 31 223 11012 
10 23 46 223 11012 
10 24 1 223 11012 
10 24 16 223 11012 
10 24 31 223 11012 
10 24 46 224 11012 
10 25 1 223 11012 
10 25 16 224 11012 
10 25 31 223 11012 
10 25 46 224 11012 
10 26 1 223 11012 
10 26 16 224 11012 
10 26 31 223 11012 
10 26 46 223 11012 
10 27 1 223 11012 
10 27 16 224 11012 
10 27 31 223 11012 
10 27 46 224 11012 
10 28 1 223 11012 
10 28 16 224 11012 
10 28 31 223 11012 
10 28 46 223 11012 
10 29 1 223 11012 
10 29 16 224 11012 
10 29 31 223 11012 
10 29 46 223 11012 
10 30 1 223 11012 
10 30 16 224 11012 
10 30 31 223 11012 
10 30 46 223 11012 
10 31 1 224 11012 
10 31 16 223 11012 
10 31 31 224 11012 
10 31 46 223 11012 
10 32 1 223 11012 
10 32 16 224 11012 
10 32 31 223 11012 
10 32 46 224 11012 
10 33 1 223 11012 
10 33 16 224 11012 
10 33 31 223 11012 
10 33 46 224 11012 
10 34 1 223 11012 
10 34 16 224 11012 
10 34 31 223 11012 
10 34 46 224 11012 
10 35 1 223 11012 
10 35 31 225 11012 
10 35 46 223 11012 
10 36 1 223 11012 
10 36 16 224 11012 
10 36 31 223 11012 
10 36 46 223 11012 
10 37 1 223 11012 
10 37 16 224 11012 
10 38 15 224 11012 
10 38 30 222 11012 
10 38 45 223 11012 
10 39 0 223 11012 
10 39 15 224 11012 
10 39 30 223 11012 
10 39 45 223 11012 
10 40 0 223 11012 
10 40 15 224 11012 
10 40 30 223 11012 
10 40 45 223 11012 
10 41 0 223 11012 
10 41 15 224 11012 
10 41 30 223 11012 
10 41 45 223 11012 
10 42 0 223 11012 
10 42 15 224 11012 
10 42 30 223 11012 
10 42 45 223 11012 
10 43 0 223 11012 
10 43 15 223 11012 
10 43 30 224 11012 
10 43 45 223 11012 
10 44 0 223 11012 
10 44 15 224 11012 
10 44 30 223 11012 
10 44 45 223 11012 
10 45 0 223 11012 
10 45 15 224 11012 
10 45 30 223 11012 
10 45 45 223 11012 
10 46 0 223 11012 
10 46 15 224 11012 
10 46 30 223 11012 
10 46 45 223 11012 
10 47 0 223 11012 
10 47 15 224 11012 
10 47 30 223 11012 
10 47 45 223 11012 
10 48 0 224 11012 
10 48 15 223 11012 
10 48 30 223 11012 
10 48 45 223 11012 
10 49 0 223 11012 
10 49 15 224 11012 
10 49 30 223 11012 
10 49 45 223 11012 
10 50 0 223 11012 
10 50 15 224 11012 
10 50 30 223 11012 
10 50 45 223 11012 
10 51 0 223 11012 
10 51 15 224 11012 
10 51 30 223 11012 
10 51 45 223 11012 
10 52 0 223 11012 
10 52 15 224 11012 
10 52 30 223 11012 
10 53 13 224 11012 
10 53 28 223 11012 
10 53 43 223 11012 
10 53 58 223 11012 
10 54 13 224 11012 
10 54 28 223 11012 
10 54 43 223 11012 
10 54 58 223 11012 
10 55 13 223 11012 
10 55 28 223 11012 
10 55 43 223 11012 
10 55 58 223 11012 
10 56 13 223 11012 
10 56 28 223 11012 
10 56 43 223 11012 
10 56 58 223 11012 
10 57 13 223 11012 
10 57 28 224 11012 
10 57 43 223 11012 
10 57 58 223 11012 
10 58 13 223 11012 
10 58 28 223 11012 
10 58 43 223 11012 
10 58 58 223 11012 
10 59 13 223 11012 
10 59 28 223 11012 
10 59 43 223 11012 
10 59 58 223 11012 
11 0 13 223 11012 
11 0 28 224 11012 
11 0 43 223 11012 
11 0 58 224 11012 
11 1 13 223 11012 
11 1 28 224 11012 
11 1 43 223 11012 
11 1 58 224 11012 
11 2 13 223 11012 
11 2 28 224 11012 
11 2 43 223 11012 
11 2 58 224 11012 
11 3 13 223 11012 
11 3 28 224 11012 
11 3 43 223 11012 
11 3 58 224 11012 
11 4 13 223 11012 
11 4 28 224 11012 
11 4 43 223 11012 
11 4 58 224 11012 
11 5 13 223 11012 
11 5 28 224 11012 
11 5 43 223 11012 
11 5 58 224 11012 
11 6 13 223 11012 
11 6 28 224 11012 
11 6 43 223 11012 
11 6 58 224 11012 
11 7 13 223 11012 
11 7 28 224 11012 
11 7 43 223 11012 
11 8 26 224 11012 
11 8 41 223 11012 
11 8 56 223 11012 
11 9 11 223 11012 
11 9 26 223 11012 
11 9 41 224 11012 
11 9 56 223 11012 
11 10 11 224 11012 
11 10 26 223 11012 
11 10 41 224 11012 
11 10 56 223 11012 
11 11 11 224 11012 
11 11 26 223 11012 
11 11 41 224 11012 
11 11 56 223 11012 
11 12 11 224 11012 
11 12 26 223 11012 
11 12 41 224 11012 
11 12 56 223 11012 
11 13 11 224 11012 
11 13 26 223 11012 
11 13 41 224 11012 
11 13 56 223 11012 
11 14 11 224 11012 
11 14 26 223 11012 
11 14 41 223 11012 
11 14 56 224 11012 
11 15 11 223 11012 
11 15 26 224 11012 
11 15 41 223 11012 
11 15 56 224 11012 
11 16 11 223 11012 
11 16 26 224 11012 
11 16 41 223 11012 
11 16 56 224 11012 
11 17 11 223 11012 
11 17 26 224 11012 
11 17 41 223 11012 
11 17 56 224 11012 
11 18 11 223 11012 
11 18 26 224 11012 
11 18 41 223 11012 
11 18 56 224 11012 
11 19 11 223 11012 
11 19 26 224 11012 
11 19 41 223 11012 
11 19 56 224 11012 
11 20 11 223 11012 
11 20 26 224 11012 
11 20 41 223 11012 
11 20 56 224 11012 
11 21 11 223 11012 
11 21 26 224 11012 
11 21 41 223 11012 
11 21 56 224 11012 
11 22 11 223 11012 
11 22 26 224 11012 
11 22 41 223 11012 
11 22 56 224 11012 
11 23 40 224 11012 
11 23 55 223 11012 
11 24 10 224 11012 
11 24 25 223 11012 
11 24 40 223 11012 
11 24 55 223 11012 
11 25 10 224 11012 
11 25 25 223 11012 
11 25 40 224 11012 
11 25 55 223 11012 
11 26 10 224 11012 
11 26 25 223 11012 
11 26 40 224 11012 
11 26 55 223 11012 
11 27 10 224 11012 
11 27 25 223 11012 
11 27 40 224 11012 
11 27 55 223 11012 
11 28 10 224 11012 
11 28 25 223 11012 
11 28 40 223 11012 
11 28 55 223 11012 
11 29 10 223 11012 
11 29 25 224 11012 
11 29 40 223 11012 
11 29 55 223 11012 
11 30 10 224 11012 
11 30 25 223 11012 
11 30 40 224 11012 
11 30 55 223 11012 
11 31 10 223 11012 
11 31 25 224 11012 
11 31 40 223 11012 
11 31 55 224 11012 
11 32 10 223 11012 
11 32 25 224 11012 
11 32 40 223 11012 
11 32 55 224 11012 
11 33 10 223 11012 
11 33 25 223 11012 
11 33 40 223 11012 
11 33 55 224 11012 
11 34 10 223 11012 
11 34 25 224 11012 
11 34 40 223 11012 
11 34 55 223 11012 
11 35 10 224 11012 
11 35 25 223 11012 
11 35 40 224 11012 
11 35 55 223 11012 
11 36 10 224 11012 
11 36 25 224 11012 
11 36 40 223 11012 
11 36 55 223 11012 
11 37 10 223 11012 
11 37 25 224 11012 
11 37 40 223 11012 
11 37 55 224 11012 
11 38 10 223 11012 
11 38 54 224 11012 
11 39 9 222 11012 
11 39 24 224 11012 
11 39 39 223 11012 
11 39 54 223 11012 
11 40 9 223 11012 
11 40 24 224 11012 
11 40 39 223 11012 
11 40 54 223 11012 
11 41 9 223 11012 
11 41 24 224 11012 
11 41 39 223 11012 
11 41 54 224 11012 
11 42 9 223 11012 
11 42 24 224 11012 
11 42 39 223 11012 
11 42 54 224 11012 
11 43 9 223 11012 
11 43 24 224 11012 
11 43 39 223 11012 
11 43 54 223 11012 
11 44 9 224 11012 
11 44 24 223 11012 
11 44 39 223 11012 
11 44 54 223 11012 
11 45 9 224 11012 
11 45 24 223 11012 
11 45 39 224 11012 
11 45 54 223 11012 
11 46 9 224 11012 
11 46 24 223 11012 
11 46 39 224 11012 
11 46 54 223 11012 
11 47 9 223 11012 
11 47 24 224 11012 
11 47 39 223 11012 
11 47 54 224 11012 
11 48 9 223 11012 
11 48 24 224 11012 
11 48 39 223 11012 
11 48 54 223 11012 
11 49 9 223 11012 
11 49 24 224 11012 
11 49 39 223 11012 
11 49 54 223 11012 
11 50 9 223 11012 
11 50 24 224 11012 
11 50 39 223 11012 
11 50 54 223 11012 
11 51 9 224 11012 
11 51 24 223 11012 
11 51 39 223 11012 
11 51 54 224 11012 
11 52 9 223 11012 
11 52 24 224 11012 
11 52 39 223 11012 
11 52 54 224 11012 
11 53 9 223 11012 
11 53 24 224 11012 
11 54 8 224 11012 
11 54 23 223 11012 
11 54 38 224 11012 
11 54 53 223 11012 
11 55 8 223 11012 
11 55 23 223 11012 
11 55 38 224 11012 
11 55 53 223 11012 
11 56 8 223 11012 
11 56 23 224 11012 
11 56 38 223 11012 
11 56 53 223 11012 
11 57 8 223 11012 
11 57 23 224 11012 
11 57 38 223 11012 
11 57 53 224 11012 
11 58 8 223 11012 
11 58 23 224 11012 
11 58 38 223 11012 
11 58 53 223 11012 
11 59 8 223 11012 
11 59 23 224 11012 
11 59 38 223 11012 
11 59 53 223 11012 
12 0 8 223 11012 
12 0 23 224 11012 
12 0 38 223 11012 
12 0 53 224 11012 
12 1 8 223 11012 
12 1 23 224 11012 
12 1 38 223 11012 
12 1 53 224 11012 
12 2 8 223 11012 
12 2 23 224 11012 
12 2 38 223 11012 
12 2 53 224 11012 
12 3 8 223 11012 
12 3 23 224 11012 
12 3 38 223 11012 
12 3 53 224 11012 
12 4 8 223 11012 
12 4 23 224 11012 
12 4 38 223 11012 
12 4 53 223 11012 
12 5 8 224 11012 
12 5 23 223 11012 
12 5 38 224 11012 
12 5 53 223 11012 
12 6 8 224 11012 
12 6 23 223 11012 
12 6 38 224 11012 
12 6 53 223 11012 
12 7 8 224 11012 
12 7 23 223 11012 
12 7 38 224 11012 
12 7 53 223 11012 
12 8 8 224 11012 
12 8 23 223 11012 
12 8 38 224 11012 
12 9 22 224 11012 
12 9 37 223 11012 
12 9 52 223 11012 
12 10 7 224 11012 
12 10 22 223 11012 
12 10 37 224 11012 
12 10 52 223 11012 
12 11 7 224 11012 
12 11 22 223 11012 
12 11 37 224 11012 
12 11 52 223 11012 
12 12 7 224 11012 
12 12 22 223 11012 
12 12 37 224 11012 
12 12 52 223 11012 
12 13 7 224 11012 
12 13 22 223 11012 
12 13 37 224 11012 
12 13 52 223 11012 
12 14 7 224 11012 
12 14 22 223 11012 
12 14 37 224 11012 
12 14 52 223 11012 
12 15 7 224 11012 
12 15 22 223 11012 
12 15 37 224 11012 
12 15 52 223 11012 
12 16 7 224 11012 
12 16 22 223 11012 
12 16 37 224 11012 
12 16 52 223 11012 
12 17 7 224 11012 
12 17 22 224 11012 
12 17 37 223 11012 
12 17 52 223 11012 
12 18 7 223 11012 
12 18 22 224 11012 
12 18 37 223 11012 
12 18 52 223 11012 
12 19 7 223 11012 
12 19 22 224 11012 
12 19 37 223 11012 
12 19 52 224 11012 
12 20 7 223 11012 
12 20 22 224 11012 
12 20 37 223 11012 
12 20 52 224 11012 
12 21 7 223 11012 
12 21 22 224 11012 
12 21 37 223 11012 
12 21 52 224 11012 
12 22 7 223 11012 
12 22 22 224 11012 
12 22 37 223 11012 
12 22 52 224 11012 
12 23 7 223 11012 
12 23 22 224 11012 
12 23 37 223 11012 
12 23 52 223 11012 
12 24 36 224 11012 
12 24 51 223 11012 
12 25 6 224 11012 
12 25 21 223 11012 
12 25 36 223 11012 
12 25 51 223 11012 
12 26 6 224 11012 
12 26 21 223 11012 
12 26 36 224 11012 
12 26 51 223 11012 
12 27 6 224 11012 
12 27 21 223 11012 
12 27 36 224 11012 
12 27 51 223 11012 
12 28 6 224 11012 
12 28 21 223 11012 
12 28 36 223 11012 
12 28 51 223 11012 
12 29 6 223 11012 
12 29 21 224 11012 
12 29 36 223 11012 
12 29 51 223 11012 
12 30 6 224 11012 
12 30 21 223 11012 
12 30 36 224 11012 
12 30 51 223 11012 
12 31 6 223 11012 
12 31 21 223 11012 
12 31 36 224 11072 
12 31 51 223 11012 
12 32 6 224 11012 
12 32 21 223 11012 
12 32 36 224 11012 
12 32 51 223 11012 
12 33 6 224 11012 
12 33 21 223 11012 
12 33 36 224 11012 
12 33 51 223 11072 
12 34 6 224 11012 
12 34 21 223 11012 
12 34 36 224 11012 
12 34 51 223 11012 
12 35 6 224 11012 
12 35 21 223 11012 
12 35 36 224 11012 
12 35 51 223 11012 
12 36 6 224 11012 
12 36 21 223 11012 
12 36 36 224 11012 
12 36 51 223 11012 
12 37 6 224 11012 
12 37 21 223 11012 
12 37 36 224 11012 
12 37 51 223 11012 
12 38 6 224 11012 
12 38 21 223 11012 
12 38 36 223 11072 
12 38 51 223 11012 
12 39 6 223 11012 
12 39 50 224 11012 
12 40 5 223 11012 
12 40 20 223 11012 
12 40 35 223 11012 
12 40 50 223 11012 
12 41 5 223 11012 
12 41 20 224 11012 
12 41 35 223 11012 
12 41 50 224 11012 
12 42 5 223 11012 
12 42 20 224 11012 
12 42 35 223 11012 
12 42 50 224 11012 
12 43 5 223 11012 
12 43 20 224 11012 
12 43 35 223 11012 
12 43 50 224 11012 
12 44 5 223 11012 
12 44 20 223 11012 
12 44 35 223 11012 
12 44 50 223 11012 
12 45 5 223 11012 
12 45 20 224 11012 
12 45 35 223 11012 
12 45 50 223 11012 
12 46 5 223 11012 
12 46 20 224 11012 
12 46 35 223 11012 
12 46 50 223 11012 
12 47 5 223 11012 
12 47 20 224 11012 
12 47 35 223 11012 
12 47 50 224 11012 
12 48 5 223 11012 
12 48 20 224 11012 
12 48 35 223 11012 
12 48 50 223 11012 
12 49 5 223 11012 
12 49 20 224 11012 
12 49 35 223 11012 
12 49 50 223 11072 
12 50 5 223 11012 
12 50 20 224 11012 
12 50 35 223 11012 
12 50 50 223 11012 
12 51 5 223 11012 
12 51 20 224 11012 
12 51 35 223 11012 
12 51 50 224 11072 
12 52 5 223 11072 
12 52 20 224 11012 
12 52 35 223 11012 
12 52 50 224 11012 
12 53 5 223 11012 
12 53 20 224 11012 
12 53 35 223 11072 
12 53 50 223 11012 
12 54 5 223 11072 
12 54 20 224 11012 
12 55 4 224 11072 
12 55 19 223 11012 
12 55 34 224 11072 
12 55 49 223 11012 
12 56 4 223 11072 
12 56 19 223 11012 
12 56 34 223 11072 
12 56 49 223 11012 
12 57 4 223 11072 
12 57 19 224 11072 
12 57 34 223 11012 
12 57 49 223 11012 
12 58 4 223 11012 
12 58 19 224 11012 
12 58 34 223 11072 
12 58 49 223 11072 
12 59 4 223 11072 
12 59 19 224 11072 
12 59 34 223 11012 
12 59 49 223 11072 
13 0 4 223 11072 
13 0 19 224 11012 
13 0 34 223 11072 
13 0 49 224 11072 
13 1 4 223 11012 
13 1 19 224 11012 
13 1 34 223 11012 
13 1 49 224 11072 
13 2 4 223 11012 
13 2 19 224 11012 
13 2 34 223 11072 
13 2 49 224 11012 
13 3 4 223 11012 
13 3 19 224 11072 
13 3 34 223 11012 
13 3 49 224 11072 
13 4 4 223 11012 
13 4 19 224 11012 
13 4 34 223 11012 
13 4 49 224 11012 
13 5 4 223 11012 
13 5 19 224 11012 
13 5 34 223 11072 
13 5 49 224 11012 
13 6 4 223 11012 
13 6 19 224 11012 
13 6 34 223 11012 
13 6 49 224 11012 
13 7 4 223 11012 
13 7 19 224 11012 
13 7 34 223 11012 
13 7 49 224 11012 
13 8 4 223 11012 
13 8 19 224 11012 
13 8 34 223 11012 
13 8 49 224 11012 
13 9 4 223 11072 
13 9 19 224 11012 
13 9 34 223 11012 
13 10 18 224 11012 
13 10 33 222 11012 
13 10 48 223 11012 
13 11 3 223 11012 
13 11 18 224 11012 
13 11 33 223 11012 
13 11 48 224 11012 
13 12 3 223 11012 
13 12 18 224 11012 
13 12 33 223 11012 
13 12 48 223 11012 
13 13 3 223 11012 
13 13 18 224 11012 
13 13 33 223 11012 
13 13 48 224 11012 
13 14 3 223 11012 
13 14 18 224 11012 
13 14 33 223 11012 
13 14 48 224 11012 
13 15 3 223 11012 
13 15 18 224 11072 
13 15 33 223 11012 
13 15 49 224 11012 
13 16 3 223 11012 
13 16 19 224 11012 
13 16 33 223 11012 
13 16 49 224 11012 
13 17 3 223 11012 
13 17 19 224 11012 
13 17 33 223 11012 
13 17 49 224 11012 
13 18 3 223 11012 
13 18 19 224 11012 
13 18 33 223 11012 
13 18 48 223 11012 
13 19 3 223 11012 
13 19 19 224 11012 
13 19 33 223 11012 
13 19 48 223 11012 
13 20 3 223 11012 
13 20 19 224 11012 
13 20 33 223 11012 
13 20 48 223 11012 
13 21 3 223 11012 
13 21 19 224 11012 
13 21 33 223 11012 
13 21 49 224 11012 
13 22 4 223 11072 
13 22 19 224 11012 
13 22 34 223 11012 
13 22 49 224 11012 
13 23 4 223 11012 
13 23 19 224 11012 
13 23 34 223 11012 
13 23 49 224 11012 
13 24 4 223 11012 
13 24 19 224 11012 
13 24 34 223 11012 
13 24 49 223 11012 
13 25 33 224 11012 
13 25 48 223 11012 
13 26 3 223 11012 
13 26 18 224 11012 
13 26 33 223 11012 
13 26 48 223 11012 
13 27 3 223 11012 
13 27 18 224 11012 
13 27 33 223 11012 
13 27 48 224 11012 
13 28 3 223 11072 
13 28 18 224 11072 
13 28 33 223 11012 
13 28 48 223 11072 
13 29 3 223 11012 
13 29 18 224 11012 
13 29 33 223 11012 
13 29 48 223 11072 
13 30 3 223 11072 
13 30 18 224 11072 
13 30 33 223 11012 
13 30 48 223 11012 
13 31 3 223 11072 
13 31 18 224 11072 
13 31 33 223 11072 
13 31 48 224 11072 
13 32 3 223 11072 
13 32 18 224 11072 
13 32 33 223 11072 
13 32 48 224 11072 
13 33 3 223 11072 
13 33 18 224 11072 
13 33 33 223 11072 
13 33 48 223 11012 
13 34 3 223 11012 
13 34 18 224 11012 
13 34 33 223 11012 
13 34 48 223 11072 
13 35 3 223 11012 
13 35 18 224 11012 
13 35 33 223 11072 
13 35 48 223 11072 
13 36 3 223 11072 
13 36 18 224 11072 
13 36 33 223 11072 
13 36 48 223 11072 
13 37 3 223 11072 
13 37 18 224 11072 
13 37 33 223 11012 
13 37 48 224 11072 
13 38 3 223 11012 
13 38 18 224 11072 
13 38 33 223 11072 
13 38 48 223 11012 
13 39 3 223 11012 
13 39 18 224 11012 
13 39 33 223 11012 
13 39 48 223 11072 
13 40 3 223 11072 
13 40 47 224 11012 
13 41 2 222 11012 
13 41 17 224 11072 
13 41 32 223 11012 
13 41 47 224 11012 
13 42 2 223 11012 
13 42 17 224 11012 
13 42 32 223 11012 
13 42 47 224 11012 
13 43 2 223 11012 
13 43 17 224 11012 
13 43 32 223 11012 
13 43 47 223 11012 
13 44 2 224 11012 
13 44 17 223 11012 
13 44 32 224 11012 
13 44 47 223 11012 
13 45 2 224 11012 
13 45 17 223 11072 
13 45 32 224 11012 
13 45 47 223 11012 
13 46 2 224 11072 
13 46 17 223 11012 
13 46 32 224 11012 
13 46 47 223 11012 
13 47 2 223 11012 
13 47 17 224 11012 
13 47 32 223 11072 
13 47 47 224 11072 
13 48 2 223 11012 
13 48 17 224 11012 
13 48 32 223 11012 
13 48 47 223 11012 
13 49 2 223 11012 
13 49 17 224 11012 
13 49 32 223 11072 
13 49 47 224 11012 
13 50 2 223 11012 
13 50 17 224 11012 
13 50 32 223 11012 
13 50 47 223 11012 
13 51 2 223 11012 
13 51 17 224 11012 
13 51 32 223 11012 
13 51 47 224 11012 
13 52 2 223 11012 
13 52 17 224 11012 
13 52 32 223 11012 
13 52 47 224 11012 
13 53 2 223 11012 
13 53 17 223 11012 
13 53 32 224 11012 
13 53 47 223 11012 
13 54 2 224 11012 
13 54 17 223 11012 
13 54 32 224 11012 
13 54 47 223 11012 
13 55 2 224 11012 
13 55 17 223 11012 
13 56 1 224 11012 
13 56 16 223 11012 
13 56 31 223 11012 
13 56 46 223 11012 
13 57 1 223 11012 
13 57 16 223 11012 
13 57 31 224 11012 
13 57 46 223 11012 
13 58 1 223 11012 
13 58 16 224 11012 
13 58 31 223 11012 
13 58 46 223 11012 
13 59 1 223 11012 
13 59 16 224 11012 
13 59 31 223 11012 
13 59 46 223 11012 
14 0 1 223 11012 
14 0 16 224 11012 
14 0 31 223 11012 
14 0 46 224 11012 
14 1 1 223 11012 
14 1 16 224 11012 
14 1 31 223 11012 
14 1 46 224 11012 
14 2 1 223 11012 
14 2 16 224 11012 
14 2 31 223 11012 
14 2 46 224 11012 
14 3 1 223 11012 
14 3 16 224 11012 
14 3 31 223 11012 
14 3 46 224 11012 
14 4 1 223 11012 
14 4 16 224 11012 
14 4 31 223 11012 
14 4 46 224 11012 
14 5 1 223 11012 
14 5 16 224 11012 
14 5 31 223 11012 
14 5 46 224 11012 
14 6 1 223 11012 
14 6 16 223 11012 
14 6 31 223 11012 
14 6 46 224 11012 
14 7 1 223 11012 
14 7 16 224 11012 
14 7 31 223 11012 
14 7 46 224 11012 
14 8 1 223 11012 
14 8 16 224 11012 
14 8 31 223 11012 
14 8 46 224 11012 
14 9 1 223 11012 
14 9 16 224 11012 
14 9 31 223 11012 
14 9 46 224 11012 
14 10 1 223 11012 
14 10 16 224 11012 
14 10 31 223 11012 
14 11 15 224 11012 
14 11 30 223 11012 
14 11 45 223 11012 
14 12 0 224 11012 
14 12 15 223 11012 
14 12 30 224 11012 
14 12 45 223 11012 
14 13 0 224 11012 
14 13 15 223 11012 
14 13 30 224 11012 
14 13 45 223 11012 
14 14 0 224 11012 
14 14 15 223 11012 
14 14 30 224 11012 
14 14 45 223 11012 
14 15 0 224 11012 
14 15 15 223 11012 
14 15 30 224 11012 
14 15 45 223 11012 
14 16 0 224 11012 
14 16 15 223 11012 
14 16 30 224 11012 
14 16 45 223 11012 
14 17 0 223 11012 
14 17 15 224 11012 
14 17 30 223 11012 
14 17 45 224 11012 
14 18 0 223 11012 
14 18 15 224 11012 
14 18 30 223 11012 
14 18 45 224 11012 
14 19 0 223 11012 
14 19 15 224 11012 
14 19 30 222 11012 
14 19 45 223 11012 
14 20 0 223 11012 
14 20 15 224 11012 
14 20 30 223 11012 
14 20 45 223 11012 
14 21 0 223 11012 
14 21 15 224 11012 
14 21 30 223 11012 
14 21 45 224 11012 
14 22 0 223 11012 
14 22 15 224 11012 
14 22 30 223 11012 
14 22 45 224 11012 
14 23 0 223 11012 
14 23 15 224 11012 
14 23 30 223 11012 
14 23 45 223 11012 
14 24 0 223 11012 
14 24 15 224 11012 
14 24 30 223 11012 
14 24 45 223 11012 
14 25 0 223 11012 
14 25 15 224 11012 
14 25 30 223 11012 
14 25 45 223 11012 
14 26 29 224 11012 
14 26 44 223 11012 
14 26 59 223 11012 
14 27 14 223 11072 
14 27 29 223 11012 
14 27 44 223 11012 
14 27 59 224 11012 
14 28 14 223 11012 
14 28 29 223 11012 
14 28 44 223 11012 
14 28 59 223 11012 
14 29 14 223 11012 
14 29 29 224 11012 
14 29 44 223 11012 
14 29 59 223 11012 
14 30 14 223 11012 
14 30 29 223 11012 
14 30 44 223 11012 
14 30 59 223 11012 
14 31 14 223 11072 
14 31 29 224 11072 
14 31 44 223 11012 
14 31 59 224 11012 
14 32 14 223 11012 
14 32 29 224 11012 
14 32 44 223 11012 
14 32 59 223 11012 
14 33 14 223 11072 
14 33 29 224 11072 
14 33 44 223 11012 
14 33 59 223 11012 
14 34 14 223 11072 
14 34 29 224 11072 
14 34 44 223 11012 
14 34 59 223 11012 
14 35 14 223 11012 
14 35 29 224 11012 
14 35 44 223 11072 
14 35 59 223 11072 
14 36 14 223 11072 
14 36 29 223 11012 
14 36 44 223 11072 
14 36 59 223 11072 
14 37 14 223 11012 
14 37 29 224 11072 
14 37 44 223 11012 
14 37 59 224 11012 
14 38 14 223 11072 
14 38 29 223 11072 
14 38 44 223 11012 
14 38 59 223 11012 
14 39 14 224 11012 
14 39 29 223 11012 
14 39 44 223 11012 
14 39 59 223 11012 
14 40 14 223 11012 
14 40 29 223 11072 
14 40 44 223 11072 
14 40 59 223 11012 
14 41 43 224 11012 
14 41 58 223 11072 
14 42 13 223 11012 
14 42 28 224 11072 
14 42 43 223 11072 
14 42 58 223 11012 
14 43 13 223 11012 
14 43 43 225 11012 
14 43 58 223 11072 
14 44 13 223 11072 
14 44 28 223 11072 
14 44 43 223 11072 
14 44 58 223 11072 
14 45 13 223 11072 
14 45 28 223 11012 
14 45 43 223 11072 
14 45 58 223 11072 
14 46 13 223 11012 
14 46 28 223 11012 
14 46 43 223 11012 
14 46 58 223 11072 
14 47 13 223 11012 
14 47 28 223 11012 
14 47 43 223 11072 
14 47 58 224 11072 
14 48 13 223 11072 
14 48 28 223 11012 
14 48 43 223 11072 
14 48 58 223 11072 
14 49 13 223 11072 
14 49 28 223 11072 
14 49 43 223 11012 
14 49 58 223 11012 
14 50 13 223 11012 
14 50 28 224 11072 
14 50 43 223 11012 
14 50 58 223 11012 
14 51 13 223 11012 
14 51 28 224 11072 
14 51 43 223 11072 
14 51 58 224 11072 
14 52 13 223 11072 
14 52 28 224 11072 
14 52 43 223 11012 
14 52 58 223 11072 
14 53 13 223 11012 
14 53 28 224 11072 
14 53 43 223 11012 
14 53 58 223 11012 
14 54 13 223 11012 
14 54 28 224 11012 
14 54 43 223 11012 
14 54 58 223 11012 
14 55 13 223 11012 
14 55 28 224 11012 
14 55 43 223 11072 
14 55 58 224 11012 
14 56 13 223 11012 
14 56 57 224 11072 
14 57 12 223 11012 
14 57 27 224 11012 
14 57 42 223 11072 
14 57 57 224 11012 
14 58 12 223 11012 
14 58 27 223 11012 
14 58 42 224 11012 
14 58 57 223 11072 
14 59 12 223 11012 
14 59 27 223 11012 
14 59 42 223 11072 
14 59 57 223 11012 
15 0 12 223 11012 
15 0 27 224 11072 
15 0 42 223 11072 
15 0 57 224 11072 
15 1 12 223 11012 
15 1 27 224 11072 
15 1 42 223 11072 
15 1 57 224 11012 
15 2 12 223 11072 
15 2 27 224 11012 
15 2 42 223 11072 
15 2 57 224 11012 
15 3 12 223 11012 
15 3 27 224 11072 
15 3 42 223 11072 
15 3 57 224 11012 
15 4 12 223 11072 
15 4 27 224 11072 
15 4 42 223 11072 
15 4 57 224 11072 
15 5 12 223 11072 
15 5 27 224 11012 
15 5 42 223 11072 
15 5 57 224 11072 
15 6 12 223 11012 
15 6 27 224 11072 
15 6 42 223 11072 
15 6 57 224 11012 
15 7 12 223 11012 
15 7 27 224 11072 
15 7 42 223 11012 
15 7 57 224 11012 
15 8 12 223 11012 
15 8 27 224 11012 
15 8 42 223 11072 
15 8 57 224 11012 
15 9 12 223 11072 
15 9 27 224 11012 
15 9 42 223 11072 
15 9 57 224 11072 
15 10 12 223 11072 
15 10 27 224 11012 
15 10 42 223 11012 
15 10 57 224 11012 
15 11 12 223 11072 
15 11 27 224 11012 
15 12 11 224 11012 
15 12 26 222 11012 
15 12 41 223 11012 
15 12 56 224 11012 
15 13 11 223 11072 
15 13 26 224 11072 
15 13 41 223 11012 
15 13 56 224 11072 
15 14 11 223 11012 
15 14 26 224 11012 
15 14 41 223 11012 
15 14 56 224 11012 
15 15 11 223 11012 
15 15 26 224 11012 
15 15 41 223 11072 
15 15 56 224 11072 
15 16 11 223 11012 
15 16 26 224 11072 
15 16 41 223 11072 
15 16 56 224 11072 
15 17 11 223 11072 
15 17 26 224 11012 
15 17 41 223 11072 
15 17 56 224 11072 
15 18 11 223 11012 
15 18 26 224 11072 
15 18 41 223 11072 
15 18 56 224 11072 
15 19 11 223 11012 
15 19 26 224 11072 
15 19 41 223 11012 
15 19 56 224 11012 
15 20 11 223 11012 
15 20 26 224 11072 
15 20 41 223 11072 
15 20 56 224 11012 
15 21 11 223 11072 
15 21 26 224 11072 
15 21 41 223 11012 
15 21 56 224 11012 
15 22 11 223 11072 
15 22 26 224 11012 
15 22 41 223 11072 
15 22 56 224 11012 
15 23 11 223 11072 
15 23 26 224 11012 
15 23 41 223 11012 
15 23 56 224 11012 
15 24 11 223 11012 
15 24 26 224 11012 
15 24 41 223 11012 
15 24 56 224 11012 
15 25 11 223 11012 
15 25 26 224 11012 
15 25 41 223 11012 
15 25 56 224 11012 
15 26 11 223 11072 
15 26 26 224 11072 
15 26 41 223 11012 
15 27 25 224 11012 
15 27 40 223 11012 
15 27 55 223 11012 
15 28 10 224 11012 
15 28 25 223 11012 
15 28 40 223 11012 
15 28 55 223 11012 
15 29 10 223 11012 
15 29 25 224 11012 
15 29 40 223 11012 
15 29 55 223 11012 
15 30 10 223 11072 
15 30 25 223 11072 
15 30 40 223 11072 
15 30 55 223 11012 
15 31 10 223 11012 
15 31 25 224 11012 
15 31 40 223 11012 
15 31 55 223 11072 
15 32 10 224 11072 
15 32 25 223 11072 
15 32 40 223 11012 
15 32 55 223 11072 
15 33 10 223 11072 
15 33 25 223 11072 
15 33 40 223 11072 
15 33 55 223 11072 
15 34 10 223 11072 
15 34 25 223 11072 
15 34 40 223 11012 
15 34 55 223 11072 
15 35 10 223 11072 
15 35 25 223 11072 
15 35 40 223 11072 
15 35 55 223 11012 
15 36 10 223 11072 
15 36 25 223 11072 
15 36 40 223 11072 
15 36 55 223 11072 
15 37 10 223 11072 
15 37 25 224 11012 
15 37 40 223 11012 
15 37 55 223 11072 
15 38 10 223 11012 
15 38 25 224 11012 
15 38 40 223 11072 
15 38 55 223 11072 
15 39 10 223 11072 
15 39 25 223 11072 
15 39 40 223 11072 
15 39 55 223 10892 
15 40 10 223 6017 

/> 