ls

ls
<CR>
         TIME          Size       File name 
----A 2021/05/07 10:23       720  0507
----A 2021/05/08 11:51      8056  0508
----A 2021/05/08 07:33    128000  05080717
----A 2021/05/08 07:49    128000  05080734
----A 2021/05/08 08:07    128000  05080751
----A 2021/05/08 08:23    128000  05080808
----A 2021/05/08 08:41    128000  05080825
----A 2021/05/08 08:57    128000  05080842
----A 2021/05/08 09:15    128000  05080859
----A 2021/05/08 09:31    128000  05080916
----A 2021/05/08 09:49    128000  05080933
----A 2021/05/08 10:05    128000  05080950
----A 2021/05/08 10:23    128000  05081007
----A 2021/05/08 10:39    128000  05081024
----A 2021/05/08 10:57    128000  05081041
----A 2021/05/08 11:13    128000  05081058
----A 2021/05/08 11:31    128000  05081115
----A 2021/05/08 11:47    128000  05081132
----A 2021/05/08 11:49      2560  05081149
----A 2021/05/10 13:10     10352  0510
----A 2021/05/10 07:29    128000  05100713
----A 2021/05/10 07:45    128000  05100730
----A 2021/05/10 08:03    128000  05100747
----A 2021/05/10 08:19    128000  05100804
----A 2021/05/10 08:37    128000  05100821
----A 2021/05/10 08:53    128000  05100838
----A 2021/05/10 09:11    128000  05100855
----A 2021/05/10 09:27    128000  05100912
----A 2021/05/10 09:45    128000  05100929
----A 2021/05/10 10:01    128000  05100946
----A 2021/05/10 10:19    128000  05101003
----A 2021/05/10 10:35    128000  05101020
----A 2021/05/10 10:53    128000  05101037
----A 2021/05/10 11:09    128000  05101054
----A 2021/05/10 11:27    128000  05101111
----A 2021/05/10 11:43    128000  05101128
----A 2021/05/10 12:01    128000  05101145
----A 2021/05/10 12:17    128000  05101202
----A 2021/05/10 12:35    128000  05101219
----A 2021/05/10 12:51    128000  05101236
----A 2021/05/10 12:53      2560  05101253
----A 2021/05/11 12:59      8368  0511
----A 2021/05/11 07:27    128000  05110711
----A 2021/05/11 07:43    128000  05110728
----A 2021/05/11 08:03    128000  05110745
----A 2021/05/11 08:03      2560  05110802
----A 2021/05/11 09:39    128000  05110924
----A 2021/05/11 09:57    128000  05110941
----A 2021/05/11 10:13    128000  05110958
----A 2021/05/11 10:31    128000  05111015
----A 2021/05/11 10:47    128000  05111032
----A 2021/05/11 11:05    128000  05111049
----A 2021/05/11 11:21    128000  05111106
----A 2021/05/11 11:39    128000  05111123
----A 2021/05/11 11:55    128000  05111140
----A 2021/05/11 12:13    128000  05111157
----A 2021/05/11 12:29    128000  05111214
----A 2021/05/11 12:47    128000  05111231
----A 2021/05/11 12:49      2560  05111248

  59 File(s),   6565736 bytes total
   0 Dir(s),     993920K bytes free

/> 
read 0511
read 0511
<CR>Time:2021/05/11 12:49
Hours Minutes Seconds  Nb_Samples    Aver. Current 
6 55 49 13 6258 
6 56 3 12 6744 
6 56 19 13 7717 
6 56 33 12 8506 
6 56 49 13 9114 
6 57 3 12 9539 
6 57 19 13 9722 
6 57 33 12 9843 
6 57 49 13 9843 
6 58 3 12 9904 
6 58 19 13 9904 
6 58 33 12 10086 
6 58 49 13 10026 
6 59 3 12 10208 
6 59 19 13 10086 
6 59 33 12 10086 
6 59 49 13 10086 
7 0 3 12 10086 
7 0 19 13 10086 
7 0 33 12 10086 
7 0 49 13 10086 
7 1 3 12 10086 
7 1 19 13 10086 
7 1 33 12 10086 
7 1 49 13 10086 
7 2 3 12 10086 
7 2 19 13 10086 
7 2 33 12 10086 
7 2 49 13 10086 
7 3 3 12 10086 
7 3 19 13 10086 
7 3 33 12 10086 
7 3 49 13 10086 
7 4 3 12 10086 
7 4 19 13 10086 
7 4 33 12 10086 
7 4 49 13 10086 
7 5 3 12 10086 
7 5 19 13 10086 
7 5 33 12 10086 
7 5 49 13 10086 
7 6 3 12 10086 
7 6 19 13 10086 
7 6 33 12 10086 
7 6 49 13 10086 
7 7 3 12 10086 
7 7 19 13 10086 
7 7 33 12 10086 
7 7 49 13 10086 
7 8 3 12 10086 
7 8 19 13 10086 
7 8 33 12 10086 
7 8 49 13 10086 
7 9 3 12 10086 
7 9 19 13 10086 
7 9 33 12 10086 
7 9 49 13 10086 
7 12 20 13 10086 
7 12 35 12 10086 
7 12 50 13 10086 
7 13 5 12 10086 
7 13 20 13 10086 
7 13 35 12 10086 
7 13 50 13 10086 
7 14 5 12 10086 
7 14 20 13 10086 
7 14 35 12 10086 
7 14 50 13 10086 
7 15 5 12 10086 
7 15 20 13 10086 
7 15 35 12 10086 
7 15 50 13 10086 
7 16 5 12 10086 
7 16 20 13 10086 
7 16 35 12 10086 
7 16 50 13 10086 
7 17 5 12 10086 
7 17 20 13 10086 
7 17 35 12 10086 
7 17 50 13 10086 
7 18 5 12 10086 
7 18 20 13 10086 
7 18 35 12 10086 
7 18 50 13 10086 
7 19 5 12 10086 
7 19 20 13 10086 
7 19 35 12 10086 
7 19 50 13 10086 
7 20 5 12 10086 
7 20 20 13 10086 
7 20 35 12 10086 
7 20 50 13 10086 
7 21 5 12 10086 
7 21 20 13 10086 
7 21 35 12 10086 
7 21 50 13 10086 
7 22 5 12 10086 
7 22 20 13 10086 
7 22 35 12 10086 
7 22 50 13 10086 
7 23 5 12 10086 
7 23 20 13 10086 
7 23 35 12 10086 
7 23 50 13 10086 
7 24 5 12 10086 
7 24 20 13 10086 
7 24 35 12 10086 
7 24 50 13 10086 
7 25 5 12 10086 
7 25 20 13 10086 
7 25 35 12 10086 
7 25 50 13 10086 
7 26 5 12 10086 
7 26 20 13 10086 
7 26 35 12 10086 
7 26 50 13 10086 
7 29 20 13 10086 
7 29 35 12 10086 
7 29 50 13 10086 
7 30 5 12 10086 
7 30 20 13 10086 
7 30 35 12 10086 
7 30 50 13 10086 
7 31 5 12 10086 
7 31 20 13 10086 
7 31 35 12 10086 
7 31 50 13 10086 
7 32 5 12 10086 
7 32 20 13 10086 
7 32 35 12 10086 
7 32 50 13 10086 
7 33 5 12 10086 
7 33 20 13 10086 
7 33 35 12 10086 
7 33 50 13 10086 
7 34 5 12 10086 
7 34 20 13 10086 
7 34 35 12 10086 
7 34 50 13 10086 
7 35 5 12 10086 
7 35 20 13 10086 
7 35 35 12 10086 
7 35 50 13 10086 
7 36 5 12 10086 
7 36 20 13 10086 
7 36 35 12 10086 
7 36 50 13 10086 
7 37 5 12 10086 
7 37 20 13 10086 
7 37 35 12 10086 
7 37 50 13 10086 
7 38 5 12 10086 
7 38 20 13 10086 
7 38 35 12 10086 
7 38 50 13 10086 
7 39 5 12 10086 
7 39 20 13 10086 
7 39 35 12 10086 
7 39 50 13 10086 
7 40 5 12 10086 
7 40 20 13 10086 
7 40 35 12 10086 
7 40 50 13 10086 
7 41 5 12 10086 
7 41 20 13 10086 
7 41 35 12 10086 
7 41 50 13 10086 
7 42 5 12 10086 
7 42 20 13 10086 
7 42 35 12 10086 
7 42 50 13 10086 
7 43 5 12 10086 
7 43 20 13 10086 
7 43 35 12 10086 
7 43 50 13 10086 
7 46 20 13 10086 
7 46 35 12 10086 
7 46 50 13 10086 
7 47 5 12 10086 
7 47 20 13 10086 
7 47 35 12 10086 
7 47 50 13 10086 
7 48 5 12 10086 
7 48 20 13 10086 
7 48 35 12 10086 
7 48 50 13 10086 
7 49 5 12 10086 
7 49 20 13 10086 
7 49 35 12 10086 
7 49 50 13 10086 
7 50 5 12 10086 
7 50 20 13 10086 
7 50 35 12 10086 
7 50 50 13 10086 
7 51 5 12 10086 
7 51 20 13 10086 
7 51 35 12 10086 
7 51 50 13 10086 
7 52 5 12 10086 
7 52 20 13 10086 
7 52 35 12 10086 
7 52 50 13 10086 
7 53 5 12 10086 
7 53 20 13 10086 
7 53 35 12 10086 
7 53 50 13 10086 
7 54 5 12 10086 
7 54 20 13 10086 
7 54 35 12 10086 
7 54 50 13 10086 
7 55 5 12 10086 
7 55 20 13 10086 
7 55 35 12 10086 
7 55 50 13 10086 
7 56 5 12 10086 
7 56 20 13 10086 
7 56 35 12 10086 
7 56 50 13 10086 
7 57 5 12 10086 
7 57 20 13 10086 
7 57 35 12 10086 
7 57 50 13 10086 
7 58 5 12 10086 
7 58 20 13 10086 
7 58 35 12 10086 
7 58 50 13 10086 
7 59 5 12 10086 
7 59 20 13 10086 
7 59 35 12 10086 
7 59 50 13 10086 
8 0 5 12 10086 
8 0 20 13 10086 
8 0 35 12 10086 
8 0 50 13 10086 
8 3 20 13 10086 
8 3 35 12 10086 
8 3 50 13 10086 
8 4 5 12 10086 
8 4 20 13 10086 
8 4 35 12 10086 
8 4 50 13 10086 
8 5 5 12 10086 
9 8 19 13 10026 
9 8 34 12 10086 
9 8 49 13 10086 
9 9 4 12 10086 
9 9 19 13 10086 
9 9 34 12 10086 
9 9 49 13 10086 
9 10 4 12 10086 
9 10 19 13 10086 
9 10 34 12 10086 
9 10 49 13 10086 
9 11 4 12 10086 
9 11 19 13 10086 
9 11 34 12 10086 
9 11 49 13 10086 
9 12 4 12 10086 
9 12 19 13 10086 
9 12 34 12 10086 
9 12 49 13 10086 
9 13 4 12 10086 
9 13 19 13 10086 
9 13 34 12 10086 
9 13 49 13 10086 
9 14 4 12 10086 
9 14 19 13 10086 
9 14 34 12 10086 
9 14 49 13 10086 
9 15 4 12 10086 
9 15 19 13 10086 
9 15 34 12 10086 
9 15 49 13 10086 
9 16 4 12 10086 
9 16 19 13 10086 
9 16 34 12 10026 
9 16 49 13 10086 
9 17 4 12 10086 
9 17 19 13 10086 
9 17 34 12 10086 
9 17 49 13 10086 
9 18 4 12 10086 
9 18 19 13 10086 
9 18 34 12 10086 
9 18 49 13 10086 
9 19 4 12 10086 
9 19 19 13 10086 
9 19 34 12 10086 
9 19 49 13 10086 
9 20 4 12 10086 
9 20 19 13 10086 
9 20 34 12 10086 
9 20 49 13 10086 
9 21 4 12 10086 
9 21 19 13 10086 
9 21 34 12 10086 
9 21 49 13 10086 
9 22 4 12 10086 
9 22 19 13 10086 
9 24 50 12 10086 
9 25 6 13 10086 
9 25 20 12 10086 
9 25 36 13 10086 
9 25 50 12 10086 
9 26 6 13 10026 
9 26 20 12 10086 
9 26 36 13 10026 
9 26 50 12 10026 
9 27 6 13 10086 
9 27 20 12 10026 
9 27 36 13 10086 
9 27 50 12 10086 
9 28 6 13 10026 
9 28 20 12 10086 
9 28 36 13 10086 
9 28 50 12 10026 
9 29 6 13 10026 
9 29 20 12 10026 
9 29 36 13 10086 
9 29 50 12 10086 
9 30 6 13 10086 
9 30 20 12 10086 
9 30 36 13 10086 
9 30 50 12 10086 
9 31 6 13 10086 
9 31 20 12 10086 
9 31 36 13 10086 
9 31 50 12 10086 
9 32 6 13 10086 
9 32 20 12 10086 
9 32 36 13 10086 
9 32 50 12 10086 
9 33 6 13 10086 
9 33 20 12 10086 
9 33 36 13 10086 
9 33 50 12 10086 
9 34 6 13 10086 
9 34 20 12 10086 
9 34 36 13 10086 
9 34 50 12 10086 
9 35 6 13 10086 
9 35 20 12 10026 
9 35 36 13 10086 
9 35 50 12 10086 
9 36 6 13 10086 
9 36 20 12 10086 
9 36 36 13 10086 
9 36 50 12 10086 
9 37 6 13 10086 
9 37 22 13 10086 
9 37 36 12 10086 
9 37 52 13 10086 
9 38 6 12 10086 
9 38 22 13 10026 
9 38 36 12 10086 
9 38 52 13 10086 
9 39 6 12 10086 
9 39 22 13 10086 
9 41 52 13 10086 
9 42 6 12 10086 
9 42 22 13 10086 
9 42 36 12 10086 
9 42 52 13 10086 
9 43 6 12 10086 
9 43 22 13 10086 
9 43 36 12 10026 
9 43 52 13 10026 
9 44 6 12 10086 
9 44 22 13 10086 
9 44 36 12 10086 
9 44 52 13 10086 
9 45 6 12 10086 
9 45 22 13 10086 
9 45 36 12 10086 
9 45 52 13 10086 
9 46 6 12 10086 
9 46 22 13 10086 
9 46 36 12 10086 
9 46 52 13 10086 
9 47 6 12 10086 
9 47 22 13 10086 
9 47 36 12 10086 
9 47 52 13 10086 
9 48 6 12 10086 
9 48 22 13 10086 
9 48 36 12 10086 
9 48 52 13 10086 
9 49 6 12 10086 
9 49 22 13 10086 
9 49 36 12 10086 
9 49 52 13 10086 
9 50 6 12 10086 
9 50 22 13 10086 
9 50 36 12 10086 
9 50 52 13 10086 
9 51 6 12 10086 
9 51 22 13 10086 
9 51 36 12 10086 
9 51 52 13 10086 
9 52 6 12 10086 
9 52 22 13 10086 
9 52 36 12 10086 
9 52 52 13 10086 
9 53 6 12 10086 
9 53 22 13 10086 
9 53 36 12 10086 
9 53 52 13 10086 
9 54 6 12 10086 
9 54 22 13 10086 
9 54 36 12 10086 
9 54 52 13 10026 
9 55 6 12 10086 
9 55 22 13 10086 
9 55 36 12 10086 
9 55 52 13 10086 
9 56 6 12 10086 
9 56 22 13 10086 
9 58 52 13 10086 
9 59 6 12 10086 
9 59 22 13 10086 
9 59 36 12 10086 
9 59 52 13 10086 
10 0 6 12 10086 
10 0 22 13 10086 
10 0 36 12 10086 
10 0 52 13 10086 
10 1 6 12 10086 
10 1 22 13 10086 
10 1 36 12 10086 
10 1 52 13 10086 
10 2 6 12 10086 
10 2 22 13 10086 
10 2 36 12 10086 
10 2 52 13 10086 
10 3 6 12 10086 
10 3 22 13 10086 
10 3 36 12 10086 
10 3 52 13 10026 
10 4 6 12 10026 
10 4 22 13 10086 
10 4 36 12 10086 
10 4 52 13 10086 
10 5 6 12 10086 
10 5 22 13 10086 
10 5 36 12 10086 
10 5 52 13 10086 
10 6 6 12 10086 
10 6 22 13 10086 
10 6 36 12 10086 
10 6 52 13 10086 
10 7 6 12 10086 
10 7 22 13 10086 
10 7 36 12 10086 
10 7 52 13 10086 
10 8 6 12 10086 
10 8 22 13 10086 
10 8 36 12 10086 
10 8 52 13 10086 
10 9 6 12 10086 
10 9 22 13 10086 
10 9 36 12 10086 
10 9 52 13 10026 
10 10 6 12 10086 
10 10 22 13 10086 
10 10 36 12 10086 
10 10 52 13 10086 
10 11 6 12 10086 
10 11 22 13 10086 
10 11 36 12 10086 
10 11 52 13 10026 
10 12 6 12 10086 
10 12 22 13 10086 
10 12 36 12 10086 
10 12 52 13 10086 
10 13 6 12 10086 
10 13 22 13 10086 
10 15 52 13 10086 
10 16 6 12 10086 
10 16 22 13 10086 
10 16 36 12 10086 
10 16 52 13 10086 
10 17 6 12 10086 
10 17 22 13 10086 
10 17 36 12 10086 
10 17 52 13 10086 
10 18 6 12 10086 
10 18 22 13 10086 
10 18 36 12 10086 
10 18 52 13 10086 
10 19 6 12 10086 
10 19 22 13 10086 
10 19 36 12 10086 
10 19 52 13 10086 
10 20 6 12 10086 
10 20 22 13 10026 
10 20 36 12 10086 
10 20 52 13 10086 
10 21 6 12 10086 
10 21 22 13 10086 
10 21 36 12 10086 
10 21 52 13 10086 
10 22 6 12 10086 
10 22 22 13 10086 
10 22 36 12 10026 
10 22 52 13 10086 
10 23 6 12 10086 
10 23 22 13 10086 
10 23 36 12 10086 
10 23 52 13 10086 
10 24 6 12 10086 
10 24 22 13 10086 
10 24 36 12 10086 
10 24 52 13 10086 
10 25 6 12 10086 
10 25 22 13 10086 
10 25 36 12 10086 
10 25 52 13 10086 
10 26 6 12 10086 
10 26 22 13 10086 
10 26 36 12 10086 
10 26 52 13 10086 
10 27 6 12 10086 
10 27 22 13 10086 
10 27 36 12 10086 
10 27 52 13 10026 
10 28 6 12 10086 
10 28 22 13 10086 
10 28 36 12 10086 
10 28 52 13 10086 
10 29 6 12 10086 
10 29 22 13 10086 
10 29 36 12 10086 
10 29 52 13 10086 
10 30 6 12 10086 
10 30 22 13 10086 
10 32 52 13 10026 
10 33 6 12 10086 
10 33 22 13 10086 
10 33 36 12 10086 
10 33 52 13 10086 
10 34 6 12 10086 
10 34 22 13 10086 
10 34 36 12 10086 
10 34 52 13 10086 
10 35 6 12 10086 
10 35 22 13 10086 
10 35 36 12 10086 
10 35 52 13 10086 
10 36 6 12 10086 
10 36 22 13 10086 
10 36 36 12 10086 
10 36 52 13 10086 
10 37 6 12 10086 
10 37 22 13 10086 
10 37 36 12 10086 
10 37 52 13 10086 
10 38 6 12 10086 
10 38 22 13 10086 
10 38 36 12 10086 
10 38 52 13 10086 
10 39 6 12 10086 
10 39 22 13 10086 
10 39 36 12 10086 
10 39 52 13 10086 
10 40 6 12 10026 
10 40 22 13 10026 
10 40 36 12 10086 
10 40 52 13 10086 
10 41 6 12 10086 
10 41 22 13 10086 
10 41 36 12 10086 
10 41 52 13 10086 
10 42 6 12 10086 
10 42 22 13 10086 
10 42 36 12 10086 
10 42 52 13 10026 
10 43 6 12 10086 
10 43 22 13 10086 
10 43 36 12 10086 
10 43 52 13 10086 
10 44 6 12 10086 
10 44 22 13 10086 
10 44 36 12 10086 
10 44 52 13 10086 
10 45 6 12 10086 
10 45 22 13 10086 
10 45 36 12 10086 
10 45 52 13 10086 
10 46 6 12 10086 
10 46 22 13 10086 
10 46 36 12 10086 
10 46 52 13 10086 
10 47 6 12 10086 
10 47 22 13 10086 
10 49 52 13 10086 
10 50 6 12 10086 
10 50 22 13 10086 
10 50 36 12 10086 
10 50 52 13 10086 
10 51 6 12 10086 
10 51 22 13 10086 
10 51 36 12 10086 
10 51 52 13 10086 
10 52 6 12 10086 
10 52 22 13 10086 
10 52 36 12 10086 
10 52 52 13 10086 
10 53 6 12 10086 
10 53 22 13 10086 
10 53 36 12 10086 
10 53 52 13 10086 
10 54 6 12 10086 
10 54 22 13 10086 
10 54 36 12 10086 
10 54 52 13 10086 
10 55 6 12 10086 
10 55 22 13 10086 
10 55 36 12 10026 
10 55 52 13 10086 
10 56 6 12 10086 
10 56 22 13 10086 
10 56 36 12 10086 
10 56 52 13 10086 
10 57 6 12 10086 
10 57 22 13 10086 
10 57 36 12 10086 
10 57 52 13 10086 
10 58 6 12 10086 
10 58 22 13 10086 
10 58 36 12 10086 
10 58 52 13 10086 
10 59 6 12 10086 
10 59 22 13 10086 
10 59 36 12 10086 
10 59 52 13 10086 
11 0 6 12 10086 
11 0 22 13 10086 
11 0 36 12 10086 
11 0 52 13 10086 
11 1 6 12 10086 
11 1 22 13 10086 
11 1 36 12 10086 
11 1 52 13 10086 
11 2 6 12 10086 
11 2 22 13 10086 
11 2 36 12 10086 
11 2 52 13 10086 
11 3 6 12 10086 
11 3 22 13 10086 
11 3 36 12 10086 
11 3 52 13 10086 
11 4 6 12 10086 
11 4 22 13 10026 
11 6 53 13 10086 
11 7 7 12 10086 
11 7 23 13 10086 
11 7 37 12 10086 
11 7 53 13 10086 
11 8 7 12 10086 
11 8 23 13 10086 
11 8 37 12 10086 
11 8 53 13 10086 
11 9 7 12 10086 
11 9 23 13 10086 
11 9 37 12 10086 
11 9 53 13 10086 
11 10 7 12 10086 
11 10 23 13 10086 
11 10 37 12 10086 
11 10 53 13 10086 
11 11 7 12 10086 
11 11 23 13 10086 
11 11 37 12 10086 
11 11 53 13 10086 
11 12 7 12 10086 
11 12 23 13 10086 
11 12 37 12 10086 
11 12 53 13 10086 
11 13 7 12 10086 
11 13 23 13 10086 
11 13 37 12 10086 
11 13 53 13 10086 
11 14 7 12 10086 
11 14 23 13 10086 
11 14 37 12 10086 
11 14 53 13 10086 
11 15 7 12 10086 
11 15 23 13 10086 
11 15 37 12 10086 
11 15 53 13 10086 
11 16 7 12 10086 
11 16 23 13 10086 
11 16 37 12 10086 
11 16 53 13 10086 
11 17 7 12 10086 
11 17 23 13 10086 
11 17 37 12 10086 
11 17 53 13 10086 
11 18 7 12 10086 
11 18 23 13 10086 
11 18 37 12 10086 
11 18 53 13 10086 
11 19 7 12 10086 
11 19 23 13 10086 
11 19 37 12 10086 
11 19 53 13 10086 
11 20 7 12 10086 
11 20 23 13 10086 
11 20 37 12 10086 
11 20 53 13 10086 
11 21 7 12 10086 
11 21 23 13 10086 
11 23 53 13 10086 
11 24 7 12 10086 
11 24 23 13 10086 
11 24 37 12 10086 
11 24 53 13 10086 
11 25 7 12 10086 
11 25 23 13 10086 
11 25 37 12 10086 
11 25 53 13 10086 
11 26 7 12 10086 
11 26 23 13 10086 
11 26 37 12 10086 
11 26 53 13 10086 
11 27 7 12 10086 
11 27 23 13 10086 
11 27 37 12 10086 
11 27 53 13 10086 
11 28 7 12 10086 
11 28 23 13 10086 
11 28 37 12 10086 
11 28 53 13 10086 
11 29 7 12 10086 
11 29 23 13 10086 
11 29 37 12 10086 
11 29 53 13 10086 
11 30 7 12 10086 
11 30 23 13 10086 
11 30 37 12 10086 
11 30 53 13 10086 
11 31 7 12 10086 
11 31 23 13 10086 
11 31 37 12 10086 
11 31 53 13 10086 
11 32 7 12 10086 
11 32 23 13 10086 
11 32 37 12 10086 
11 32 53 13 10086 
11 33 7 12 10086 
11 33 23 13 10086 
11 33 37 12 10086 
11 33 53 13 10086 
11 34 7 12 10086 
11 34 23 13 10086 
11 34 37 12 10086 
11 34 53 13 10086 
11 35 7 12 10086 
11 35 23 13 10086 
11 35 37 12 10086 
11 35 53 13 10086 
11 36 7 12 10086 
11 36 23 13 10086 
11 36 37 12 10086 
11 36 53 13 10086 
11 37 7 12 10086 
11 37 23 13 10086 
11 37 37 12 10086 
11 37 53 13 10086 
11 38 7 12 10086 
11 38 23 13 10086 
11 40 53 13 10086 
11 41 7 12 10086 
11 41 23 13 10086 
11 41 37 12 10086 
11 41 53 13 10086 
11 42 7 12 10086 
11 42 23 13 10086 
11 42 37 12 10026 
11 42 53 13 10086 
11 43 7 12 10086 
11 43 23 13 10086 
11 43 37 12 10086 
11 43 53 13 10086 
11 44 7 12 10086 
11 44 23 13 10086 
11 44 37 12 10086 
11 44 53 13 10086 
11 45 7 12 10086 
11 45 23 13 10026 
11 45 37 12 10086 
11 45 53 13 10086 
11 46 7 12 10086 
11 46 23 13 10086 
11 46 37 12 10086 
11 46 53 13 10086 
11 47 7 12 10086 
11 47 23 13 10086 
11 47 37 12 10086 
11 47 53 13 10086 
11 48 7 12 10086 
11 48 23 13 10086 
11 48 37 12 10086 
11 48 53 13 10086 
11 49 7 12 10086 
11 49 23 13 10086 
11 49 37 12 10086 
11 49 53 13 10086 
11 50 7 12 10086 
11 50 23 13 10086 
11 50 37 12 10086 
11 50 53 13 10086 
11 51 7 12 10086 
11 51 23 13 10086 
11 51 37 12 10086 
11 51 53 13 10086 
11 52 7 12 10086 
11 52 23 13 10086 
11 52 37 12 10086 
11 52 53 13 10086 
11 53 7 12 10086 
11 53 23 13 10086 
11 53 37 12 10086 
11 53 53 13 10086 
11 54 7 12 10086 
11 54 23 13 10086 
11 54 37 12 10086 
11 54 53 13 10086 
11 55 7 12 10086 
11 55 23 13 10086 
11 57 54 13 10086 
11 58 8 12 10086 
11 58 24 13 10086 
11 58 38 12 10086 
11 58 54 13 10086 
11 59 8 12 10086 
11 59 24 13 10086 
11 59 38 12 10086 
11 59 54 13 10086 
12 0 8 12 10086 
12 0 24 13 10086 
12 0 38 12 10086 
12 0 54 13 10086 
12 1 8 12 10086 
12 1 24 13 10086 
12 1 38 12 10086 
12 1 54 13 10086 
12 2 8 12 10086 
12 2 24 13 10086 
12 2 38 12 10086 
12 2 54 13 10086 
12 3 8 12 10086 
12 3 24 13 10086 
12 3 38 12 10086 
12 3 54 13 10086 
12 4 8 12 10086 
12 4 24 13 10086 
12 4 38 12 10086 
12 4 54 13 10086 
12 5 8 12 10086 
12 5 24 13 10086 
12 5 38 12 10086 
12 5 54 13 10086 
12 6 8 12 10086 
12 6 24 13 10086 
12 6 38 12 10086 
12 6 54 13 10086 
12 7 8 12 10086 
12 7 24 13 10086 
12 7 38 12 10086 
12 7 54 13 10086 
12 8 8 12 10086 
12 8 24 13 10086 
12 8 38 12 10086 
12 8 54 13 10086 
12 9 8 12 10086 
12 9 24 13 10086 
12 9 38 12 10086 
12 9 54 13 10086 
12 10 8 12 10086 
12 10 24 13 10086 
12 10 38 12 10086 
12 10 54 13 10086 
12 11 8 12 10086 
12 11 24 13 10086 
12 11 38 12 10086 
12 11 54 13 10086 
12 12 8 12 10086 
12 12 24 13 10086 
12 14 54 13 10086 
12 15 8 12 10086 
12 15 24 13 10086 
12 15 38 12 10086 
12 15 54 13 10086 
12 16 8 12 10086 
12 16 24 13 10086 
12 16 38 12 10086 
12 16 54 13 10086 
12 17 8 12 10086 
12 17 24 13 10086 
12 17 38 12 10086 
12 17 54 13 10086 
12 18 8 12 10086 
12 18 24 13 10086 
12 18 38 12 10086 
12 18 54 13 10086 
12 19 8 12 10086 
12 19 24 13 10086 
12 19 38 12 10086 
12 19 54 13 10086 
12 20 8 12 10086 
12 20 24 13 10086 
12 20 38 12 10086 
12 20 54 13 10086 
12 21 8 12 10086 
12 21 24 13 10086 
12 21 38 12 10086 
12 21 54 13 10086 
12 22 8 12 10086 
12 22 24 13 10086 
12 22 38 12 10086 
12 22 54 13 10086 
12 23 8 12 10086 
12 23 24 13 10086 
12 23 38 12 10086 
12 23 54 13 10086 
12 24 8 12 10086 
12 24 24 13 10086 
12 24 38 12 10086 
12 24 54 13 10086 
12 25 8 12 10086 
12 25 24 13 10086 
12 25 38 12 10086 
12 25 54 13 10086 
12 26 8 12 10086 
12 26 24 13 10086 
12 26 38 12 10086 
12 26 54 13 10086 
12 27 8 12 10086 
12 27 24 13 10086 
12 27 38 12 10086 
12 27 54 13 10086 
12 28 8 12 10086 
12 28 24 13 10086 
12 28 38 12 10086 
12 28 54 13 10086 
12 29 8 12 10086 
12 29 24 13 10086 
12 31 55 13 10086 
12 32 10 12 10086 
12 32 25 13 10086 
12 32 40 12 10086 
12 32 55 13 10086 
12 33 10 12 10086 
12 33 25 13 10086 
12 33 40 12 10086 
12 33 55 13 10086 
12 34 10 12 10086 
12 34 25 13 10086 
12 34 40 12 10086 
12 34 55 13 10086 
12 35 10 12 10086 
12 35 25 13 10086 
12 35 40 12 10086 
12 35 55 13 10086 
12 36 10 12 10086 
12 36 25 13 10086 
12 36 40 12 10086 
12 36 55 13 10086 
12 37 10 12 10086 
12 37 25 13 10086 
12 37 40 12 10086 
12 37 55 13 10086 
12 38 10 12 10086 
12 38 25 13 10086 
12 38 40 12 10086 
12 38 55 13 10086 
12 39 10 12 10086 
12 39 25 13 10086 
12 39 40 12 10086 
12 39 55 13 10086 
12 40 10 12 10086 
12 40 25 13 10086 
12 40 40 12 10086 
12 40 55 13 10086 
12 41 10 12 10086 
12 41 25 13 10086 
12 41 40 12 10086 
12 41 55 13 10086 
12 42 10 12 10086 
12 42 25 13 10086 
12 42 40 12 10086 
12 42 55 13 10086 
12 43 10 12 10086 
12 43 25 13 10086 
12 43 40 12 10086 
12 43 55 13 10086 
12 44 10 12 10086 
12 44 25 13 10086 
12 44 40 12 10086 
12 44 55 13 10086 
12 45 10 12 10086 
12 45 25 13 10086 
12 45 40 12 10086 
12 45 55 13 10086 
12 46 10 12 10086 
12 46 25 13 10086 
12 48 55 13 10086 
12 49 10 12 10086 
12 49 25 13 10086 
12 49 40 12 10086 
12 49 55 13 10086 
12 50 10 12 10086 
12 50 25 13 10086 
12 50 40 12 10086 
12 50 55 13 10086 
12 51 10 12 10086 
12 51 25 13 10086 
12 51 40 12 10086 
12 51 55 13 10086 
12 52 10 12 10086 
12 52 25 13 10086 
12 52 40 12 10086 
12 52 55 13 10086 
12 53 10 12 10086 
12 53 25 13 10086 
12 53 40 12 10086 
12 53 55 13 10086 
12 54 10 12 10086 
12 54 25 13 10086 
12 54 40 12 10086 
12 54 55 13 10086 
12 55 10 12 10086 
12 55 25 13 10086 
12 55 40 12 10086 
12 55 55 13 10086 
12 56 10 12 10086 
12 56 25 13 10026 
12 56 40 12 10086 
12 56 55 13 10086 
12 57 10 12 10086 
12 57 25 13 10086 
12 57 40 12 10086 
12 57 55 13 10086 
12 58 10 12 10026 
12 58 25 13 10026 

/> 