read  0816

read  0816
<CR>Time:2021/08/15 13:43
Hours Minutes Seconds  Nb_Samples    Aver. Current 
7 29 29 223 9534 
7 29 44 219 11061 
7 29 59 224 12712 
7 30 14 224 15156 
7 30 29 224 16745 
7 30 44 224 17601 
7 30 59 224 19312 
7 31 14 224 20351 
7 31 29 224 20290 
7 31 44 224 20045 
7 31 59 224 20045 
7 32 44 224 20045 
7 32 59 224 20045 
7 33 14 224 20045 
7 33 29 224 20045 
7 33 44 224 20045 
7 33 59 224 20045 
7 34 14 224 20045 
7 34 29 224 20045 
7 34 44 224 20045 
7 34 59 224 20045 
7 35 14 224 20045 
7 35 29 224 20045 
7 35 44 224 19984 
7 35 59 224 19984 
7 36 14 224 19984 
7 36 29 224 19984 
7 36 44 224 19984 
7 36 59 224 19984 
7 37 14 224 19984 
7 37 29 224 19984 
7 37 44 224 19984 
7 37 59 224 19984 
7 38 14 224 19984 
7 38 29 224 19984 
7 38 44 224 19984 
7 38 59 224 19984 
7 39 14 224 19984 
7 39 29 224 19984 
7 39 44 224 19984 
7 39 59 224 19984 
7 40 14 224 19984 
7 40 29 224 19984 
7 40 44 224 19984 
7 40 59 224 19984 
7 41 14 224 19984 
7 41 29 224 19984 
7 41 44 224 19984 
7 42 36 224 19984 
7 42 51 224 19984 
7 43 6 224 19984 
7 43 21 224 19984 
7 43 36 224 19984 
7 43 51 224 19984 
7 44 6 224 19984 
7 44 21 224 19984 
7 44 36 224 19984 
7 44 51 224 19984 
7 45 6 224 19984 
7 45 21 224 19984 
7 45 36 224 19984 
7 45 51 224 19984 
7 46 6 224 19984 
7 46 21 224 19984 
7 46 36 224 19984 
7 46 51 224 19984 
7 47 6 224 19984 
7 47 21 224 19984 
7 47 36 224 19984 
7 47 51 224 19984 
7 48 6 224 19984 
7 48 21 224 19984 
7 48 36 224 19984 
7 48 51 224 19984 
7 49 6 223 19984 
7 49 21 224 19984 
7 49 36 224 19984 
7 49 51 224 19984 
7 50 6 224 19984 
7 50 21 224 19984 
7 50 36 224 19984 
7 50 51 224 19984 
7 51 6 224 19984 
7 51 21 224 19984 
7 51 36 224 19984 
7 51 51 224 19984 
7 52 6 224 19984 
7 52 21 224 19984 
7 52 36 224 19984 
7 52 51 224 19984 
7 53 6 224 19984 
7 53 21 224 19984 
7 53 36 224 19984 
7 53 51 224 19984 
7 54 6 224 19984 
7 54 21 224 19984 
7 54 36 224 19984 
7 54 51 224 19984 
7 55 6 224 19984 
7 55 21 224 19984 
7 55 36 224 19984 
7 55 51 224 19984 
7 56 6 224 19984 
7 56 21 224 19984 
7 56 36 224 19984 
7 56 51 224 19984 
7 57 28 224 19984 
7 57 43 224 19984 
7 57 58 224 19984 
7 58 13 224 19984 
7 58 28 224 19984 
7 58 43 224 19984 
7 58 58 224 19984 
7 59 13 223 19984 
7 59 28 224 19984 
7 59 43 224 19984 
7 59 58 224 19984 
8 0 13 224 19984 
8 0 28 224 19984 
8 0 43 224 19984 
8 0 58 224 19984 
8 1 13 224 19984 
8 1 28 224 19984 
8 1 43 224 19984 
8 1 58 224 19984 
8 2 13 224 19984 
8 2 28 224 19984 
8 2 43 224 19984 
8 2 58 224 19984 
8 3 13 224 19984 
8 3 28 224 19984 
8 3 43 224 19984 
8 3 58 224 19984 
8 4 13 224 19984 
8 4 28 224 19984 
8 4 43 224 19984 
8 4 58 224 19984 
8 5 13 224 19984 
8 5 28 224 19984 
8 5 43 224 19984 
8 5 58 224 19984 
8 6 13 224 19984 
8 6 28 224 19984 
8 6 43 224 19984 
8 6 58 224 19984 
8 7 13 224 19984 
8 7 28 224 19984 
8 7 43 224 19984 
8 7 58 224 19984 
8 8 13 224 19984 
8 8 28 224 19984 
8 8 43 224 19984 
8 8 58 224 19984 
8 9 13 224 19984 
8 9 28 224 19984 
8 9 43 224 19984 
8 9 58 224 19984 
8 10 13 224 19984 
8 10 28 224 19984 
8 10 43 224 19984 
8 10 58 224 19984 
8 11 13 224 19984 
8 11 28 224 19984 
8 11 43 224 19984 
8 11 58 224 19984 
8 12 50 224 19984 
8 13 5 224 19984 
8 13 20 224 19984 
8 13 35 224 19984 
8 13 50 224 19984 
8 14 5 224 19984 
8 14 20 224 19984 
8 14 35 224 19984 
8 14 50 224 19984 
8 15 5 224 19984 
8 15 20 224 19984 
8 15 35 224 19984 
8 15 50 224 19984 
8 16 5 224 19984 
8 16 20 224 19984 
8 16 35 224 19984 
8 16 50 224 19984 
8 17 5 224 19984 
8 17 20 224 19984 
8 17 35 224 19984 
8 17 50 224 19984 
8 18 5 224 19984 
8 18 20 224 19984 
8 18 35 224 19984 
8 18 50 224 19984 
8 19 5 224 19984 
8 19 20 224 19984 
8 19 35 224 19984 
8 19 50 224 19984 
8 20 5 224 19984 
8 20 20 224 19984 
8 20 35 224 19984 
8 20 50 224 19984 
8 21 5 224 19984 
8 21 20 224 19984 
8 21 35 224 19984 
8 21 50 224 19984 
8 22 5 224 19984 
8 22 20 224 19984 
8 22 35 224 19984 
8 22 50 224 19984 
8 23 5 224 19984 
8 23 20 224 19984 
8 23 35 224 19984 
8 23 50 224 19984 
8 24 5 224 19984 
8 24 20 224 19984 
8 24 35 224 19984 
8 24 50 224 19984 
8 25 5 224 19984 
8 25 20 224 19984 
8 25 35 224 19984 
8 25 50 224 19984 
8 26 5 224 19984 
8 26 20 224 19984 
8 26 35 224 19984 
8 26 50 224 19984 
8 27 5 224 19984 
8 27 42 224 19984 
8 27 57 224 19984 
8 28 12 224 19984 
8 28 27 224 19984 
8 28 42 223 19984 
8 28 57 224 19984 
8 29 12 224 19984 
8 29 27 224 19984 
8 29 42 224 19984 
8 29 57 224 19984 
8 30 12 224 19984 
8 30 27 224 19984 
8 30 42 224 19984 
8 30 57 224 19984 
8 31 12 224 19984 
8 31 27 224 19984 
8 31 42 224 19984 
8 31 57 224 19984 
8 32 12 224 19984 
8 32 27 224 19984 
8 32 42 224 19984 
8 32 57 224 19984 
8 33 12 224 19984 
8 33 27 224 19984 
8 33 42 224 19984 
8 33 57 224 19984 
8 34 12 224 19984 
8 34 27 224 19984 
8 34 42 224 19984 
8 34 57 224 19984 
8 35 12 224 19984 
8 35 27 224 19984 
8 35 42 224 19984 
8 35 57 224 19984 
8 36 12 224 19984 
8 36 27 224 19984 
8 36 42 224 19984 
8 36 57 224 19984 
8 37 12 224 19984 
8 37 27 224 19984 
8 37 42 224 19984 
8 37 57 224 19984 
8 38 12 224 19984 
8 38 27 224 19984 
8 38 42 224 19984 
8 38 57 224 19984 
8 39 12 224 19984 
8 39 27 224 19984 
8 39 42 224 19984 
8 39 57 224 19923 
8 40 12 224 19984 
8 40 27 224 19984 
8 40 42 224 19984 
8 40 57 224 19984 
8 41 12 224 19984 
8 41 27 224 19984 
8 41 42 224 19984 
8 41 57 224 19984 
8 42 12 224 19984 
8 43 4 224 19984 
8 43 19 224 19984 
8 43 34 224 19984 
8 43 49 224 19984 
8 44 4 224 19984 
8 44 19 224 19984 
8 44 34 224 19984 
8 44 49 224 19984 
8 45 4 224 19984 
8 45 19 224 19984 
8 45 34 224 19984 
8 45 49 224 19984 
8 46 4 224 19984 
8 46 19 224 19984 
8 46 34 224 19984 
8 46 49 224 19984 
8 47 4 224 19984 
8 47 19 224 19923 
8 47 34 224 19984 
8 47 49 224 19923 
8 48 4 224 19984 
8 48 19 224 19984 
8 48 34 224 19984 
8 48 49 224 19984 
8 49 4 224 19984 
8 49 19 224 19984 
8 49 34 224 19984 
8 49 49 224 19984 
8 50 4 224 19984 
8 50 19 224 19984 
8 50 34 224 19984 
8 50 49 224 19984 
8 51 4 224 19984 
8 51 19 223 19984 
8 51 34 224 19923 
8 51 49 224 19984 
8 52 4 224 19984 
8 52 19 224 19984 
8 52 34 224 19984 
8 52 49 224 19984 
8 53 4 224 19923 
8 53 19 224 19984 
8 53 34 224 19923 
8 53 49 224 19984 
8 54 4 224 19984 
8 54 19 224 19984 
8 54 34 224 19984 
8 54 49 225 19923 
8 55 4 224 19923 
8 55 19 224 19923 
8 55 34 224 19923 
8 55 49 224 19984 
8 56 4 224 19984 
8 56 19 224 19984 
8 56 34 224 19923 
8 56 49 224 19923 
8 57 4 224 19923 
8 57 19 224 19923 
8 58 11 224 19923 
8 58 26 224 19923 
8 58 41 224 19984 
8 58 56 224 19923 
8 59 11 224 19923 
8 59 26 224 19984 
8 59 41 224 19984 
8 59 56 224 19923 
9 0 11 224 19923 
9 0 26 224 19923 
9 0 41 224 19984 
9 0 56 224 19984 
9 1 11 224 19984 
9 1 26 224 19923 
9 1 41 224 19923 
9 1 56 224 19923 
9 2 11 224 19923 
9 2 26 224 19923 
9 2 41 224 19923 
9 2 56 224 19984 
9 3 11 224 19923 
9 3 26 224 19984 
9 3 41 224 19984 
9 3 56 224 19984 
9 4 11 224 19923 
9 4 26 224 19984 
9 4 41 224 19984 
9 4 56 224 19984 
9 5 11 224 19984 
9 5 26 224 19984 
9 5 41 224 19984 
9 5 56 224 19984 
9 6 11 224 19984 
9 6 26 224 19984 
9 6 41 224 19984 
9 6 56 224 19984 
9 7 11 224 19984 
9 7 26 224 19984 
9 7 41 224 19984 
9 7 56 224 19923 
9 8 11 224 19923 
9 8 26 224 19923 
9 8 41 224 19923 
9 8 56 224 19984 
9 9 11 224 19923 
9 9 26 224 19923 
9 9 41 224 19984 
9 9 56 224 19984 
9 10 11 224 19984 
9 10 26 224 19984 
9 10 41 224 19984 
9 10 56 224 19984 
9 11 11 224 19984 
9 11 26 224 19984 
9 11 42 224 19984 
9 11 57 224 19984 
9 12 12 224 19923 
9 12 27 224 19923 
9 13 18 224 19923 
9 13 33 224 19984 
9 13 48 224 19984 
9 14 3 224 19923 
9 14 18 224 19923 
9 14 33 224 19923 
9 14 48 224 19923 
9 15 3 224 19923 
9 15 18 224 19923 
9 15 33 224 19923 
9 15 48 224 19923 
9 16 3 224 19923 
9 16 18 224 19923 
9 16 33 224 19984 
9 16 48 224 19984 
9 17 3 224 19984 
9 17 18 224 19923 
9 17 34 224 19923 
9 17 49 224 19923 
9 18 4 224 19984 
9 18 19 224 19923 
9 18 34 224 19923 
9 18 49 224 19923 
9 19 4 224 19984 
9 19 19 224 19984 
9 19 34 224 19923 
9 19 49 224 19984 
9 20 4 224 19923 
9 20 19 224 19923 
9 20 34 224 19923 
9 20 49 224 19984 
9 21 4 224 19923 
9 21 19 224 19923 
9 21 34 224 19984 
9 21 49 224 19984 
9 22 4 224 19984 
9 22 19 224 19923 
9 22 34 224 19984 
9 22 49 224 19984 
9 23 4 224 19984 
9 23 19 224 19984 
9 23 34 224 19984 
9 23 49 224 19923 
9 24 4 224 19984 
9 24 19 224 19984 
9 24 34 224 19984 
9 24 49 224 19923 
9 25 4 224 19923 
9 25 19 224 19923 
9 25 34 224 19984 
9 25 49 224 19923 
9 26 4 224 19984 
9 26 19 224 19923 
9 26 34 224 19984 
9 26 49 224 19923 
9 27 4 224 19923 
9 27 19 224 19923 
9 27 34 224 19923 
9 28 11 224 19923 
9 28 26 224 19923 
9 28 41 224 19923 
9 28 56 224 19923 
9 29 11 224 19923 
9 29 26 224 19923 
9 29 41 224 19923 
9 29 56 224 19923 
9 30 11 224 19923 
9 30 26 224 19984 
9 30 41 224 19984 
9 30 56 224 19923 
9 31 11 224 19923 
9 31 26 224 19923 
9 31 41 224 19923 
9 31 56 224 19923 
9 32 11 224 19923 
9 32 26 224 19923 
9 32 41 224 19923 
9 32 56 224 19923 
9 33 11 224 19923 
9 33 26 224 19923 
9 33 41 224 19923 
9 33 56 224 19923 
9 34 11 224 19923 
9 34 26 224 19923 
9 34 41 224 19923 
9 34 56 224 19923 
9 35 11 224 19923 
9 35 26 224 19923 
9 35 41 224 19923 
9 35 56 224 19923 
9 36 11 224 19923 
9 36 26 224 19923 
9 36 41 224 19923 
9 36 56 224 19923 
9 37 11 224 19923 
9 37 26 224 19923 
9 37 41 224 19923 
9 37 56 224 19923 
9 38 11 224 19923 
9 38 26 224 19923 
9 38 41 224 19923 
9 38 56 224 19923 
9 39 11 224 19923 
9 39 26 224 19923 
9 39 41 224 19923 
9 39 56 224 19923 
9 40 11 224 19923 
9 40 26 224 19923 
9 40 41 224 19923 
9 40 56 224 19923 
9 41 11 224 19923 
9 41 26 224 19923 
9 41 41 224 19923 
9 41 56 224 19923 
9 42 11 224 19923 
9 42 26 224 19923 
9 42 41 224 19923 
9 43 33 224 19923 
9 43 48 224 19923 
9 44 3 224 19923 
9 44 18 224 19923 
9 44 33 224 19923 
9 44 48 224 19923 
9 45 3 224 19923 
9 45 18 224 19923 
9 45 33 224 19923 
9 45 48 224 19923 
9 46 3 224 19923 
9 46 18 224 19923 
9 46 33 224 19923 
9 46 48 224 19923 
9 47 3 224 19923 
9 47 18 224 19923 
9 47 33 224 19923 
9 47 48 224 19923 
9 48 3 224 19923 
9 48 18 224 19923 
9 48 33 224 19984 
9 48 48 224 19923 
9 49 3 224 19923 
9 49 18 224 19923 
9 49 33 224 19923 
9 49 48 224 19923 
9 50 3 224 19923 
9 50 18 223 19923 
9 50 33 224 19923 
9 50 48 224 19923 
9 51 3 224 19923 
9 51 18 224 19923 
9 51 33 224 19984 
9 51 48 224 19923 
9 52 3 224 19984 
9 52 18 224 19923 
9 52 33 224 19984 
9 52 48 224 19923 
9 53 3 224 19923 
9 53 18 224 19923 
9 53 33 224 19923 
9 53 48 224 19923 
9 54 3 224 19984 
9 54 18 224 19984 
9 54 33 224 19923 
9 54 48 224 19923 
9 55 3 224 19923 
9 55 18 224 19923 
9 55 33 224 19923 
9 55 48 224 19923 
9 56 3 224 19923 
9 56 18 224 19923 
9 56 33 224 19984 
9 56 48 224 19984 
9 57 3 224 19984 
9 57 18 224 19984 
9 57 33 224 19923 
9 57 48 224 19923 
9 58 25 224 19984 
9 58 40 224 19923 
9 58 55 224 19923 
9 59 10 224 19984 
9 59 25 224 19923 
9 59 40 224 19984 
9 59 55 224 19984 
10 0 10 224 19923 
10 0 25 224 19923 
10 0 40 224 19984 
10 0 55 224 19984 
10 1 10 224 19984 
10 1 25 224 19984 
10 1 40 224 19923 
10 1 55 224 19923 
10 2 10 224 19923 
10 2 25 224 19984 
10 2 40 225 19923 
10 2 55 224 19923 
10 3 10 224 19984 
10 3 25 224 19984 
10 3 40 224 19923 
10 3 55 224 19984 
10 4 10 224 19923 
10 4 25 224 19923 
10 4 40 223 19984 
10 4 55 224 19923 
10 5 10 224 19923 
10 5 25 224 19923 
10 5 40 224 19923 
10 5 55 224 19923 
10 6 10 224 19984 
10 6 25 224 19923 
10 6 40 224 19923 
10 6 55 224 19984 
10 7 10 224 19984 
10 7 25 224 19984 
10 7 40 224 19923 
10 7 55 224 19984 
10 8 10 224 19923 
10 8 25 224 19923 
10 8 40 224 19984 
10 8 55 224 19984 
10 9 10 224 19984 
10 9 25 224 19923 
10 9 40 224 19923 
10 9 55 224 19923 
10 10 10 224 19984 
10 10 25 224 19984 
10 10 40 224 19984 
10 10 55 224 19984 
10 11 10 224 19923 
10 11 25 224 19923 
10 11 40 224 19923 
10 11 55 224 19984 
10 12 10 224 19984 
10 12 25 224 19984 
10 12 40 224 19984 
10 12 55 224 19984 
10 13 47 224 19984 
10 14 2 224 19923 
10 14 17 224 19984 
10 14 32 224 19923 
10 14 47 224 19923 
10 15 2 224 19923 
10 15 17 224 19923 
10 15 32 224 19923 
10 15 47 224 19923 
10 16 2 224 19984 
10 16 17 224 19923 
10 16 32 224 19923 
10 16 47 224 19923 
10 17 2 224 19923 
10 17 17 224 19923 
10 17 32 224 19923 
10 17 47 224 19923 
10 18 2 224 19923 
10 18 17 224 19984 
10 18 32 224 19984 
10 18 47 224 19923 
10 19 2 224 19923 
10 19 17 224 19923 
10 19 32 223 19923 
10 19 47 224 19923 
10 20 2 224 19923 
10 20 17 224 19923 
10 20 32 224 19923 
10 20 47 224 19923 
10 21 2 224 19923 
10 21 17 224 19984 
10 21 32 224 19923 
10 21 47 224 19923 
10 22 2 224 19923 
10 22 17 224 19923 
10 22 32 224 19923 
10 22 47 224 19923 
10 23 2 224 19984 
10 23 17 224 19923 
10 23 32 224 19923 
10 23 47 224 19984 
10 24 2 224 19923 
10 24 17 224 19923 
10 24 32 224 19923 
10 24 47 224 19923 
10 25 2 224 19984 
10 25 17 224 19923 
10 25 32 224 19923 
10 25 47 224 19923 
10 26 2 224 19984 
10 26 17 224 19984 
10 26 32 224 19923 
10 26 47 224 19923 
10 27 2 224 19923 
10 27 17 224 19923 
10 27 32 224 19923 
10 27 47 224 19923 
10 28 2 224 19923 
10 28 39 224 19923 
10 28 54 224 19923 
10 29 9 224 19923 
10 29 24 224 19923 
10 29 39 224 19923 
10 29 54 224 19923 
10 30 9 224 19923 
10 30 24 224 19923 
10 30 39 224 19923 
10 30 54 225 19923 
10 31 9 224 19923 
10 31 24 224 19923 
10 31 39 224 19923 
10 31 54 224 19923 
10 32 9 224 19923 
10 32 24 224 19923 
10 32 39 224 19923 
10 32 54 224 19923 
10 33 9 224 19923 
10 33 24 224 19923 
10 33 39 224 19923 
10 33 54 224 19923 
10 34 9 223 19923 
10 34 24 224 19923 
10 34 39 224 19923 
10 34 54 224 19923 
10 35 9 224 19923 
10 35 24 224 19923 
10 35 39 224 19923 
10 35 54 224 19923 
10 36 9 224 19923 
10 36 24 224 19923 
10 36 39 224 19923 
10 36 54 224 19923 
10 37 9 224 19923 
10 37 24 224 19923 
10 37 39 224 19923 
10 37 54 224 19923 
10 38 9 224 19923 
10 38 24 224 19923 
10 38 39 224 19923 
10 38 54 224 19923 
10 39 9 224 19923 
10 39 24 224 19923 
10 39 39 224 19923 
10 39 54 224 19923 
10 40 9 224 19923 
10 40 24 224 19923 
10 40 39 224 19923 
10 40 54 224 19923 
10 41 9 224 19923 
10 41 24 224 19923 
10 41 39 224 19923 
10 41 54 223 19923 
10 42 9 224 19923 
10 42 24 224 19923 
10 42 39 224 19923 
10 42 54 224 19923 
10 43 9 224 19923 
10 44 1 224 19923 
10 44 16 224 19923 
10 44 31 224 19923 
10 44 46 224 19923 
10 45 1 224 19923 
10 45 16 224 19923 
10 45 31 224 19923 
10 45 46 224 19923 
10 46 1 224 19923 
10 46 16 224 19923 
10 46 31 224 19923 
10 46 46 224 19923 
10 47 1 224 19923 
10 47 16 224 19923 
10 47 31 224 19923 
10 47 46 224 19923 
10 48 1 224 19923 
10 48 16 224 19923 
10 48 31 224 19923 
10 48 46 224 19923 
10 49 1 224 19923 
10 49 16 224 19923 
10 49 31 224 19923 
10 49 46 224 19923 
10 50 1 224 19923 
10 50 16 224 19923 
10 50 31 224 19923 
10 50 46 224 19923 
10 51 1 224 19923 
10 51 16 224 19923 
10 51 31 224 19923 
10 51 46 224 19923 
10 52 1 224 19923 
10 52 16 224 19923 
10 52 31 224 19923 
10 52 46 224 19923 
10 53 1 224 19923 
10 53 16 224 19923 
10 53 31 224 19923 
10 53 46 224 19923 
10 54 1 224 19923 
10 54 16 224 19923 
10 54 31 224 19923 
10 54 46 224 19923 
10 55 1 224 19923 
10 55 16 224 19923 
10 55 31 224 19923 
10 55 46 224 19923 
10 56 1 224 19923 
10 56 16 224 19923 
10 56 31 224 19923 
10 56 46 223 19923 
10 57 1 224 19923 
10 57 16 224 19923 
10 57 31 224 19923 
10 57 46 224 19923 
10 58 1 224 19923 
10 58 16 224 19923 
10 58 53 224 19923 
10 59 8 224 19923 
10 59 23 224 19923 
10 59 38 224 19923 
10 59 53 224 19923 
11 0 8 224 19923 
11 0 23 224 19923 
11 0 38 224 19923 
11 0 53 224 19923 
11 1 8 224 19923 
11 1 23 224 19923 
11 1 38 224 19923 
11 1 53 224 19923 
11 2 8 224 19923 
11 2 23 224 19923 
11 2 38 224 19923 
11 2 53 224 19923 
11 3 8 224 19923 
11 3 23 224 19923 
11 3 38 224 19923 
11 3 53 224 19923 
11 4 8 224 19923 
11 4 23 224 19923 
11 4 38 224 19923 
11 4 53 224 19923 
11 5 8 224 19923 
11 5 23 224 19923 
11 5 38 224 19923 
11 5 53 224 19923 
11 6 8 224 19923 
11 6 23 224 19923 
11 6 38 224 19923 
11 6 53 224 19923 
11 7 8 224 19923 
11 7 23 224 19923 
11 7 38 224 19923 
11 7 53 224 19923 
11 8 8 224 19923 
11 8 23 224 19923 
11 8 38 224 19923 
11 8 53 224 19923 
11 9 8 224 19923 
11 9 23 224 19923 
11 9 38 224 19923 
11 9 53 224 19923 
11 10 8 224 19923 
11 10 23 224 19923 
11 10 38 224 19923 
11 10 53 224 19923 
11 11 8 224 19923 
11 11 23 223 19923 
11 11 38 224 19923 
11 11 53 224 19923 
11 12 8 224 19923 
11 12 23 224 19984 
11 12 38 224 19923 
11 12 53 224 19923 
11 13 8 224 19923 
11 13 23 224 19923 
11 14 15 224 19923 
11 14 30 224 19923 
11 14 45 224 19923 
11 15 0 224 19923 
11 15 15 224 19923 
11 15 30 224 19923 
11 15 45 224 19923 
11 16 0 224 19923 
11 16 15 224 19923 
11 16 30 224 19923 
11 16 45 224 19923 
11 17 0 224 19923 
11 17 15 224 19923 
11 17 30 224 19923 
11 17 45 224 19923 
11 18 0 224 19923 
11 18 15 223 19923 
11 18 30 224 19923 
11 18 45 224 19923 
11 19 0 224 19923 
11 19 15 224 19923 
11 19 30 224 19923 
11 19 45 224 19923 
11 20 0 224 19923 
11 20 15 224 19923 
11 20 30 224 19923 
11 20 45 224 19923 
11 21 0 224 19923 
11 21 15 224 19923 
11 21 30 224 19923 
11 21 45 224 19923 
11 22 0 224 19923 
11 22 15 224 19923 
11 22 30 224 19923 
11 22 45 224 19923 
11 23 0 224 19923 
11 23 15 224 19923 
11 23 30 224 19923 
11 23 45 224 19923 
11 24 0 224 19923 
11 24 15 224 19923 
11 24 30 224 19923 
11 24 45 224 19923 
11 25 0 224 19923 
11 25 15 224 19923 
11 25 30 224 19923 
11 25 45 224 19923 
11 26 0 225 19923 
11 26 15 223 19923 
11 26 30 224 19923 
11 26 45 224 19923 
11 27 0 224 19923 
11 27 15 224 19923 
11 27 30 224 19923 
11 27 45 224 19923 
11 28 0 224 19923 
11 28 15 224 19923 
11 28 30 224 19923 
11 29 7 224 19923 
11 29 22 224 19923 
11 29 37 224 19923 
11 29 52 224 19923 
11 30 7 224 19923 
11 30 22 224 19923 
11 30 37 224 19923 
11 30 52 224 19923 
11 31 7 224 19923 
11 31 22 224 19923 
11 31 37 224 19923 
11 31 52 224 19923 
11 32 7 224 19923 
11 32 22 224 19923 
11 32 37 224 19923 
11 32 52 224 19923 
11 33 7 224 19923 
11 33 22 224 19923 
11 33 37 224 19923 
11 33 52 224 19923 
11 34 7 224 19923 
11 34 22 224 19923 
11 34 37 224 19923 
11 34 52 224 19923 
11 35 7 224 19923 
11 35 22 224 19923 
11 35 37 224 19923 
11 35 52 224 19923 
11 36 7 224 19923 
11 36 22 224 19923 
11 36 37 224 19923 
11 36 52 224 19923 
11 37 7 224 19923 
11 37 22 224 19923 
11 37 37 224 19923 
11 37 52 224 19923 
11 38 7 224 19923 
11 38 22 224 19923 
11 38 37 224 19923 
11 38 52 224 19923 
11 39 7 224 19923 
11 39 22 224 19923 
11 39 37 224 19923 
11 39 52 224 19923 
11 40 7 224 19923 
11 40 22 224 19923 
11 40 37 223 19923 
11 40 52 224 19923 
11 41 7 224 19923 
11 41 22 224 19923 
11 41 37 224 19923 
11 41 52 224 19923 
11 42 7 224 19923 
11 42 22 224 19923 
11 42 37 224 19923 
11 42 52 224 19923 
11 43 7 224 19923 
11 43 22 224 19923 
11 43 37 224 19923 
11 44 29 224 19923 
11 44 44 224 19923 
11 44 59 224 19923 
11 45 14 224 19923 
11 45 29 224 19923 
11 45 44 224 19923 
11 45 59 224 19923 
11 46 14 224 19923 
11 46 29 224 19923 
11 46 44 224 19923 
11 46 59 224 19923 
11 47 14 224 19923 
11 47 29 224 19923 
11 47 44 223 19923 
11 47 59 224 19923 
11 48 14 224 19923 
11 48 29 224 19923 
11 48 44 224 19923 
11 48 59 224 19923 
11 49 14 224 19923 
11 49 29 224 19923 
11 49 44 224 19923 
11 49 59 224 19923 
11 50 14 224 19923 
11 50 29 224 19923 
11 50 44 224 19923 
11 50 59 224 19923 
11 51 14 224 19923 
11 51 29 224 19923 
11 51 44 224 19923 
11 51 59 224 19923 
11 52 14 224 19923 
11 52 29 224 19923 
11 52 44 225 19923 
11 52 59 224 19923 
11 53 14 224 19923 
11 53 29 224 19923 
11 53 44 224 19923 
11 53 59 224 19923 
11 54 14 224 19923 
11 54 29 224 19923 
11 54 44 224 19923 
11 54 59 224 19923 
11 55 14 224 19923 
11 55 29 223 19923 
11 55 44 224 19923 
11 55 59 224 19923 
11 56 14 224 19923 
11 56 29 224 19923 
11 56 44 224 19923 
11 56 59 224 19923 
11 57 14 224 19923 
11 57 29 224 19923 
11 57 44 224 19923 
11 57 59 224 19923 
11 58 14 224 19923 
11 58 29 224 19923 
11 58 44 224 19923 
11 59 21 224 19923 
11 59 36 224 19923 
11 59 51 224 19923 
12 0 6 224 19923 
12 0 21 224 19923 
12 0 36 224 19923 
12 0 51 224 19923 
12 1 6 224 19923 
12 1 21 224 19923 
12 1 36 224 19923 
12 1 51 224 19923 
12 2 6 223 19923 
12 2 21 224 19923 
12 2 36 224 19923 
12 2 51 224 19923 
12 3 6 224 19923 
12 3 21 224 19923 
12 3 36 224 19923 
12 3 51 224 19923 
12 4 6 224 19923 
12 4 21 224 19923 
12 4 36 224 19923 
12 4 51 224 19923 
12 5 6 224 19923 
12 5 21 224 19923 
12 5 36 224 19923 
12 5 51 224 19923 
12 6 6 224 19923 
12 6 21 224 19923 
12 6 36 224 19923 
12 6 51 224 19923 
12 7 6 224 19923 
12 7 21 224 19923 
12 7 36 224 19923 
12 7 51 224 19923 
12 8 6 224 19923 
12 8 21 224 19923 
12 8 36 224 19923 
12 8 51 224 19923 
12 9 6 224 19923 
12 9 21 224 19923 
12 9 36 224 19923 
12 9 51 224 19923 
12 10 6 223 19923 
12 10 21 224 19923 
12 10 36 224 19923 
12 10 51 224 19923 
12 11 6 224 19923 
12 11 21 224 19923 
12 11 36 224 19923 
12 11 51 224 19923 
12 12 6 224 19923 
12 12 21 224 19923 
12 12 36 224 19923 
12 12 51 224 19923 
12 13 6 224 19923 
12 13 21 224 19923 
12 13 36 224 19923 
12 13 51 224 19923 
12 14 43 224 19923 
12 14 58 224 19923 
12 15 13 224 19923 
12 15 28 224 19923 
12 15 43 224 19923 
12 15 58 224 19923 
12 16 13 224 19923 
12 16 28 224 19923 
12 16 43 224 19923 
12 16 58 223 19923 
12 17 13 224 19923 
12 17 28 224 19923 
12 17 43 224 19923 
12 17 58 224 19923 
12 18 13 224 19923 
12 18 28 224 19923 
12 18 43 224 19923 
12 18 58 225 19923 
12 19 13 224 19923 
12 19 28 224 19923 
12 19 43 224 19923 
12 19 58 224 19923 
12 20 13 224 19923 
12 20 28 224 19923 
12 20 43 224 19923 
12 20 58 224 19923 
12 21 13 224 19923 
12 21 28 224 19923 
12 21 43 224 19923 
12 21 58 224 19923 
12 22 13 224 19923 
12 22 28 224 19923 
12 22 43 224 19923 
12 22 58 224 19923 
12 23 13 224 19923 
12 23 28 224 19923 
12 23 43 224 19923 
12 23 58 224 19923 
12 24 13 224 19923 
12 24 28 224 19923 
12 24 43 224 19923 
12 24 58 223 19923 
12 25 13 224 19923 
12 25 28 224 19923 
12 25 43 224 19923 
12 25 58 224 19923 
12 26 13 224 19923 
12 26 28 224 19923 
12 26 43 224 19923 
12 26 58 224 19923 
12 27 13 224 19923 
12 27 28 224 19923 
12 27 43 224 19923 
12 27 58 224 19923 
12 28 13 224 19923 
12 28 28 224 19923 
12 28 43 224 19923 
12 28 58 224 19923 
12 29 35 224 19923 
12 29 50 224 19923 
12 30 5 224 19923 
12 30 20 224 19923 
12 30 35 224 19923 
12 30 50 224 19923 
12 31 5 224 19923 
12 31 20 224 19923 
12 31 35 224 19923 
12 31 50 224 19923 
12 32 5 224 19923 
12 32 20 224 19923 
12 32 35 224 19923 
12 32 50 224 19923 
12 33 5 224 19923 
12 33 20 224 19923 
12 33 35 224 19923 
12 33 50 224 19923 
12 34 5 224 19923 
12 34 20 224 19923 
12 34 35 224 19923 
12 34 50 224 19923 
12 35 5 224 19923 
12 35 20 224 19923 
12 35 35 224 19923 
12 35 50 224 18395 
12 36 5 224 10817 

/> 