read 0816
read 0816
<CR>Time:2021/08/16 12:31
Hours Minutes Seconds  Nb_Samples    Aver. Current 
7 30 57 224 6575 
7 31 12 219 9558 
7 31 27 224 11080 
7 31 42 224 12724 
7 31 57 224 15159 
7 32 12 224 16742 
7 32 27 224 17594 
7 32 42 224 19299 
7 32 56 223 20334 
7 33 11 224 20334 
7 33 26 224 20090 
7 34 17 224 20029 
7 34 32 224 20029 
7 34 47 224 20029 
7 35 2 224 20029 
7 35 17 224 20029 
7 35 32 224 20029 
7 35 47 224 20029 
7 36 2 224 20029 
7 36 17 224 20029 
7 36 32 224 20029 
7 36 47 224 20029 
7 37 2 225 20029 
7 37 17 224 20029 
7 37 32 224 20029 
7 37 47 224 20029 
7 38 2 224 20029 
7 38 17 224 20029 
7 38 32 224 20029 
7 38 47 224 20029 
7 39 2 224 20029 
7 39 17 224 20029 
7 39 32 224 20029 
7 39 47 224 20029 
7 40 2 224 20029 
7 40 17 224 20029 
7 40 32 224 20029 
7 40 47 224 20029 
7 41 2 224 20029 
7 41 17 223 20029 
7 41 32 224 20029 
7 41 47 224 20029 
7 42 2 224 20029 
7 42 17 224 20029 
7 42 32 224 20029 
7 42 47 224 19969 
7 43 2 224 20029 
7 43 17 224 20029 
7 43 32 224 20029 
7 44 24 224 20029 
7 44 39 224 20029 
7 44 54 224 19969 
7 45 9 224 20029 
7 45 24 224 19969 
7 45 39 224 19969 
7 45 54 224 20029 
7 46 9 224 19969 
7 46 24 225 19969 
7 46 39 224 19969 
7 46 54 224 19969 
7 47 9 224 19969 
7 47 24 224 19969 
7 47 39 224 19969 
7 47 54 224 19969 
7 48 9 223 19969 
7 48 24 224 19969 
7 48 39 224 19969 
7 48 54 224 19969 
7 49 9 224 19969 
7 49 24 224 19969 
7 49 39 224 19969 
7 49 54 224 19969 
7 50 9 224 19969 
7 50 24 224 19969 
7 50 39 224 19969 
7 50 54 224 19969 
7 51 9 224 19969 
7 51 24 224 19969 
7 51 39 224 19969 
7 51 54 224 19969 
7 52 9 224 19969 
7 52 24 224 19969 
7 52 39 224 19969 
7 52 54 224 19969 
7 53 9 224 19969 
7 53 24 224 19969 
7 53 39 224 19969 
7 53 54 224 19969 
7 54 9 224 19969 
7 54 24 224 19969 
7 54 39 224 19969 
7 54 54 224 19969 
7 55 9 224 19969 
7 55 24 224 19969 
7 55 39 224 19969 
7 55 54 224 19969 
7 56 9 223 19969 
7 56 24 224 19969 
7 56 39 224 19969 
7 56 55 224 19969 
7 57 10 224 19969 
7 57 25 224 19969 
7 57 40 224 19969 
7 57 55 224 19969 
7 58 10 224 19969 
7 58 25 224 19969 
7 58 40 224 19969 
7 59 32 224 19969 
7 59 47 224 19969 
8 0 2 224 19969 
8 0 17 224 19969 
8 0 32 224 19969 
8 0 47 224 19969 
8 1 2 224 19969 
8 1 17 224 19969 
8 1 32 224 19969 
8 1 47 224 19969 
8 2 2 224 19969 
8 2 17 224 19969 
8 2 32 224 19969 
8 2 47 224 19969 
8 3 2 224 19969 
8 3 17 224 19969 
8 3 32 224 19969 
8 3 47 224 19969 
8 4 2 224 19969 
8 4 17 224 19969 
8 4 32 224 19969 
8 4 47 224 19969 
8 5 2 224 19969 
8 5 17 224 19969 
8 5 32 224 19969 
8 5 47 224 19969 
8 6 2 224 19969 
8 6 17 224 19969 
8 6 32 224 19969 
8 6 47 224 19969 
8 7 2 224 19969 
8 7 17 224 19969 
8 7 32 224 19969 
8 7 47 224 19969 
8 8 2 224 19969 
8 8 17 224 19969 
8 8 32 224 19969 
8 8 47 224 19969 
8 9 2 224 19969 
8 9 17 224 19969 
8 9 32 224 19969 
8 9 47 224 19969 
8 10 2 224 19969 
8 10 17 224 19969 
8 10 32 224 19969 
8 10 47 224 19969 
8 11 2 224 19969 
8 11 17 224 19969 
8 11 32 224 19969 
8 11 47 224 19969 
8 12 2 224 19969 
8 12 17 224 19969 
8 12 32 223 19969 
8 12 47 224 19969 
8 13 2 224 19969 
8 13 17 224 19969 
8 13 32 224 19969 
8 13 47 224 19969 
8 14 24 224 19969 
8 14 39 224 19969 
8 14 54 224 19969 
8 15 9 224 19969 
8 15 24 224 19969 
8 15 39 224 19969 
8 15 54 224 19969 
8 16 9 224 19969 
8 16 24 224 19969 
8 16 39 224 19969 
8 16 54 225 19969 
8 17 9 224 19969 
8 17 24 224 19969 
8 17 39 224 19969 
8 17 54 224 19969 
8 18 9 224 19969 
8 18 24 224 19969 
8 18 39 224 19969 
8 18 54 224 19969 
8 19 9 223 19969 
8 19 24 224 19969 
8 19 39 224 19969 
8 19 54 224 19969 
8 20 9 224 19969 
8 20 24 224 19969 
8 20 39 224 19969 
8 20 54 224 19969 
8 21 9 224 19969 
8 21 24 224 19969 
8 21 39 224 19969 
8 21 54 224 19969 
8 22 9 224 19969 
8 22 24 224 19969 
8 22 39 224 19969 
8 22 54 224 19969 
8 23 9 224 19969 
8 23 24 224 19969 
8 23 39 224 19969 
8 23 54 224 19969 
8 24 9 224 19969 
8 24 24 224 19969 
8 24 39 224 19969 
8 24 54 224 19969 
8 25 9 224 19969 
8 25 24 224 19969 
8 25 39 224 19969 
8 25 54 224 19969 
8 26 9 224 19969 
8 26 24 224 19969 
8 26 39 224 19969 
8 26 54 224 19969 
8 27 9 224 19969 
8 27 24 224 19969 
8 27 39 224 19969 
8 27 54 224 19969 
8 28 9 224 19969 
8 28 24 224 19969 
8 28 39 224 19969 
8 28 54 224 19969 
8 29 46 224 19969 
8 30 1 224 19969 
8 30 16 224 19969 
8 30 31 224 19969 
8 30 46 224 19969 
8 31 1 224 19969 
8 31 16 224 19969 
8 31 31 224 19969 
8 31 46 224 19969 
8 32 1 224 19969 
8 32 16 224 19969 
8 32 31 224 19969 
8 32 46 224 19969 
8 33 1 224 19969 
8 33 16 224 19969 
8 33 31 224 19969 
8 33 46 224 19969 
8 34 1 224 19969 
8 34 16 224 19969 
8 34 31 224 19969 
8 34 46 224 19969 
8 35 1 224 19969 
8 35 16 224 19969 
8 35 31 224 19969 
8 35 46 224 19969 
8 36 1 224 19969 
8 36 16 224 19969 
8 36 31 224 19969 
8 36 46 224 19969 
8 37 1 224 19969 
8 37 16 224 19969 
8 37 31 224 19969 
8 37 46 224 19969 
8 38 1 224 19969 
8 38 16 224 19969 
8 38 31 224 19969 
8 38 46 224 19969 
8 39 1 224 19969 
8 39 16 224 19969 
8 39 31 224 19969 
8 39 46 224 19969 
8 40 1 224 19969 
8 40 16 224 19969 
8 40 31 224 19969 
8 40 46 224 19969 
8 41 1 224 19969 
8 41 16 224 19969 
8 41 31 224 19969 
8 41 46 224 19969 
8 42 1 223 19969 
8 42 16 224 19969 
8 42 31 224 19969 
8 42 46 224 19969 
8 43 1 224 19969 
8 43 16 224 19969 
8 43 31 224 19969 
8 43 46 224 19969 
8 44 1 224 19969 
8 44 53 224 19969 
8 45 8 224 19969 
8 45 23 224 19969 
8 45 38 224 19969 
8 45 53 224 19969 
8 46 8 224 19969 
8 46 23 224 19969 
8 46 38 224 19969 
8 46 53 224 19969 
8 47 8 224 19969 
8 47 23 224 19969 
8 47 38 224 19969 
8 47 53 224 19969 
8 48 8 224 19969 
8 48 23 224 19969 
8 48 38 224 19969 
8 48 53 223 19969 
8 49 8 224 19969 
8 49 23 224 19969 
8 49 38 224 19969 
8 49 53 224 19969 
8 50 8 224 19969 
8 50 23 224 19969 
8 50 38 224 19969 
8 50 53 225 19969 
8 51 8 224 19969 
8 51 23 224 19969 
8 51 38 224 19969 
8 51 53 224 19969 
8 52 8 224 19969 
8 52 23 224 19969 
8 52 38 224 19969 
8 52 53 224 19969 
8 53 8 224 19969 
8 53 23 224 19969 
8 53 38 224 19969 
8 53 53 224 19969 
8 54 8 224 19969 
8 54 23 224 19969 
8 54 38 224 19969 
8 54 53 224 19969 
8 55 8 224 19969 
8 55 23 224 19969 
8 55 38 224 19969 
8 55 53 224 19969 
8 56 8 224 19969 
8 56 23 224 19969 
8 56 38 223 19969 
8 56 53 224 19969 
8 57 8 224 19969 
8 57 23 224 19969 
8 57 38 224 19969 
8 57 53 224 19969 
8 58 8 224 19969 
8 58 23 224 19969 
8 58 38 224 19969 
8 58 53 224 19969 
8 59 8 224 19969 
9 0 0 224 19969 
9 0 15 224 19969 
9 0 30 224 19969 
9 0 45 224 19969 
9 1 0 224 19969 
9 1 15 224 19969 
9 1 30 224 19969 
9 1 45 224 19969 
9 2 0 224 19969 
9 2 15 224 19969 
9 2 30 224 19969 
9 2 45 224 19969 
9 3 0 224 19969 
9 3 15 224 19969 
9 3 30 224 19969 
9 3 45 224 19969 
9 4 0 224 19969 
9 4 15 224 19969 
9 4 30 224 19969 
9 4 45 224 19969 
9 5 0 224 19969 
9 5 15 224 19969 
9 5 30 224 19969 
9 5 45 224 19969 
9 6 0 224 19969 
9 6 15 224 19969 
9 6 30 224 19969 
9 6 45 224 19969 
9 7 0 224 19969 
9 7 15 224 19969 
9 7 30 224 19969 
9 7 45 224 19969 
9 8 0 224 19969 
9 8 15 224 19969 
9 8 30 224 19969 
9 8 45 224 19969 
9 9 0 224 19969 
9 9 15 224 19969 
9 9 30 224 19969 
9 9 45 224 19969 
9 10 0 224 19969 
9 10 15 224 19969 
9 10 30 224 19969 
9 10 45 224 19969 
9 11 0 224 19969 
9 11 15 224 19969 
9 11 30 223 19969 
9 11 45 224 19969 
9 12 0 224 19969 
9 12 15 224 19969 
9 12 30 224 19969 
9 12 45 224 19969 
9 13 0 224 19969 
9 13 15 224 19969 
9 13 30 224 19969 
9 13 45 224 19969 
9 14 0 224 19969 
9 14 15 224 19969 
9 15 7 224 19969 
9 15 22 224 19969 
9 15 37 224 19969 
9 15 52 224 19969 
9 16 7 224 19969 
9 16 22 224 19969 
9 16 37 224 19969 
9 16 52 224 19969 
9 17 7 224 19969 
9 17 22 224 19969 
9 17 37 224 19969 
9 17 52 224 19969 
9 18 7 224 19969 
9 18 22 223 19969 
9 18 37 224 19969 
9 18 52 224 19969 
9 19 7 224 19969 
9 19 22 224 19969 
9 19 37 224 19969 
9 19 52 224 19969 
9 20 7 224 19969 
9 20 22 224 19969 
9 20 37 224 19969 
9 20 52 224 19969 
9 21 7 224 19969 
9 21 22 224 19969 
9 21 37 224 19969 
9 21 52 224 19969 
9 22 7 225 19969 
9 22 22 224 19969 
9 22 37 224 19969 
9 22 52 224 19969 
9 23 7 224 19969 
9 23 22 224 19969 
9 23 37 224 19969 
9 23 52 224 19969 
9 24 7 224 19969 
9 24 22 224 19969 
9 24 37 224 19969 
9 24 52 224 19969 
9 25 7 224 19969 
9 25 22 224 19969 
9 25 37 224 19969 
9 25 52 224 19969 
9 26 7 223 19969 
9 26 22 224 19969 
9 26 37 224 19969 
9 26 52 224 19969 
9 27 7 224 19969 
9 27 22 224 19969 
9 27 37 224 19969 
9 27 52 224 19969 
9 28 7 224 19969 
9 28 22 224 19969 
9 28 37 224 19969 
9 28 52 224 19969 
9 29 7 224 19969 
9 29 22 224 19969 
9 30 14 224 19969 
9 30 29 224 19969 
9 30 44 224 19969 
9 30 59 224 19969 
9 31 14 224 19969 
9 31 29 224 19969 
9 31 44 224 19969 
9 31 59 224 19969 
9 32 14 224 19969 
9 32 29 224 19969 
9 32 44 224 19969 
9 32 59 224 19969 
9 33 14 224 19969 
9 33 29 224 19969 
9 33 44 224 19969 
9 33 59 224 19969 
9 34 14 224 19969 
9 34 29 224 19969 
9 34 44 224 19969 
9 34 59 224 19969 
9 35 14 224 19969 
9 35 29 224 19969 
9 35 44 224 19969 
9 35 59 224 19969 
9 36 14 224 19969 
9 36 29 224 19969 
9 36 44 224 19969 
9 36 59 224 19969 
9 37 14 224 19969 
9 37 29 224 19969 
9 37 44 224 19969 
9 37 59 224 19969 
9 38 14 224 19969 
9 38 29 224 19969 
9 38 44 224 19969 
9 38 59 224 19969 
9 39 14 224 19969 
9 39 29 224 19969 
9 39 44 224 19969 
9 39 59 224 19969 
9 40 14 224 19969 
9 40 29 224 19969 
9 40 44 224 19969 
9 40 59 223 19969 
9 41 14 224 19969 
9 41 29 224 19969 
9 41 44 224 19969 
9 41 59 224 19969 
9 42 14 224 19969 
9 42 29 224 19969 
9 42 44 224 19969 
9 42 59 224 19969 
9 43 14 224 19969 
9 43 29 224 19969 
9 43 44 224 19969 
9 43 59 224 19969 
9 44 14 224 19969 
9 44 29 224 19969 
9 45 6 224 19969 
9 45 21 224 19969 
9 45 36 224 19969 
9 45 51 224 19969 
9 46 6 224 19969 
9 46 21 224 19969 
9 46 36 224 19969 
9 46 51 224 19969 
9 47 6 224 19969 
9 47 21 224 19969 
9 47 36 224 19969 
9 47 51 224 19969 
9 48 6 224 19969 
9 48 21 224 19969 
9 48 36 224 19969 
9 48 51 224 19969 
9 49 6 224 19969 
9 49 21 224 19969 
9 49 36 224 19969 
9 49 51 224 19969 
9 50 6 224 19969 
9 50 21 224 19969 
9 50 36 224 19969 
9 50 51 224 19969 
9 51 6 224 19969 
9 51 21 224 19969 
9 51 36 224 19969 
9 51 51 224 19969 
9 52 6 224 19969 
9 52 21 224 19969 
9 52 36 224 19969 
9 52 51 224 19969 
9 53 6 224 19969 
9 53 21 224 19969 
9 53 36 224 19969 
9 53 51 224 19969 
9 54 6 224 19969 
9 54 21 224 19969 
9 54 36 224 19969 
9 54 51 224 19969 
9 55 6 224 19969 
9 55 21 224 19969 
9 55 36 224 19969 
9 55 51 224 19969 
9 56 6 224 19969 
9 56 21 224 19969 
9 56 36 224 19969 
9 56 51 224 19969 
9 57 6 224 19969 
9 57 21 224 19969 
9 57 36 224 19969 
9 57 51 224 19969 
9 58 6 224 19969 
9 58 21 224 19969 
9 58 36 224 19969 
9 58 51 224 19969 
9 59 6 224 19969 
9 59 21 224 19969 
9 59 36 224 19969 
10 0 28 224 19969 
10 0 43 224 19969 
10 0 58 224 19969 
10 1 13 224 19969 
10 1 28 224 19969 
10 1 43 224 19969 
10 1 58 224 19969 
10 2 13 224 19969 
10 2 28 223 19969 
10 2 43 224 19969 
10 2 58 224 19969 
10 3 13 224 19969 
10 3 28 224 19969 
10 3 43 224 19969 
10 3 58 224 19969 
10 4 13 224 19969 
10 4 28 224 19969 
10 4 43 224 19969 
10 4 58 224 19969 
10 5 13 224 19969 
10 5 28 224 19969 
10 5 43 224 19969 
10 5 58 224 19969 
10 6 13 224 19969 
10 6 28 224 19969 
10 6 43 224 19969 
10 6 58 224 19969 
10 7 13 224 19969 
10 7 28 224 19969 
10 7 43 224 19969 
10 7 58 224 19969 
10 8 13 224 19969 
10 8 28 224 19969 
10 8 43 224 19969 
10 8 58 224 19969 
10 9 13 224 19969 
10 9 28 224 19969 
10 9 43 224 19969 
10 9 58 224 19969 
10 10 13 224 19969 
10 10 28 224 19969 
10 10 43 224 19969 
10 10 58 224 19969 
10 11 13 224 19969 
10 11 28 224 19969 
10 11 43 224 19969 
10 11 58 224 19969 
10 12 13 224 19969 
10 12 28 224 19969 
10 12 43 224 19969 
10 12 58 224 19969 
10 13 13 224 19969 
10 13 28 224 19969 
10 13 43 224 19969 
10 13 58 224 19969 
10 14 13 224 19969 
10 14 28 224 19969 
10 14 43 224 19969 
10 15 20 224 19969 
10 15 35 224 19969 
10 15 50 224 19969 
10 16 5 224 19969 
10 16 20 224 19969 
10 16 35 224 19969 
10 16 50 224 19969 
10 17 5 224 19969 
10 17 20 224 19969 
10 17 35 224 19969 
10 17 50 224 19969 
10 18 5 224 19969 
10 18 20 224 19969 
10 18 35 224 19969 
10 18 50 224 19969 
10 19 5 224 19969 
10 19 20 224 19969 
10 19 35 224 19969 
10 19 50 224 19969 
10 20 5 224 19969 
10 20 20 224 19969 
10 20 35 224 19969 
10 20 50 224 19969 
10 21 5 224 19969 
10 21 20 224 19969 
10 21 35 224 19969 
10 21 50 224 19969 
10 22 5 224 19969 
10 22 20 224 19969 
10 22 35 224 19969 
10 22 50 224 19969 
10 23 5 224 19969 
10 23 20 224 19969 
10 23 35 224 19969 
10 23 50 224 19969 
10 24 5 224 19969 
10 24 20 224 19969 
10 24 35 224 19969 
10 24 50 224 19969 
10 25 5 224 19969 
10 25 20 224 19969 
10 25 35 224 19969 
10 25 50 224 19969 
10 26 5 224 19969 
10 26 20 224 19969 
10 26 35 224 19969 
10 26 50 224 19969 
10 27 5 224 19969 
10 27 20 224 19969 
10 27 35 224 19969 
10 27 50 224 19969 
10 28 5 224 19969 
10 28 20 224 19969 
10 28 35 224 19969 
10 28 50 224 19969 
10 29 5 224 19969 
10 29 20 224 19969 
10 29 35 224 19969 
10 29 50 224 19969 
10 30 42 224 19969 
10 30 57 224 19969 
10 31 12 224 19969 
10 31 27 224 19969 
10 31 42 224 19969 
10 31 57 224 19969 
10 32 12 224 19969 
10 32 27 224 19969 
10 32 42 224 19969 
10 32 57 224 19969 
10 33 12 224 19969 
10 33 27 224 19969 
10 33 42 224 19969 
10 33 57 224 19969 
10 34 12 224 19969 
10 34 27 224 19969 
10 34 42 224 19969 
10 34 57 224 19969 
10 35 12 224 19969 
10 35 27 224 19969 
10 35 42 224 19969 
10 35 57 224 19969 
10 36 12 224 19969 
10 36 27 224 19969 
10 36 42 224 19969 
10 36 57 224 19969 
10 37 12 224 19969 
10 37 27 224 19969 
10 37 42 224 19969 
10 37 57 224 19969 
10 38 12 224 19969 
10 38 27 224 19969 
10 38 42 224 19969 
10 38 57 224 19969 
10 39 12 224 19969 
10 39 27 224 19969 
10 39 42 223 19969 
10 39 57 224 19969 
10 40 12 224 19969 
10 40 27 224 19969 
10 40 42 224 19969 
10 40 57 224 19969 
10 41 12 224 19969 
10 41 27 224 19969 
10 41 42 224 19969 
10 41 57 224 19969 
10 42 12 224 19969 
10 42 27 224 19969 
10 42 42 224 19969 
10 42 57 224 19969 
10 43 12 224 19969 
10 43 27 225 19969 
10 43 42 224 19969 
10 43 57 224 19969 
10 44 12 224 19969 
10 44 27 224 19969 
10 44 42 224 19969 
10 44 57 224 19969 
10 45 34 224 19969 
10 45 49 224 19969 
10 46 4 224 19969 
10 46 19 223 19969 
10 46 34 224 19969 
10 46 49 224 19969 
10 47 4 224 19969 
10 47 19 224 19969 
10 47 34 224 19969 
10 47 49 224 19969 
10 48 4 224 19969 
10 48 19 224 19969 
10 48 34 224 19969 
10 48 49 224 19969 
10 49 4 224 19969 
10 49 19 224 19969 
10 49 34 224 19969 
10 49 49 224 19969 
10 50 4 224 19969 
10 50 19 224 19969 
10 50 34 224 19969 
10 50 49 224 19969 
10 51 4 224 19969 
10 51 19 224 19969 
10 51 34 224 19969 
10 51 49 224 19969 
10 52 4 224 19969 
10 52 19 224 19969 
10 52 34 224 19969 
10 52 49 224 19969 
10 53 4 224 19969 
10 53 20 224 19969 
10 53 35 224 19969 
10 53 50 224 19969 
10 54 5 224 19969 
10 54 20 224 19969 
10 54 35 224 19969 
10 54 50 224 19969 
10 55 5 224 19969 
10 55 20 224 19969 
10 55 35 224 19969 
10 55 50 224 19969 
10 56 5 224 19969 
10 56 20 224 19969 
10 56 35 224 19969 
10 56 50 224 19969 
10 57 5 224 19969 
10 57 20 224 19969 
10 57 35 224 19969 
10 57 50 224 19969 
10 58 5 224 19969 
10 58 20 224 19969 
10 58 35 224 19969 
10 58 50 224 19969 
10 59 5 224 19969 
10 59 20 224 19969 
10 59 35 224 19969 
10 59 50 224 19969 
11 0 5 224 19969 
11 0 57 224 19969 
11 1 12 224 19969 
11 1 27 224 19969 
11 1 42 224 19969 
11 1 57 224 19969 
11 2 12 224 19969 
11 2 27 224 19969 
11 2 42 224 19969 
11 2 57 224 19969 
11 3 12 224 19969 
11 3 27 224 19969 
11 3 42 224 19969 
11 3 57 224 19969 
11 4 12 224 19969 
11 4 27 224 19969 
11 4 42 224 19969 
11 4 57 224 19969 
11 5 12 224 19969 
11 5 27 224 19969 
11 5 42 224 19969 
11 5 57 224 19969 
11 6 12 224 19969 
11 6 27 224 19969 
11 6 42 224 19969 
11 6 57 224 19969 
11 7 12 224 19969 
11 7 27 224 19969 
11 7 42 224 19969 
11 7 57 224 19969 
11 8 12 224 19969 
11 8 27 224 19969 
11 8 42 224 19969 
11 8 57 223 19969 
11 9 12 224 19969 
11 9 27 224 19969 
11 9 42 224 19969 
11 9 57 224 19969 
11 10 12 224 19969 
11 10 27 224 19969 
11 10 42 224 19969 
11 10 57 224 19969 
11 11 12 224 19969 
11 11 27 224 19969 
11 11 42 224 19969 
11 11 57 224 19969 
11 12 12 224 19969 
11 12 27 224 19969 
11 12 42 224 19969 
11 12 57 224 19969 
11 13 12 224 19969 
11 13 27 224 19969 
11 13 42 224 19969 
11 13 57 224 19969 
11 14 12 224 19969 
11 14 27 224 19969 
11 14 42 224 19969 
11 14 57 224 19969 
11 15 12 224 19969 
11 15 49 224 19969 
11 16 4 224 19969 
11 16 19 224 19969 
11 16 34 224 19969 
11 16 49 224 19969 
11 17 4 224 19969 
11 17 19 224 19969 
11 17 34 224 19969 
11 17 49 224 19969 
11 18 4 224 19969 
11 18 19 224 19969 
11 18 34 224 19969 
11 18 49 224 19969 
11 19 4 224 19969 
11 19 19 224 19969 
11 19 34 224 19969 
11 19 49 224 19969 
11 20 4 224 19969 
11 20 19 224 19969 
11 20 34 224 19969 
11 20 49 224 19969 
11 21 4 224 19969 
11 21 19 224 19969 
11 21 34 224 19969 
11 21 49 224 19969 
11 22 4 224 19969 
11 22 19 224 19969 
11 22 34 224 19969 
11 22 49 224 19969 
11 23 4 224 19969 
11 23 19 224 19969 
11 23 34 224 19969 
11 23 49 224 19969 
11 24 4 224 19969 
11 24 19 224 19969 
11 24 34 224 19969 
11 24 49 224 19969 
11 25 4 224 19969 
11 25 19 224 19969 
11 25 34 224 19969 
11 25 49 224 19969 
11 26 4 224 19969 
11 26 19 224 19969 
11 26 34 224 19969 
11 26 49 224 19969 
11 27 4 224 19969 
11 27 19 224 19969 
11 27 34 224 19969 
11 27 49 224 19969 
11 28 4 224 19969 
11 28 19 224 19969 
11 28 34 224 19969 
11 28 49 224 19969 
11 29 4 224 19969 
11 29 19 224 19969 
11 29 34 224 19969 
11 29 49 224 19969 
11 30 4 224 19969 
11 30 19 224 19969 
11 31 11 224 19969 
11 31 26 224 19969 
11 31 41 224 19969 
11 31 56 224 19969 
11 32 11 224 19969 
11 32 26 224 19969 
11 32 41 224 19969 
11 32 56 224 19969 
11 33 11 224 19969 
11 33 26 224 19969 
11 33 41 224 19969 
11 33 56 224 19969 
11 34 11 224 19969 
11 34 26 224 19969 
11 34 41 224 19969 
11 34 56 224 19969 
11 35 11 224 19969 
11 35 26 224 19969 
11 35 41 224 19969 
11 35 56 224 19969 
11 36 11 224 19969 
11 36 26 224 19969 
11 36 41 224 19969 
11 36 56 224 19969 
11 37 11 224 19969 
11 37 26 224 19969 
11 37 41 224 19969 
11 37 56 224 19969 
11 38 11 224 19969 
11 38 26 224 19969 
11 38 41 224 19969 
11 38 56 224 19969 
11 39 11 224 19969 
11 39 26 224 19969 
11 39 41 224 19969 
11 39 56 224 19969 
11 40 11 224 19969 
11 40 26 224 19969 
11 40 41 224 19969 
11 40 56 224 19969 
11 41 11 224 19969 
11 41 26 224 19969 
11 41 41 224 19969 
11 41 56 224 19969 
11 42 11 224 19969 
11 42 26 224 19969 
11 42 41 224 19969 
11 42 56 224 19969 
11 43 11 224 19969 
11 43 26 224 19969 
11 43 41 224 19969 
11 43 56 224 19969 
11 44 11 224 19969 
11 44 26 224 19969 
11 44 41 224 19969 
11 44 56 224 19969 
11 45 11 224 19969 
11 45 26 224 19969 
11 46 3 224 19969 
11 46 18 224 19969 
11 46 33 224 19969 
11 46 48 224 19969 
11 47 3 224 19969 
11 47 18 224 19969 
11 47 33 224 19969 
11 47 48 224 19969 
11 48 3 224 19969 
11 48 18 224 19969 
11 48 33 224 19969 
11 48 48 224 19969 
11 49 3 224 19969 
11 49 18 224 19969 
11 49 33 224 19969 
11 49 48 224 19969 
11 50 3 224 19969 
11 50 18 224 19969 
11 50 33 224 19969 
11 50 48 224 19969 
11 51 3 224 19969 
11 51 18 224 19969 
11 51 33 224 19969 
11 51 48 224 19969 
11 52 3 224 19969 
11 52 18 224 19969 
11 52 33 224 19969 
11 52 48 224 19969 
11 53 3 224 19969 
11 53 18 224 19969 
11 53 33 224 19969 
11 53 48 224 19969 
11 54 3 224 19969 
11 54 18 224 19969 
11 54 33 224 19969 
11 54 48 224 19969 
11 55 3 224 19969 
11 55 18 224 19969 
11 55 33 224 19969 
11 55 48 224 19969 
11 56 3 224 19969 
11 56 18 224 19969 
11 56 33 224 19969 
11 56 48 224 19969 
11 57 3 224 19969 
11 57 18 224 19969 
11 57 33 224 19969 
11 57 48 224 19969 
11 58 3 224 19969 
11 58 18 224 19969 
11 58 33 224 19969 
11 58 48 224 19969 
11 59 3 224 19969 
11 59 18 224 19969 
11 59 33 224 19969 
11 59 48 224 19969 
12 0 3 224 19969 
12 0 18 224 19969 
12 0 33 224 19969 
12 1 25 224 19969 
12 1 40 224 19969 
12 1 55 224 19969 
12 2 10 224 19969 
12 2 25 224 19969 
12 2 40 224 19969 
12 2 55 224 19969 
12 3 10 224 19969 
12 3 25 224 19969 
12 3 40 224 19969 
12 3 55 224 19969 
12 4 10 224 19969 
12 4 25 224 19969 
12 4 40 224 19969 
12 4 55 224 19969 
12 5 10 224 19969 
12 5 25 224 19969 
12 5 40 224 19969 
12 5 55 224 19969 
12 6 10 224 19969 
12 6 25 224 19969 
12 6 40 224 19969 
12 6 55 224 19969 
12 7 10 224 19969 
12 7 25 224 19969 
12 7 40 224 19969 
12 7 55 224 19969 
12 8 10 224 19969 
12 8 25 224 19969 
12 8 40 224 19969 
12 8 55 224 19969 
12 9 10 224 19969 
12 9 25 224 19969 
12 9 40 224 19969 
12 9 55 224 19969 
12 10 10 224 19969 
12 10 25 224 19969 
12 10 40 224 19969 
12 10 55 224 19969 
12 11 10 224 19969 
12 11 25 224 19969 
12 11 40 224 19969 
12 11 55 224 19969 
12 12 10 224 19969 
12 12 25 224 19969 
12 12 40 224 19969 
12 12 55 224 19969 
12 13 10 224 19969 
12 13 25 224 19969 
12 13 40 224 19969 
12 13 55 224 19969 
12 14 10 224 19969 
12 14 25 224 19969 
12 14 40 224 19969 
12 14 55 224 19969 
12 15 10 224 19969 
12 15 25 224 19969 
12 15 40 223 19969 
12 16 17 224 19969 
12 16 32 224 19969 
12 16 47 224 19969 
12 17 2 224 19969 
12 17 17 224 19969 
12 17 32 225 19969 
12 17 47 224 19969 
12 18 2 224 19969 
12 18 17 224 19969 
12 18 32 224 19969 
12 18 47 224 19969 
12 19 2 224 19969 
12 19 17 224 19969 
12 19 32 224 19969 
12 19 47 224 19969 
12 20 2 224 19969 
12 20 17 224 19969 
12 20 32 224 19969 
12 20 47 224 19969 
12 21 2 224 19969 
12 21 17 224 19969 
12 21 32 224 19969 
12 21 47 224 19969 
12 22 2 224 19969 
12 22 17 223 19908 
12 22 32 224 19969 
12 22 47 224 19969 
12 23 2 224 19969 
12 23 17 224 19969 
12 23 32 224 19969 
12 23 47 224 19908 
12 24 2 224 19969 
12 24 17 224 19969 
12 24 32 224 19969 
12 24 47 224 19969 
12 25 2 224 19908 
12 25 17 224 19969 
12 25 32 224 19969 
12 25 47 224 19969 
12 26 2 224 19969 
12 26 17 224 19969 
12 26 32 224 19969 
12 26 47 224 19969 
12 27 2 224 19969 
12 27 17 224 19969 
12 27 32 224 19969 
12 27 47 224 19969 
12 28 2 224 19969 
12 28 17 224 19969 
12 28 32 224 19969 
12 28 47 224 19908 
12 29 2 224 19908 
12 29 17 224 19969 
12 29 32 224 19908 
12 29 47 224 19969 
12 30 2 224 19969 
12 30 17 224 19969 
12 30 32 224 19969 
12 30 47 224 19969 
12 31 39 224 19908 
12 31 54 224 19908 
12 32 9 224 19908 
12 32 24 224 19908 
12 32 39 224 19969 
12 32 54 224 19908 
12 33 9 224 19908 
12 33 24 224 19969 
12 33 39 224 19969 
12 33 54 224 19969 
12 34 9 224 19969 
12 34 24 224 19969 
12 34 39 224 19908 
12 34 54 224 19908 
12 35 9 224 19969 
12 35 24 224 19908 
12 35 39 224 19908 
12 35 54 224 19908 
12 36 9 224 19908 
12 36 24 224 19969 
12 36 39 224 19908 
12 36 54 224 19908 
12 37 9 223 19969 
12 37 24 224 19908 
12 37 39 224 15585 
12 37 54 224 6879 

/> 