
read 0817
read 0817
<CR>Time:2021/08/17 13:45
Hours Minutes Seconds  Nb_Samples    Aver. Current 
11 44 4 224 5439 
11 44 19 219 10634 
11 44 34 224 17723 
11 44 49 224 19984 
11 46 44 224 20045 
11 46 59 224 20045 
11 47 14 224 20045 
11 47 29 224 20045 
11 47 44 224 20045 
11 47 59 224 20045 
11 48 14 224 20045 
11 48 29 224 20045 
11 48 44 224 20045 
11 48 59 224 20045 
11 49 14 224 20045 
11 49 29 224 20045 
11 49 44 224 20045 
11 49 59 224 20045 
11 50 14 224 20045 
11 50 29 224 20045 
11 50 44 224 19984 
11 50 59 224 19984 
11 51 14 224 19984 
11 51 29 224 19984 
11 51 44 224 19984 
11 51 59 224 19984 
11 52 14 224 19984 
11 52 29 224 19984 
11 52 44 224 19984 
11 52 59 224 19984 
11 53 14 224 19984 
11 53 29 224 19984 
11 53 44 224 19984 
11 53 59 224 19984 
11 54 14 224 19984 
11 54 29 224 19984 
11 54 44 224 19984 
11 54 59 224 19984 
11 55 14 224 19984 
11 55 29 224 19984 
11 55 44 224 19984 
11 55 59 224 19984 
11 56 14 224 19984 
11 56 29 224 19984 
11 56 44 224 19984 
11 56 59 224 19984 
11 57 14 224 19984 
11 57 29 224 19984 
11 57 44 224 19984 
11 57 59 224 19984 
11 58 14 224 19984 
11 58 29 224 19984 
11 58 44 223 19984 
11 58 59 224 19984 
11 59 14 224 19984 
12 0 6 224 19984 
12 0 21 224 19984 
12 0 36 224 19984 
12 0 51 224 19984 
12 1 6 224 19984 
12 1 21 224 19984 
12 1 36 224 19984 
12 1 51 224 19984 
12 2 6 224 19984 
12 2 21 224 19984 
12 2 36 224 19984 
12 2 51 224 19984 
12 3 6 224 19984 
12 3 21 224 19984 
12 3 36 224 19984 
12 3 51 224 19984 
12 4 6 224 19984 
12 4 21 224 19984 
12 4 36 224 19984 
12 4 51 224 19984 
12 5 6 224 19984 
12 5 21 224 19984 
12 5 36 224 19984 
12 5 51 224 19984 
12 6 6 224 19984 
12 6 21 224 19984 
12 6 36 224 19984 
12 6 51 224 19984 
12 7 6 224 19984 
12 7 21 224 19984 
12 7 36 224 19984 
12 7 51 224 19984 
12 8 6 224 19984 
12 8 21 224 19984 
12 8 36 224 19984 
12 8 51 224 19984 
12 9 6 224 19984 
12 9 21 224 19984 
12 9 36 224 19984 
12 9 51 224 19984 
12 10 6 224 19984 
12 10 21 224 19984 
12 10 36 224 19984 
12 10 51 224 19984 
12 11 6 224 19984 
12 11 21 224 19984 
12 11 36 224 19984 
12 11 51 224 19984 
12 12 6 224 19984 
12 12 21 224 19984 
12 12 36 224 19984 
12 12 51 224 19984 
12 13 6 224 19984 
12 13 21 223 19984 
12 13 36 224 19984 
12 13 51 224 19984 
12 14 6 224 19984 
12 14 21 224 19984 
12 15 13 224 19984 
12 15 28 224 19984 
12 15 43 224 19984 
12 15 58 224 19984 
12 16 13 224 19984 
12 16 28 224 19984 
12 16 43 224 19984 
12 16 58 224 19984 
12 17 13 224 19984 
12 17 28 224 19984 
12 17 43 224 19984 
12 17 58 224 19984 
12 18 13 224 19984 
12 18 28 224 19984 
12 18 43 224 19984 
12 18 58 224 19984 
12 19 13 224 19984 
12 19 28 224 19984 
12 19 43 224 19984 
12 19 58 224 19984 
12 20 13 224 19984 
12 20 28 224 19984 
12 20 43 224 19984 
12 20 58 224 19984 
12 21 13 224 19984 
12 21 28 224 19984 
12 21 43 224 19984 
12 21 58 224 19984 
12 22 13 224 19984 
12 22 28 224 19984 
12 22 43 224 19984 
12 22 58 224 19984 
12 23 13 224 19984 
12 23 28 224 19984 
12 23 43 224 19984 
12 23 58 224 19984 
12 24 13 224 19984 
12 24 28 224 19984 
12 24 43 223 19984 
12 24 58 224 19984 
12 25 13 224 19984 
12 25 28 224 19984 
12 25 43 224 19984 
12 25 58 224 19984 
12 26 13 224 19984 
12 26 28 224 19984 
12 26 43 224 19984 
12 26 58 224 19984 
12 27 13 224 19984 
12 27 28 224 19984 
12 27 43 224 19984 
12 27 58 224 19984 
12 28 13 224 19984 
12 28 28 224 19984 
12 28 43 224 19984 
12 28 58 224 19984 
12 29 13 224 19984 
12 29 28 224 19984 
12 30 20 224 19984 
12 30 35 224 19984 
12 30 50 224 19984 
12 31 5 224 19984 
12 31 20 224 19984 
12 31 35 224 19984 
12 31 50 224 19984 
12 32 5 224 19984 
12 32 20 224 19984 
12 32 35 224 19984 
12 32 50 224 19984 
12 33 5 224 19984 
12 33 20 224 19984 
12 33 35 224 19984 
12 33 50 224 19984 
12 34 5 224 19984 
12 34 20 224 19984 
12 34 35 224 19984 
12 34 50 224 19984 
12 35 5 224 19984 
12 35 20 224 19984 
12 35 35 224 19984 
12 35 50 224 19984 
12 36 5 224 19984 
12 36 20 224 19984 
12 36 35 224 19984 
12 36 50 224 19984 
12 37 5 224 19984 
12 37 20 224 19984 
12 37 35 224 19984 
12 37 50 224 19984 
12 38 5 224 19984 
12 38 20 224 19984 
12 38 35 224 19984 
12 38 50 224 19984 
12 39 5 224 19984 
12 39 20 224 19984 
12 39 35 224 19984 
12 39 50 224 19984 
12 40 5 224 19984 
12 40 20 224 19984 
12 40 35 224 19984 
12 40 50 224 19984 
12 41 5 224 19984 
12 41 20 224 19984 
12 41 35 224 19984 
12 41 50 224 19984 
12 42 5 224 19984 
12 42 20 224 19984 
12 42 35 224 19984 
12 42 50 224 19984 
12 43 5 224 19984 
12 43 20 224 19984 
12 43 35 224 19984 
12 43 50 224 19984 
12 44 5 224 19984 
12 44 20 224 19984 
12 44 35 224 19984 
12 45 12 224 19984 
12 45 27 224 19984 
12 45 42 224 19984 
12 45 57 223 19984 
12 46 12 224 19984 
12 46 27 224 19984 
12 46 42 224 19984 
12 46 57 224 19984 
12 47 12 224 19984 
12 47 27 224 19984 
12 47 42 224 19984 
12 47 57 224 19984 
12 48 12 224 19984 
12 48 27 224 19984 
12 48 42 224 19984 
12 48 57 224 19984 
12 49 12 224 19984 
12 49 27 224 19984 
12 49 42 224 19984 
12 49 57 224 19984 
12 50 12 224 19984 
12 50 27 224 19984 
12 50 42 224 19984 
12 50 57 224 19984 
12 51 12 224 19984 
12 51 27 224 19984 
12 51 42 224 19984 
12 51 57 224 19984 
12 52 12 224 19984 
12 52 27 224 19984 
12 52 42 224 19984 
12 52 57 224 19984 
12 53 12 224 19984 
12 53 27 224 19984 
12 53 42 224 19984 
12 53 57 224 19984 
12 54 12 224 19984 
12 54 27 224 19984 
12 54 42 224 19984 
12 54 57 224 19984 
12 55 12 224 19984 
12 55 27 224 19984 
12 55 42 224 19984 
12 55 57 224 19984 
12 56 12 224 19984 
12 56 27 224 19984 
12 56 42 224 19984 
12 56 57 224 19984 
12 57 12 224 19984 
12 57 27 224 19984 
12 57 42 224 19984 
12 57 57 224 19984 
12 58 12 224 19984 
12 58 27 224 19984 
12 58 42 224 19984 
12 58 57 224 19984 
12 59 12 224 19984 
12 59 27 224 19984 
12 59 42 224 19984 
13 0 34 224 19984 
13 0 49 224 19984 
13 1 4 224 19984 
13 1 19 224 19984 
13 1 34 224 19984 
13 1 49 224 19984 
13 2 4 224 19984 
13 2 19 224 19984 
13 2 34 224 19984 
13 2 49 224 19984 
13 3 4 224 19984 
13 3 19 224 19984 
13 3 34 224 19984 
13 3 49 224 19984 
13 4 4 224 19984 
13 4 19 224 19984 
13 4 34 224 19984 
13 4 49 224 19984 
13 5 4 224 19984 
13 5 19 224 19984 
13 5 34 224 19984 
13 5 49 224 19984 
13 6 4 224 19984 
13 6 19 224 19984 
13 6 34 224 19984 
13 6 49 224 19984 
13 7 4 224 19984 
13 7 19 224 19984 
13 7 34 224 19984 
13 7 49 224 19984 
13 8 4 224 19984 
13 8 19 224 19984 
13 8 34 224 19984 
13 8 49 223 19984 
13 9 4 224 19984 
13 9 19 224 19984 
13 9 34 224 19984 
13 9 49 224 19984 
13 10 4 224 19984 
13 10 19 224 19984 
13 10 34 224 19984 
13 10 49 224 19984 
13 11 4 224 19984 
13 11 19 224 19984 
13 11 34 224 19984 
13 11 49 224 19984 
13 12 4 224 19984 
13 12 19 224 19984 
13 12 34 224 19984 
13 12 49 224 19984 
13 13 4 224 19984 
13 13 19 224 19984 
13 13 34 224 19984 
13 13 49 224 19984 
13 14 4 224 19984 
13 14 19 224 19984 
13 14 34 224 19984 
13 14 49 224 19984 
13 15 26 224 19984 
13 15 41 224 19984 
13 15 56 224 19984 
13 16 11 224 19984 
13 16 26 224 19984 
13 16 41 224 19984 
13 16 56 224 19984 
13 17 11 224 19984 
13 17 26 224 19984 
13 17 41 224 19984 
13 17 56 224 19984 
13 18 11 224 19984 
13 18 26 224 19984 
13 18 41 224 19984 
13 18 56 224 19984 
13 19 11 224 19984 
13 19 26 224 19984 
13 19 41 224 19984 
13 19 56 224 19984 
13 20 11 224 19984 
13 20 26 224 19984 
13 20 41 224 19984 
13 20 56 224 19984 
13 21 11 224 19984 
13 21 26 224 19984 
13 21 41 224 19984 
13 21 56 224 19984 
13 22 11 224 19984 
13 22 26 224 19984 
13 22 41 224 19984 
13 22 56 224 19984 
13 23 11 223 19984 
13 23 26 224 19984 
13 23 41 224 19984 
13 23 56 224 19984 
13 24 11 224 19984 
13 24 26 224 19984 
13 24 41 224 19984 
13 24 56 224 19984 
13 25 11 224 19984 
13 25 26 225 19984 
13 25 41 224 19984 
13 25 56 224 19984 
13 26 11 224 19984 
13 26 26 224 19984 
13 26 41 224 19984 
13 26 56 224 19984 
13 27 11 224 19984 
13 27 26 224 19984 
13 27 41 224 19984 
13 27 56 224 19984 
13 28 11 224 19984 
13 28 26 224 19984 
13 28 41 224 19984 
13 28 56 224 19984 
13 29 11 224 19984 
13 29 26 224 19984 
13 29 41 224 19984 
13 29 56 224 19984 
13 30 48 224 19984 
13 31 3 224 19984 
13 31 18 224 19984 
13 31 33 224 19984 
13 31 48 224 19984 
13 32 3 224 19984 
13 32 18 224 19984 
13 32 33 224 19984 
13 32 48 224 19984 
13 33 3 224 19984 
13 33 18 224 19984 
13 33 33 224 19984 
13 33 48 224 19984 
13 34 3 224 19984 
13 34 18 224 19984 
13 34 33 224 19984 
13 34 48 224 19984 
13 35 3 224 19984 
13 35 18 224 19984 
13 35 33 224 19984 
13 35 48 224 19984 
13 36 3 224 19984 
13 36 18 224 19984 
13 36 33 224 19984 
13 36 48 224 19984 
13 37 3 224 19984 
13 37 18 224 19984 
13 37 33 224 19984 
13 37 48 224 19984 
13 38 3 224 19984 
13 38 18 224 19984 
13 38 33 224 19984 
13 38 48 224 19984 
13 39 3 224 19984 
13 39 18 224 19984 
13 39 33 224 19984 
13 39 48 224 19984 
13 40 3 224 19984 
13 40 18 224 19984 
13 40 33 224 19984 
13 40 48 224 19984 
13 41 3 224 19984 
13 41 18 224 19984 
13 41 33 224 20045 
13 41 48 224 20045 
13 42 3 224 20045 
13 42 18 224 19984 
13 42 33 224 20045 
13 42 48 224 20045 
13 43 3 224 19984 
13 43 18 224 20045 
13 43 33 224 20045 
13 43 48 224 20045 
13 44 3 224 20045 
13 44 18 224 20045 
13 44 33 224 20045 
13 44 48 224 19984 
13 45 3 224 19984 
13 45 40 224 19984 
13 45 55 224 19984 
13 46 10 224 19984 
13 46 25 224 20045 
13 46 40 224 20045 
13 46 55 224 20045 
13 47 10 224 20045 
13 47 25 224 20045 
13 47 40 224 20045 
13 47 55 224 20045 
13 48 10 224 20045 
13 48 25 224 20045 
13 48 40 224 20045 
13 48 55 224 20045 
13 49 10 224 20045 
13 49 25 224 20045 
13 49 40 224 20045 
13 49 55 224 20045 
13 50 10 224 20045 
13 50 25 224 20045 
13 50 40 224 20045 
13 50 55 224 20045 
13 51 10 224 20045 
13 51 25 224 20045 
13 51 40 224 20045 
13 51 55 224 20045 
13 52 10 224 20045 
13 52 25 224 20045 
13 52 40 223 20045 
13 52 55 224 20045 
13 53 10 224 20045 
13 53 25 224 20045 
13 53 40 224 20045 
13 53 55 224 20045 
13 54 10 224 20045 
13 54 25 224 20045 
13 54 40 224 20045 
13 54 55 224 20045 
13 55 10 224 20045 
13 55 25 224 20045 
13 55 40 224 20045 
13 55 55 224 20045 
13 56 10 224 20045 
13 56 25 224 20045 
13 56 40 224 20045 
13 56 55 224 20045 
13 57 10 224 20045 
13 57 25 224 20045 
13 57 40 224 20045 
13 57 55 224 20045 
13 58 10 224 20045 

/> 