ls
ls
<CR>
         TIME          Size       File name 
----A 2021/10/30 14:49      8680  1030
----A 2021/10/30 10:09    128000  10300954
----A 2021/10/30 10:26    128000  10301011
----A 2021/10/30 10:43    128000  10301028
----A 2021/10/30 11:00    128000  10301045
----A 2021/10/30 11:17    128000  10301102
----A 2021/10/30 11:34    128000  10301119
----A 2021/10/30 11:51    128000  10301136
----A 2021/10/30 12:08    128000  10301153
----A 2021/10/30 12:25    128000  10301210
----A 2021/10/30 12:42    128000  10301227
----A 2021/10/30 12:59    128000  10301244
----A 2021/10/30 13:16    128000  10301301
----A 2021/10/30 13:33    128000  10301318
----A 2021/10/30 13:50    128000  10301335
----A 2021/10/30 14:07    128000  10301352
----A 2021/10/30 14:24    128000  10301409
----A 2021/10/30 14:41    128000  10301426
----A 2021/10/30 14:43      2560  10301443
----A 2021/10/31 14:43      8488  1031
----A 2021/10/31 10:10    128000  10310953
----A 2021/10/31 10:27    128000  10311010
----A 2021/10/31 10:42    128000  10311027
----A 2021/10/31 10:59    128000  10311044
----A 2021/10/31 11:18    128000  10311101
----A 2021/10/31 11:35    128000  10311118
----A 2021/10/31 11:50    128000  10311135
----A 2021/10/31 12:07    128000  10311152
----A 2021/10/31 12:26    128000  10311209
----A 2021/10/31 12:43    128000  10311226
----A 2021/10/31 12:59    128000  10311243
----A 2021/10/31 13:15    128000  10311300
----A 2021/10/31 13:35    128000  10311317
----A 2021/10/31 13:51    128000  10311334
----A 2021/10/31 14:07    128000  10311351
----A 2021/10/31 14:23    128000  10311408
----A 2021/10/31 14:43    126080  10311425

  37 File(s),   4369808 bytes total
   0 Dir(s),     996176K bytes free

/> 
read 1031
read 1031
<CR>Time:2021/10/31 14:43
Hours Minutes Seconds  Nb_Samples    Aver. Current 
9 37 25 12 11780 
9 37 41 13 14680 
9 37 55 12 16492 
9 38 11 13 16855 
9 38 25 12 17036 
9 38 41 13 17036 
9 38 55 12 17036 
9 39 11 13 17036 
9 39 25 12 17036 
9 39 41 13 17036 
9 39 55 12 17036 
9 40 11 13 17036 
9 40 25 12 17036 
9 40 41 13 17036 
9 40 55 12 17036 
9 41 11 13 17036 
9 41 25 12 17036 
9 41 41 13 17036 
9 41 55 12 17036 
9 42 11 13 17036 
9 42 25 12 17036 
9 42 41 13 17036 
9 42 55 12 17036 
9 43 11 13 17036 
9 43 25 12 17036 
9 43 41 13 17036 
9 43 55 12 17036 
9 44 11 13 17036 
9 44 25 12 17036 
9 44 41 13 17036 
9 44 55 12 16975 
9 45 11 13 17036 
9 45 25 12 16975 
9 45 41 13 16975 
9 45 55 12 16975 
9 46 11 13 16975 
9 46 25 12 16975 
9 46 41 13 16975 
9 46 55 12 16975 
9 47 11 13 16975 
9 47 25 12 16975 
9 47 41 13 16975 
9 47 55 12 16975 
9 48 11 13 16975 
9 48 25 12 16975 
9 48 41 13 16975 
9 48 55 12 16975 
9 49 11 13 16975 
9 49 25 12 16975 
9 49 41 13 16975 
9 49 55 12 16975 
9 50 11 13 16975 
9 50 25 12 16975 
9 50 41 13 16975 
9 50 55 12 16975 
9 51 11 13 16975 
9 51 25 12 16975 
9 51 41 13 16975 
9 54 11 12 16975 
9 54 27 13 16975 
9 54 41 12 16975 
9 54 57 13 16975 
9 55 11 12 16975 
9 55 27 13 16975 
9 55 41 12 16975 
9 55 57 13 16975 
9 56 11 12 16975 
9 56 27 13 16975 
9 56 41 12 16975 
9 56 57 13 16975 
9 57 11 12 16975 
9 57 27 13 16975 
9 57 41 12 16975 
9 57 57 13 16975 
9 58 11 12 16975 
9 58 27 13 16975 
9 58 41 12 16975 
9 58 57 13 16975 
9 59 11 12 16975 
9 59 27 13 16975 
9 59 41 12 16975 
9 59 57 13 16975 
10 0 11 12 16975 
10 0 27 13 16975 
10 0 41 12 16975 
10 0 57 13 16975 
10 1 11 12 16975 
10 1 27 13 16975 
10 1 41 12 16975 
10 1 57 13 16975 
10 2 11 12 16975 
10 2 27 13 16975 
10 2 41 12 16975 
10 2 57 13 16975 
10 3 11 12 16975 
10 3 27 13 16975 
10 3 41 12 16975 
10 3 57 13 16975 
10 4 11 12 16975 
10 4 27 13 16975 
10 4 41 12 16975 
10 4 57 13 16975 
10 5 11 12 16975 
10 5 27 13 16975 
10 5 41 12 16975 
10 5 57 13 16975 
10 6 11 12 16975 
10 6 27 13 16975 
10 6 41 12 16975 
10 6 57 13 16975 
10 7 11 12 16975 
10 7 27 13 16975 
10 7 41 12 16975 
10 7 57 13 16975 
10 8 11 12 16975 
10 8 27 13 16975 
10 8 41 12 16975 
10 11 12 13 16975 
10 11 27 12 16975 
10 11 42 13 16975 
10 11 57 12 16975 
10 12 12 13 16975 
10 12 27 12 16975 
10 12 42 13 16975 
10 12 57 12 16975 
10 13 12 13 16975 
10 13 27 12 16975 
10 13 42 13 16975 
10 13 57 12 16975 
10 14 12 13 16975 
10 14 27 12 16975 
10 14 42 13 16975 
10 14 57 12 16975 
10 15 12 13 16975 
10 15 27 12 16975 
10 15 42 13 16975 
10 15 57 12 16975 
10 16 12 13 16975 
10 16 27 12 16975 
10 16 42 13 16975 
10 16 57 12 16975 
10 17 12 13 16975 
10 17 27 12 16975 
10 17 42 13 16975 
10 17 57 12 16975 
10 18 12 13 16975 
10 18 27 12 16975 
10 18 42 13 16975 
10 18 57 12 16975 
10 19 12 13 16975 
10 19 27 12 16975 
10 19 42 13 16975 
10 19 57 12 16975 
10 20 12 13 16975 
10 20 27 12 16975 
10 20 42 13 16975 
10 20 57 12 16975 
10 21 12 13 16975 
10 21 28 13 16975 
10 21 42 12 16975 
10 21 58 13 16975 
10 22 12 12 16975 
10 22 28 13 16975 
10 22 42 12 16975 
10 22 58 13 16975 
10 23 12 12 16975 
10 23 28 13 16975 
10 23 42 12 16975 
10 23 58 13 16975 
10 24 12 12 16975 
10 24 28 13 16975 
10 24 42 12 16975 
10 24 58 13 16975 
10 25 12 12 16975 
10 25 28 13 16975 
10 25 42 12 16975 
10 28 14 13 16975 
10 28 28 12 16975 
10 28 44 13 16975 
10 28 58 12 16975 
10 29 14 13 16975 
10 29 28 12 16975 
10 29 44 13 16975 
10 29 58 12 16975 
10 30 14 13 16975 
10 30 28 12 16975 
10 30 44 13 16975 
10 30 58 12 16975 
10 31 14 13 16975 
10 31 28 12 16975 
10 31 44 13 16975 
10 31 58 12 16975 
10 32 14 13 16975 
10 32 28 12 16975 
10 32 44 13 16975 
10 32 58 12 16975 
10 33 14 13 16975 
10 33 28 12 16975 
10 33 44 13 16975 
10 33 58 12 16975 
10 34 14 13 16975 
10 34 28 12 16975 
10 34 44 13 16975 
10 34 58 12 16975 
10 35 14 13 16975 
10 35 28 12 16975 
10 35 44 13 16975 
10 35 58 12 16975 
10 36 14 13 16975 
10 36 28 12 16975 
10 36 44 13 16975 
10 36 58 12 16975 
10 37 14 13 16975 
10 37 28 12 16975 
10 37 44 13 16975 
10 37 58 12 16975 
10 38 14 13 16975 
10 38 28 12 16975 
10 38 44 13 16975 
10 38 58 12 16975 
10 39 14 13 16975 
10 39 28 12 16975 
10 39 44 13 16975 
10 39 58 12 16975 
10 40 14 13 16975 
10 40 28 12 16975 
10 40 44 13 16975 
10 40 58 12 16975 
10 41 14 13 16975 
10 41 28 12 16975 
10 41 44 13 16975 
10 41 58 12 16975 
10 42 14 13 16975 
10 42 28 12 16975 
10 42 44 13 16975 
10 45 15 13 16975 
10 45 29 12 16975 
10 45 45 13 16975 
10 45 59 12 16975 
10 46 15 13 16975 
10 46 29 12 16975 
10 46 45 13 16975 
10 46 59 12 16975 
10 47 15 13 16975 
10 47 29 12 16975 
10 47 45 13 16975 
10 47 59 12 16975 
10 48 15 13 16975 
10 48 29 12 16975 
10 48 45 13 16975 
10 48 59 12 16975 
10 49 15 13 16975 
10 49 29 12 16975 
10 49 45 13 16975 
10 49 59 12 16975 
10 50 15 13 16975 
10 50 29 12 16975 
10 50 45 13 16975 
10 50 59 12 16975 
10 51 15 13 16975 
10 51 29 12 16975 
10 51 45 13 16975 
10 51 59 12 16975 
10 52 15 13 16975 
10 52 29 12 16975 
10 52 45 13 16975 
10 52 59 12 16975 
10 53 15 13 16975 
10 53 29 12 16975 
10 53 45 13 16975 
10 53 59 12 16975 
10 54 15 13 16975 
10 54 29 12 16975 
10 54 45 13 16975 
10 54 59 12 16975 
10 55 15 13 16975 
10 55 29 12 16975 
10 55 45 13 16975 
10 55 59 12 16975 
10 56 15 13 16975 
10 56 29 12 16975 
10 56 45 13 16975 
10 56 59 12 16975 
10 57 15 13 16975 
10 57 29 12 16975 
10 57 45 13 16975 
10 57 59 12 16975 
10 58 15 13 16975 
10 58 29 12 16975 
10 58 45 13 16975 
10 58 59 12 16975 
10 59 15 13 16975 
10 59 29 12 16975 
10 59 45 13 16975 
11 2 16 13 16975 
11 2 30 12 16975 
11 2 46 13 16975 
11 3 0 12 16975 
11 3 16 13 16975 
11 3 30 12 16975 
11 3 46 13 16975 
11 4 0 12 16975 
11 4 16 13 16975 
11 4 30 12 16975 
11 4 46 13 16975 
11 5 0 12 16975 
11 5 16 13 16975 
11 5 30 12 16975 
11 5 46 13 16975 
11 6 0 12 16975 
11 6 16 13 16975 
11 6 30 12 16975 
11 6 46 13 16975 
11 7 0 12 16975 
11 7 16 13 16975 
11 7 30 12 16975 
11 7 46 13 16975 
11 8 0 12 16975 
11 8 16 13 16975 
11 8 30 12 16975 
11 8 46 13 16975 
11 9 0 12 16975 
11 9 16 13 16975 
11 9 30 12 16975 
11 9 46 13 16975 
11 10 0 12 16975 
11 10 16 13 16975 
11 10 30 12 16975 
11 10 46 13 16975 
11 11 0 12 16975 
11 11 16 13 16975 
11 11 30 12 16975 
11 11 46 13 16975 
11 12 0 12 16975 
11 12 16 13 16975 
11 12 30 12 16975 
11 12 46 13 16975 
11 13 0 12 16975 
11 13 16 13 16975 
11 13 30 12 16975 
11 13 46 13 16975 
11 14 0 12 16975 
11 14 16 13 16975 
11 14 30 12 16975 
11 14 46 13 16975 
11 15 0 12 16975 
11 15 16 13 16975 
11 15 30 12 16975 
11 15 46 13 16975 
11 16 0 12 16975 
11 16 16 13 16975 
11 16 30 12 16975 
11 16 46 13 16975 
11 19 16 13 16975 
11 19 30 12 16975 
11 19 46 13 16975 
11 20 0 12 16975 
11 20 16 13 16975 
11 20 30 12 16975 
11 20 46 13 16975 
11 21 0 12 16975 
11 21 16 13 16975 
11 21 30 12 16975 
11 21 46 13 16975 
11 22 0 12 16975 
11 22 16 13 16975 
11 22 30 12 16975 
11 22 46 13 16975 
11 23 0 12 16975 
11 23 16 13 16975 
11 23 30 12 16975 
11 23 46 13 16975 
11 24 0 12 16975 
11 24 16 13 16975 
11 24 30 12 16975 
11 24 46 13 16975 
11 25 0 12 16975 
11 25 16 13 16975 
11 25 30 12 16975 
11 25 46 13 16975 
11 26 0 12 16975 
11 26 16 13 16975 
11 26 30 12 16975 
11 26 46 13 16975 
11 27 0 12 16975 
11 27 16 13 16975 
11 27 30 12 16975 
11 27 46 13 16975 
11 28 0 12 16975 
11 28 16 13 16975 
11 28 30 12 16975 
11 28 46 13 16915 
11 29 0 12 16915 
11 29 16 13 16975 
11 29 30 12 16975 
11 29 46 13 16915 
11 30 0 12 16975 
11 30 16 13 16975 
11 30 30 12 16975 
11 30 46 13 16975 
11 31 0 12 16915 
11 31 16 13 16915 
11 31 30 12 16975 
11 31 46 13 16975 
11 32 0 12 16975 
11 32 16 13 16915 
11 32 30 12 16975 
11 32 46 13 16975 
11 33 0 12 16975 
11 33 16 13 16975 
11 33 30 12 16915 
11 33 46 13 16975 
11 36 16 13 16975 
11 36 30 12 16915 
11 36 46 13 16915 
11 37 0 12 16975 
11 37 16 13 16975 
11 37 30 12 16975 
11 37 46 13 16975 
11 38 0 12 16915 
11 38 16 13 16975 
11 38 30 12 16975 
11 38 46 13 16915 
11 39 0 12 16975 
11 39 16 13 16975 
11 39 30 12 16975 
11 39 46 13 16915 
11 40 0 12 16915 
11 40 16 13 16975 
11 40 30 12 16915 
11 40 46 13 16915 
11 41 0 12 16975 
11 41 16 13 16975 
11 41 30 12 16975 
11 41 46 13 16915 
11 42 0 12 16975 
11 42 16 13 16975 
11 42 30 12 16975 
11 42 46 13 16975 
11 43 0 12 16915 
11 43 16 13 16975 
11 43 30 12 16975 
11 43 46 13 16915 
11 44 0 12 16915 
11 44 16 13 16975 
11 44 30 12 16975 
11 44 46 13 16975 
11 45 0 12 16975 
11 45 16 13 16975 
11 45 30 12 16915 
11 45 46 13 16915 
11 46 0 12 16915 
11 46 16 13 16975 
11 46 30 12 16975 
11 46 46 13 16915 
11 47 0 12 16915 
11 47 16 13 16975 
11 47 30 12 16975 
11 47 46 13 16975 
11 48 0 12 16975 
11 48 16 13 16975 
11 48 30 12 16975 
11 48 46 13 16915 
11 49 0 12 16975 
11 49 16 13 16915 
11 49 30 12 16975 
11 49 46 13 16975 
11 50 0 12 16975 
11 50 16 13 16915 
11 50 30 12 16975 
11 50 46 13 16975 
11 53 17 13 16975 
11 53 32 12 16975 
11 53 47 13 16975 
11 54 2 12 16975 
11 54 17 13 16915 
11 54 32 12 16975 
11 54 47 13 16915 
11 55 2 12 16975 
11 55 17 13 16915 
11 55 32 12 16975 
11 55 47 13 16915 
11 56 2 12 16915 
11 56 17 13 16915 
11 56 32 12 16915 
11 56 47 13 16915 
11 57 2 12 16915 
11 57 17 13 16915 
11 57 32 12 16915 
11 57 47 13 16915 
11 58 2 12 16975 
11 58 17 13 16975 
11 58 32 12 16915 
11 58 47 13 16915 
11 59 2 12 16975 
11 59 17 13 16915 
11 59 32 12 16915 
11 59 47 13 16975 
12 0 2 12 16915 
12 0 17 13 16975 
12 0 32 12 16915 
12 0 47 13 16915 
12 1 2 12 16915 
12 1 17 13 16915 
12 1 32 12 16975 
12 1 47 13 16975 
12 2 2 12 16975 
12 2 17 13 16915 
12 2 32 12 16915 
12 2 47 13 16975 
12 3 2 12 16915 
12 3 17 13 16915 
12 3 32 12 16915 
12 3 47 13 16915 
12 4 2 12 16915 
12 4 17 13 16915 
12 4 32 12 16915 
12 4 47 13 16915 
12 5 2 12 16915 
12 5 17 13 16915 
12 5 32 12 16915 
12 5 47 13 16975 
12 6 2 12 16915 
12 6 17 13 16975 
12 6 32 12 16915 
12 6 47 13 16915 
12 7 2 12 16915 
12 7 17 13 16915 
12 7 32 12 16975 
12 7 47 13 16975 
12 10 17 13 16915 
12 10 32 12 16915 
12 10 47 13 16975 
12 11 2 12 16915 
12 11 17 13 16915 
12 11 32 12 16915 
12 11 47 13 16915 
12 12 2 12 16915 
12 12 17 13 16915 
12 12 32 12 16975 
12 12 47 13 16975 
12 13 2 12 16915 
12 13 17 13 16915 
12 13 32 12 16915 
12 13 47 13 16915 
12 14 2 12 16915 
12 14 17 13 16915 
12 14 32 12 16915 
12 14 47 13 16915 
12 15 2 12 16915 
12 15 17 13 16975 
12 15 32 12 16975 
12 15 47 13 16915 
12 16 2 12 16915 
12 16 17 13 16975 
12 16 32 12 16915 
12 16 47 13 16915 
12 17 2 12 16975 
12 17 17 13 16975 
12 17 32 12 16915 
12 17 47 13 16915 
12 18 2 12 16915 
12 18 17 13 16975 
12 18 32 12 16975 
12 18 47 13 16975 
12 19 2 12 16975 
12 19 17 13 16975 
12 19 32 12 16915 
12 19 47 13 16915 
12 20 2 12 16915 
12 20 17 13 16915 
12 20 32 12 16915 
12 20 47 13 16915 
12 21 2 12 16915 
12 21 17 13 16915 
12 21 32 12 16915 
12 21 47 13 16915 
12 22 2 12 16975 
12 22 17 13 16975 
12 22 32 12 16915 
12 22 47 13 16975 
12 23 2 12 16975 
12 23 17 13 16915 
12 23 32 12 16975 
12 23 47 13 16915 
12 24 2 12 16975 
12 24 17 13 16915 
12 24 32 12 16915 
12 24 47 13 16915 
12 27 17 13 16915 
12 27 32 12 16915 
12 27 47 13 16915 
12 28 2 12 16915 
12 28 17 13 16975 
12 28 32 12 16915 
12 28 47 13 16915 
12 29 2 12 16915 
12 29 17 13 16915 
12 29 32 12 16915 
12 29 47 13 16915 
12 30 2 12 16915 
12 30 17 13 16975 
12 30 32 12 16915 
12 30 47 13 16975 
12 31 2 12 16915 
12 31 17 13 16915 
12 31 32 12 16915 
12 31 47 13 16915 
12 32 2 12 16915 
12 32 17 13 16915 
12 32 32 12 16975 
12 32 47 13 16975 
12 33 2 12 16915 
12 33 17 13 16915 
12 33 32 12 16975 
12 33 47 13 16975 
12 34 2 12 16915 
12 34 17 13 16915 
12 34 32 12 16915 
12 34 47 13 16975 
12 35 2 12 16975 
12 35 17 13 16975 
12 35 32 12 16975 
12 35 47 13 16915 
12 36 2 12 16915 
12 36 17 13 16975 
12 36 32 12 16975 
12 36 47 13 16915 
12 37 2 12 16915 
12 37 17 13 16915 
12 37 32 12 16915 
12 37 47 13 16915 
12 38 2 12 16975 
12 38 17 13 16915 
12 38 32 12 16915 
12 38 47 13 16915 
12 39 2 12 16915 
12 39 17 13 16915 
12 39 32 12 16915 
12 39 47 13 16915 
12 40 2 12 16915 
12 40 17 13 16915 
12 40 32 12 16915 
12 40 47 13 16915 
12 41 2 12 16915 
12 41 17 13 16915 
12 41 32 12 16975 
12 41 47 13 16915 
12 44 18 13 16915 
12 44 33 12 16975 
12 44 48 13 16975 
12 45 3 12 16975 
12 45 18 13 16975 
12 45 33 12 16975 
12 45 48 13 16915 
12 46 3 12 16915 
12 46 18 13 16915 
12 46 33 12 16975 
12 46 48 13 16915 
12 47 3 12 16915 
12 47 18 13 16975 
12 47 33 12 16915 
12 47 48 13 16915 
12 48 3 12 16915 
12 48 18 13 16915 
12 48 33 12 16915 
12 48 48 13 16915 
12 49 3 12 16975 
12 49 18 13 16975 
12 49 33 12 16975 
12 49 48 13 16915 
12 50 3 12 16915 
12 50 18 13 16915 
12 50 33 12 16915 
12 50 48 13 16975 
12 51 3 12 16915 
12 51 18 13 16915 
12 51 33 12 16915 
12 51 48 13 16915 
12 52 3 12 16915 
12 52 18 13 16915 
12 52 33 12 16915 
12 52 48 13 16915 
12 53 3 12 16915 
12 53 18 13 16915 
12 53 33 12 16915 
12 53 48 13 16915 
12 54 3 12 16915 
12 54 18 13 16915 
12 54 33 12 16915 
12 54 48 13 16915 
12 55 3 12 16975 
12 55 18 13 16915 
12 55 33 12 16915 
12 55 48 13 16975 
12 56 3 12 16915 
12 56 18 13 16915 
12 56 33 12 16915 
12 56 48 13 16915 
12 57 3 12 16915 
12 57 18 13 16915 
12 57 33 12 16915 
12 57 48 13 16915 
12 58 3 12 16915 
12 58 18 13 16915 
12 58 33 12 16915 
12 58 48 13 16915 
13 1 18 13 16915 
13 1 33 12 16915 
13 1 48 13 16915 
13 2 3 12 16975 
13 2 18 13 16915 
13 2 33 12 16915 
13 2 48 13 16915 
13 3 3 12 16915 
13 3 18 13 16915 
13 3 33 12 16915 
13 3 48 13 16915 
13 4 3 12 16915 
13 4 18 13 16915 
13 4 33 12 16915 
13 4 48 13 16915 
13 5 3 12 16915 
13 5 18 13 16915 
13 5 33 12 16915 
13 5 48 13 16915 
13 6 3 12 16915 
13 6 18 13 16915 
13 6 33 12 16915 
13 6 48 13 16915 
13 7 3 12 16915 
13 7 18 13 16915 
13 7 33 12 16915 
13 7 48 13 16975 
13 8 3 12 16915 
13 8 18 13 16915 
13 8 33 12 16915 
13 8 48 13 16915 
13 9 3 12 16975 
13 9 18 13 16915 
13 9 33 12 16915 
13 9 48 13 16915 
13 10 3 12 16915 
13 10 18 13 16915 
13 10 33 12 16975 
13 10 48 13 16975 
13 11 3 12 16915 
13 11 18 13 16915 
13 11 33 12 16915 
13 11 48 13 16915 
13 12 3 12 16915 
13 12 18 13 16915 
13 12 33 12 16915 
13 12 48 13 16915 
13 13 3 12 16915 
13 13 18 13 16915 
13 13 33 12 16915 
13 13 48 13 16915 
13 14 3 12 16915 
13 14 18 13 16915 
13 14 33 12 16915 
13 14 48 13 16915 
13 15 3 12 16915 
13 15 18 13 16915 
13 15 33 12 16915 
13 15 48 13 16915 
13 18 18 13 16915 
13 18 33 12 16915 
13 18 48 13 16915 
13 19 3 12 16915 
13 19 18 13 16915 
13 19 33 12 16915 
13 19 48 13 16915 
13 20 3 12 16915 
13 20 18 13 16915 
13 20 33 12 16915 
13 20 48 13 16915 
13 21 3 12 16915 
13 21 18 13 16915 
13 21 33 12 16915 
13 21 48 13 16915 
13 22 3 12 16915 
13 22 18 13 16915 
13 22 33 12 16915 
13 22 48 13 16915 
13 23 3 12 16915 
13 23 18 13 16915 
13 23 33 12 16915 
13 23 48 13 16915 
13 24 3 12 16915 
13 24 18 13 16915 
13 24 33 12 16915 
13 24 48 13 16915 
13 25 3 12 16915 
13 25 18 13 16915 
13 25 33 12 16915 
13 25 48 13 16915 
13 26 3 12 16975 
13 26 18 13 16915 
13 26 33 12 16915 
13 26 48 13 16915 
13 27 3 12 16915 
13 27 18 13 16915 
13 27 33 12 16915 
13 27 48 13 16915 
13 28 3 12 16915 
13 28 18 13 16915 
13 28 33 12 16915 
13 28 48 13 16915 
13 29 3 12 16915 
13 29 18 13 16915 
13 29 33 12 16915 
13 29 48 13 16915 
13 30 3 12 16915 
13 30 18 13 16915 
13 30 33 12 16915 
13 30 48 13 16915 
13 31 3 12 16915 
13 31 18 13 16915 
13 31 33 12 16915 
13 31 48 13 16915 
13 32 3 12 16915 
13 32 18 13 16915 
13 32 33 12 16915 
13 32 48 13 16915 
13 35 20 13 16915 
13 35 34 12 16915 
13 35 50 13 16915 
13 36 4 12 16915 
13 36 20 13 16915 
13 36 34 12 16915 
13 36 50 13 16915 
13 37 4 12 16915 
13 37 20 13 16915 
13 37 34 12 16915 
13 37 50 13 16915 
13 38 4 12 16915 
13 38 20 13 16915 
13 38 34 12 16915 
13 38 50 13 16915 
13 39 4 12 16915 
13 39 20 13 16915 
13 39 34 12 16915 
13 39 50 13 16915 
13 40 4 12 16915 
13 40 20 13 16915 
13 40 34 12 16915 
13 40 50 13 16915 
13 41 4 12 16915 
13 41 20 13 16915 
13 41 34 12 16915 
13 41 50 13 16915 
13 42 4 12 16915 
13 42 20 13 16915 
13 42 34 12 16915 
13 42 50 13 16915 
13 43 4 12 16915 
13 43 20 13 16915 
13 43 34 12 16915 
13 43 50 13 16915 
13 44 4 12 16915 
13 44 20 13 16915 
13 44 34 12 16915 
13 44 50 13 16915 
13 45 4 12 16915 
13 45 20 13 16915 
13 45 34 12 16915 
13 45 50 13 16915 
13 46 4 12 16915 
13 46 20 13 16915 
13 46 34 12 16915 
13 46 50 13 16915 
13 47 4 12 16915 
13 47 20 13 16915 
13 47 34 12 16915 
13 47 50 13 16915 
13 48 4 12 16915 
13 48 20 13 16915 
13 48 34 12 16915 
13 48 50 13 16915 
13 49 4 12 16915 
13 49 20 13 16915 
13 49 34 12 16915 
13 49 50 13 16915 
13 52 20 13 16915 
13 52 34 12 16915 
13 52 50 13 16915 
13 53 4 12 16915 
13 53 20 13 16915 
13 53 34 12 16915 
13 53 50 13 16915 
13 54 4 12 16915 
13 54 20 13 16915 
13 54 34 12 16915 
13 54 50 13 16915 
13 55 4 12 16915 
13 55 20 13 16915 
13 55 34 12 16915 
13 55 50 13 16915 
13 56 4 12 16915 
13 56 20 13 16915 
13 56 34 12 16915 
13 56 50 13 16915 
13 57 4 12 16915 
13 57 20 13 16915 
13 57 34 12 16915 
13 57 50 13 16915 
13 58 4 12 16915 
13 58 20 13 16915 
13 58 34 12 16915 
13 58 50 13 16915 
13 59 4 12 16915 
13 59 20 13 16915 
13 59 34 12 16915 
13 59 50 13 16915 
14 0 4 12 16915 
14 0 20 13 16915 
14 0 34 12 16915 
14 0 50 13 16915 
14 1 4 12 16915 
14 1 20 13 16915 
14 1 34 12 16915 
14 1 50 13 16915 
14 2 4 12 16915 
14 2 20 13 16915 
14 2 34 12 16915 
14 2 50 13 16915 
14 3 4 12 16915 
14 3 20 13 16915 
14 3 34 12 16915 
14 3 50 13 16915 
14 4 4 12 16915 
14 4 20 13 16915 
14 4 34 12 16915 
14 4 50 13 16915 
14 5 4 12 16915 
14 5 20 13 16915 
14 5 34 12 16915 
14 5 50 13 16915 
14 6 4 12 16915 
14 6 20 13 16915 
14 6 34 12 16915 
14 6 50 13 16915 
14 9 20 13 16915 
14 9 34 12 16915 
14 9 50 13 16915 
14 10 4 12 16915 
14 10 20 13 16915 
14 10 34 12 16915 
14 10 50 13 16915 
14 11 4 12 16915 
14 11 20 13 16915 
14 11 34 12 16915 
14 11 50 13 16915 
14 12 4 12 16915 
14 12 20 13 16915 
14 12 34 12 16915 
14 12 50 13 16915 
14 13 4 12 16915 
14 13 20 13 16915 
14 13 34 12 16915 
14 13 50 13 16915 
14 14 4 12 16915 
14 14 20 13 16915 
14 14 34 12 16915 
14 14 50 13 16915 
14 15 4 12 16915 
14 15 20 13 16915 
14 15 34 12 16915 
14 15 50 13 16915 
14 16 4 12 16915 
14 16 20 13 16915 
14 16 34 12 16915 
14 16 50 13 16915 
14 17 4 12 16915 
14 17 20 13 16915 
14 17 34 12 16915 
14 17 50 13 16915 
14 18 4 12 16915 
14 18 20 13 16915 
14 18 34 12 16915 
14 18 50 13 16915 
14 19 4 12 16915 
14 19 20 13 16915 
14 19 34 12 16915 
14 19 50 13 16915 
14 20 4 12 16915 
14 20 20 13 16915 
14 20 34 12 16915 
14 20 50 13 16915 
14 21 4 12 16915 
14 21 20 13 16915 
14 21 34 12 16915 
14 21 50 13 16915 
14 22 4 12 16915 
14 22 20 13 16915 
14 22 34 12 16915 
14 22 50 13 16915 
14 23 4 12 16915 
14 23 20 13 16915 
14 23 34 12 16915 
14 23 50 13 16915 
14 26 21 13 16915 
14 26 35 12 16915 
14 26 51 13 16915 
14 27 5 12 16915 
14 27 21 13 16915 
14 27 35 12 16915 
14 27 51 13 16915 
14 28 5 12 16915 
14 28 21 13 16915 
14 28 35 12 16915 
14 28 51 13 16915 
14 29 5 12 16915 
14 29 21 13 16915 
14 29 35 12 16915 
14 29 51 13 16915 
14 30 5 12 16915 
14 30 21 13 16915 
14 30 35 12 16915 
14 30 51 13 16915 
14 31 5 12 16915 
14 31 21 13 16915 
14 31 35 12 16915 
14 31 51 13 16915 
14 32 5 12 16915 
14 32 21 13 16915 
14 32 35 12 16915 
14 32 51 13 16915 
14 33 5 12 16915 
14 33 21 13 16915 
14 33 35 12 16915 
14 33 51 13 16915 
14 34 5 12 16915 
14 34 21 13 16915 
14 34 35 12 16915 
14 34 51 13 16915 
14 35 5 12 16915 
14 35 21 13 16915 
14 35 35 12 16915 
14 35 51 13 16915 
14 36 5 12 16915 
14 36 21 13 16915 
14 36 35 12 16915 
14 36 51 13 16915 
14 37 5 12 16915 
14 37 21 13 16915 
14 37 35 12 16915 
14 37 51 13 16915 
14 38 5 12 16915 
14 38 21 13 16915 
14 38 35 12 16915 
14 38 51 13 16915 
14 39 5 12 16915 
14 39 21 13 16915 
14 39 35 12 16915 
14 39 51 13 16915 
14 40 5 12 16915 
14 40 21 13 16915 
14 40 35 12 16915 
14 40 51 13 16915 

/> 
read_ramp 10311300
read_ramp 10311300
<CR>Time:2021/10/31 14:43Ramp data first polarity: 
230 230 230 230 230 230 230 229 231 230 231 230 230 229 229 230 230 229 229 229 230 230 230 230 229 230 230 230 229 230 230 230 230 230 230 230 230 230 230 230 230 229 230 230 230 230 230 229 230 230 230 231 230 231 230 230 230 230 230 230 230 230 230 232 233 234 236 239 242 246 249 252 255 258 259 260 262 263 264 266 267 269 271 272 273 275 277 279 280 283 283 285 286 288 290 292 294 295 296 298 300 301 303 304 306 307 309 311 313 314 316 317 318 320 322 324 326 328 329 331 332 334 335 337 339 339 341 343 346 347 348 349 351 352 354 356 356 359 361 362 365 365 366 369 369 371 373 374 376 378 379 381 382 383 386 387 389 390 393 394 396 397 398 399 401 403 404 405 407 408 410 411 413 415 416 418 419 422 422 424 425 428 429 430 431 433 435 436 437 439 441 442 443 443 446 447 449 451 452 453 456 457 458 460 461 462 462 466 467 468 469 471 473 474 476 477 480 480 482 482 484 486 488 489 490 492 493 494 495 498 499 500 501 503 504 506 506 507 510 510 511 511 511 513 512 512 513 512 512 512 512 511 512 511 511 512 512 512 511 511 511 511 511 511 511 512 512 513 512 511 511 511 512 511 511 511 511 511 512 512 511 511 512 511 511 511 512 513 512 512 511 511 511 512 511 511 511 511 511 511 512 512 512 512 512 511 512 510 512 513 513 512 511 511 512 512 512 513 512 512 
ramp data second polarity
791 792 792 791 792 791 792 792 792 791 792 792 792 792 793 792 791 791 791 792 791 792 790 792 791 791 791 791 792 791 792 792 792 792 793 793 792 792 792 792 792 792 792 792 792 792 792 792 792 791 792 791 792 791 792 793 792 792 792 791 792 791 791 794 786 787 784 780 777 774 771 767 767 765 763 762 760 759 757 754 754 754 750 748 747 745 744 742 741 739 738 736 734 733 732 730 729 726 726 724 722 720 719 717 715 714 712 710 709 707 705 703 702 700 699 697 695 694 692 691 690 687 686 684 683 681 680 678 676 675 673 671 670 668 667 665 664 662 661 660 658 656 654 653 652 650 648 647 645 643 642 640 638 637 635 634 632 631 629 628 627 626 623 622 621 619 617 616 614 613 611 609 608 606 604 603 602 600 598 597 596 595 594 591 589 587 588 585 584 582 580 579 578 576 575 574 571 570 567 567 566 565 563 562 559 558 557 555 554 552 551 548 547 547 544 544 541 541 539 538 536 536 534 533 531 530 528 527 525 523 522 521 519 517 516 515 513 512 511 511 509 509 510 510 510 510 510 504 509 510 508 509 509 509 509 509 509 509 509 511 508 509 510 510 510 510 510 509 509 509 510 509 509 508 509 509 509 509 510 510 509 509 510 511 510 510 510 510 510 510 510 509 510 510 509 510 510 509 509 509 509 509 510 509 509 509 510 510 510 509 509 509 508 509 509 509 509 509 509 509 
Oscillation data first polarity :
786 785 781 778 776 772 769 768 766 763 761 760 759 757 755 755 753 751 748 747 746 744 743 742 739 738 737 735 735 733 731 729 727 726 724 721 720 719 717 716 714 713 710 709 707 706 704 702 701 700 698 698 695 693 692 691 689 687 685 683 682 680 679 677 676 674 672 670 669 667 666 665 663 662 660 658 657 656 654 652 650 649 647 645 644 643 641 640 637 637 635 634 632 629 629 627 626 623 623 621 619 617 616 616 612 611 608 608 607 606 604 602 600 600 598 597 596 593 592 589 589 588 586 584 582 581 580 578 576 575 573 572 570 569 568 567 565 564 562 560 558 557 556 555 553 551 549 549 547 545 545 543 542 540 538 536 536 535 533 531 530 528 527 526 524 522 521 520 518 517 515 514 512 511 510 510 509 509 511 510 509 508 510 510 509 509 509 509 509 509 509 510 509 509 509 509 509 508 509 510 509 509 509 509 509 509 509 509 509 509 509 509 509 509 510 509 509 509 509 509 509 510 510 510 510 509 509 510 509 509 508 509 509 509 509 509 509 509 509 509 509 509 509 509 509 509 510 509 509 510 509 509 509 511 509 509 509 509 509 509 509 508 509 509 509 510 509 509 509 509 509 509 509 509 509 509 509 509 509 510 509 509 510 509 509 510 510 510 510 510 509 509 509 509 509 509 509 509 509 509 509 509 509 509 509 508 509 510 509 510 509 509 509 509 509 510 509 509 510 509 
Oscillation data second polarity :
233 235 240 244 247 249 250 254 257 258 259 261 262 264 265 267 269 270 271 273 275 276 279 280 282 283 285 286 288 290 292 293 294 297 298 300 301 302 304 305 308 309 310 312 314 316 318 319 320 321 324 325 326 329 329 331 334 335 336 338 339 341 343 344 346 347 350 351 353 355 356 357 359 360 361 363 365 367 368 370 371 373 375 376 378 379 380 382 385 387 388 390 390 392 393 395 396 398 399 401 403 405 406 407 408 410 412 413 415 416 418 419 421 423 423 425 427 428 430 431 432 435 436 437 438 440 442 443 444 446 447 449 451 453 454 456 457 457 460 461 462 463 466 466 468 470 471 472 474 476 475 478 480 481 483 485 486 488 488 490 492 494 494 495 497 498 500 501 503 504 505 506 508 509 510 511 511 512 512 511 511 513 513 511 511 512 511 511 511 512 511 511 512 512 512 511 511 513 512 513 512 511 511 512 512 511 511 511 511 511 511 511 510 511 511 511 512 511 511 512 512 512 513 512 512 512 512 512 512 511 512 511 512 511 512 512 511 511 511 511 511 512 512 512 513 511 511 511 512 511 511 511 511 511 512 511 511 512 511 511 511 511 512 512 511 512 513 511 511 511 512 511 511 511 511 511 512 511 511 511 511 511 511 511 512 512 512 512 512 511 511 512 512 512 511 512 511 511 511 512 512 511 511 511 511 510 512 511 511 512 512 510 511 510 511 511 512 512 511 511 
/> 