ls
ls
<CR>
         TIME          Size       File name 
----A 2021/10/30 14:51      8672  1030
----A 2021/10/30 10:09    128000  10300954
----A 2021/10/30 10:27    128000  10301011
----A 2021/10/30 10:43    128000  10301028
----A 2021/10/30 11:01    128000  10301045
----A 2021/10/30 11:17    128000  10301102
----A 2021/10/30 11:35    128000  10301119
----A 2021/10/30 11:51    128000  10301136
----A 2021/10/30 12:09    128000  10301153
----A 2021/10/30 12:25    128000  10301210
----A 2021/10/30 12:43    128000  10301227
----A 2021/10/30 12:59    128000  10301244
----A 2021/10/30 13:17    128000  10301301
----A 2021/10/30 13:33    128000  10301318
----A 2021/10/30 13:51    128000  10301335
----A 2021/10/30 14:07    128000  10301352
----A 2021/10/30 14:25    128000  10301409
----A 2021/10/30 14:41    128000  10301426
----A 2021/10/30 14:43      2560  10301443
----A 2021/10/31 14:41      8480  1031
----A 2021/10/31 10:11    128000  10310953
----A 2021/10/31 10:27    128000  10311010
----A 2021/10/31 10:43    128000  10311027
----A 2021/10/31 11:00    128000  10311044
----A 2021/10/31 11:17    128000  10311101
----A 2021/10/31 11:34    128000  10311118
----A 2021/10/31 11:51    128000  10311136
----A 2021/10/31 12:08    128000  10311153
----A 2021/10/31 12:25    128000  10311210
----A 2021/10/31 12:42    128000  10311227
----A 2021/10/31 12:59    128000  10311244
----A 2021/10/31 13:16    128000  10311301
----A 2021/10/31 13:33    128000  10311318
----A 2021/10/31 13:50    128000  10311335
----A 2021/10/31 14:07    128000  10311352
----A 2021/10/31 14:24    128000  10311409
----A 2021/10/31 14:41    128000  10311426
----A 2021/10/31 14:43      2560  10311443

  38 File(s),   4374272 bytes total
   0 Dir(s),     996160K bytes free

/> 
read 1031
read 1031
<CR>Time:2021/10/31 14:43
Hours Minutes Seconds  Nb_Samples    Aver. Current 
9 37 56 13 14185 
9 38 11 12 16457 
9 38 26 13 16764 
9 38 41 12 17071 
9 38 56 13 17071 
9 39 11 12 17010 
9 39 26 13 17010 
9 39 41 12 17010 
9 39 56 13 17071 
9 40 11 12 17071 
9 40 26 13 17071 
9 40 41 12 17010 
9 40 56 13 17010 
9 41 11 12 17010 
9 41 26 13 17010 
9 41 41 12 17010 
9 41 56 13 17010 
9 42 11 12 17010 
9 42 26 13 17010 
9 42 41 12 17010 
9 42 56 13 17010 
9 43 11 12 17010 
9 43 26 13 17010 
9 43 41 12 17010 
9 43 56 13 17010 
9 44 11 12 17010 
9 44 26 13 17010 
9 44 41 12 17010 
9 44 56 13 17010 
9 45 11 12 17010 
9 45 26 13 17010 
9 45 41 12 17010 
9 45 56 13 17010 
9 46 11 12 17010 
9 46 26 13 17010 
9 46 41 12 17010 
9 46 56 13 17010 
9 47 11 12 17010 
9 47 26 13 17010 
9 47 41 12 17010 
9 47 56 13 17010 
9 48 11 12 17010 
9 48 26 13 17010 
9 48 41 12 17010 
9 48 56 13 17010 
9 49 11 12 17010 
9 49 26 13 17010 
9 49 41 12 17010 
9 49 56 13 17010 
9 50 11 12 17010 
9 50 26 13 17010 
9 50 41 12 17010 
9 50 56 13 17010 
9 51 11 12 17010 
9 51 26 13 17010 
9 51 41 12 17010 
9 51 56 13 17010 
9 54 29 13 17010 
9 54 43 12 17010 
9 54 59 13 17010 
9 55 13 12 17010 
9 55 29 13 16948 
9 55 43 12 17010 
9 55 59 13 17010 
9 56 13 12 16948 
9 56 29 13 16948 
9 56 43 12 17010 
9 56 59 13 16948 
9 57 13 12 16948 
9 57 29 13 17010 
9 57 43 12 17010 
9 57 59 13 17010 
9 58 13 12 16948 
9 58 29 13 16948 
9 58 43 12 17010 
9 58 59 13 16948 
9 59 13 12 16948 
9 59 29 13 16948 
9 59 43 12 16948 
9 59 59 13 16948 
10 0 13 12 17010 
10 0 29 13 17010 
10 0 43 12 16948 
10 0 59 13 16948 
10 1 13 12 16948 
10 1 29 13 16948 
10 1 43 12 17010 
10 1 59 13 16948 
10 2 13 12 16948 
10 2 29 13 16948 
10 2 43 12 16948 
10 2 59 13 16948 
10 3 13 12 16948 
10 3 29 13 16948 
10 3 43 12 16948 
10 3 59 13 16948 
10 4 13 12 16948 
10 4 29 13 17010 
10 4 43 12 16948 
10 4 59 13 16948 
10 5 13 12 16948 
10 5 29 13 16948 
10 5 43 12 16948 
10 5 59 13 16948 
10 6 13 12 16948 
10 6 29 13 16948 
10 6 43 12 16948 
10 6 59 13 17010 
10 7 13 12 16948 
10 7 29 13 16948 
10 7 43 12 16948 
10 7 59 13 16948 
10 8 13 12 16948 
10 8 29 13 16948 
10 8 43 12 17010 
10 8 59 13 16948 
10 11 29 13 16948 
10 11 43 12 16948 
10 11 59 13 16948 
10 12 13 12 16948 
10 12 29 13 16948 
10 12 43 12 17010 
10 12 59 13 16948 
10 13 13 12 16948 
10 13 29 13 16948 
10 13 43 12 16948 
10 13 59 13 16948 
10 14 13 12 16948 
10 14 29 13 16948 
10 14 43 12 16948 
10 14 59 13 16948 
10 15 13 12 16948 
10 15 29 13 16948 
10 15 43 12 16948 
10 15 59 13 16948 
10 16 13 12 16948 
10 16 29 13 16948 
10 16 43 12 16948 
10 16 59 13 16948 
10 17 13 12 16948 
10 17 29 13 16948 
10 17 43 12 17010 
10 17 59 13 16948 
10 18 13 12 16948 
10 18 29 13 16948 
10 18 43 12 16948 
10 18 59 13 16948 
10 19 13 12 16948 
10 19 29 13 17010 
10 19 43 12 16948 
10 19 59 13 16948 
10 20 13 12 16948 
10 20 29 13 16948 
10 20 43 12 16948 
10 20 59 13 16948 
10 21 13 12 16948 
10 21 29 13 16948 
10 21 43 12 16948 
10 21 59 13 16948 
10 22 13 12 16948 
10 22 29 13 16948 
10 22 43 12 16948 
10 22 59 13 16948 
10 23 13 12 16948 
10 23 29 13 16948 
10 23 43 12 16948 
10 23 59 13 16948 
10 24 13 12 16948 
10 24 29 13 16948 
10 24 43 12 16948 
10 24 59 13 16948 
10 25 13 12 16948 
10 25 29 13 16948 
10 25 43 12 16948 
10 25 59 13 16948 
10 28 30 13 16948 
10 28 45 12 16948 
10 29 0 13 16948 
10 29 15 12 16948 
10 29 30 13 16948 
10 29 45 12 16948 
10 30 0 13 16948 
10 30 15 12 16948 
10 30 30 13 16948 
10 30 45 12 16948 
10 31 0 13 16948 
10 31 15 12 16948 
10 31 30 13 16948 
10 31 45 12 16948 
10 32 0 13 16948 
10 32 15 12 16948 
10 32 30 13 16948 
10 32 45 12 16948 
10 33 0 13 16948 
10 33 15 12 16948 
10 33 30 13 16948 
10 33 45 12 16948 
10 34 0 13 16948 
10 34 15 12 16948 
10 34 30 13 16948 
10 34 45 12 16948 
10 35 0 13 16948 
10 35 15 12 16948 
10 35 30 13 16948 
10 35 45 12 16948 
10 36 0 13 16948 
10 36 15 12 16948 
10 36 30 13 16948 
10 36 45 12 16948 
10 37 0 13 16948 
10 37 15 12 16948 
10 37 30 13 16948 
10 37 45 12 16948 
10 38 0 13 16948 
10 38 15 12 16948 
10 38 30 13 16948 
10 38 45 12 16948 
10 39 0 13 16948 
10 39 15 12 16948 
10 39 30 13 16948 
10 39 45 12 16948 
10 40 0 13 16948 
10 40 15 12 16948 
10 40 30 13 16948 
10 40 45 12 16948 
10 41 0 13 16948 
10 41 15 12 16948 
10 41 30 13 16948 
10 41 45 12 16948 
10 42 0 13 16948 
10 42 15 12 16948 
10 42 30 13 16948 
10 42 45 12 16948 
10 43 0 13 16948 
10 45 30 13 16948 
10 45 45 12 16948 
10 46 0 13 16948 
10 46 15 12 16948 
10 46 30 13 16948 
10 46 45 12 16948 
10 47 0 13 16948 
10 47 15 12 16948 
10 47 30 13 16948 
10 47 45 12 16948 
10 48 0 13 16948 
10 48 15 12 16948 
10 48 30 13 16948 
10 48 45 12 16948 
10 49 0 13 16948 
10 49 15 12 16948 
10 49 30 13 16948 
10 49 45 12 16948 
10 50 0 13 16948 
10 50 15 12 16948 
10 50 30 13 16948 
10 50 45 12 16948 
10 51 0 13 16948 
10 51 15 12 16948 
10 51 30 13 16948 
10 51 45 12 16948 
10 52 0 13 16948 
10 52 15 12 16948 
10 52 30 13 16948 
10 52 45 12 16948 
10 53 0 13 16948 
10 53 15 12 16948 
10 53 30 13 16948 
10 53 45 12 16948 
10 54 0 13 16948 
10 54 15 12 16948 
10 54 30 13 16948 
10 54 45 12 16948 
10 55 0 13 16948 
10 55 15 12 16948 
10 55 30 13 16948 
10 55 45 12 16948 
10 56 0 13 16948 
10 56 15 12 16948 
10 56 30 13 16948 
10 56 45 12 16948 
10 57 0 13 16948 
10 57 15 12 16948 
10 57 30 13 16948 
10 57 45 12 16948 
10 58 0 13 16948 
10 58 15 12 16948 
10 58 30 13 16948 
10 58 45 12 16948 
10 59 0 13 16948 
10 59 15 12 16948 
10 59 30 13 16948 
10 59 45 12 16948 
11 0 0 13 16948 
11 2 30 13 16948 
11 2 45 12 16948 
11 3 0 13 16948 
11 3 15 12 16948 
11 3 30 13 16948 
11 3 45 12 16948 
11 4 0 13 16948 
11 4 15 12 16948 
11 4 30 13 16948 
11 4 45 12 16948 
11 5 0 13 16948 
11 5 15 12 16948 
11 5 30 13 16948 
11 5 45 12 16948 
11 6 0 13 16948 
11 6 15 12 16948 
11 6 30 13 16948 
11 6 45 12 16948 
11 7 0 13 16948 
11 7 15 12 16948 
11 7 30 13 16948 
11 7 45 12 16948 
11 8 0 13 16948 
11 8 15 12 16948 
11 8 30 13 16948 
11 8 45 12 16948 
11 9 0 13 16948 
11 9 15 12 16948 
11 9 30 13 16948 
11 9 45 12 16948 
11 10 0 13 16948 
11 10 15 12 16948 
11 10 30 13 16948 
11 10 45 12 16948 
11 11 0 13 16948 
11 11 15 12 16948 
11 11 30 13 16948 
11 11 45 12 16948 
11 12 0 13 16948 
11 12 15 12 16948 
11 12 30 13 16948 
11 12 45 12 16948 
11 13 0 13 16948 
11 13 15 12 16948 
11 13 30 13 16948 
11 13 45 12 16948 
11 14 0 13 16948 
11 14 15 12 16948 
11 14 30 13 16948 
11 14 45 12 16948 
11 15 0 13 16948 
11 15 15 12 16948 
11 15 30 13 16948 
11 15 45 12 16948 
11 16 0 13 16948 
11 16 15 12 16948 
11 16 30 13 16948 
11 16 45 12 16948 
11 17 0 13 16948 
11 19 31 13 16948 
11 19 46 12 16948 
11 20 1 13 16948 
11 20 16 12 16948 
11 20 31 13 16948 
11 20 46 12 16948 
11 21 1 13 16948 
11 21 16 12 16948 
11 21 31 13 16948 
11 21 46 12 16948 
11 22 1 13 16948 
11 22 16 12 16948 
11 22 31 13 16948 
11 22 46 12 16948 
11 23 1 13 16948 
11 23 16 12 16948 
11 23 31 13 16948 
11 23 46 12 16948 
11 24 1 13 16948 
11 24 16 12 16948 
11 24 31 13 16948 
11 24 46 12 16948 
11 25 1 13 16948 
11 25 16 12 16948 
11 25 31 13 16948 
11 25 46 12 16948 
11 26 1 13 16948 
11 26 16 12 16948 
11 26 31 13 16948 
11 26 46 12 16948 
11 27 1 13 16948 
11 27 16 12 16948 
11 27 31 13 16948 
11 27 46 12 16948 
11 28 1 13 16948 
11 28 16 12 16948 
11 28 31 13 16948 
11 28 46 12 16948 
11 29 1 13 16948 
11 29 16 12 16948 
11 29 31 13 16948 
11 29 46 12 16948 
11 30 1 13 16948 
11 30 16 12 16948 
11 30 31 13 16948 
11 30 46 12 16948 
11 31 1 13 16948 
11 31 16 12 16948 
11 31 31 13 16948 
11 31 46 12 16948 
11 32 1 13 16948 
11 32 16 12 16948 
11 32 31 13 16948 
11 32 46 12 16948 
11 33 1 13 16948 
11 33 16 12 16948 
11 33 31 13 16948 
11 33 46 12 16948 
11 34 1 13 16948 
11 36 31 13 16948 
11 36 46 12 16948 
11 37 1 13 16948 
11 37 16 12 16948 
11 37 31 13 16948 
11 37 46 12 16948 
11 38 1 13 16948 
11 38 16 12 16948 
11 38 31 13 16948 
11 38 46 12 16948 
11 39 1 13 16948 
11 39 16 12 16948 
11 39 31 13 16948 
11 39 46 12 16948 
11 40 1 13 16948 
11 40 16 12 16948 
11 40 31 13 16948 
11 40 46 12 16948 
11 41 1 13 16948 
11 41 16 12 16948 
11 41 31 13 16948 
11 41 46 12 16948 
11 42 1 13 16948 
11 42 16 12 16948 
11 42 31 13 16948 
11 42 46 12 16948 
11 43 1 13 16948 
11 43 16 12 16948 
11 43 31 13 16948 
11 43 46 12 16948 
11 44 1 13 16948 
11 44 16 12 16948 
11 44 31 13 16948 
11 44 46 12 16948 
11 45 1 13 16948 
11 45 16 12 16948 
11 45 31 13 16948 
11 45 46 12 16948 
11 46 1 13 16948 
11 46 16 12 16948 
11 46 31 13 16948 
11 46 46 12 16948 
11 47 1 13 16948 
11 47 16 12 16948 
11 47 31 13 16948 
11 47 46 12 16948 
11 48 1 13 16948 
11 48 16 12 16948 
11 48 31 13 16948 
11 48 46 12 16948 
11 49 1 13 16948 
11 49 16 12 16948 
11 49 31 13 16948 
11 49 46 12 16948 
11 50 1 13 16948 
11 50 16 12 16948 
11 50 31 13 16948 
11 50 46 12 16948 
11 51 1 13 16948 
11 53 33 13 16948 
11 53 47 12 16948 
11 54 3 13 16948 
11 54 17 12 16948 
11 54 33 13 16948 
11 54 47 12 16948 
11 55 3 13 16948 
11 55 17 12 16948 
11 55 33 13 16948 
11 55 47 12 16948 
11 56 3 13 16948 
11 56 17 12 16948 
11 56 33 13 16948 
11 56 47 12 16948 
11 57 3 13 16948 
11 57 17 12 16948 
11 57 33 13 16948 
11 57 47 12 16948 
11 58 3 13 16948 
11 58 17 12 16948 
11 58 33 13 16948 
11 58 47 12 16948 
11 59 3 13 16948 
11 59 17 12 16948 
11 59 33 13 16948 
11 59 47 12 16948 
12 0 3 13 16948 
12 0 17 12 16948 
12 0 33 13 16948 
12 0 47 12 16948 
12 1 3 13 16948 
12 1 17 12 16948 
12 1 33 13 16948 
12 1 47 12 16948 
12 2 3 13 16948 
12 2 17 12 16948 
12 2 33 13 16948 
12 2 47 12 16948 
12 3 3 13 16948 
12 3 17 12 16948 
12 3 33 13 16948 
12 3 47 12 16948 
12 4 3 13 16948 
12 4 17 12 16948 
12 4 33 13 16948 
12 4 47 12 16948 
12 5 3 13 16948 
12 5 17 12 16948 
12 5 33 13 16948 
12 5 47 12 16948 
12 6 3 13 16948 
12 6 17 12 16948 
12 6 33 13 16948 
12 6 47 12 16948 
12 7 3 13 16948 
12 7 17 12 16948 
12 7 33 13 16948 
12 7 47 12 16948 
12 8 3 13 16948 
12 10 33 13 16948 
12 10 47 12 16948 
12 11 3 13 16948 
12 11 17 12 16948 
12 11 33 13 16948 
12 11 47 12 16948 
12 12 3 13 16948 
12 12 17 12 16948 
12 12 33 13 16948 
12 12 47 12 16948 
12 13 3 13 16948 
12 13 17 12 16948 
12 13 33 13 16948 
12 13 47 12 16948 
12 14 3 13 16948 
12 14 17 12 16948 
12 14 33 13 16948 
12 14 47 12 16948 
12 15 3 13 16948 
12 15 17 12 16948 
12 15 33 13 16948 
12 15 47 12 16948 
12 16 3 13 16948 
12 16 17 12 16948 
12 16 33 13 16948 
12 16 47 12 16948 
12 17 3 13 16948 
12 17 17 12 16948 
12 17 33 13 16948 
12 17 47 12 16948 
12 18 3 13 16948 
12 18 17 12 16948 
12 18 33 13 16948 
12 18 47 12 16948 
12 19 3 13 16948 
12 19 17 12 16948 
12 19 33 13 16948 
12 19 47 12 16948 
12 20 3 13 16948 
12 20 17 12 16948 
12 20 33 13 16948 
12 20 47 12 16948 
12 21 3 13 16948 
12 21 17 12 16948 
12 21 33 13 16948 
12 21 47 12 16948 
12 22 3 13 16948 
12 22 17 12 16948 
12 22 33 13 16948 
12 22 47 12 16948 
12 23 3 13 16948 
12 23 17 12 16948 
12 23 33 13 16948 
12 23 47 12 16948 
12 24 3 13 16948 
12 24 17 12 16948 
12 24 33 13 16948 
12 24 47 12 16948 
12 25 3 13 16948 
12 27 33 13 16948 
12 27 47 12 16948 
12 28 3 13 16948 
12 28 17 12 16948 
12 28 33 13 16948 
12 28 47 12 16948 
12 29 3 13 16948 
12 29 17 12 16948 
12 29 33 13 16948 
12 29 47 12 16948 
12 30 3 13 16948 
12 30 17 12 16948 
12 30 33 13 16948 
12 30 47 12 16948 
12 31 3 13 16948 
12 31 17 12 16948 
12 31 33 13 16948 
12 31 47 12 16948 
12 32 3 13 16948 
12 32 17 12 16948 
12 32 33 13 16948 
12 32 47 12 16948 
12 33 3 13 16948 
12 33 17 12 16948 
12 33 33 13 16948 
12 33 47 12 16948 
12 34 3 13 16948 
12 34 17 12 16948 
12 34 33 13 16948 
12 34 47 12 16948 
12 35 3 13 16948 
12 35 17 12 16948 
12 35 33 13 16948 
12 35 47 12 16948 
12 36 3 13 16948 
12 36 17 12 16948 
12 36 33 13 16948 
12 36 47 12 16948 
12 37 3 13 16948 
12 37 17 12 16948 
12 37 33 13 16948 
12 37 47 12 16948 
12 38 3 13 16948 
12 38 17 12 16948 
12 38 33 13 16948 
12 38 47 12 16948 
12 39 3 13 16948 
12 39 17 12 16948 
12 39 33 13 16948 
12 39 47 12 16948 
12 40 3 13 16948 
12 40 17 12 16948 
12 40 33 13 16948 
12 40 47 12 16948 
12 41 3 13 16948 
12 41 17 12 16948 
12 41 33 13 16948 
12 41 47 12 16948 
12 42 3 13 16948 
12 44 34 13 16948 
12 44 48 12 16948 
12 45 4 13 16948 
12 45 18 12 16948 
12 45 34 13 16948 
12 45 48 12 16948 
12 46 4 13 16948 
12 46 18 12 16948 
12 46 34 13 16948 
12 46 48 12 16948 
12 47 4 13 16948 
12 47 18 12 16948 
12 47 34 13 16948 
12 47 48 12 16948 
12 48 4 13 16948 
12 48 18 12 16948 
12 48 34 13 16948 
12 48 48 12 16948 
12 49 4 13 16948 
12 49 18 12 16948 
12 49 34 13 16948 
12 49 48 12 16948 
12 50 4 13 16948 
12 50 18 12 16948 
12 50 34 13 16948 
12 50 48 12 16948 
12 51 4 13 16948 
12 51 18 12 16948 
12 51 34 13 16948 
12 51 48 12 16948 
12 52 4 13 16948 
12 52 18 12 16948 
12 52 34 13 16948 
12 52 48 12 16948 
12 53 4 13 16948 
12 53 18 12 16948 
12 53 34 13 16948 
12 53 48 12 16948 
12 54 4 13 16948 
12 54 18 12 16948 
12 54 34 13 16948 
12 54 48 12 16948 
12 55 4 13 16948 
12 55 18 12 16948 
12 55 34 13 16948 
12 55 48 12 16948 
12 56 4 13 16948 
12 56 18 12 16948 
12 56 34 13 16948 
12 56 48 12 16948 
12 57 4 13 16948 
12 57 18 12 16948 
12 57 34 13 16948 
12 57 48 12 16948 
12 58 4 13 16948 
12 58 18 12 16948 
12 58 34 13 16948 
12 58 48 12 16948 
12 59 4 13 16948 
13 1 34 13 16948 
13 1 48 12 16948 
13 2 4 13 16948 
13 2 18 12 16948 
13 2 34 13 16948 
13 2 48 12 16948 
13 3 4 13 16948 
13 3 18 12 16948 
13 3 34 13 16948 
13 3 48 12 16948 
13 4 4 13 16948 
13 4 18 12 16948 
13 4 34 13 16948 
13 4 48 12 16948 
13 5 4 13 16948 
13 5 18 12 16948 
13 5 34 13 16948 
13 5 48 12 16948 
13 6 4 13 16948 
13 6 18 12 16948 
13 6 34 13 16948 
13 6 48 12 16948 
13 7 4 13 16948 
13 7 18 12 16948 
13 7 34 13 16948 
13 7 48 12 16948 
13 8 4 13 16948 
13 8 18 12 16948 
13 8 34 13 16948 
13 8 48 12 16948 
13 9 4 13 16948 
13 9 18 12 16948 
13 9 34 13 16948 
13 9 48 12 16948 
13 10 4 13 16948 
13 10 18 12 16948 
13 10 34 13 16948 
13 10 48 12 16948 
13 11 4 13 16948 
13 11 18 12 16948 
13 11 34 13 16948 
13 11 48 12 16948 
13 12 4 13 16948 
13 12 18 12 16948 
13 12 34 13 16948 
13 12 48 12 16948 
13 13 4 13 16948 
13 13 18 12 16948 
13 13 34 13 16948 
13 13 48 12 16948 
13 14 4 13 16948 
13 14 18 12 16948 
13 14 34 13 16948 
13 14 48 12 16948 
13 15 4 13 16948 
13 15 18 12 16948 
13 15 34 13 16948 
13 15 48 12 16948 
13 16 4 13 16948 
13 18 34 13 16948 
13 18 48 12 16948 
13 19 4 13 16948 
13 19 18 12 16948 
13 19 34 13 16948 
13 19 48 12 16948 
13 20 4 13 16948 
13 20 18 12 16948 
13 20 34 13 16948 
13 20 48 12 16948 
13 21 4 13 16948 
13 21 18 12 16948 
13 21 34 13 16948 
13 21 48 12 16948 
13 22 4 13 16948 
13 22 18 12 16948 
13 22 34 13 16948 
13 22 48 12 16948 
13 23 4 13 16948 
13 23 18 12 16948 
13 23 34 13 16948 
13 23 48 12 16948 
13 24 4 13 16948 
13 24 18 12 16948 
13 24 34 13 16948 
13 24 48 12 16948 
13 25 4 13 16948 
13 25 18 12 16948 
13 25 34 13 16948 
13 25 48 12 16948 
13 26 4 13 16948 
13 26 18 12 16948 
13 26 34 13 16948 
13 26 48 12 16948 
13 27 4 13 16948 
13 27 18 12 16948 
13 27 34 13 16948 
13 27 48 12 16948 
13 28 4 13 16948 
13 28 18 12 16948 
13 28 34 13 16948 
13 28 48 12 16948 
13 29 4 13 16948 
13 29 18 12 16948 
13 29 34 13 16948 
13 29 48 12 16948 
13 30 4 13 16948 
13 30 18 12 16948 
13 30 34 13 16948 
13 30 48 12 16948 
13 31 4 13 16948 
13 31 18 12 16948 
13 31 34 13 16948 
13 31 48 12 16948 
13 32 4 13 16948 
13 32 18 12 16948 
13 32 34 13 16948 
13 32 48 12 16948 
13 33 4 13 16948 
13 35 35 13 16948 
13 35 49 12 16948 
13 36 5 13 16948 
13 36 19 12 16948 
13 36 35 13 16948 
13 36 49 12 16948 
13 37 5 13 16948 
13 37 19 12 16948 
13 37 35 13 16948 
13 37 49 12 16948 
13 38 5 13 16948 
13 38 19 12 16948 
13 38 35 13 16948 
13 38 49 12 16948 
13 39 5 13 16948 
13 39 19 12 16948 
13 39 35 13 16948 
13 39 49 12 16948 
13 40 5 13 16948 
13 40 19 12 16948 
13 40 35 13 16948 
13 40 49 12 16948 
13 41 5 13 16948 
13 41 19 12 16948 
13 41 35 13 16948 
13 41 49 12 16948 
13 42 5 13 16948 
13 42 19 12 16948 
13 42 35 13 16948 
13 42 49 12 16948 
13 43 5 13 16948 
13 43 19 12 16948 
13 43 35 13 16948 
13 43 49 12 16948 
13 44 5 13 16948 
13 44 19 12 16948 
13 44 35 13 16948 
13 44 49 12 16948 
13 45 5 13 16948 
13 45 19 12 16948 
13 45 35 13 16948 
13 45 49 12 16948 
13 46 5 13 16948 
13 46 19 12 16948 
13 46 35 13 16948 
13 46 49 12 16948 
13 47 5 13 16948 
13 47 19 12 16948 
13 47 35 13 16948 
13 47 49 12 16948 
13 48 5 13 16948 
13 48 19 12 16948 
13 48 35 13 16948 
13 48 49 12 16948 
13 49 5 13 16948 
13 49 19 12 16948 
13 49 35 13 16948 
13 49 49 12 16948 
13 50 5 13 16948 
13 52 35 13 16948 
13 52 49 12 16948 
13 53 5 13 16948 
13 53 19 12 16948 
13 53 35 13 16948 
13 53 49 12 16948 
13 54 5 13 16948 
13 54 19 12 16948 
13 54 35 13 16948 
13 54 49 12 16948 
13 55 5 13 16948 
13 55 19 12 16948 
13 55 35 13 16948 
13 55 49 12 16948 
13 56 5 13 16948 
13 56 19 12 16948 
13 56 35 13 16948 
13 56 49 12 16948 
13 57 5 13 16948 
13 57 19 12 16948 
13 57 35 13 16948 
13 57 49 12 16948 
13 58 5 13 16948 
13 58 19 12 16948 
13 58 35 13 16948 
13 58 49 12 16948 
13 59 5 13 16948 
13 59 19 12 16948 
13 59 35 13 16948 
13 59 49 12 16948 
14 0 5 13 16948 
14 0 19 12 16948 
14 0 35 13 16948 
14 0 49 12 16948 
14 1 5 13 16948 
14 1 19 12 16948 
14 1 35 13 16948 
14 1 49 12 16948 
14 2 5 13 16948 
14 2 19 12 16948 
14 2 35 13 16948 
14 2 49 12 16948 
14 3 5 13 16948 
14 3 19 12 16948 
14 3 35 13 16948 
14 3 49 12 16948 
14 4 5 13 16948 
14 4 19 12 16948 
14 4 35 13 16948 
14 4 49 12 16948 
14 5 5 13 16948 
14 5 19 12 16948 
14 5 35 13 16948 
14 5 49 12 16948 
14 6 5 13 16948 
14 6 19 12 16948 
14 6 35 13 16948 
14 6 49 12 16948 
14 7 5 13 16948 
14 9 35 13 16948 
14 9 49 12 16948 
14 10 5 13 16948 
14 10 19 12 16948 
14 10 35 13 16948 
14 10 49 12 16948 
14 11 5 13 16948 
14 11 19 12 16948 
14 11 35 13 16948 
14 11 49 12 16948 
14 12 5 13 16948 
14 12 19 12 16948 
14 12 35 13 16948 
14 12 49 12 16948 
14 13 5 13 16948 
14 13 19 12 16948 
14 13 35 13 16948 
14 13 49 12 16948 
14 14 5 13 16948 
14 14 19 12 16948 
14 14 35 13 16948 
14 14 49 12 16948 
14 15 5 13 16948 
14 15 19 12 16948 
14 15 35 13 16948 
14 15 49 12 16948 
14 16 5 13 16948 
14 16 19 12 16948 
14 16 35 13 16948 
14 16 49 12 16948 
14 17 5 13 16948 
14 17 19 12 16948 
14 17 35 13 16948 
14 17 49 12 16948 
14 18 5 13 16948 
14 18 19 12 16948 
14 18 35 13 16948 
14 18 49 12 16948 
14 19 5 13 16948 
14 19 19 12 16948 
14 19 35 13 16948 
14 19 49 12 16948 
14 20 5 13 16948 
14 20 19 12 16948 
14 20 35 13 16948 
14 20 49 12 16948 
14 21 5 13 16948 
14 21 19 12 16948 
14 21 35 13 16948 
14 21 49 12 16948 
14 22 5 13 16948 
14 22 19 12 16948 
14 22 35 13 16948 
14 22 49 12 16948 
14 23 5 13 16948 
14 23 19 12 16948 
14 23 35 13 16948 
14 23 49 12 16948 
14 24 5 13 16948 
14 26 36 13 16948 
14 26 51 12 16948 
14 27 6 13 16948 
14 27 21 12 16948 
14 27 36 13 16948 
14 27 51 12 16948 
14 28 6 13 16948 
14 28 21 12 16948 
14 28 36 13 16948 
14 28 51 12 16948 
14 29 6 13 16948 
14 29 21 12 16948 
14 29 36 13 16948 
14 29 51 12 16948 
14 30 6 13 16948 
14 30 21 12 16948 
14 30 36 13 16948 
14 30 51 12 16948 
14 31 6 13 16948 
14 31 21 12 16948 
14 31 36 13 16948 
14 31 51 12 16948 
14 32 6 13 16948 
14 32 21 12 16948 
14 32 36 13 16948 
14 32 51 12 16948 
14 33 6 13 16948 
14 33 21 12 16948 
14 33 36 13 16948 
14 33 51 12 16948 
14 34 6 13 16948 
14 34 21 12 16948 
14 34 36 13 16948 
14 34 51 12 16948 
14 35 6 13 16948 
14 35 21 12 16948 
14 35 36 13 16948 
14 35 51 12 16948 
14 36 6 13 16948 
14 36 21 12 16948 
14 36 36 13 16948 
14 36 51 12 16948 
14 37 6 13 16948 
14 37 21 12 16948 
14 37 36 13 16948 
14 37 51 12 16948 
14 38 6 13 16948 
14 38 21 12 16948 
14 38 36 13 16948 
14 38 51 12 16948 
14 39 6 13 16948 
14 39 21 12 16948 
14 39 36 13 16948 
14 39 51 12 16948 
14 40 6 13 16948 
14 40 21 12 16948 
14 40 36 13 16948 
14 40 51 12 16948 
14 41 6 13 16948 

/> 
read_ramp 10311301
read_ramp 10311301
<CR>Time:2021/10/31 14:43Ramp data first polarity: Ramp data first polarity: 
230 229 229 229 229 229 229 229 229 229 230 230 230 229 229 229 229 230 229 230 230 230 230 230 229 229 229 229 230 230 230 229 230 229 230 230 230 230 230 230 230 229 230 229 229 229 230 230 229 230 230 229 229 230 229 230 230 229 229 229 230 229 229 231 235 231 234 236 239 242 246 250 253 255 256 258 260 261 262 264 266 268 270 270 272 273 275 276 278 280 282 283 284 286 288 289 291 292 294 297 297 298 301 302 304 305 307 310 311 311 313 314 316 318 319 321 323 324 326 328 329 331 332 334 336 338 338 339 341 343 344 347 349 350 352 353 354 356 357 360 361 362 364 366 367 369 369 372 373 374 377 378 379 380 382 383 385 387 389 390 392 392 394 395 397 399 401 403 404 405 406 408 410 411 413 414 416 417 418 420 421 423 425 426 427 430 431 431 433 434 436 438 439 440 443 443 445 447 447 449 451 451 454 456 456 458 459 461 462 463 465 467 469 470 471 472 474 475 477 478 480 481 482 484 485 486 488 490 491 493 493 495 495 498 498 500 502 504 505 506 506 507 507 508 508 507 509 508 508 507 507 508 507 507 507 508 508 507 507 507 507 507 508 507 507 507 507 507 507 507 507 507 508 508 507 507 507 507 507 507 507 508 508 507 508 507 507 507 508 507 507 508 507 506 507 507 507 507 507 508 507 507 507 507 507 507 507 508 507 506 507 507 507 507 507 507 508 507 507 507 
ramp data second polarity
783 782 783 783 782 782 783 783 782 782 783 783 783 783 782 783 782 783 782 782 784 783 782 783 783 782 783 782 783 783 782 783 782 782 783 782 782 782 782 782 782 782 782 782 782 782 783 782 782 782 782 782 783 782 783 783 782 782 782 782 782 783 782 783 782 781 777 779 776 771 768 765 762 759 758 756 754 751 751 750 749 747 745 744 742 741 738 737 736 735 732 731 729 727 727 725 723 722 720 719 717 715 713 712 711 708 708 706 703 702 702 699 698 695 696 694 691 690 688 687 685 683 682 681 680 677 676 674 672 670 669 668 667 665 663 661 660 658 657 655 655 653 650 649 647 645 644 642 641 640 638 636 635 634 632 630 629 627 627 624 622 621 620 618 617 615 614 613 610 609 607 605 605 603 602 601 599 597 596 594 593 591 590 588 587 586 583 582 580 579 577 576 575 574 572 570 569 567 566 564 563 562 561 559 558 556 555 552 552 550 549 548 546 544 543 542 540 538 538 537 534 533 531 529 529 528 525 525 524 521 520 518 516 516 515 514 512 510 509 507 507 505 505 505 505 506 505 504 505 505 504 505 505 506 506 505 504 505 505 505 505 506 506 506 505 505 505 505 505 505 505 506 505 505 505 504 505 505 505 505 506 505 505 505 505 505 505 505 506 506 505 504 505 505 505 506 505 506 505 505 505 505 504 505 505 506 506 505 505 505 505 505 505 505 506 505 505 505 505 505 
Oscillation data first polarity :
778 777 773 769 766 765 760 758 755 754 752 751 751 749 749 745 743 743 741 739 738 737 736 734 732 730 729 727 726 724 723 722 720 718 716 715 713 711 710 708 708 704 703 702 700 699 697 695 695 693 691 689 687 686 685 683 682 680 678 676 675 674 672 670 669 667 666 664 662 661 659 658 656 654 653 652 649 649 647 645 644 642 641 640 638 636 634 633 631 630 629 626 626 625 621 620 619 617 617 615 614 613 610 609 607 605 604 603 601 600 599 596 595 594 592 591 590 587 587 586 583 582 580 579 578 576 574 573 571 570 568 567 565 564 562 562 560 558 556 555 554 553 551 549 549 547 545 544 543 541 539 538 536 536 534 532 530 529 528 527 525 525 523 520 520 518 517 515 514 513 512 510 509 507 506 506 505 505 504 505 505 504 505 501 505 505 505 505 506 505 504 504 505 505 504 506 504 506 505 504 505 505 505 505 505 505 506 505 505 504 505 505 505 505 506 505 505 505 505 505 505 506 505 506 506 505 505 505 505 505 505 505 506 506 505 505 504 505 505 505 506 505 506 505 505 505 505 505 505 505 506 505 504 505 505 505 505 505 505 506 505 505 505 505 505 506 505 506 506 505 505 505 504 505 505 504 506 506 506 505 505 505 505 505 506 506 505 505 504 506 505 505 505 506 506 504 505 505 505 505 505 505 506 506 505 505 505 505 505 505 504 505 506 505 505 505 505 505 506 505 
Oscillation data second polarity :
233 232 237 242 246 247 251 253 255 257 259 260 263 264 264 266 268 269 271 273 275 276 277 279 280 283 284 285 287 289 291 292 293 295 296 298 300 301 304 305 305 308 309 311 312 314 316 317 318 320 321 324 325 327 328 330 332 333 335 337 338 339 341 342 345 345 347 349 350 353 353 355 358 359 360 361 362 364 366 367 369 371 372 373 376 377 379 379 382 383 385 386 387 390 390 392 394 395 397 399 399 401 402 404 406 407 409 411 411 414 415 416 417 419 421 423 424 426 426 428 429 431 432 434 436 437 438 440 441 443 445 447 448 449 450 451 453 454 456 457 459 461 461 463 464 466 468 469 469 473 474 475 476 477 479 480 482 484 485 485 487 488 490 491 494 494 495 497 499 500 501 502 504 505 506 507 506 508 507 508 508 508 508 507 508 507 507 507 507 508 508 508 508 507 507 507 508 507 509 507 508 509 507 508 507 507 507 507 507 508 507 507 507 507 507 507 507 507 508 507 507 507 507 507 507 507 508 508 507 508 507 507 508 507 507 508 507 507 507 507 508 508 507 508 507 507 507 507 507 507 507 508 507 507 507 507 507 507 507 507 507 508 507 506 507 507 507 507 507 508 507 507 507 507 507 507 507 508 508 507 507 507 507 507 508 507 508 508 507 507 507 506 507 507 508 508 507 507 507 507 507 508 507 508 508 507 507 507 507 508 507 509 508 507 507 507 507 508 506 507 
/> 