642395 5521295	268
642380 5521300	272
642334 5521326	270
642286 5521341	270
642236 5521356	269
642198 5521383	269
642152 5521406	269
642101 5521424	267
642056 5521443	265
642012 5521468	266
641964 5521484	0
641933 5521493	260
641916 5521446	261
641898 5521402	261
641876 5521353	263
641860 5521311	262
641839 5521263	261
641825 5521221	263
641804 5521171	261
641785 5521124	262
641765 5521077	261
641747 5521024	261
641776 5521019	261
641829 5521001	262
641870 5520983	263
641918 5520963	264
641961 5520942	265
642008 5520918	266
642052 5520897	267
642098 5520882	266
642143 5520861	269
642187 5520836	269
642213 5520825	271
642230 5520869	272
642249 5520918	272
642268 5520964	274
642286 5521013	276
642295 5521046	267
642309 5521077	269
642324 5521108	269
642343 5521155	269
642360 5521204	269
642379 5521257	268