
/> 
read_ramp 05311110
<CR>Time:2021/05/31 15:59Ramp data first polarity: 
295 296 296 295 295 296 296 296 296 295 296 295 295 296 296 295 295 295 295 296 296 296 296 296 295 295 296 296 295 296 295 296 296 296 295 295 296 296 295 295 297 295 295 295 296 296 296 295 295 295 295 296 295 294 295 296 296 296 298 295 295 295 295 295 298 296 298 299 301 302 303 304 306 309 310 312 314 315 315 317 319 319 321 323 323 324 325 327 328 329 330 331 333 335 336 338 338 340 340 341 343 345 345 346 348 349 350 351 354 354 355 357 358 358 360 362 363 364 365 366 369 369 370 371 372 374 375 376 377 378 380 380 382 384 385 385 387 389 389 391 392 393 394 394 397 399 400 400 401 403 404 405 407 407 408 409 411 412 414 415 415 417 418 419 420 422 422 423 425 426 427 429 429 431 432 433 434 436 436 438 439 440 441 442 443 444 445 447 448 449 450 452 453 453 455 456 457 458 459 461 462 463 465 466 466 467 468 469 470 473 473 474 475 476 477 480 479 481 481 483 484 485 485 487 488 489 490 492 492 493 494 496 497 498 499 500 501 501 503 503 505 506 507 508 509 510 511 510 510 513 5[Warning: Maximal number of bytes per line exceeded! Check the EOL (end-of-line) settings or increase the limit in the advanced terminal settings.]
read 0531
<CR>Time:2021/05/31 15:59
Hours Minutes Seconds  Nb_Samples    Aver. Current 
9 10 56 223 12517 
9 11 11 219 12938 
9 11 26 224 12998 
9 11 41 224 12998 
9 11 56 224 12998 
9 12 11 224 12998 
9 12 26 224 12998 
9 12 41 224 12998 
9 12 56 224 12998 
9 13 11 224 12998 
9 13 26 224 12998 
9 13 41 224 12998 
9 13 56 224 12998 
9 14 11 224 12998 
9 14 26 224 12998 
9 14 41 224 12998 
9 14 56 224 12998 
9 15 11 224 12998 
9 15 26 224 12998 
9 15 41 224 12998 
9 15 56 224 12998 
9 16 11 224 12998 
9 16 26 224 12998 
9 16 41 224 12938 
9 16 56 224 12998 
9 17 11 224 12998 
9 17 26 224 12998 
9 17 41 224 12998 
9 17 56 224 12998 
9 18 11 224 12998 
9 18 26 224 12998 
9 18 41 224 12998 
9 18 56 224 12998 
9 19 11 224 12998 
9 19 26 224 12998 
9 19 41 224 12998 
9 19 56 224 12998 
9 20 11 223 12998 
9 20 26 224 12998 
9 20 41 224 12998 
9 20 56 224 12998 
9 21 11 224 12998 
9 21 26 224 12998 
9 21 41 224 12998 
9 21 56 224 12998 
9 22 11 224 12998 
9 22 26 224 12998 
9 22 41 224 12998 
9 22 56 224 12998 
9 23 11 224 12998 
9 23 26 224 12998 
9 23 41 224 12998 
9 23 56 224 12998 
9 24 11 224 12998 
9 24 26 224 12998 
9 24 41 224 12998 
9 25 33 224 12998 
9 25 48 224 12998 
9 26 3 224 12998 
9 26 18 224 12998 
9 26 33 224 12998 
9 26 48 224 12998 
9 27 3 224 12998 
9 27 18 224 12998 
9 27 33 224 12998 
9 27 48 224 12998 
9 28 3 224 12998 
9 28 18 224 12998 
9 28 33 224 12998 
9 28 48 224 12998 
9 29 3 224 12998 
9 29 18 224 12998 
9 29 33 224 12998 
9 29 48 224 12998 
9 30 3 224 12998 
9 30 18 224 12998 
9 30 33 224 12998 
9 30 48 224 12998 
9 31 3 224 12998 
9 31 18 224 12998 
9 31 33 224 12998 
9 31 48 224 12998 
9 32 3 224 12998 
9 32 18 224 12998 
9 32 33 224 12998 
9 32 48 224 12998 
9 33 3 224 12998 
9 33 18 224 12998 
9 33 33 224 12998 
9 33 48 224 12998 
9 34 3 224 12998 
9 34 18 224 12998 
9 34 33 224 12998 
9 34 48 224 12998 
9 35 3 223 12998 
9 35 18 224 12998 
9 35 33 224 12998 
9 35 48 224 12998 
9 36 3 224 12998 
9 36 18 224 12998 
9 36 33 224 12998 
9 36 48 224 12998 
9 37 3 224 12998 
9 37 18 224 12998 
9 37 33 224 12998 
9 37 48 224 12998 
9 38 3 224 12998 
9 38 18 224 12998 
9 38 33 224 12998 
9 38 48 224 12998 
9 39 3 224 12998 
9 39 18 224 12998 
9 39 33 224 12998 
9 39 48 224 12998 
9 40 40 224 12998 
9 40 55 224 12998 
9 41 10 224 12998 
9 41 25 224 12998 
9 41 40 224 12998 
9 41 55 224 12998 
9 42 10 224 12998 
9 42 25 224 12998 
9 42 40 224 12998 
9 42 55 224 12998 
9 43 10 224 12998 
9 43 25 224 12998 
9 43 40 224 12998 
9 43 55 224 12998 
9 44 10 224 12998 
9 44 25 224 12998 
9 44 40 224 12998 
9 44 55 224 12998 
9 45 10 224 12998 
9 45 25 224 12998 
9 45 40 224 12998 
9 45 55 224 12998 
9 46 10 224 12998 
9 46 25 224 12998 
9 46 40 224 12998 
9 46 55 224 12998 
9 47 10 224 12998 
9 47 25 224 12998 
9 47 40 224 12998 
9 47 55 224 12998 
9 48 10 224 12998 
9 48 25 224 12998 
9 48 40 223 12998 
9 48 55 224 12998 
9 49 10 224 12998 
9 49 25 224 12998 
9 49 40 224 12998 
9 49 55 224 12998 
9 50 10 224 12998 
9 50 25 225 12998 
9 50 40 224 12998 
9 50 55 224 12998 
9 51 10 224 12998 
9 51 25 224 12998 
9 51 40 224 12998 
9 51 55 224 12998 
9 52 10 224 12998 
9 52 25 224 12998 
9 52 40 224 12998 
9 52 55 224 12998 
9 53 10 224 12998 
9 53 25 224 12998 
9 53 40 224 12998 
9 53 55 224 12998 
9 54 10 224 12998 
9 54 25 224 12998 
9 54 40 224 12998 
9 54 55 224 12998 
9 55 47 224 12998 
9 56 2 224 12998 
9 56 17 224 12998 
9 56 32 224 12998 
9 56 47 224 12998 
9 57 2 224 12998 
9 57 17 224 12998 
9 57 32 224 12998 
9 57 47 224 12998 
9 58 2 224 12998 
9 58 17 224 12998 
9 58 32 224 12998 
9 58 47 224 12998 
9 59 2 224 12998 
9 59 17 224 12998 
9 59 32 224 12998 
9 59 47 224 12998 
10 0 2 224 12998 
10 0 17 224 12998 
10 0 32 224 12998 
10 0 47 224 12998 
10 1 2 224 12998 
10 1 17 224 12998 
10 1 32 224 12998 
10 1 47 224 12998 
10 2 2 224 12998 
10 2 17 224 12998 
10 2 32 224 12998 
10 2 47 224 12998 
10 3 2 224 12998 
10 3 17 224 12998 
10 3 32 224 12998 
10 3 47 224 12998 
10 4 2 224 12998 
10 4 17 224 12998 
10 4 32 224 12998 
10 4 47 224 12998 
10 5 2 224 12998 
10 5 17 224 12998 
10 5 32 224 12998 
10 5 47 224 12998 
10 6 2 224 12998 
10 6 17 224 12998 
10 6 32 224 12998 
10 6 47 224 12998 
10 7 2 224 12998 
10 7 17 224 12998 
10 7 32 224 12998 
10 7 47 224 12998 
10 8 2 224 12998 
10 8 17 224 12998 
10 8 32 224 12998 
10 8 47 224 12998 
10 9 2 224 12998 
10 9 17 224 12998 
10 9 32 224 12998 
10 9 47 224 12998 
10 10 2 224 12998 
10 10 39 224 12998 
10 10 54 224 12998 
10 11 9 224 12998 
10 11 24 224 12998 
10 11 39 224 12998 
10 11 54 224 12998 
10 12 9 224 12998 
10 12 24 224 12998 
10 12 39 224 12998 
10 12 54 224 12998 
10 13 9 224 12998 
10 13 24 224 12998 
10 13 39 224 12998 
10 13 54 224 12998 
10 14 9 224 12998 
10 14 24 224 12998 
10 14 39 224 12998 
10 14 54 224 12998 
10 15 9 224 12998 
10 15 24 224 12998 
10 15 39 224 12998 
10 15 54 224 12998 
10 16 9 224 12998 
10 16 24 224 12998 
10 16 39 224 12998 
10 16 54 224 12998 
10 17 9 224 12998 
10 17 24 224 12998 
10 17 39 224 12998 
10 17 54 224 12998 
10 18 9 224 12998 
10 18 24 224 12998 
10 18 39 224 12998 
10 18 54 224 12998 
10 19 9 224 12998 
10 19 24 224 12998 
10 19 39 224 12998 
10 19 54 224 12998 
10 20 9 224 12998 
10 20 24 224 12998 
10 20 39 224 12998 
10 20 54 224 12998 
10 21 9 224 12998 
10 21 24 224 12998 
10 21 39 224 12998 
10 21 54 224 12998 
10 22 9 224 12998 
10 22 24 224 12998 
10 22 39 224 12998 
10 22 54 224 12998 
10 23 9 224 12998 
10 23 24 224 12998 
10 23 39 224 12998 
10 23 54 224 12998 
10 24 9 224 12998 
10 24 24 224 12998 
10 24 39 224 12998 
10 24 54 224 12998 
10 25 9 224 12998 
10 26 1 224 12998 
10 26 16 224 12998 
10 26 31 224 12998 
10 26 46 224 12998 
10 27 1 225 12998 
10 27 16 224 12998 
10 27 31 224 12998 
10 27 46 224 12998 
10 28 1 224 12998 
10 28 16 224 12998 
10 28 31 224 12998 
10 28 46 224 12998 
10 29 1 224 12998 
10 29 16 224 12998 
10 29 31 224 12998 
10 29 46 224 12998 
10 30 1 224 12998 
10 30 16 224 12998 
10 30 31 224 12998 
10 30 46 224 12998 
10 31 1 224 12998 
10 31 16 224 12998 
10 31 31 224 12998 
10 31 46 224 12998 
10 32 1 224 12998 
10 32 16 224 12998 
10 32 31 224 12998 
10 32 46 223 12998 
10 33 1 224 12998 
10 33 16 224 12998 
10 33 31 224 12998 
10 33 46 224 12998 
10 34 1 224 12998 
10 34 16 224 12998 
10 34 31 224 12998 
10 34 46 224 12998 
10 35 1 224 12998 
10 35 16 224 12998 
10 35 31 224 12998 
10 35 46 224 12998 
10 36 1 224 12998 
10 36 16 224 12998 
10 36 31 224 12998 
10 36 46 224 12998 
10 37 1 224 12998 
10 37 16 224 12998 
10 37 31 224 12998 
10 37 46 224 12998 
10 38 1 224 12998 
10 38 16 224 12998 
10 38 31 224 12998 
10 38 46 224 12998 
10 39 1 224 12998 
10 39 16 224 12998 
10 39 31 224 12998 
10 39 46 224 12998 
10 40 1 224 12998 
10 40 16 224 12998 
10 40 53 224 12998 
10 41 8 224 12998 
10 41 23 224 12998 
10 41 38 224 12998 
10 41 53 224 12998 
10 42 8 224 12998 
10 42 23 224 12998 
10 42 38 224 12998 
10 42 53 224 12998 
10 43 8 224 12998 
10 43 23 224 12998 
10 43 38 224 12998 
10 43 53 224 12998 
10 44 8 224 12998 
10 44 23 224 12998 
10 44 38 224 12998 
10 44 53 224 12998 
10 45 8 224 12998 
10 45 23 224 12998 
10 45 38 224 12998 
10 45 53 224 12998 
10 46 8 224 12998 
10 46 23 224 12998 
10 46 38 224 12998 
10 46 53 224 12998 
10 47 8 223 12998 
10 47 23 224 12998 
10 47 38 224 12998 
10 47 53 224 12998 
10 48 8 224 12998 
10 48 23 224 12998 
10 48 38 224 12998 
10 48 53 224 12998 
10 49 8 224 12998 
10 49 23 224 12998 
10 49 38 224 12998 
10 49 53 224 12998 
10 50 8 224 12998 
10 50 23 224 12998 
10 50 38 224 12998 
10 50 53 224 12998 
10 51 8 224 12998 
10 51 23 224 12998 
10 51 38 224 12998 
10 51 53 224 12998 
10 52 8 224 12998 
10 52 23 224 12998 
10 52 38 224 12998 
10 52 53 224 12998 
10 53 8 224 12998 
10 53 23 224 12998 
10 53 38 224 12998 
10 53 53 224 12998 
10 54 8 224 12998 
10 54 23 224 12998 
10 54 38 224 12998 
10 54 53 224 12998 
10 55 8 224 12998 
10 55 23 224 12998 
10 56 15 224 12998 
10 56 30 224 12998 
10 56 45 224 12998 
10 57 0 224 12998 
10 57 15 224 12998 
10 57 30 224 12998 
10 57 45 224 12998 
10 58 0 224 12998 
10 58 15 224 12998 
10 58 30 224 12998 
10 58 45 224 12998 
10 59 0 224 12998 
10 59 15 224 12998 
10 59 30 224 12998 
10 59 45 224 12998 
11 0 0 224 12998 
11 0 15 224 12998 
11 0 30 224 12998 
11 0 45 224 12998 
11 1 0 224 12998 
11 1 15 224 12998 
11 1 30 225 12998 
11 1 45 224 12998 
11 2 0 223 12998 
11 2 15 224 12998 
11 2 30 224 12998 
11 2 45 224 12998 
11 3 0 224 12998 
11 3 15 224 12998 
11 3 30 224 12998 
11 3 45 224 12998 
11 4 0 224 12998 
11 4 15 224 12998 
11 4 30 224 12998 
11 4 45 224 12998 
11 5 0 224 12998 
11 5 15 224 12998 
11 5 30 224 12998 
11 5 45 224 12998 
11 6 0 224 12998 
11 6 15 224 12998 
11 6 30 224 12998 
11 6 45 224 12998 
11 7 0 224 12998 
11 7 15 224 12998 
11 7 30 224 12998 
11 7 45 224 12998 
11 8 0 224 12998 
11 8 15 224 12998 
11 8 30 224 12998 
11 8 45 224 12998 
11 9 0 224 12998 
11 9 15 224 12998 
11 9 30 224 12998 
11 9 45 224 12998 
11 10 0 224 12998 
11 10 15 224 12998 
11 10 30 224 12998 
11 11 7 224 12998 
11 11 22 224 12998 
11 11 37 224 12998 
11 11 52 224 12998 
11 12 7 224 12998 
11 12 22 224 12998 
11 12 37 224 12998 
11 12 52 224 12998 
11 13 7 224 12998 
11 13 22 224 12998 
11 13 37 224 12998 
11 13 52 224 12998 
11 14 7 224 12998 
11 14 22 224 12998 
11 14 37 224 12998 
11 14 52 224 12998 
11 15 7 224 12998 
11 15 22 224 12998 
11 15 37 224 12998 
11 15 52 224 12998 
11 16 7 224 12998 
11 16 22 224 12998 
11 16 37 223 12998 
11 16 52 224 12998 
11 17 7 224 12998 
11 17 22 224 12998 
11 17 37 224 12998 
11 17 52 224 12998 
11 18 7 224 12998 
11 18 22 224 12998 
11 18 37 224 12998 
11 18 52 224 12998 
11 19 7 224 12998 
11 19 22 224 12998 
11 19 37 224 12998 
11 19 52 224 12998 
11 20 7 224 12998 
11 20 22 224 12998 
11 20 37 224 12998 
11 20 52 224 12998 
11 21 7 224 12998 
11 21 22 224 12998 
11 21 37 224 12998 
11 21 52 224 12998 
11 22 7 224 12998 
11 22 22 224 12998 
11 22 37 224 12998 
11 22 52 224 12998 
11 23 7 224 12998 
11 23 22 224 12998 
11 23 37 224 12998 
11 23 52 224 12998 
11 24 7 224 12998 
11 24 22 224 12998 
11 24 37 224 12998 
11 24 52 224 12998 
11 25 7 224 12998 
11 25 22 224 12998 
11 25 37 224 12998 
11 26 29 224 12998 
11 26 44 224 12998 
11 26 59 224 12998 
11 27 14 224 12998 
11 27 29 224 12998 
11 27 44 224 12998 
11 27 59 224 12998 
11 28 14 224 12998 
11 28 29 224 12998 
11 28 44 224 12998 
11 28 59 224 12998 
11 29 14 224 12998 
11 29 29 224 12998 
11 29 44 224 12998 
11 29 59 224 12998 
11 30 14 224 12998 
11 30 29 224 12998 
11 30 44 224 12998 
11 30 59 224 12998 
11 31 14 224 12998 
11 31 29 223 12998 
11 31 44 224 12998 
11 31 59 224 12998 
11 32 14 224 12998 
11 32 29 224 12998 
11 32 44 224 12998 
11 32 59 224 12998 
11 33 14 224 12998 
11 33 29 224 12998 
11 33 44 224 12998 
11 33 59 224 12998 
11 34 14 224 12998 
11 34 29 224 12998 
11 34 44 225 12998 
11 34 59 224 12998 
11 35 14 224 12998 
11 35 29 224 12998 
11 35 44 224 12998 
11 35 59 224 12998 
11 36 14 224 12998 
11 36 29 224 12998 
11 36 44 224 12998 
11 36 59 224 12998 
11 37 14 224 12998 
11 37 29 224 12998 
11 37 44 224 12998 
11 37 59 224 12998 
11 38 14 224 12998 
11 38 29 224 12998 
11 38 44 224 12998 
11 38 59 224 12998 
11 39 14 223 12998 
11 39 29 224 12998 
11 39 44 224 12998 
11 39 59 224 12998 
11 40 14 224 12998 
11 40 29 224 12998 
11 40 44 224 12998 
11 41 21 224 12998 
11 41 36 224 12998 
11 41 51 224 12998 
11 42 6 224 12998 
11 42 21 224 12998 
11 42 36 224 12998 
11 42 51 224 12998 
11 43 6 224 12998 
11 43 21 224 12998 
11 43 36 224 12998 
11 43 51 224 12998 
11 44 6 224 12998 
11 44 21 224 12998 
11 44 36 224 12998 
11 44 51 224 12998 
11 45 6 224 12998 
11 45 21 224 12998 
11 45 36 224 12998 
11 45 51 224 12998 
11 46 6 224 12998 
11 46 21 224 12998 
11 46 36 224 12998 
11 46 51 224 12998 
11 47 6 224 12998 
11 47 21 224 12998 
11 47 36 224 12998 
11 47 51 224 12998 
11 48 6 224 12998 
11 48 21 224 12998 
11 48 36 224 12998 
11 48 51 224 12998 
11 49 6 224 12998 
11 49 21 224 12998 
11 49 36 224 12998 
11 49 51 224 12998 
11 50 6 224 12998 
11 50 21 224 12998 
11 50 36 224 12998 
11 50 51 224 12998 
11 51 6 224 12998 
11 51 21 224 12998 
11 51 36 224 12998 
11 51 51 224 12998 
11 52 6 224 12998 
11 52 21 224 12998 
11 52 36 224 12998 
11 52 51 224 12998 
11 53 6 224 12998 
11 53 21 224 12998 
11 53 36 224 12998 
11 53 51 223 12998 
11 54 6 224 12998 
11 54 21 224 12998 
11 54 36 224 12998 
11 54 51 224 12998 
11 55 6 224 12998 
11 55 21 224 12998 
11 55 36 224 12998 
11 55 51 224 12998 
11 56 43 224 12998 
11 56 58 224 12998 
11 57 13 224 12998 
11 57 28 224 12998 
11 57 43 224 12998 
11 57 58 224 12998 
11 58 13 224 12998 
11 58 28 224 12998 
11 58 43 224 12998 
11 58 58 224 12998 
11 59 13 224 12998 
11 59 28 224 12998 
11 59 43 224 12998 
11 59 58 224 12998 
12 0 13 224 12998 
12 0 28 224 12998 
12 0 43 223 12998 
12 0 58 224 12998 
12 1 13 224 12998 
12 1 28 224 12998 
12 1 43 224 12998 
12 1 58 224 12998 
12 2 13 224 12998 
12 2 28 224 12998 
12 2 43 224 12998 
12 2 58 224 12998 
12 3 13 224 12998 
12 3 28 224 12998 
12 3 43 224 12998 
12 3 58 224 12998 
12 4 13 224 12998 
12 4 28 224 12998 
12 4 43 224 12998 
12 4 58 224 12998 
12 5 13 224 12998 
12 5 28 224 12998 
12 5 43 224 12998 
12 5 58 224 12998 
12 6 13 224 12998 
12 6 28 224 12998 
12 6 43 224 12998 
12 6 58 224 12998 
12 7 13 224 12998 
12 7 28 225 12998 
12 7 43 224 12998 
12 7 58 224 12998 
12 8 13 224 12998 
12 8 28 224 12998 
12 8 43 223 12998 
12 8 58 224 12998 
12 9 13 224 12998 
12 9 28 224 12998 
12 9 43 224 12998 
12 9 58 224 12998 
12 10 13 224 12998 
12 10 28 224 12998 
12 10 43 224 12998 
12 10 58 224 12998 
12 11 35 224 12998 
12 11 50 224 12998 
12 12 5 224 12998 
12 12 20 224 12998 
12 12 35 224 12998 
12 12 50 224 12998 
12 13 5 224 12998 
12 13 20 224 12998 
12 13 35 224 12998 
12 13 50 224 12998 
12 14 5 224 12998 
12 14 20 224 12998 
12 14 35 224 12998 
12 14 50 224 12998 
12 15 5 224 12998 
12 15 20 223 12998 
12 15 35 224 12998 
12 15 50 224 12998 
12 16 5 224 12998 
12 16 20 224 12998 
12 16 35 224 12998 
12 16 50 224 12998 
12 17 5 224 12998 
12 17 20 224 12998 
12 17 35 224 12998 
12 17 50 224 12998 
12 18 5 224 12998 
12 18 20 224 12998 
12 18 35 224 12998 
12 18 50 224 12998 
12 19 5 224 12998 
12 19 20 224 12998 
12 19 35 224 12998 
12 19 50 224 12998 
12 20 5 224 12998 
12 20 20 224 12998 
12 20 35 224 12998 
12 20 50 224 12998 
12 21 5 224 12998 
12 21 20 224 12998 
12 21 35 224 12998 
12 21 50 224 12998 
12 22 5 224 12998 
12 22 20 224 12998 
12 22 35 224 12998 
12 22 50 224 12998 
12 23 6 224 12998 
12 23 21 224 12998 
12 23 36 224 12998 
12 23 51 224 12998 
12 24 6 224 12998 
12 24 21 224 12998 
12 24 36 224 12998 
12 24 51 224 12998 
12 25 6 224 12998 
12 25 21 224 12998 
12 25 36 224 12998 
12 25 51 224 12998 
12 26 6 224 12998 
12 26 57 224 12998 
12 27 12 224 12998 
12 27 27 224 12998 
12 27 42 224 12998 
12 27 57 224 12998 
12 28 12 224 12998 
12 28 27 224 12998 
12 28 42 224 12998 
12 28 58 224 12998 
12 29 13 224 12998 
12 29 28 224 12998 
12 29 43 224 12998 
12 29 58 224 12998 
12 30 13 224 12998 
12 30 28 224 12998 
12 30 43 224 12998 
12 30 58 224 12998 
12 31 13 224 12998 
12 31 28 224 12998 
12 31 43 224 12998 
12 31 58 224 12998 
12 32 13 224 12998 
12 32 28 224 12998 
12 32 43 224 12998 
12 32 58 224 12998 
12 33 13 224 12998 
12 33 28 224 12998 
12 33 43 224 12998 
12 33 58 224 12998 
12 34 13 224 12998 
12 34 28 224 12998 
12 34 43 224 12998 
12 34 58 224 12998 
12 35 13 224 12998 
12 35 28 224 12998 
12 35 43 224 12998 
12 35 58 224 12998 
12 36 13 224 12998 
12 36 28 224 12998 
12 36 43 224 12998 
12 36 58 224 12998 
12 37 13 224 12998 
12 37 28 224 12998 
12 37 43 224 12998 
12 37 58 223 12998 
12 38 13 224 12998 
12 38 28 224 12998 
12 38 43 224 12998 
12 38 58 224 12998 
12 39 13 224 12998 
12 39 28 224 12998 
12 39 43 224 12998 
12 39 58 224 12998 
12 40 13 224 12998 
12 40 28 225 12998 
12 40 43 224 12998 
12 40 58 224 12998 
12 41 13 224 12998 
12 41 50 224 12998 
12 42 5 224 12998 
12 42 20 224 12998 
12 42 35 224 12998 
12 42 50 224 12998 
12 43 5 224 12998 
12 43 20 224 12998 
12 43 35 224 12998 
12 43 50 224 12998 
12 44 5 224 12998 
12 44 20 224 12998 
12 44 35 223 12998 
12 44 50 224 12998 
12 45 5 224 12998 
12 45 20 224 12998 
12 45 35 224 12998 
12 45 50 224 12998 
12 46 5 224 12998 
12 46 20 224 12998 
12 46 35 224 12998 
12 46 50 224 12998 
12 47 5 224 12998 
12 47 20 224 12998 
12 47 35 224 12998 
12 47 50 224 12998 
12 48 5 224 12998 
12 48 20 224 12998 
12 48 35 224 12998 
12 48 50 224 12998 
12 49 5 224 12998 
12 49 20 224 12998 
12 49 35 224 12998 
12 49 50 224 12998 
12 50 5 224 12998 
12 50 20 224 12998 
12 50 35 224 12998 
12 50 50 224 12998 
12 51 5 224 12998 
12 51 20 224 12998 
12 51 35 224 12998 
12 51 50 224 12998 
12 52 5 224 12998 
12 52 20 224 12998 
12 52 35 224 12998 
12 52 50 224 12998 
12 53 5 224 12998 
12 53 20 224 12998 
12 53 35 224 12998 
12 53 50 224 12998 
12 54 5 224 12998 
12 54 20 224 12998 
12 54 35 224 12998 
12 54 50 224 12998 
12 55 5 224 12998 
12 55 20 224 12998 
12 55 35 224 12998 
12 55 50 224 12998 
12 56 5 224 12998 
12 56 20 224 12998 
12 57 12 224 12998 
12 57 27 224 12998 
12 57 42 224 12998 
12 57 57 224 12998 
12 58 12 224 12998 
12 58 27 224 12998 
12 58 42 224 12998 
12 58 57 224 12998 
12 59 12 224 12998 
12 59 27 224 12998 
12 59 42 224 12998 
12 59 57 224 12998 
13 0 12 224 12998 
13 0 27 224 12998 
13 0 42 224 12998 
13 0 57 224 12998 
13 1 12 224 12998 
13 1 27 224 12998 
13 1 42 224 12998 
13 1 57 224 12998 
13 2 12 224 12998 
13 2 27 224 12998 
13 2 42 224 12998 
13 2 57 224 12998 
13 3 12 224 12998 
13 3 27 224 12998 
13 3 42 224 12998 
13 3 57 224 12998 
13 4 12 224 12998 
13 4 27 224 12998 
13 4 42 224 12998 
13 4 57 224 12998 
13 5 12 224 12998 
13 5 27 224 12998 
13 5 42 224 12998 
13 5 57 224 12998 
13 6 12 224 12998 
13 6 27 224 12998 
13 6 42 224 12998 
13 6 57 224 12998 
13 7 12 224 12998 
13 7 27 223 12998 
13 7 42 224 12998 
13 7 57 224 12998 
13 8 12 224 12998 
13 8 27 224 12998 
13 8 42 224 12998 
13 8 57 224 12998 
13 9 12 224 12998 
13 9 27 224 12998 
13 9 42 224 12998 
13 9 57 224 12998 
13 10 12 224 12998 
13 10 27 224 12998 
13 10 42 224 12998 
13 10 57 224 12998 
13 11 12 224 12998 
13 11 27 224 12998 
13 12 4 224 12998 
13 12 19 224 12998 
13 12 34 224 12998 
13 12 49 224 12998 
13 13 4 224 12998 
13 13 19 224 12998 
13 13 34 224 12998 
13 13 49 224 12998 
13 14 4 224 12998 
13 14 19 224 12998 
13 14 34 224 12998 
13 14 49 224 12998 
13 15 4 224 12998 
13 15 19 224 12998 
13 15 34 224 12998 
13 15 49 224 12998 
13 16 4 224 12998 
13 16 19 224 12998 
13 16 34 224 12998 
13 16 49 224 12998 
13 17 4 224 12998 
13 17 19 224 12998 
13 17 34 224 12998 
13 17 49 224 12998 
13 18 4 224 12998 
13 18 19 224 12998 
13 18 34 224 12998 
13 18 49 224 12998 
13 19 4 224 12998 
13 19 19 224 12998 
13 19 34 224 12998 
13 19 49 224 12998 
13 20 4 224 12998 
13 20 19 224 12998 
13 20 34 224 12998 
13 20 49 224 12998 
13 21 4 224 12998 
13 21 19 224 12998 
13 21 34 224 12998 
13 21 49 223 12998 
13 22 4 224 12998 
13 22 19 224 12998 
13 22 34 224 12998 
13 22 49 224 12998 
13 23 4 224 12998 
13 23 19 224 12998 
13 23 34 224 12998 
13 23 49 224 12998 
13 24 4 224 12998 
13 24 19 224 12998 
13 24 34 224 12998 
13 24 49 224 12998 
13 25 4 224 12998 
13 25 19 224 12998 
13 25 34 224 12998 
13 25 49 224 12998 
13 26 4 224 12998 
13 26 19 224 12998 
13 26 34 224 12998 
13 27 26 224 12998 
13 27 41 224 12998 
13 27 56 224 12998 
13 28 11 224 12998 
13 28 26 224 12998 
13 28 41 224 12998 
13 28 56 223 12998 
13 29 11 224 12998 
13 29 26 224 12998 
13 29 41 224 12998 
13 29 56 224 12998 
13 30 11 224 12998 
13 30 26 224 12998 
13 30 41 224 12998 
13 30 56 224 12998 
13 31 11 224 12998 
13 31 26 224 12998 
13 31 41 224 12998 
13 31 56 224 12998 
13 32 11 224 12998 
13 32 26 224 12998 
13 32 41 224 12998 
13 32 56 224 12998 
13 33 11 224 12998 
13 33 26 224 12998 
13 33 41 224 12998 
13 33 56 224 12998 
13 34 11 224 12998 
13 34 26 224 12998 
13 34 41 224 12998 
13 34 56 224 12998 
13 35 11 224 12998 
13 35 26 224 12998 
13 35 41 224 12998 
13 35 56 224 12998 
13 36 11 224 12998 
13 36 26 224 12998 
13 36 41 224 12998 
13 36 56 224 12998 
13 37 11 224 12998 
13 37 26 224 12998 
13 37 41 224 12998 
13 37 56 224 12998 
13 38 11 224 12998 
13 38 26 224 12998 
13 38 41 224 12998 
13 38 56 224 12998 
13 39 11 224 12998 
13 39 26 224 12998 
13 39 41 224 12998 
13 39 56 224 12998 
13 40 11 224 12998 
13 40 26 224 12998 
13 40 41 224 12998 
13 40 56 224 12998 
13 41 11 224 12998 
13 41 26 224 12998 
13 41 41 224 12998 
13 42 18 224 12998 
13 42 33 224 12998 
13 42 48 224 12998 
13 43 3 224 12998 
13 43 18 223 12998 
13 43 33 224 12998 
13 43 48 224 12998 
13 44 3 224 12998 
13 44 18 224 12998 
13 44 33 224 12998 
13 44 48 225 12998 
13 45 3 224 12998 
13 45 18 224 12998 
13 45 33 224 12998 
13 45 48 224 12998 
13 46 3 224 12998 
13 46 18 224 12998 
13 46 33 224 12998 
13 46 48 224 12998 
13 47 3 224 12998 
13 47 18 224 12998 
13 47 33 224 12998 
13 48 3 225 12998 
13 48 18 224 12998 
13 48 33 224 12998 
13 48 48 224 12998 
13 49 3 224 12998 
13 49 18 224 12998 
13 49 33 224 12998 
13 49 48 224 12998 
13 50 3 224 12998 
13 50 18 224 12998 
13 50 33 224 12998 
13 50 48 224 12998 
13 51 3 224 12998 
13 51 18 224 12998 
13 51 33 223 12998 
13 51 48 224 12998 
13 52 3 224 12998 
13 52 18 224 12998 
13 52 33 224 12998 
13 52 48 224 12998 
13 53 3 224 12998 
13 53 18 224 12998 
13 53 33 224 12998 
13 53 48 224 12998 
13 54 3 224 12998 
13 54 18 224 12998 
13 54 33 224 12998 
13 54 48 224 12998 
13 55 3 224 12998 
13 55 18 224 12998 
13 55 33 224 12998 
13 55 48 224 12998 
13 56 3 224 12998 
13 56 18 224 12998 
13 56 33 224 12998 
13 56 48 224 12998 
13 57 40 224 12998 
13 57 55 224 12998 
13 58 10 224 12998 
13 58 25 224 12998 
13 58 40 224 12998 
13 58 55 224 12998 
13 59 10 224 12998 
13 59 25 224 12998 
13 59 40 224 12998 
13 59 55 224 12998 
14 0 10 224 12998 
14 0 25 224 12998 
14 0 40 224 12998 
14 0 55 224 12998 
14 1 10 224 12998 
14 1 25 224 12998 
14 1 40 224 12998 
14 1 55 224 12998 
14 2 10 224 12998 
14 2 25 224 12998 
14 2 40 224 12998 
14 2 55 224 12998 
14 3 10 224 12998 
14 3 25 224 12998 
14 3 40 224 12998 
14 3 55 224 12998 
14 4 10 224 12998 
14 4 25 224 12998 
14 4 40 224 12998 
14 4 55 224 12998 
14 5 10 224 12998 
14 5 25 224 12998 
14 5 40 224 12998 
14 5 55 224 12998 
14 6 10 223 12998 
14 6 25 224 12998 
14 6 40 224 12998 
14 6 55 224 12998 
14 7 10 224 12998 
14 7 25 224 12998 
14 7 40 224 12998 
14 7 55 224 12998 
14 8 10 224 12998 
14 8 25 224 12998 
14 8 40 224 12998 
14 8 55 224 12998 
14 9 10 224 12998 
14 9 25 224 12998 
14 9 40 224 12998 
14 9 55 224 12998 
14 10 10 224 12998 
14 10 25 224 12998 
14 10 40 224 12998 
14 10 55 224 12998 
14 11 10 224 12998 
14 11 25 224 12998 
14 11 40 224 12998 
14 11 55 224 12998 
14 12 32 224 12998 
14 12 47 223 12998 
14 13 2 224 12998 
14 13 17 224 12998 
14 13 32 224 12998 
14 13 47 224 12998 
14 14 2 224 12998 
14 14 17 224 12998 
14 14 32 224 12998 
14 14 47 224 12998 
14 15 2 224 12998 
14 15 17 224 12998 
14 15 32 224 12998 
14 15 47 224 12998 
14 16 2 224 12998 
14 16 17 224 12998 
14 16 32 225 12998 
14 16 47 224 12998 
14 17 2 224 12998 
14 17 17 224 12998 
14 17 32 224 12998 
14 17 47 224 12998 
14 18 2 224 12998 
14 18 17 224 12998 
14 18 32 224 12998 
14 18 47 224 12998 
14 19 2 224 12998 
14 19 17 224 12998 
14 19 32 224 12998 
14 19 47 224 12998 
14 20 2 224 12998 
14 20 17 224 12998 
14 20 32 224 12998 
14 20 47 223 12998 
14 21 2 224 12998 
14 21 17 224 12998 
14 21 32 224 12998 
14 21 47 224 12998 
14 22 2 224 12998 
14 22 17 224 12998 
14 22 32 224 12998 
14 22 47 224 12998 
14 23 2 224 12998 
14 23 17 224 12998 
14 23 32 224 12998 
14 23 47 224 12998 
14 24 2 224 12998 
14 24 17 224 12998 
14 24 32 224 12998 
14 24 47 224 12998 
14 25 2 224 12998 
14 25 17 224 12998 
14 25 32 224 12998 
14 25 47 224 12998 
14 26 2 224 12998 
14 26 17 224 12998 
14 26 32 224 12998 
14 26 47 224 12998 
14 27 2 224 12998 
14 27 54 224 12998 
14 28 9 224 12998 
14 28 24 224 12998 
14 28 39 224 12998 
14 28 54 224 12998 
14 29 9 224 12998 
14 29 24 224 12998 
14 29 39 224 12998 
14 29 54 224 12998 
14 30 9 224 12998 
14 30 24 224 12998 
14 30 39 224 12998 
14 30 54 224 12998 
14 31 9 224 12998 
14 31 24 224 12998 
14 31 39 224 12998 
14 31 54 224 12998 
14 32 9 224 12998 
14 32 24 224 12998 
14 32 39 224 12998 
14 32 54 224 12998 
14 33 9 224 12998 
14 33 24 224 12998 
14 33 39 224 12998 
14 33 54 224 12998 
14 34 9 224 12998 
14 34 24 224 12998 
14 34 39 224 12998 
14 34 54 224 12998 
14 35 9 224 12998 
14 35 24 224 12998 
14 35 39 223 12998 
14 35 54 224 12998 
14 36 9 224 12998 
14 36 24 224 12998 
14 36 39 224 12998 
14 36 54 224 12998 
14 37 9 224 12998 
14 37 24 224 12998 
14 37 39 224 12998 
14 37 54 224 12998 
14 38 9 224 12998 
14 38 24 224 12998 
14 38 39 224 12998 
14 38 54 224 12998 
14 39 9 224 12998 
14 39 24 224 12998 
14 39 39 224 12998 
14 39 54 224 12998 
14 40 9 224 12998 
14 40 24 224 12998 
14 40 39 224 12998 
14 40 54 224 12998 
14 41 9 224 12998 
14 41 24 224 12998 
14 41 39 224 12998 
14 41 54 224 12998 
14 42 9 224 12998 
14 42 46 224 12998 
14 43 1 224 12998 
14 43 16 224 12998 
14 43 31 224 12998 
14 43 46 224 12998 
14 44 1 224 12998 
14 44 16 224 12998 
14 44 31 224 12998 
14 44 46 224 12998 
14 45 1 224 12998 
14 45 16 224 12998 
14 45 31 224 12998 
14 45 46 224 12998 
14 46 1 224 12998 
14 46 16 224 12998 
14 46 31 224 12998 
14 46 46 224 12998 
14 47 1 224 12998 
14 47 16 224 12998 
14 47 31 224 12998 
14 47 46 224 12998 
14 48 1 224 12998 
14 48 16 224 12998 
14 48 31 224 12998 
14 48 46 224 12998 
14 49 1 224 12998 
14 49 16 224 12998 
14 49 31 224 12998 
14 49 46 224 12998 
14 50 1 224 12998 
14 50 16 224 12998 
14 50 31 224 12998 
14 50 46 224 12998 
14 51 1 224 12998 
14 51 16 224 12998 
14 51 31 224 12998 
14 51 46 224 12998 
14 52 1 224 12998 
14 52 16 224 12998 
14 52 31 224 12998 
14 52 46 224 12998 
14 53 1 224 12998 
14 53 16 224 12998 
14 53 31 224 12998 
14 53 46 224 12998 
14 54 1 224 12998 
14 54 16 224 12998 
14 54 31 224 12998 
14 54 46 224 12998 
14 55 1 224 12998 
14 55 16 224 12998 
14 55 31 224 12998 
14 55 46 224 12998 
14 56 1 224 12998 
14 56 16 224 12998 
14 56 31 224 12998 
14 56 46 224 12998 
14 57 1 224 12998 
14 57 16 224 12998 
14 58 8 224 12998 
14 58 23 224 12998 
14 58 38 224 12998 
14 58 53 224 12998 
14 59 8 224 12998 
14 59 23 224 12998 
14 59 38 224 12998 
14 59 53 224 12998 
15 0 8 224 12998 
15 0 23 224 12998 
15 0 38 224 12998 
15 0 53 224 12998 
15 1 8 224 12998 
15 1 23 224 12998 
15 1 38 224 12998 
15 1 53 224 12998 
15 2 8 224 12998 
15 2 23 224 12998 
15 2 38 224 12998 
15 2 53 224 12998 
15 3 8 224 12998 
15 3 23 224 12998 
15 3 38 224 12998 
15 3 53 224 12998 
15 4 8 224 12998 
15 4 23 224 12998 
15 4 38 224 12998 
15 4 53 223 12998 
15 5 8 224 12998 
15 5 23 224 12998 
15 5 38 224 12998 
15 5 53 224 12998 
15 6 8 224 12998 
15 6 23 224 12998 
15 6 38 224 12998 
15 6 53 224 12998 
15 7 8 224 12998 
15 7 23 224 12998 
15 7 38 224 12998 
15 7 53 224 12998 
15 8 8 224 12998 
15 8 23 224 12998 
15 8 38 224 12998 
15 8 53 224 12998 
15 9 8 224 12998 
15 9 23 224 12998 
15 9 38 224 12998 
15 9 53 224 12998 
15 10 8 224 12998 
15 10 23 224 12998 
15 10 38 224 12998 
15 10 53 224 12998 
15 11 8 224 12998 
15 11 23 224 12998 
15 11 38 224 12998 
15 11 53 224 12998 
15 12 8 224 12998 
15 12 23 224 12998 
15 13 0 224 12998 
15 13 15 224 12998 
15 13 30 224 12998 
15 13 45 224 12998 
15 14 0 224 12998 
15 14 15 224 12998 
15 14 30 224 12998 
15 14 45 224 12998 
15 15 0 224 12998 
15 15 15 224 12998 
15 15 30 224 12998 
15 15 45 224 12998 
15 16 0 224 12998 
15 16 15 224 12998 
15 16 30 224 12998 
15 16 45 224 12998 
15 17 0 224 12998 
15 17 15 224 12998 
15 17 30 224 12998 
15 17 45 224 12998 
15 18 0 224 12998 
15 18 15 224 12998 
15 18 30 224 12998 
15 18 45 224 12998 
15 19 0 224 12998 
15 19 15 224 12998 
15 19 30 224 12998 
15 19 45 224 12998 
15 20 0 224 12998 
15 20 15 224 12998 
15 20 30 224 12998 
15 20 45 224 12998 
15 21 0 224 12998 
15 21 15 224 12998 
15 21 30 224 12998 
15 21 45 224 12998 
15 22 0 224 12998 
15 22 15 224 12998 
15 22 30 224 12998 
15 22 45 224 12998 
15 23 0 224 12998 
15 23 15 224 12998 
15 23 30 224 12998 
15 23 45 224 12998 
15 24 0 224 12998 
15 24 15 224 12998 
15 24 30 224 12998 
15 24 45 224 12998 
15 25 0 224 12998 
15 25 15 224 12998 
15 25 30 224 12998 
15 25 45 224 12998 
15 26 0 224 12998 
15 26 15 224 12998 
15 26 30 224 12998 
15 26 45 224 12998 
15 27 0 224 12998 
15 27 15 224 12998 
15 27 30 224 12998 
15 28 22 224 12998 
15 28 37 224 12998 
15 28 52 224 12998 
15 29 7 224 12998 
15 29 22 224 12998 
15 29 37 224 12998 
15 29 52 224 12998 
15 30 7 224 12998 
15 30 22 224 12998 
15 30 37 224 12998 
15 30 52 224 12998 
15 31 7 224 12998 
15 31 22 224 12998 
15 31 37 224 12998 
15 31 52 224 12998 
15 32 7 224 12998 
15 32 22 224 12998 
15 32 37 224 12998 
15 32 52 224 12998 
15 33 7 224 12998 
15 33 22 224 12998 
15 33 37 224 12998 
15 33 52 224 12998 
15 34 7 224 12998 
15 34 22 224 12998 
15 34 37 224 12998 
15 34 52 224 12998 
15 35 7 224 12998 
15 35 22 224 12998 
15 35 37 224 12998 
15 35 52 224 12998 
15 36 7 224 12998 
15 36 22 224 12998 
15 36 37 224 12998 
15 36 52 224 12998 
15 37 7 224 12998 
15 37 22 224 12998 
15 37 37 224 12998 
15 37 52 224 12998 
15 38 7 224 12998 
15 38 22 224 12998 
15 38 37 224 12998 
15 38 52 224 12998 
15 39 7 224 12998 
15 39 22 224 12998 
15 39 37 224 12998 
15 39 52 224 12998 
15 40 7 224 12998 
15 40 22 224 12998 
15 40 37 224 12998 
15 40 52 224 12998 
15 41 7 224 12998 
15 41 22 224 12998 
15 41 37 224 12998 
15 41 52 224 12998 
15 42 7 223 12998 
15 42 22 224 12998 
15 42 37 224 12998 
15 43 14 224 12998 
15 43 29 224 12998 
15 43 44 224 12998 
15 43 59 224 12998 
15 44 14 224 12998 
15 44 29 224 12998 
15 44 44 224 12998 
15 44 59 224 12998 
15 45 14 224 12998 
15 45 29 224 12998 
15 45 44 224 12998 
15 45 59 224 12998 
15 46 14 224 12998 
15 46 29 224 12998 
15 46 44 224 12998 
15 46 59 224 12998 
15 47 14 224 12998 
15 47 29 224 12998 
15 47 44 224 12998 
15 47 59 224 12998 
15 48 14 224 12998 
15 48 29 224 12998 
15 48 44 224 12998 
15 48 59 224 12998 
15 49 14 224 12998 
15 49 29 224 12998 
15 49 44 224 12998 
15 49 59 224 12998 
15 50 14 224 12998 
15 50 29 224 12998 
15 50 44 224 12998 
15 50 59 224 12998 
15 51 14 224 12998 
15 51 29 224 12998 
15 51 44 224 12998 
15 51 59 224 12998 
15 52 14 224 12998 
15 52 29 224 12998 
15 52 44 224 12998 
15 52 59 224 12998 
15 53 14 224 12998 
15 53 29 224 12998 
15 53 44 224 12998 
15 53 59 224 12998 
15 54 14 224 12998 
15 54 29 224 12998 
15 54 44 224 12998 
15 54 59 224 12998 
15 55 14 224 12998 
15 55 29 224 12998 
15 55 44 224 12998 
15 55 59 224 12998 
15 56 14 224 12998 
15 56 29 224 12998 
15 56 44 224 12998 
15 56 59 224 12998 
15 57 14 224 12998 
15 57 29 224 12998 
15 57 44 224 12998 
15 58 36 224 12998 
15 58 51 224 12998 
15 59 6 224 12998 
15 59 21 224 12998 
15 59 36 224 12998 
15 59 51 224 12998 
16 0 6 224 12998 
16 0 21 224 12998 
16 0 36 224 12998 
16 0 51 224 12998 
16 1 6 224 12998 
16 1 21 224 12998 
16 1 36 224 12998 
16 1 51 224 12998 
16 2 6 224 12998 
16 2 21 224 12998 
16 2 36 224 12998 
16 2 51 224 12998 
16 3 6 224 12998 
16 3 21 224 12998 
16 3 36 223 12998 
16 3 51 224 12998 
16 4 6 224 12998 
16 4 21 224 12998 
16 4 36 224 12998 
16 4 51 224 12998 
16 5 6 224 12998 
16 5 21 224 12998 
16 5 36 224 12998 
16 5 51 224 12998 
16 6 6 224 12998 
16 6 21 224 12998 
16 6 36 224 12998 
16 6 51 224 12998 
16 7 6 224 12998 
16 7 21 224 12998 
16 7 36 224 12998 
16 7 51 224 12998 
16 8 6 224 12998 
16 8 21 224 12998 
16 8 36 224 12998 
16 8 51 224 12998 
16 9 6 224 12998 
16 9 27 85 12878 

