
/> 
read_ramp 06011109
<CR>Time:2021/06/01 16:11Ramp data first polarity: 
718 720 719 720 719 719 719 720 719 718 719 719 718 720 719 719 720 719 719 719 720 719 719 719 719 719 719 720 719 719 720 719 720 719 720 719 719 720 719 718 719 719 719 719 719 719 720 720 720 719 720 720 719 719 719 719 719 719 720 720 719 721 718 719 718 719 716 713 714 713 710 708 708 707 705 704 702 701 699 698 698 695 694 693 692 691 689 688 687 686 685 683 682 681 681 679 677 676 675 674 673 671 670 669 668 666 665 664 663 662 660 659 658 657 656 654 653 652 651 649 648 647 646 644 644 642 642 640 640 637 637 635 634 633 631 631 629 628 627 625 624 623 622 621 620 619 618 617 615 614 613 612 610 609 608 607 605 605 603 602 601 599 598 597 597 595 595 593 592 591 589 589 587 586 585 585 582 581 580 579 579 577 576 574 574 573 572 570 569 567 567 565 564 563 562 561 560 559 557 557 556 554 554 552 551 550 549 548 546 546 545 544 542 541 541 538 538 537 535 535 534 532 532 531 530 529 528 526 525 524 522 522 521 520 519 517 516 516 515 513 513 511 510 510 509 507 508 507 506 506 5[Warning: Maximal number of bytes per line exceeded! Check the EOL (end-of-line) settings or increase the limit in the advanced terminal settings.]
read 0601
<CR>Time:2021/06/01 16:11
Hours Minutes Seconds  Nb_Samples    Aver. Current 
9 17 30 224 13042 
9 17 45 219 13042 
9 18 0 224 13042 
9 18 15 224 13042 
9 18 30 224 13042 
9 18 45 224 13042 
9 19 0 224 13042 
9 19 15 224 13042 
9 19 30 224 13042 
9 19 45 224 13042 
9 20 0 224 13042 
9 20 15 224 13042 
9 20 30 224 13042 
9 20 45 224 13042 
9 21 0 224 13042 
9 21 15 224 13042 
9 21 30 224 13042 
9 21 45 224 13042 
9 22 0 223 13042 
9 22 15 224 13042 
9 22 30 224 13042 
9 22 45 224 13042 
9 23 0 224 13042 
9 23 15 224 13042 
9 23 30 224 13042 
9 23 45 224 13042 
9 24 0 224 13042 
9 24 15 224 13042 
9 24 30 224 13042 
9 24 45 224 13042 
9 25 0 224 13042 
9 25 15 224 13042 
9 25 30 224 13042 
9 25 45 224 13042 
9 26 0 224 13042 
9 26 15 224 13042 
9 26 30 224 13042 
9 26 45 224 13042 
9 27 0 224 13042 
9 27 15 224 13042 
9 27 30 224 13042 
9 27 45 224 13042 
9 28 0 224 13042 
9 28 15 224 13042 
9 28 30 223 13042 
9 28 45 224 13042 
9 29 0 224 13042 
9 29 15 224 13042 
9 29 30 224 13042 
9 29 45 224 13042 
9 30 0 224 13042 
9 30 15 224 13042 
9 30 30 224 13042 
9 39 22 224 13042 
9 39 37 220 13042 
9 39 52 224 13042 
9 40 7 224 13042 
9 40 22 224 13042 
9 40 37 224 13042 
9 40 52 224 13042 
9 41 7 224 13042 
9 41 22 224 13042 
9 41 37 224 13042 
9 41 52 224 13042 
9 42 7 224 13042 
9 42 22 224 13042 
9 42 37 224 13042 
9 42 52 224 13042 
9 43 7 224 13042 
9 43 22 224 13042 
9 43 37 224 13042 
9 43 52 224 13042 
9 44 7 224 13042 
9 44 22 224 13042 
9 44 37 224 13042 
9 44 52 224 13042 
9 45 7 224 13042 
9 45 22 224 13042 
9 45 37 224 13042 
9 45 52 224 13042 
9 46 7 224 13042 
9 46 22 223 13042 
9 46 37 224 13042 
9 46 52 224 13042 
9 47 7 224 13042 
9 47 22 224 13042 
9 47 37 224 13042 
9 47 52 224 13042 
9 48 7 224 13042 
9 48 22 224 13042 
9 48 37 224 13042 
9 48 52 224 13042 
9 49 7 224 13042 
9 49 22 224 13042 
9 49 37 224 13042 
9 49 52 224 13042 
9 50 7 224 13042 
9 50 22 224 13042 
9 50 37 224 13042 
9 50 52 224 13042 
9 51 7 224 13042 
9 51 22 224 13042 
9 51 37 224 13042 
9 51 52 224 13042 
9 52 7 224 13042 
9 52 22 224 13042 
9 52 37 224 13042 
9 52 52 223 13042 
9 53 7 224 13042 
9 53 22 224 13042 
9 54 28 224 13042 
9 54 43 224 13042 
9 54 58 224 13042 
9 55 13 224 13042 
9 55 28 224 13042 
9 55 43 224 13042 
9 55 58 224 13042 
9 56 13 224 13042 
9 56 28 224 13042 
9 56 43 224 13042 
9 56 58 224 13042 
9 57 13 224 13042 
9 57 28 224 13042 
9 57 43 224 13042 
9 57 58 224 13042 
9 58 13 224 13042 
9 58 28 224 13042 
9 58 43 224 13042 
9 58 58 224 13042 
9 59 13 224 13042 
9 59 28 224 13042 
9 59 43 224 13042 
9 59 58 224 13042 
10 0 13 224 13042 
10 0 28 224 13042 
10 0 43 224 13042 
10 0 58 224 13042 
10 1 13 224 13042 
10 1 28 224 13042 
10 1 43 223 13042 
10 1 58 224 13042 
10 2 13 224 13042 
10 2 28 224 13042 
10 2 43 224 13042 
10 2 58 224 13042 
10 3 13 224 13042 
10 3 28 224 13042 
10 3 43 224 13042 
10 3 58 224 13042 
10 4 13 224 13042 
10 4 28 224 13042 
10 4 43 224 13042 
10 4 58 224 13042 
10 5 13 224 13042 
10 5 28 224 13042 
10 5 43 224 13042 
10 5 58 224 13042 
10 6 13 224 13042 
10 6 28 224 13042 
10 6 43 224 13042 
10 6 58 224 13042 
10 7 13 224 13042 
10 7 28 223 13042 
10 7 43 224 13042 
10 7 58 224 13042 
10 8 13 224 13042 
10 8 28 224 13042 
10 9 20 224 13042 
10 9 35 224 13042 
10 9 50 224 13042 
10 10 5 224 13042 
10 10 20 224 13042 
10 10 35 224 13042 
10 10 50 224 13042 
10 11 5 224 13042 
10 11 20 224 13042 
10 11 35 224 13042 
10 11 50 224 13042 
10 12 5 224 13042 
10 12 20 224 13042 
10 12 35 224 13042 
10 12 50 224 13042 
10 13 5 224 13042 
10 13 20 224 13042 
10 13 35 224 13042 
10 13 50 224 13042 
10 14 5 224 13042 
10 14 20 224 13042 
10 14 35 224 13042 
10 14 50 224 13042 
10 15 5 224 13042 
10 15 20 224 13042 
10 15 35 224 13042 
10 15 50 224 13042 
10 16 5 224 13042 
10 16 20 224 13042 
10 16 35 224 13042 
10 16 50 224 13042 
10 17 5 224 13042 
10 17 20 224 13042 
10 17 35 224 13042 
10 17 51 224 13042 
10 18 6 224 13042 
10 18 21 224 13042 
10 18 36 224 13042 
10 18 51 224 13042 
10 19 6 224 13042 
10 19 21 224 13042 
10 19 36 224 13042 
10 19 51 224 13042 
10 20 6 224 13042 
10 20 21 224 13042 
10 20 36 224 13042 
10 20 51 224 13042 
10 21 6 224 13042 
10 21 21 224 13042 
10 21 36 224 13042 
10 21 51 224 13042 
10 22 6 224 13042 
10 22 21 224 13042 
10 22 36 224 13042 
10 22 51 224 13042 
10 23 6 224 13042 
10 23 21 224 13042 
10 23 36 224 13042 
10 24 28 224 13042 
10 24 43 224 13042 
10 24 58 224 13042 
10 25 13 224 13042 
10 25 28 224 13042 
10 25 43 224 13042 
10 25 58 224 13042 
10 26 13 224 13042 
10 26 28 224 13042 
10 26 43 224 13042 
10 26 58 224 13042 
10 27 13 224 13042 
10 27 28 224 13042 
10 27 43 223 13042 
10 27 58 224 13042 
10 28 13 224 13042 
10 28 28 224 13042 
10 28 43 224 13042 
10 28 58 224 13042 
10 29 13 224 13042 
10 29 28 224 13042 
10 29 43 224 13042 
10 29 58 224 13042 
10 30 13 224 13042 
10 30 28 224 13042 
10 30 43 224 13042 
10 30 58 224 13042 
10 31 13 224 13042 
10 31 28 224 13042 
10 31 43 224 13042 
10 31 58 224 13042 
10 32 13 224 13042 
10 32 28 224 13042 
10 32 43 224 13042 
10 32 58 224 13042 
10 33 13 224 13042 
10 33 28 224 13042 
10 33 43 224 13042 
10 33 58 224 13042 
10 34 13 224 13042 
10 34 28 224 13042 
10 34 43 224 13042 
10 34 58 224 13042 
10 35 13 224 13042 
10 35 28 224 13042 
10 35 43 224 13042 
10 35 58 224 13042 
10 36 13 224 13042 
10 36 28 224 13042 
10 36 43 223 13042 
10 36 58 224 13042 
10 37 13 224 13042 
10 37 28 224 13042 
10 37 43 224 13042 
10 37 58 224 13042 
10 38 13 224 13042 
10 38 28 224 13042 
10 38 43 224 13042 
10 39 20 224 13042 
10 39 35 223 13042 
10 39 50 224 13042 
10 40 5 224 13042 
10 40 20 224 13042 
10 40 35 224 13042 
10 40 50 224 13042 
10 41 5 224 13042 
10 41 20 224 13042 
10 41 35 224 13042 
10 41 50 224 13042 
10 42 5 224 13042 
10 42 20 224 13042 
10 42 50 225 13042 
10 43 5 224 13042 
10 43 20 224 13042 
10 43 35 224 13042 
10 43 50 224 13042 
10 44 5 224 13042 
10 44 20 224 13042 
10 44 35 224 13042 
10 44 50 224 13042 
10 45 5 224 13042 
10 45 20 224 13042 
10 45 35 224 13042 
10 45 50 224 13042 
10 46 5 224 13042 
10 46 20 224 13042 
10 46 35 224 13042 
10 46 50 224 13042 
10 47 5 224 13042 
10 47 20 224 13042 
10 47 35 224 13042 
10 47 50 224 13042 
10 48 5 224 13042 
10 48 20 224 13042 
10 48 35 224 13042 
10 48 50 224 13042 
10 49 5 224 13042 
10 49 20 224 13042 
10 49 35 224 13042 
10 49 50 224 13042 
10 50 5 224 13042 
10 50 20 224 13042 
10 50 35 224 13042 
10 50 50 224 13042 
10 51 5 224 13042 
10 51 20 224 13042 
10 51 35 224 13042 
10 51 50 224 13042 
10 52 5 224 13042 
10 52 20 224 13042 
10 52 35 224 13042 
10 52 50 224 13042 
10 53 5 224 13042 
10 53 20 224 13042 
10 53 35 224 13042 
10 53 50 224 13042 
10 54 42 224 13042 
10 54 57 224 13042 
10 55 12 224 13042 
10 55 27 224 13042 
10 55 42 224 13042 
10 55 57 223 13042 
10 56 12 224 13042 
10 56 27 224 13042 
10 56 42 224 13042 
10 57 12 225 13042 
10 57 27 224 13042 
10 57 42 224 13042 
10 57 57 224 13042 
10 58 12 224 13042 
10 58 27 224 13042 
10 58 42 224 13042 
10 58 57 224 13042 
10 59 12 224 13042 
10 59 27 224 13042 
10 59 42 224 13042 
10 59 57 224 13042 
11 0 12 224 13042 
11 0 27 224 13042 
11 0 42 224 13042 
11 0 57 224 13042 
11 1 12 224 13042 
11 1 27 224 13042 
11 1 57 225 13042 
11 2 12 224 13042 
11 2 27 224 13042 
11 2 42 224 13042 
11 2 57 224 13042 
11 3 12 224 13042 
11 3 27 224 13042 
11 3 42 224 13042 
11 3 57 224 13042 
11 4 12 224 13042 
11 4 27 224 13042 
11 4 42 224 13042 
11 4 57 224 13042 
11 5 12 224 13042 
11 5 27 224 13042 
11 5 42 224 13042 
11 5 57 224 13042 
11 6 12 224 13042 
11 6 27 224 13042 
11 6 42 224 13042 
11 6 57 224 13042 
11 7 12 224 13042 
11 7 27 224 13042 
11 7 42 224 13042 
11 7 57 224 13042 
11 8 12 224 13042 
11 8 27 224 13042 
11 8 42 224 13042 
11 8 57 224 13042 
11 9 49 224 13042 
11 10 4 223 13042 
11 10 19 224 13042 
11 10 34 224 13042 
11 10 49 224 13042 
11 11 4 224 13042 
11 11 19 224 13042 
11 11 34 224 13042 
11 11 49 224 13042 
11 12 4 224 13042 
11 12 19 224 13042 
11 12 34 224 13042 
11 12 49 224 13042 
11 13 4 224 13042 
11 13 19 224 13042 
11 13 34 224 13042 
11 13 49 224 13042 
11 14 4 224 13042 
11 14 19 224 13042 
11 14 34 224 13042 
11 14 49 224 13042 
11 15 4 224 13042 
11 15 19 224 13042 
11 15 34 224 13042 
11 15 49 224 13042 
11 16 4 224 13042 
11 16 19 224 13042 
11 16 34 224 13042 
11 16 49 224 13042 
11 17 4 224 13042 
11 17 19 224 13042 
11 17 34 224 13042 
11 17 49 224 13042 
11 18 4 224 13042 
11 18 19 224 13042 
11 18 34 224 13042 
11 18 49 224 13042 
11 19 4 224 13042 
11 19 19 224 13042 
11 19 34 224 13042 
11 19 49 224 13042 
11 20 4 224 13042 
11 20 19 224 13042 
11 20 34 224 13042 
11 20 49 224 13042 
11 21 4 224 13042 
11 21 19 224 13042 
11 21 34 224 13042 
11 21 49 224 13042 
11 22 4 224 13042 
11 22 19 224 13042 
11 22 34 224 13042 
11 22 49 224 13042 
11 23 4 224 13042 
11 23 19 224 13042 
11 23 34 224 13042 
11 23 49 224 13042 
11 24 4 224 13042 
11 24 56 224 13042 
11 25 11 224 13042 
11 25 26 224 13042 
11 25 41 224 13042 
11 25 56 224 13042 
11 26 11 224 13042 
11 26 26 224 13042 
11 26 41 224 13042 
11 26 56 224 13042 
11 27 26 225 13042 
11 27 41 224 13042 
11 27 56 224 13042 
11 28 11 224 13042 
11 28 26 224 13042 
11 28 41 224 13042 
11 28 56 224 13042 
11 29 11 224 13042 
11 29 26 224 13042 
11 29 41 224 13042 
11 29 56 224 13042 
11 30 11 224 13042 
11 30 26 224 13042 
11 30 41 225 13042 
11 30 56 224 13042 
11 31 11 224 13042 
11 31 26 224 13042 
11 31 41 224 13042 
11 31 56 224 13042 
11 32 11 224 13042 
11 32 26 224 13042 
11 32 41 224 13042 
11 32 56 224 13042 
11 33 11 224 13042 
11 33 26 224 13042 
11 33 41 224 13042 
11 33 56 224 13042 
11 34 11 224 13042 
11 34 26 224 13042 
11 34 41 224 13042 
11 34 56 224 13042 
11 35 11 224 13042 
11 35 26 224 13042 
11 35 41 224 13042 
11 35 56 224 13042 
11 36 11 223 13042 
11 36 26 224 13042 
11 36 41 224 13042 
11 36 56 224 13042 
11 37 11 224 13042 
11 37 26 224 13042 
11 37 41 224 13042 
11 37 56 224 13042 
11 38 11 224 13042 
11 38 26 224 13042 
11 38 41 224 13042 
11 38 56 224 13042 
11 39 11 224 13042 
11 40 3 224 13042 
11 40 18 223 13042 
11 40 33 224 13042 
11 40 48 224 13042 
11 41 3 224 13042 
11 41 18 224 13042 
11 41 33 224 13042 
11 41 48 224 13042 
11 42 3 224 13042 
11 42 18 224 13042 
11 42 33 224 13042 
11 42 48 224 13042 
11 43 3 224 13042 
11 43 18 224 13042 
11 43 33 224 13042 
11 43 48 224 13042 
11 44 3 224 13042 
11 44 18 224 13042 
11 44 33 224 13042 
11 44 48 224 13042 
11 45 3 224 13042 
11 45 18 224 13042 
11 45 33 224 13042 
11 45 48 224 13042 
11 46 3 224 13042 
11 46 18 224 13042 
11 46 33 224 13042 
11 46 48 224 13042 
11 47 3 224 13042 
11 47 18 224 13042 
11 47 33 224 13042 
11 47 48 224 13042 
11 48 3 224 13042 
11 48 18 224 13042 
11 48 33 224 13042 
11 48 48 224 13042 
11 49 3 224 13042 
11 49 18 224 13042 
11 49 33 224 13042 
11 49 48 224 13042 
11 50 3 224 13042 
11 50 18 224 13042 
11 50 33 224 13042 
11 50 48 224 13042 
11 51 3 224 13042 
11 51 18 224 13042 
11 51 33 224 13042 
11 51 48 224 13042 
11 52 3 224 13042 
11 52 18 224 13042 
11 52 33 224 13042 
11 52 48 224 13042 
11 53 3 224 13042 
11 53 18 224 13042 
11 53 33 224 13042 
11 53 48 224 13042 
11 54 3 224 13042 
11 54 18 224 13042 
11 55 10 224 13042 
11 55 25 224 13042 
11 55 40 224 13042 
11 55 55 224 13042 
11 56 10 224 13042 
11 56 25 224 13042 
11 56 40 224 13042 
11 56 55 224 13042 
11 57 10 224 13042 
11 57 25 224 13042 
11 57 40 224 13042 
11 57 55 224 13042 
11 58 10 224 13042 
11 58 25 224 13042 
11 58 40 224 13042 
11 58 55 224 13042 
11 59 10 224 13042 
11 59 25 224 13042 
11 59 40 224 13042 
11 59 55 224 13042 
12 0 10 224 13042 
12 0 25 224 13042 
12 0 40 224 13042 
12 0 55 224 13042 
12 1 10 224 13042 
12 1 25 224 13042 
12 1 40 224 13042 
12 1 55 224 13042 
12 2 10 223 13042 
12 2 25 224 13042 
12 2 40 224 13042 
12 2 55 224 13042 
12 3 10 224 13042 
12 3 25 224 13042 
12 3 40 224 13042 
12 3 55 224 13042 
12 4 10 224 13042 
12 4 25 224 13042 
12 4 40 224 13042 
12 4 55 224 13042 
12 5 10 224 13042 
12 5 25 224 13042 
12 5 40 224 13042 
12 5 55 224 13042 
12 6 10 224 13042 
12 6 25 224 13042 
12 6 40 224 13042 
12 6 55 224 13042 
12 7 10 224 13042 
12 7 25 224 13042 
12 7 40 224 13042 
12 7 55 224 13042 
12 8 10 224 13042 
12 8 25 224 13042 
12 8 40 224 13042 
12 8 55 224 13042 
12 9 10 224 13042 
12 9 25 224 13042 
12 10 2 224 13042 
12 10 18 224 13042 
12 10 33 224 13042 
12 10 48 224 13042 
12 11 3 224 13042 
12 11 18 224 13042 
12 11 33 224 13042 
12 11 48 224 13042 
12 12 3 224 13042 
12 12 18 224 13042 
12 12 33 224 13042 
12 12 48 224 13042 
12 13 3 224 13042 
12 13 18 224 13042 
12 13 33 224 13042 
12 13 48 224 13042 
12 14 3 224 13042 
12 14 18 224 13042 
12 14 33 224 13042 
12 14 48 224 13042 
12 15 3 223 13042 
12 15 18 224 13042 
12 15 33 224 13042 
12 15 48 224 13042 
12 16 3 224 13042 
12 16 18 224 13042 
12 16 33 224 13042 
12 16 48 224 13042 
12 17 3 224 13042 
12 17 18 224 13042 
12 17 33 224 13042 
12 17 48 224 13042 
12 18 3 224 13042 
12 18 18 224 13042 
12 18 33 224 13042 
12 18 48 224 13042 
12 19 3 224 13042 
12 19 18 224 13042 
12 19 33 224 13042 
12 19 48 224 13042 
12 20 3 224 13042 
12 20 18 224 13042 
12 20 33 224 13042 
12 20 48 224 13042 
12 21 3 224 13042 
12 21 18 224 13042 
12 21 33 224 13042 
12 21 48 224 13042 
12 22 3 224 13042 
12 22 18 224 13042 
12 22 33 224 13042 
12 22 48 224 13042 
12 23 3 224 13042 
12 23 18 224 13042 
12 23 33 224 13042 
12 23 48 224 13042 
12 24 3 224 13042 
12 24 18 224 13042 
12 24 33 224 13042 
12 25 25 224 13042 
12 25 40 224 13042 
12 25 55 224 13042 
12 26 10 224 13042 
12 26 25 224 13042 
12 26 40 224 13042 
12 26 55 224 13042 
12 27 10 224 13042 
12 27 25 224 13042 
12 27 40 224 13042 
12 27 55 224 13042 
12 28 10 224 13042 
12 28 25 223 13042 
12 28 40 224 13042 
12 28 55 224 13042 
12 29 10 224 13042 
12 29 25 224 13042 
12 29 40 224 13042 
12 29 55 224 13042 
12 30 10 224 13042 
12 30 25 224 13042 
12 30 40 224 13042 
12 30 55 224 13042 
12 31 10 224 13042 
12 31 25 224 13042 
12 31 40 224 13042 
12 31 55 224 13042 
12 32 10 224 13042 
12 32 25 224 13042 
12 32 40 224 13042 
12 32 55 224 13042 
12 33 10 224 13042 
12 33 25 224 13042 
12 33 40 224 13042 
12 33 55 224 13042 
12 34 10 224 13042 
12 34 25 224 13042 
12 34 40 224 13042 
12 34 55 224 13042 
12 35 10 224 13042 
12 35 25 224 13042 
12 35 40 224 13042 
12 35 55 224 13042 
12 36 10 224 13042 
12 36 25 224 13042 
12 36 40 224 13042 
12 36 55 224 13042 
12 37 10 224 13042 
12 37 25 224 13042 
12 37 40 224 13042 
12 37 55 224 13042 
12 38 10 224 13042 
12 38 25 224 13042 
12 38 40 224 13042 
12 38 55 224 13042 
12 39 10 224 13042 
12 39 25 224 13042 
12 39 40 224 13042 
12 40 17 224 13042 
12 40 32 223 13042 
12 40 47 224 13042 
12 41 2 224 13042 
12 41 17 224 13042 
12 41 32 224 13042 
12 41 47 224 13042 
12 42 2 224 13042 
12 42 17 224 13042 
12 42 32 224 13042 
12 42 47 224 13042 
12 43 2 224 13042 
12 43 17 224 13042 
12 43 32 224 13042 
12 43 47 224 13042 
12 44 2 224 13042 
12 44 17 224 13042 
12 44 32 224 13042 
12 44 47 224 13042 
12 45 2 224 13042 
12 45 17 224 13042 
12 45 32 224 13042 
12 45 47 224 13042 
12 46 2 224 13042 
12 46 17 224 13042 
12 46 32 224 13042 
12 47 2 225 13042 
12 47 17 224 13042 
12 47 32 224 13042 
12 47 47 224 13042 
12 48 2 224 13042 
12 48 17 224 13042 
12 48 32 224 13042 
12 48 47 224 13042 
12 49 2 224 13042 
12 49 17 224 13042 
12 49 32 224 13042 
12 49 47 224 13042 
12 50 2 224 13042 
12 50 17 224 13042 
12 50 32 224 13042 
12 50 47 224 13042 
12 51 2 224 13042 
12 51 17 224 13042 
12 51 32 224 13042 
12 51 47 224 13042 
12 52 2 224 13042 
12 52 17 224 13042 
12 52 32 224 13042 
12 52 47 224 13042 
12 53 2 224 13042 
12 53 17 224 13042 
12 53 32 224 13042 
12 53 47 224 13042 
12 54 2 224 13042 
12 54 17 224 13042 
12 54 32 224 13042 
12 54 47 224 13042 
12 55 39 224 13042 
12 55 54 224 13042 
12 56 9 224 13042 
12 56 24 224 13042 
12 56 39 224 13042 
12 56 54 223 13042 
12 57 9 224 13042 
12 57 24 224 13042 
12 57 39 224 13042 
12 57 54 224 13042 
12 58 9 224 13042 
12 58 24 224 13042 
12 58 39 224 13042 
12 58 54 224 13042 
12 59 9 224 13042 
12 59 24 224 13042 
12 59 39 224 13042 
12 59 54 224 13042 
13 0 9 224 13042 
13 0 24 224 13042 
13 0 39 224 13042 
13 0 54 224 13042 
13 1 9 224 13042 
13 1 24 224 13042 
13 1 39 224 13042 
13 1 54 224 13042 
13 2 9 224 13042 
13 2 24 224 13042 
13 2 39 224 13042 
13 2 54 224 13042 
13 3 9 224 13042 
13 3 24 224 13042 
13 3 39 224 13042 
13 3 54 224 13042 
13 4 9 224 13042 
13 4 24 224 13042 
13 4 39 224 13042 
13 4 54 224 13042 
13 5 9 224 13042 
13 5 24 224 13042 
13 5 39 224 13042 
13 5 54 224 13042 
13 6 9 224 13042 
13 6 24 224 13042 
13 6 39 224 13042 
13 6 54 224 13042 
13 7 9 224 13042 
13 7 24 224 13042 
13 7 39 224 13042 
13 7 54 224 13042 
13 8 9 224 13042 
13 8 24 224 13042 
13 8 39 224 13042 
13 8 54 224 13042 
13 9 9 224 13042 
13 9 24 224 13042 
13 9 39 224 13042 
13 9 54 224 13042 
13 10 31 224 13042 
13 10 46 223 13042 
13 11 1 224 13042 
13 11 16 224 13042 
13 11 31 224 13042 
13 11 46 224 13042 
13 12 1 224 13042 
13 12 16 224 13042 
13 12 31 224 13042 
13 12 46 224 13042 
13 13 1 224 13042 
13 13 16 224 13042 
13 13 31 224 13042 
13 13 46 224 13042 
13 14 1 224 13042 
13 14 16 224 13042 
13 14 31 224 13042 
13 14 46 224 13042 
13 15 1 224 13042 
13 15 16 224 13042 
13 15 31 224 13042 
13 15 46 224 13042 
13 16 1 224 13042 
13 16 16 224 13042 
13 16 31 225 13042 
13 16 46 224 13042 
13 17 1 224 13042 
13 17 16 224 13042 
13 17 31 224 13042 
13 17 46 224 13042 
13 18 1 224 13042 
13 18 16 224 13042 
13 18 31 224 13042 
13 18 46 224 13042 
13 19 1 224 13042 
13 19 16 224 13042 
13 19 31 224 13042 
13 19 46 224 13042 
13 20 1 224 13042 
13 20 16 224 13042 
13 20 31 224 13042 
13 20 46 224 13042 
13 21 1 224 13042 
13 21 16 224 13042 
13 21 31 224 13042 
13 21 46 224 13042 
13 22 1 224 13042 
13 22 16 224 13042 
13 22 31 224 13042 
13 22 46 224 13042 
13 23 1 224 13042 
13 23 16 223 13042 
13 23 31 224 13042 
13 23 46 224 13042 
13 24 1 224 13042 
13 24 16 224 13042 
13 24 31 224 13042 
13 24 46 224 13042 
13 25 1 224 13042 
13 25 53 224 13042 
13 26 8 224 13042 
13 26 23 224 13042 
13 26 38 224 13042 
13 27 8 225 13042 
13 27 23 224 13042 
13 27 38 224 13042 
13 27 53 224 13042 
13 28 8 224 13042 
13 28 23 224 13042 
13 28 38 224 13042 
13 28 53 224 13042 
13 29 8 224 13042 
13 29 23 224 13042 
13 29 38 224 13042 
13 29 53 224 13042 
13 30 8 224 13042 
13 30 23 224 13042 
13 30 38 224 13042 
13 30 53 224 13042 
13 31 8 224 13042 
13 31 23 224 13042 
13 31 38 224 13042 
13 31 53 224 13042 
13 32 8 224 13042 
13 32 23 224 13042 
13 32 38 224 13042 
13 32 53 224 13042 
13 33 8 224 13042 
13 33 23 224 13042 
13 33 38 224 13042 
13 33 53 224 13042 
13 34 8 224 13042 
13 34 23 224 13042 
13 34 38 224 13042 
13 34 53 224 13042 
13 35 8 224 13042 
13 35 23 224 13042 
13 35 38 224 13042 
13 35 53 224 13042 
13 36 8 224 13042 
13 36 23 224 13042 
13 36 38 224 13042 
13 36 53 223 13042 
13 37 8 224 13042 
13 37 23 224 13042 
13 37 38 224 13042 
13 37 53 224 13042 
13 38 8 224 13042 
13 38 23 224 13042 
13 38 38 224 13042 
13 38 53 224 13042 
13 39 8 224 13042 
13 39 23 224 13042 
13 39 38 224 13042 
13 39 53 224 13042 
13 40 8 224 13042 
13 41 0 224 13042 
13 41 15 224 13042 
13 41 30 224 13042 
13 41 45 224 13042 
13 42 0 224 13042 
13 42 15 224 13042 
13 42 30 224 13042 
13 42 45 224 13042 
13 43 0 224 13042 
13 43 15 224 13042 
13 43 30 224 13042 
13 43 45 224 13042 
13 44 0 224 13042 
13 44 15 224 13042 
13 44 30 224 13042 
13 44 45 224 13042 
13 45 0 224 13042 
13 45 15 224 13042 
13 45 30 224 13042 
13 45 45 224 13042 
13 46 0 224 13042 
13 46 15 224 13042 
13 46 30 224 13042 
13 47 0 225 13042 
13 47 15 224 13042 
13 47 30 224 13042 
13 47 45 224 13042 
13 48 0 224 13042 
13 48 15 224 13042 
13 48 30 224 13042 
13 48 45 224 13042 
13 49 0 224 13042 
13 49 15 224 13042 
13 49 30 224 13042 
13 49 45 224 13042 
13 50 0 223 13042 
13 50 15 224 13042 
13 50 30 224 13042 
13 50 45 224 13042 
13 51 0 224 13042 
13 51 15 224 13042 
13 51 30 224 13042 
13 51 45 224 13042 
13 52 0 224 13042 
13 52 15 224 13042 
13 52 30 224 13042 
13 52 45 224 13042 
13 53 0 224 13042 
13 53 15 224 13042 
13 53 30 224 13042 
13 53 45 224 13042 
13 54 0 224 13042 
13 54 15 224 13042 
13 54 30 224 13042 
13 54 45 224 13042 
13 55 0 224 13042 
13 55 15 224 13042 
13 55 52 224 13042 
13 56 7 224 13042 
13 56 22 224 13042 
13 56 37 224 13042 
13 56 52 224 13042 
13 57 7 224 13042 
13 57 22 223 13042 
13 57 37 224 13042 
13 57 52 224 13042 
13 58 7 224 13042 
13 58 22 224 13042 
13 58 37 224 13042 
13 58 52 224 13042 
13 59 7 224 13042 
13 59 22 224 13042 
13 59 37 224 13042 
13 59 52 224 13042 
14 0 7 224 13042 
14 0 22 224 13042 
14 0 37 224 13042 
14 0 52 224 13042 
14 1 7 224 13042 
14 1 22 224 13042 
14 1 37 224 13042 
14 1 52 224 13042 
14 2 7 224 13042 
14 2 22 224 13042 
14 2 37 223 13042 
14 2 52 224 13042 
14 3 7 224 13042 
14 3 22 224 13042 
14 3 37 224 13042 
14 3 52 224 13042 
14 4 7 224 13042 
14 4 22 224 13042 
14 4 37 224 13042 
14 4 52 224 13042 
14 5 7 224 13042 
14 5 22 224 13042 
14 5 37 224 13042 
14 5 52 224 13042 
14 6 7 224 13042 
14 6 22 224 13042 
14 6 37 224 13042 
14 6 52 224 13042 
14 7 7 224 13042 
14 7 22 224 13042 
14 7 37 224 13042 
14 7 53 224 13042 
14 8 8 224 13042 
14 8 23 224 13042 
14 8 38 224 13042 
14 8 53 224 13042 
14 9 8 224 13042 
14 9 23 224 13042 
14 9 38 224 13042 
14 9 53 224 13042 
14 10 8 224 13042 
14 10 23 224 13042 
14 11 15 224 13042 
14 11 30 224 13042 
14 11 45 224 13042 
14 12 0 224 13042 
14 12 15 224 13042 
14 12 30 224 13042 
14 12 45 224 13042 
14 13 0 224 13042 
14 13 15 224 13042 
14 13 30 224 13042 
14 13 45 224 13042 
14 14 0 224 13042 
14 14 15 224 13042 
14 14 30 224 13042 
14 14 45 224 13042 
14 15 0 224 13042 
14 15 15 224 13042 
14 15 30 224 13042 
14 15 45 224 13042 
14 16 0 223 13042 
14 16 15 224 13042 
14 16 30 224 13042 
14 16 45 224 13042 
14 17 0 224 13042 
14 17 15 224 13042 
14 17 30 224 13042 
14 17 45 224 13042 
14 18 0 224 13042 
14 18 15 224 13042 
14 18 30 224 13042 
14 18 45 224 13042 
14 19 0 224 13042 
14 19 15 224 13042 
14 19 30 224 13042 
14 19 45 224 13042 
14 20 0 224 13042 
14 20 15 224 13042 
14 20 30 224 13042 
14 20 45 224 13042 
14 21 0 224 13042 
14 21 15 224 13042 
14 21 30 224 13042 
14 21 45 224 13042 
14 22 0 224 13042 
14 22 15 224 13042 
14 22 30 224 13042 
14 22 45 224 13042 
14 23 0 224 13042 
14 23 15 224 13042 
14 23 30 224 13042 
14 23 45 224 13042 
14 24 0 224 13042 
14 24 15 224 13042 
14 24 45 225 13042 
14 25 0 224 13042 
14 25 15 224 13042 
14 25 30 224 13042 
14 26 22 224 13042 
14 26 37 224 13042 
14 26 52 224 13042 
14 27 7 224 13042 
14 27 22 224 13042 
14 27 37 224 13042 
14 27 52 223 13042 
14 28 7 224 13042 
14 28 22 224 13042 
14 28 37 224 13042 
14 28 52 224 13042 
14 29 7 223 13042 
14 29 22 224 13042 
14 29 37 224 13042 
14 29 52 224 13042 
14 30 7 224 13042 
14 30 22 224 13042 
14 30 37 224 13042 
14 30 52 224 13042 
14 31 7 224 13042 
14 31 22 224 13042 
14 31 37 224 13042 
14 31 52 224 13042 
14 32 7 224 13042 
14 32 22 224 13042 
14 32 37 224 13042 
14 32 52 224 13042 
14 33 7 224 13042 
14 33 22 224 13042 
14 33 37 224 13042 
14 34 7 225 13042 
14 34 37 225 13042 
14 34 52 224 13042 
14 35 7 224 13042 
14 35 22 224 13042 
14 35 37 224 13042 
14 35 52 224 13042 
14 36 7 224 13042 
14 36 22 224 13042 
14 36 37 224 13042 
14 36 52 224 13042 
14 37 7 224 13042 
14 37 22 224 13042 
14 37 37 224 13042 
14 37 52 224 13042 
14 38 7 224 13042 
14 38 22 224 13042 
14 38 37 224 13042 
14 38 52 224 13042 
14 39 7 224 13042 
14 39 22 224 13042 
14 39 37 224 13042 
14 39 52 224 13042 
14 40 7 224 13042 
14 40 22 224 13042 
14 40 37 224 13042 
14 41 29 224 13042 
14 41 44 223 13042 
14 41 59 224 13042 
14 42 14 224 13042 
14 42 29 224 13042 
14 42 44 224 13042 
14 42 59 224 13042 
14 43 14 224 13042 
14 43 29 224 13042 
14 43 44 224 13042 
14 43 59 224 13042 
14 44 14 224 13042 
14 44 29 224 13042 
14 44 44 224 13042 
14 44 59 224 13042 
14 45 14 224 13042 
14 45 29 224 13042 
14 45 44 224 13042 
14 45 59 224 13042 
14 46 14 224 13042 
14 46 44 225 13042 
14 46 59 224 13042 
14 47 14 224 13042 
14 47 29 224 13042 
14 47 44 224 13042 
14 47 59 224 13042 
14 48 14 224 13042 
14 48 29 224 13042 
14 48 44 224 13042 
14 48 59 224 13042 
14 49 14 224 13042 
14 49 29 224 13042 
14 49 44 224 13042 
14 49 59 224 13042 
14 50 14 224 13042 
14 50 29 225 13042 
14 50 44 224 13042 
14 50 59 224 13042 
14 51 14 224 13042 
14 51 29 224 13042 
14 51 44 224 13042 
14 51 59 224 13042 
14 52 14 224 13042 
14 52 29 224 13042 
14 52 44 224 13042 
14 52 59 224 13042 
14 53 14 224 13042 
14 53 29 224 13042 
14 53 44 224 13042 
14 53 59 224 13042 
14 54 14 224 13042 
14 54 29 224 13042 
14 54 44 224 13042 
14 54 59 224 13042 
14 55 14 224 13042 
14 55 29 224 13042 
14 55 44 224 13042 
14 56 36 224 13042 
14 56 51 224 13042 
14 57 6 224 13042 
14 57 21 224 13042 
14 57 36 224 13042 
14 57 51 224 13042 
14 58 6 224 13042 
14 58 21 224 13042 
14 58 36 224 13042 
14 58 51 224 13042 
14 59 6 224 13042 
14 59 21 224 13042 
14 59 36 224 13042 
14 59 51 224 13042 
15 0 6 224 13042 
15 0 36 225 13042 
15 0 51 224 13042 
15 1 6 224 13042 
15 1 21 224 13042 
15 1 36 224 13042 
15 1 51 224 13042 
15 2 6 224 13042 
15 2 21 224 13042 
15 2 36 224 13042 
15 2 51 224 13042 
15 3 6 224 13042 
15 3 21 224 13042 
15 3 36 224 13042 
15 3 51 224 13042 
15 4 6 224 13042 
15 4 21 224 13042 
15 4 36 224 13042 
15 4 51 224 13042 
15 5 6 224 13042 
15 5 21 224 13042 
15 5 36 224 13042 
15 5 51 224 13042 
15 6 6 224 13042 
15 6 21 224 13042 
15 6 36 224 13042 
15 6 51 224 13042 
15 7 6 224 13042 
15 7 21 224 13042 
15 7 36 224 13042 
15 7 51 224 13042 
15 8 6 224 13042 
15 8 21 224 13042 
15 8 36 224 13042 
15 8 51 224 13042 
15 9 6 224 13042 
15 9 21 224 13042 
15 9 36 224 13042 
15 9 51 224 13042 
15 10 6 224 13042 
15 10 21 224 13042 
15 10 36 224 13042 
15 10 51 224 13042 
15 11 43 224 13042 
15 11 58 224 13042 
15 12 13 224 13042 
15 12 28 224 13042 
15 12 43 224 13042 
15 12 58 224 13042 
15 13 13 224 13042 
15 13 28 224 13042 
15 13 43 224 13042 
15 13 58 224 13042 
15 14 13 224 13042 
15 14 28 224 13042 
15 14 43 224 13042 
15 14 58 224 13042 
15 15 13 224 13042 
15 15 28 224 13042 
15 15 43 224 13042 
15 15 58 224 13042 
15 16 13 224 13042 
15 16 28 224 13042 
15 16 43 224 13042 
15 16 58 224 13042 
15 17 13 224 13042 
15 17 28 224 13042 
15 17 43 224 13042 
15 17 58 224 13042 
15 18 13 224 13042 
15 18 28 224 13042 
15 18 43 224 13042 
15 18 58 224 13042 
15 19 13 224 13042 
15 19 28 224 13042 
15 19 43 224 13042 
15 19 58 224 13042 
15 20 13 224 13042 
15 20 28 224 13042 
15 20 43 224 13042 
15 20 58 224 13042 
15 21 13 224 13042 
15 21 28 224 13042 
15 21 43 224 13042 
15 21 58 224 13042 
15 22 13 224 13042 
15 22 28 224 13042 
15 22 43 224 13042 
15 22 58 224 13042 
15 23 13 224 13042 
15 23 28 224 13042 
15 23 43 224 13042 
15 23 58 224 13042 
15 24 13 223 13042 
15 24 28 224 13042 
15 24 43 224 13042 
15 24 58 224 13042 
15 25 13 224 13042 
15 25 28 224 13042 
15 25 43 224 13042 
15 25 58 224 13042 
15 26 50 224 13042 
15 27 5 224 13042 
15 27 20 224 13042 
15 27 35 224 13042 
15 27 50 224 13042 
15 28 5 224 13042 
15 28 20 224 13042 
15 28 35 224 13042 
15 28 50 224 13042 
15 29 5 224 13042 
15 29 20 224 13042 
15 29 35 224 13042 
15 29 50 224 13042 
15 30 5 224 13042 
15 30 20 224 13042 
15 30 35 224 13042 
15 30 50 224 13042 
15 31 5 224 13042 
15 31 20 224 13042 
15 31 35 224 13042 
15 31 50 224 13042 
15 32 5 224 13042 
15 32 20 224 13042 
15 32 35 224 13042 
15 32 50 224 13042 
15 33 5 224 13042 
15 33 20 224 13042 
15 33 35 224 13042 
15 33 50 224 13042 
15 34 5 224 13042 
15 34 20 224 13042 
15 34 35 224 13042 
15 34 50 224 13042 
15 35 5 224 13042 
15 35 20 224 13042 
15 35 35 224 13042 
15 35 50 224 13042 
15 36 5 224 13042 
15 36 20 224 13042 
15 36 35 224 13042 
15 36 50 224 13042 
15 37 5 224 13042 
15 37 20 224 13042 
15 37 35 224 13042 
15 37 50 224 13042 
15 38 5 224 13042 
15 38 20 224 13042 
15 38 35 224 13042 
15 38 50 224 13042 
15 39 5 224 13042 
15 39 20 224 13042 
15 39 35 224 13042 
15 39 50 224 13042 
15 40 5 224 13042 
15 40 20 224 13042 
15 40 35 224 13042 
15 40 50 224 13042 
15 41 5 224 13042 
15 41 42 224 13042 
15 41 57 224 13042 
15 42 12 224 13042 
15 42 27 224 13042 
15 42 42 224 13042 
15 42 57 224 13042 
15 43 12 224 13042 
15 43 27 224 13042 
15 43 42 224 13042 
15 43 57 224 13042 
15 44 12 224 13042 
15 44 27 224 13042 
15 44 42 224 13042 
15 44 57 224 13042 
15 45 12 224 13042 
15 45 27 224 13042 
15 45 42 224 13042 
15 45 57 224 13042 
15 46 12 224 13042 
15 46 27 224 13042 
15 46 42 224 13042 
15 46 57 224 13042 
15 47 12 224 13042 
15 47 27 224 13042 
15 47 42 224 13042 
15 47 57 224 13042 
15 48 12 224 13042 
15 48 27 224 13042 
15 48 42 224 13042 
15 48 57 224 13042 
15 49 12 224 13042 
15 49 27 224 13042 
15 49 42 224 13042 
15 49 57 224 13042 
15 50 12 223 13042 
15 50 27 224 13042 
15 50 42 224 13042 
15 50 57 224 13042 
15 51 12 224 13042 
15 51 27 224 13042 
15 51 42 224 13042 
15 51 57 224 13042 
15 52 12 224 13042 
15 52 27 224 13042 
15 52 42 224 13042 
15 52 57 224 13042 
15 53 12 224 13042 
15 53 27 224 13042 
15 53 42 224 13042 
15 53 57 224 13042 
15 54 12 224 13042 
15 54 27 224 13042 
15 54 42 224 13042 
15 54 57 224 13042 
15 55 12 224 13042 
15 55 27 224 13042 
15 55 42 224 13042 
15 55 57 224 13042 
15 56 12 224 13042 
15 57 4 224 13042 
15 57 19 224 13042 
15 57 34 224 13042 
15 57 49 224 13042 
15 58 4 223 13042 
15 58 19 224 13042 
15 58 34 224 13042 
15 58 49 224 13042 
15 59 4 224 13042 
15 59 19 224 13042 
15 59 34 224 13042 
15 59 49 224 13042 
16 0 4 224 13042 
16 0 19 224 13042 
16 0 34 224 13042 
16 0 49 224 13042 
16 1 4 224 13042 
16 1 19 224 13042 
16 1 34 224 13042 
16 1 49 224 13042 
16 2 4 224 13042 
16 2 19 224 13042 
16 2 34 224 13042 
16 2 49 224 13042 
16 3 4 224 13042 
16 3 19 224 13042 
16 3 34 223 13042 
16 3 49 224 13042 
16 4 4 224 13042 
16 4 19 224 13042 
16 4 34 224 13042 
16 4 49 224 13042 
16 5 4 224 13042 
16 5 19 224 13042 
16 5 34 224 13042 
16 5 49 224 13042 
16 6 5 224 13042 
16 6 20 224 13042 
16 6 35 224 13042 
16 6 50 224 13042 
16 7 5 224 13042 
16 7 20 224 13042 
16 7 35 224 13042 
16 7 50 224 13042 
16 8 5 224 13042 
16 8 20 224 13042 
16 8 35 224 13042 
16 8 50 224 13042 
16 9 5 224 13042 
16 9 20 224 13042 
16 9 35 224 13042 
16 9 50 224 13042 
16 10 5 224 13042 
16 10 20 224 13042 
16 10 35 224 13042 
16 10 50 224 13042 
16 11 5 224 13042 
16 11 20 224 13042 
16 11 57 224 13042 
16 12 12 223 13042 
16 12 27 224 13042 
16 12 42 224 13042 
16 12 57 224 13042 
16 13 12 224 13042 
16 13 27 224 13042 
16 13 42 224 13042 
16 13 57 224 13042 
16 14 12 224 13042 
16 14 27 224 13042 
16 14 42 224 13042 
16 14 57 224 13042 
16 15 12 224 13042 
16 15 27 224 13042 
16 15 42 224 13042 
16 15 57 224 13042 
16 16 12 224 13042 
16 16 27 224 13042 
16 16 42 224 13042 
16 16 57 224 13042 
16 17 12 224 13042 
16 17 27 224 13042 
16 17 42 224 13042 
16 17 57 224 13042 
16 18 12 224 13042 
16 18 27 224 13042 
16 18 42 224 13042 
16 18 57 224 13042 
16 19 12 224 13042 
16 19 27 224 13042 
16 19 42 224 13042 
16 19 57 224 13042 
16 20 12 224 13042 
16 20 27 224 13042 
16 20 42 224 13042 
16 20 57 224 13042 
16 21 12 224 13042 
16 21 27 224 13042 
16 21 42 224 13042 
16 21 57 224 13042 
16 22 12 224 13042 
16 22 27 224 13042 
16 22 42 224 13042 
16 22 57 224 13042 
16 23 12 224 13042 
16 23 27 224 13042 
16 23 42 224 13042 
16 23 57 224 13042 
16 24 12 224 13042 
16 24 27 224 13042 
16 24 42 224 13042 
16 24 57 224 13042 

