15 4 46 223 10832 
15 5 1 223 10832 
15 5 16 223 10832 
15 5 31 223 10832 
15 5 46 223 10832 
15 6 1 223 10832 
15 6 16 223 10832 
15 6 31 223 10832 
15 6 46 223 10832 
15 7 1 223 10832 
15 7 16 223 10832 
15 7 31 223 10832 
15 7 46 223 10832 
15 8 1 223 10832 
15 8 16 223 10832 
15 8 31 223 10832 
15 8 46 223 10832 
15 9 16 225 10832 
15 9 31 223 10832 
15 10 30 224 10832 
15 10 45 223 10832 
15 11 0 223 10832 
15 11 15 223 10832 
15 11 30 223 10832 
15 11 45 223 10832 
15 12 0 223 10832 
15 12 15 223 10832 
15 12 30 223 10832 
15 12 45 223 10832 
15 13 0 223 10832 
15 13 15 223 10832 
15 13 30 223 10832 
15 13 45 223 10832 
15 14 0 223 10832 
15 14 15 223 10832 
15 14 30 223 10832 
15 14 45 223 10832 
15 15 0 223 10832 
15 15 15 223 10832 
15 15 30 223 10832 
15 15 45 223 10832 
15 16 0 223 10832 
15 16 15 223 10832 
15 16 30 223 10832 
15 16 45 223 10832 
15 17 0 223 10832 
15 17 15 223 10832 
15 17 30 223 10832 
15 17 45 223 10832 
15 18 0 223 10832 
15 18 15 223 10832 
15 18 30 223 10832 
15 18 45 223 10832 
15 19 0 223 10832 
15 19 15 223 10832 
15 19 30 223 10832 
15 19 45 223 10832 
15 20 0 223 10832 
15 20 15 223 10832 
15 20 30 223 10832 
15 20 45 223 10832 
15 21 0 223 10832 
15 21 15 223 10832 
15 22 11 77 10711 
15 22 15 61 9147 
15 22 30 223 10350 
15 22 45 223 10832 
15 23 0 223 10832 
15 23 15 223 10832 
15 23 30 223 10832 
15 23 45 223 10832 
15 24 0 223 10832 
15 24 15 223 10832 
15 24 30 223 10832 
15 24 45 223 10832 
15 25 44 224 10832 
15 25 59 222 10832 
15 26 14 223 10832 
15 26 29 223 10832 
15 26 44 223 10832 
15 26 59 223 10832 
15 27 14 223 10832 
15 27 29 223 10832 
15 27 44 223 10832 
15 27 59 223 10832 
15 28 14 223 10832 
15 28 29 223 10832 
15 28 44 223 10832 
15 28 59 223 10832 
15 29 14 223 10832 
15 29 29 223 10832 
15 29 44 223 10832 
15 30 14 225 10832 
15 30 29 223 10832 
15 30 44 223 10832 
15 30 59 223 10832 
15 31 14 223 10832 
15 31 29 223 10832 
15 31 44 223 10832 
15 31 59 223 10832 
15 32 14 223 10832 
15 32 29 223 10832 
15 32 44 223 10832 
15 32 59 223 10832 
15 33 14 223 10832 
15 33 29 223 10832 
15 33 44 223 10832 
15 33 59 223 10832 
15 34 14 223 10832 
15 34 29 223 10832 
15 34 44 223 10832 
15 34 59 223 10832 
15 35 14 223 10832 
15 35 44 225 10832 
15 35 59 223 10771 
15 36 14 223 10832 
15 36 29 223 10832 
15 36 44 223 10832 
15 36 59 223 10832 
15 37 14 223 10832 
15 37 29 223 10832 
15 37 44 223 10832 
15 37 59 223 10832 
15 38 14 223 10832 
15 38 29 223 10832 
15 38 44 223 10832 
15 38 59 223 10832 
15 39 14 223 10832 
15 39 29 223 10832 
15 39 44 223 10832 
15 39 59 223 10832 
15 40 58 224 10832 
15 41 13 223 10832 
15 41 28 223 10832 
15 41 43 223 10832 
15 41 58 223 10832 
15 42 13 223 10832 
15 42 28 223 10832 
15 42 43 223 10832 
15 42 58 223 10832 
15 43 13 223 10832 
15 43 28 223 10832 
15 43 43 223 10832 
15 43 58 223 10832 
15 44 13 223 10771 
15 44 28 223 10832 
15 44 43 223 10832 
15 44 58 223 10832 
15 45 13 223 10832 
15 45 28 223 10832 
15 45 43 223 10832 
15 45 58 224 10832 
15 46 13 223 10832 
15 46 28 223 10832 
15 46 43 223 10832 
15 46 58 223 10832 
15 47 13 223 10832 
15 47 28 223 10832 
15 47 43 223 10832 
15 47 58 223 10832 
15 48 13 223 10832 
15 48 28 223 10832 
15 48 43 223 10832 
15 48 58 223 10832 
15 49 13 223 10832 
15 49 28 223 10832 
15 49 43 224 10832 
15 49 58 223 10832 
15 50 13 223 10832 
15 50 28 223 10832 
15 50 43 223 10832 
15 50 58 223 10832 
15 51 13 223 10832 
15 51 28 223 10832 
15 51 43 223 10832 
15 51 58 223 10832 
15 52 13 223 10832 
15 52 28 223 10832 
15 52 43 223 10832 
15 52 58 223 10832 
15 53 13 223 10832 
15 53 28 223 10832 
15 53 43 223 10832 
15 53 58 223 10832 
15 54 13 223 10832 
15 54 28 223 10832 
15 54 43 223 10832 
15 54 58 223 10832 
15 55 13 223 10832 
15 55 57 224 10832 
15 56 12 223 10832 
15 56 27 223 10832 
15 56 42 223 10832 
15 56 57 223 10832 
15 57 12 223 10952 
15 57 27 224 11674 
15 57 42 223 11855 
15 57 57 223 11975 
15 58 12 223 11915 
15 58 27 223 11915 
15 58 42 223 11975 
15 58 57 223 11975 
15 59 12 223 11975 
15 59 27 223 11915 
15 59 42 223 11975 
15 59 57 223 11915 
16 0 12 223 10290 

/> 
ls

ls

ls

<NUL>ÿ

Serial communication
Type 'h or ?' for help.

/> 
ls
ls
<CR>
         TIME          Size       File name 
----A 2021/05/31 16:09     12952  0531
----A 2021/05/31 09:39    128640  05310924
----A 2021/05/31 09:55    128640  05310939
----A 2021/05/31 10:10    128640  05310955
----A 2021/05/31 10:25    128000  05311010
----A 2021/05/31 10:41    128640  05311025
----A 2021/05/31 10:55    128000  05311040
----A 2021/05/31 11:11    128640  05311055
----A 2021/05/31 11:27    128000  05311110
----A 2021/05/31 11:42    128640  05311125
----A 2021/05/31 11:55    128000  05311140
----A 2021/05/31 12:11    128640  05311155
----A 2021/05/31 12:26    128000  05311211
----A 2021/05/31 12:41    128640  05311226
----A 2021/05/31 12:57    128000  05311241
----A 2021/05/31 13:11    128640  05311256
----A 2021/05/31 13:26    128000  05311311
----A 2021/05/31 13:43    128640  05311326
----A 2021/05/31 13:59    128640  05311341
----A 2021/05/31 14:11    128640  05311356
----A 2021/05/31 14:27    128000  05311412
----A 2021/05/31 14:42    128640  05311427
----A 2021/05/31 14:57    128000  05311442
----A 2021/05/31 15:13    128640  05311457
----A 2021/05/31 15:27    128000  05311512
----A 2021/05/31 15:42    128640  05311527
----A 2021/05/31 15:59    128000  05311542
----A 2021/05/31 15:59      2560  05311557
----A 2021/06/01 16:23     12560  0601
----A 2021/06/01 10:07    129280  06010951
----A 2021/06/01 10:22    129280  06011007
----A 2021/06/01 10:37    128640  06011022
----A 2021/06/01 10:53    130560  06011037
----A 2021/06/01 11:07    130560  06011052
----A 2021/06/01 11:22    128640  06011107
----A 2021/06/01 11:39    129280  06011122
----A 2021/06/01 11:54    130560  06011137
----A 2021/06/01 12:07    131200  06011152
----A 2021/06/01 12:23    129920  06011208
----A 2021/06/01 12:38    129280  06011223
----A 2021/06/01 12:53    130560  06011238
----A 2021/06/01 13:09    129280  06011253
----A 2021/06/01 13:23    128640  06011308
----A 2021/06/01 13:38    129920  06011323
----A 2021/06/01 13:55    131200  06011338
----A 2021/06/01 14:11    129920  06011353
----A 2021/06/01 14:23    129280  06011408
----A 2021/06/01 14:39    131200  06011424
----A 2021/06/01 14:54    128640  06011439
----A 2021/06/01 15:09    129920  06011454
----A 2021/06/01 15:25    128640  06011509
----A 2021/06/01 15:39    129920  06011524
----A 2021/06/01 15:54    129280  06011539
----A 2021/06/01 16:11    131200  06011554
----A 2021/06/01 16:11      2560  06011609
----A 2021/06/02 15:27     11888  0602
----A 2021/06/02 09:36    128000  06020921
----A 2021/06/02 09:51    128000  06020936
----A 2021/06/02 10:07    128000  06020951
----A 2021/06/02 10:21    128000  06021006
----A 2021/06/02 10:38    128000  06021021
----A 2021/06/02 10:51    128000  06021036
----A 2021/06/02 11:07    128000  06021051
----A 2021/06/02 11:23    128000  06021106
----A 2021/06/02 11:37    128000  06021122
----A 2021/06/02 11:52    128000  06021137
----A 2021/06/02 12:07    128000  06021152
----A 2021/06/02 12:23    128000  06021207
----A 2021/06/02 12:39    128000  06021222
----A 2021/06/02 12:54    128000  06021237
----A 2021/06/02 13:07    128000  06021252
----A 2021/06/02 13:23    128000  06021307
----A 2021/06/02 13:38    128000  06021323
----A 2021/06/02 13:53    128000  06021338
----A 2021/06/02 14:08    128000  06021353
----A 2021/06/02 14:23    128000  06021408
----A 2021/06/02 14:39    128000  06021423
----A 2021/06/02 14:55    128000  06021438
----A 2021/06/02 15:10    128000  06021453
----A 2021/06/02 15:23    128000  06021508
----A 2021/06/02 15:23      2560  06021523
----A 2021/06/03 14:35      3256  0603
----A 2021/06/03 12:07    140160  06031037
----A 2021/06/03 12:07      2560  06031207
----A 2021/06/03 12:51    128000  06031234
----A 2021/06/03 13:07    129280  06031249
----A 2021/06/03 13:20    128640  06031305
----A 2021/06/03 14:34    144000  06031320
----A 2021/06/03 14:35    163840  06031432
----A 2021/06/03 14:35      2560  06031433
----A 2021/06/04 16:15     11648  0604
----A 2021/06/04 10:29    128000  06041013
----A 2021/06/04 10:43    129280  06041028
----A 2021/06/04 10:58    128000  06041043
----A 2021/06/04 11:15    128000  06041058
----A 2021/06/04 11:31    128000  06041113
----A 2021/06/04 11:44    128640  06041129
----A 2021/06/04 11:59    129280  06041144
----A 2021/06/04 12:15    128000  06041159
----A 2021/06/04 12:29    128000  06041214
----A 2021/06/04 12:46    128000  06041229
----A 2021/06/04 12:59    128000  06041244
----A 2021/06/04 13:15    128000  06041259
----A 2021/06/04 13:31    128000  06041314
----A 2021/06/04 13:45    128000  06041330
----A 2021/06/04 14:00    128000  06041345
----A 2021/06/04 14:15    128000  06041400
----A 2021/06/04 14:31    128640  06041415
----A 2021/06/04 14:45    128000  06041430
----A 2021/06/04 15:02    128000  06041445
----A 2021/06/04 15:15    128000  06041500
----A 2021/06/04 15:31    128000  06041515
----A 2021/06/04 15:47    128000  06041530
----A 2021/06/04 16:01    128000  06041546
----A 2021/06/04 16:01      2560  06041601
----A 2021/06/05 12:25       256  0605
----A 2021/06/15 16:51      7048  0615
----A 2021/06/15 12:45    129920  06151230
----A 2021/06/15 13:03    141440  06151245
----A 2021/06/15 13:19    130560  06151303
----A 2021/06/15 13:35    128640  06151317
----A 2021/06/15 13:48    128000  06151333
----A 2021/06/15 14:03    128640  06151348
----A 2021/06/15 14:19    128000  06151403
----A 2021/06/15 14:33    128640  06151418
----A 2021/06/15 14:50    128000  06151433
----A 2021/06/15 15:03    129280  06151448
----A 2021/06/15 15:18    128000  06151503
----A 2021/06/15 15:35    128000  06151518
----A 2021/06/15 15:49    128000  06151534
----A 2021/06/15 16:04    128000  06151549
----A 2021/06/15 16:47    154240  06151604
----A 2021/06/15 16:49    161920  06151647
----A 2021/06/15 16:51      2560  06151649
----A 2021/06/16 15:27     10896  0616
----A 2021/06/16 09:51    128000  06160934
----A 2021/06/16 10:05    128000  06160950
----A 2021/06/16 10:20    129280  06161005
----A 2021/06/16 10:35    129280  06161020
----A 2021/06/16 10:51    128640  06161035
----A 2021/06/16 11:05    128000  06161050
----A 2021/06/16 11:22    129920  06161105
----A 2021/06/16 11:35    128000  06161120
----A 2021/06/16 11:51    128640  06161135
----A 2021/06/16 12:07    129920  06161150
----A 2021/06/16 12:21    128640  06161206
----A 2021/06/16 12:36    129280  06161221
----A 2021/06/16 12:51    128640  06161236
----A 2021/06/16 13:07    129920  06161251
----A 2021/06/16 13:23    128000  06161306
----A 2021/06/16 13:38    128640  06161321
----A 2021/06/16 13:51    131200  06161336
----A 2021/06/16 14:07    129920  06161352
----A 2021/06/16 14:22    129920  06161407
----A 2021/06/16 14:37    129280  06161422
----A 2021/06/16 14:53    129920  06161437
----A 2021/06/16 15:07    129920  06161452
----A 2021/06/16 15:22    129280  06161507
----A 2021/06/16 15:23      2560  06161522
----A 2021/06/17 14:13      9832  0617
----A 2021/06/17 09:07    128000  06170850
----A 2021/06/17 09:23    128640  06170905
----A 2021/06/17 09:36    128000  06170921
----A 2021/06/17 09:51    128000  06170936
----A 2021/06/17 10:07    128000  06170951
----A 2021/06/17 10:23    128000  06171006
----A 2021/06/17 10:39    128000  06171021
----A 2021/06/17 10:52    128000  06171037
----A 2021/06/17 11:07    128640  06171052
----A 2021/06/17 11:22    128000  06171107
----A 2021/06/17 11:39    160000  06171122
----A 2021/06/17 11:53    129280  06171138
----A 2021/06/17 12:08    128000  06171153
----A 2021/06/17 12:23    128000  06171208
----A 2021/06/17 12:38    128000  06171223
----A 2021/06/17 12:55    128640  06171238
----A 2021/06/17 13:09    128000  06171254
----A 2021/06/17 13:25    128000  06171309
----A 2021/06/17 13:39    128000  06171324
----A 2021/06/17 13:54    128000  06171339
----A 2021/06/17 14:10    128000  06171355
----A 2021/06/17 14:10      2560  06171410
----A 2021/06/18 11:27      4344  0618
----A 2021/06/18 09:03    131840  06180848
----A 2021/06/18 09:18    131200  06180903
----A 2021/06/18 09:33    129920  06180918
----A 2021/06/18 09:50    129280  06180933
----A 2021/06/18 10:03    130560  06180948
----A 2021/06/18 10:19    128000  06181004
----A 2021/06/18 10:35    131840  06181019
----A 2021/06/18 11:03    145920  06181034
----A 2021/06/18 11:07    160000  06181102
----A 2021/06/18 11:21    130560  06181105
----A 2021/06/18 11:22      2560  06181120
----A 2021/06/19 16:00     11168  0619
----A 2021/06/19 09:35    130560  06190919
----A 2021/06/19 09:51    128000  06190934
----A 2021/06/19 10:07    128000  06190949
----A 2021/06/19 10:20    129280  06191005
----A 2021/06/19 10:35    128000  06191020
----A 2021/06/19 10:50    128000  06191035
----A 2021/06/19 11:07    128000  06191050
----A 2021/06/19 11:21    129280  06191106
----A 2021/06/19 11:37    128640  06191121
----A 2021/06/19 11:51    129280  06191136
----A 2021/06/19 12:07    129280  06191151
----A 2021/06/19 12:22    128640  06191207
----A 2021/06/19 12:37    129920  06191222
----A 2021/06/19 12:53    133120  06191237
----A 2021/06/19 13:08    131840  06191252
----A 2021/06/19 13:43    148480  06191308
----A 2021/06/19 13:53    141440  06191341
----A 2021/06/19 14:10    139520  06191353
----A 2021/06/19 14:23    135680  06191408
----A 2021/06/19 14:39    136320  06191424
----A 2021/06/19 14:55    133120  06191439
----A 2021/06/19 15:09    131200  06191454
----A 2021/06/19 15:26    129920  06191509
----A 2021/06/19 15:39    129920  06191524
----A 2021/06/19 15:55    128640  06191540
----A 2021/06/19 15:55      2560  06191555
----A 2021/06/20 15:03     12128  0620
----A 2021/06/20 08:54    128640  06200839
----A 2021/06/20 09:09    128640  06200854
----A 2021/06/20 09:26    128000  06200909
----A 2021/06/20 09:39    128640  06200924
----A 2021/06/20 09:55    128640  06200940
----A 2021/06/20 10:11    128640  06200955
----A 2021/06/20 10:25    128000  06201010
----A 2021/06/20 10:42    128640  06201025
----A 2021/06/20 10:55    128640  06201040
----A 2021/06/20 11:11    128640  06201056
----A 2021/06/20 11:27    128000  06201111
----A 2021/06/20 11:43    128640  06201126
----A 2021/06/20 11:59    128640  06201141
----A 2021/06/20 12:12    128640  06201157
----A 2021/06/20 12:27    128000  06201212
----A 2021/06/20 12:42    128640  06201227
----A 2021/06/20 12:59    128640  06201242
----A 2021/06/20 13:13    128640  06201258
----A 2021/06/20 13:29    128000  06201313
----A 2021/06/20 13:43    128640  06201328
----A 2021/06/20 13:59    128000  06201343
----A 2021/06/20 14:14    128640  06201359
----A 2021/06/20 14:29    128000  06201414
----A 2021/06/20 14:45    128640  06201429
----A 2021/06/20 14:59    128000  06201444
----A 2021/06/20 14:59      2560  06201459

 248 File(s),  29251656 bytes total
   0 Dir(s),     971008K bytes free

/> 
read 0620
read 0620
<CR>Time:2021/06/20 14:59
Hours Minutes Seconds  Nb_Samples    Aver. Current 
8 24 13 224 6980 
8 24 28 218 6980 
8 24 43 223 8966 
8 24 58 224 10109 
8 25 13 223 10290 
8 25 28 223 10651 
8 25 43 223 10771 
8 25 58 223 10892 
8 26 13 223 10892 
8 26 28 223 10892 
8 27 45 224 10892 
8 28 0 223 10892 
8 28 15 223 10892 
8 28 30 223 10892 
8 28 45 223 10892 
8 29 0 223 10892 
8 29 15 223 10892 
8 29 30 223 10892 
8 29 45 223 10892 
8 30 0 223 10892 
8 30 15 223 10892 
8 30 30 223 10892 
8 30 45 223 10892 
8 31 0 223 10892 
8 31 15 223 10892 
8 31 30 223 10892 
8 31 45 223 10892 
8 32 0 223 10892 
8 32 15 223 10892 
8 32 30 223 10892 
8 32 45 223 10892 
8 33 0 223 10892 
8 33 15 223 10892 
8 33 30 223 10892 
8 33 45 223 10892 
8 34 0 223 10892 
8 34 15 223 10892 
8 34 30 223 10892 
8 34 45 223 10892 
8 35 0 223 10892 
8 35 15 223 10892 
8 35 30 223 10892 
8 35 45 223 10892 
8 36 0 223 10892 
8 36 15 223 10892 
8 36 30 223 10892 
8 36 45 223 10892 
8 37 0 223 10892 
8 37 15 223 10892 
8 37 30 223 10892 
8 37 45 223 10892 
8 38 0 223 10892 
8 38 15 223 10892 
8 38 30 223 10892 
8 38 45 223 10892 
8 39 0 223 10892 
8 39 52 224 10892 
8 40 7 223 10892 
8 40 22 223 10892 
8 40 37 223 10892 
8 40 52 223 10892 
8 41 7 223 10892 
8 41 22 223 10892 
8 41 37 223 10892 
8 41 52 223 10892 
8 42 7 223 10892 
8 42 22 223 10892 
8 42 37 223 10892 
8 42 52 223 10892 
8 43 7 223 10892 
8 43 22 223 10892 
8 43 37 223 10892 
8 43 52 223 10892 
8 44 7 223 10892 
8 44 22 223 10892 
8 44 37 223 10892 
8 44 52 223 10892 
8 45 7 223 10892 
8 45 22 223 10892 
8 45 37 223 10892 
8 45 52 223 10892 
8 46 7 223 10892 
8 46 22 223 10892 
8 46 37 223 10892 
8 46 52 223 10832 
8 47 7 223 10892 
8 47 22 223 10892 
8 47 37 223 10892 
8 47 52 223 10892 
8 48 7 223 10892 
8 48 22 223 10892 
8 48 37 223 10892 
8 48 52 223 10892 
8 49 7 223 10892 
8 49 22 223 10892 
8 49 37 223 10892 
8 49 52 223 10892 
8 50 7 223 10892 
8 50 22 223 10892 
8 50 37 223 10892 
8 50 52 223 10892 
8 51 7 223 10892 
8 51 22 223 10892 
8 51 37 223 10892 
8 51 52 223 10892 
8 52 7 223 10892 
8 52 22 223 10892 
8 52 37 223 10892 
8 52 52 223 10892 
8 53 7 223 10892 
8 53 22 223 10892 
8 53 37 223 10892 
8 53 52 223 10892 
8 54 7 223 10892 
8 55 6 224 10892 
8 55 21 223 10892 
8 55 36 223 10892 
8 55 51 223 10892 
8 56 6 223 10892 
8 56 21 223 10892 
8 56 36 223 10892 
8 56 51 223 10892 
8 57 6 223 10892 
8 57 21 223 10892 
8 57 36 223 10892 
8 57 51 223 10892 
8 58 6 223 10892 
8 58 21 223 10892 
8 58 36 223 10892 
8 58 51 223 10892 
8 59 6 223 10892 
8 59 21 223 10892 
8 59 36 223 10892 
8 59 51 223 10892 
9 0 6 223 10892 
9 0 21 223 10892 
9 0 36 223 10892 
9 0 51 223 10892 
9 1 6 223 10892 
9 1 21 223 10892 
9 1 36 223 10892 
9 1 51 223 10892 
9 2 6 223 10892 
9 2 21 224 10892 
9 2 36 223 10892 
9 2 51 223 10892 
9 3 6 223 10892 
9 3 21 223 10892 
9 3 36 223 10892 
9 3 51 223 10892 
9 4 6 223 10892 
9 4 21 223 10892 
9 4 36 223 10892 
9 4 51 223 10892 
9 5 6 223 10892 
9 5 21 223 10892 
9 5 36 223 10892 
9 5 51 223 10892 
9 6 6 223 10892 
9 6 21 223 10892 
9 6 36 223 10892 
9 6 51 223 10892 
9 7 6 223 10892 
9 7 21 223 10892 
9 7 36 223 10892 
9 7 51 223 10892 
9 8 6 223 10892 
9 8 21 223 10892 
9 8 36 223 10892 
9 8 51 223 10892 
9 9 6 223 10892 
9 9 21 223 10892 
9 10 5 224 10892 
9 10 20 223 10892 
9 10 35 223 10892 
9 10 50 223 10892 
9 11 5 223 10892 
9 11 20 223 10892 
9 11 35 223 10892 
9 11 50 223 10892 
9 12 5 223 10892 
9 12 20 223 10892 
9 12 35 223 10892 
9 12 50 223 10892 
9 13 5 223 10892 
9 13 20 223 10892 
9 13 35 223 10892 
9 13 50 223 10892 
9 14 5 223 10892 
9 14 20 223 10892 
9 14 35 223 10892 
9 14 50 223 10892 
9 15 5 223 10892 
9 15 20 223 10892 
9 15 35 223 10892 
9 15 50 223 10892 
9 16 5 223 10892 
9 16 20 223 10892 
9 16 35 223 10892 
9 16 50 223 10892 
9 17 5 223 10892 
9 17 20 223 10892 
9 17 35 223 10892 
9 17 50 223 10892 
9 18 5 223 10892 
9 18 20 223 10892 
9 18 35 223 10892 
9 18 50 223 10892 
9 19 5 223 10892 
9 19 20 223 10892 
9 19 35 223 10892 
9 19 50 223 10892 
9 20 5 223 10892 
9 20 20 223 10892 
9 20 35 223 10892 
9 20 50 223 10892 
9 21 5 223 10892 
9 21 20 223 10892 
9 21 35 223 10892 
9 21 50 223 10892 
9 22 5 223 10892 
9 22 20 223 10892 
9 22 35 223 10892 
9 22 50 223 10892 
9 23 5 223 10892 
9 23 20 223 10892 
9 23 35 223 10892 
9 23 50 223 10892 
9 24 5 223 10892 
9 24 20 223 10892 
9 24 35 223 10892 
9 25 34 224 10892 
9 25 49 223 10892 
9 26 4 223 10892 
9 26 19 223 10892 
9 26 34 223 10892 
9 26 49 223 10892 
9 27 4 223 10892 
9 27 19 223 10892 
9 27 34 223 10892 
9 27 49 223 10892 
9 28 4 223 10892 
9 28 19 223 10892 
9 28 34 223 10892 
9 28 49 223 10892 
9 29 4 223 10892 
9 29 19 223 10892 
9 29 34 223 10892 
9 29 49 223 10892 
9 30 4 223 10892 
9 30 19 223 10892 
9 30 34 223 10892 
9 30 49 223 10892 
9 31 4 223 10892 
9 31 19 223 10892 
9 31 34 223 10892 
9 31 49 223 10892 
9 32 4 223 10892 
9 32 19 223 10892 
9 32 34 223 10892 
9 32 49 223 10892 
9 33 4 223 10892 
9 33 19 223 10892 
9 33 34 223 10892 
9 33 49 223 10892 
9 34 4 223 10892 
9 34 19 223 10892 
9 34 34 223 10892 
9 34 49 223 10892 
9 35 4 223 10892 
9 35 19 224 10892 
9 35 34 223 10892 
9 35 49 223 10892 
9 36 4 223 10892 
9 36 19 223 10892 
9 36 34 223 10892 
9 36 49 223 10892 
9 37 4 223 10892 
9 37 19 223 10892 
9 37 34 223 10892 
9 37 49 223 10892 
9 38 4 223 10892 
9 38 19 223 10892 
9 38 34 223 10892 
9 38 49 223 10892 
9 39 4 223 10892 
9 39 19 223 10892 
9 39 34 223 10892 
9 39 49 223 10892 
9 40 48 224 10892 
9 41 3 223 10892 
9 41 18 223 10892 
9 41 33 223 10892 
9 41 48 223 10892 
9 42 3 223 10892 
9 42 18 223 10892 
9 42 33 223 10892 
9 42 48 223 10892 
9 43 3 223 10892 
9 43 18 223 10892 
9 43 33 223 10892 
9 43 48 223 10892 
9 44 3 223 10892 
9 44 18 223 10892 
9 44 33 223 10892 
9 44 48 223 10892 
9 45 3 223 10892 
9 45 18 223 10892 
9 45 33 223 10892 
9 45 48 223 10892 
9 46 3 223 10892 
9 46 18 223 10892 
9 46 33 223 10892 
9 46 48 223 10892 
9 47 3 223 10892 
9 47 18 223 10892 
9 47 33 223 10892 
9 47 48 223 10892 
9 48 3 223 10892 
9 48 18 223 10892 
9 48 33 223 10892 
9 48 48 223 10892 
9 49 3 223 10892 
9 49 18 223 10892 
9 49 33 223 10892 
9 49 48 223 10892 
9 50 3 223 10892 
9 50 18 223 10892 
9 50 33 223 10892 
9 50 48 223 10892 
9 51 3 223 10892 
9 51 18 223 10892 
9 51 33 223 10892 
9 51 48 223 10892 
9 52 3 223 10892 
9 52 18 223 10892 
9 52 33 223 10892 
9 52 48 223 10892 
9 53 3 223 10892 
9 53 18 223 10892 
9 53 33 223 10892 
9 53 48 223 10892 
9 54 3 223 10892 
9 54 18 223 10892 
9 54 33 223 10892 
9 54 48 223 10892 
9 55 3 223 10892 
9 56 2 224 10892 
9 56 17 223 10892 
9 56 32 223 10892 
9 56 47 223 10892 
9 57 2 223 10892 
9 57 17 223 10892 
9 57 32 223 10892 
9 57 47 223 10892 
9 58 2 223 10892 
9 58 17 223 10892 
9 58 32 223 10892 
9 58 47 223 10892 
9 59 2 223 10892 
9 59 17 223 10892 
9 59 32 223 10892 
9 59 47 223 10892 
10 0 2 223 10892 
10 0 17 223 10892 
10 0 32 223 10892 
10 0 47 223 10892 
10 1 2 223 10892 
10 1 17 223 10892 
10 1 32 223 10892 
10 1 47 223 10892 
10 2 2 223 10892 
10 2 17 223 10892 
10 2 32 223 10892 
10 2 47 223 10892 
10 3 2 223 10892 
10 3 17 223 10892 
10 3 32 223 10892 
10 3 47 223 10892 
10 4 2 223 10892 
10 4 17 223 10892 
10 4 32 223 10892 
10 4 47 223 10892 
10 5 2 223 10892 
10 5 17 223 10892 
10 5 32 223 10892 
10 5 47 223 10892 
10 6 2 224 10892 
10 6 17 223 10892 
10 6 32 223 10892 
10 6 47 223 10892 
10 7 2 223 10892 
10 7 17 223 10892 
10 7 32 223 10892 
10 7 47 223 10892 
10 8 2 223 10892 
10 8 17 223 10892 
10 8 32 223 10892 
10 8 47 223 10892 
10 9 2 223 10892 
10 9 17 223 10892 
10 9 32 223 10892 
10 9 47 223 10892 
10 10 2 223 10892 
10 10 17 223 10892 
10 11 1 224 10892 
10 11 16 223 10892 
10 11 31 223 10892 
10 11 46 223 10892 
10 12 1 223 10892 
10 12 16 223 10892 
10 12 31 223 10892 
10 12 46 223 10892 
10 13 1 223 10892 
10 13 16 223 10892 
10 13 31 223 10892 
10 13 46 223 10892 
10 14 1 223 10892 
10 14 16 223 10892 
10 14 31 223 10892 
10 14 46 223 10892 
10 15 1 223 10892 
10 15 16 223 10892 
10 15 31 223 10892 
10 15 46 223 10892 
10 16 1 223 10892 
10 16 16 223 10892 
10 16 31 223 10892 
10 16 46 223 10892 
10 17 1 223 10892 
10 17 16 223 10892 
10 17 31 223 10892 
10 17 46 223 10892 
10 18 1 223 10892 
10 18 16 223 10892 
10 18 31 223 10892 
10 18 46 223 10892 
10 19 1 223 10892 
10 19 16 223 10892 
10 19 31 223 10892 
10 19 46 223 10892 
10 20 1 223 10892 
10 20 16 223 10892 
10 20 31 223 10892 
10 20 46 223 10892 
10 21 1 223 10892 
10 21 16 223 10892 
10 21 31 223 10892 
10 21 46 223 10832 
10 22 1 223 10892 
10 22 16 223 10892 
10 22 31 223 10892 
10 22 46 223 10892 
10 23 1 223 10892 
10 23 16 223 10892 
10 23 31 223 10892 
10 23 46 223 10892 
10 24 1 223 10892 
10 24 16 223 10892 
10 24 31 223 10892 
10 24 46 223 10892 
10 25 1 223 10892 
10 25 16 223 10892 
10 25 31 223 10892 
10 26 30 224 10892 
10 26 45 223 10892 
10 27 0 223 10892 
10 27 15 223 10892 
10 27 30 223 10892 
10 27 45 223 10892 
10 28 0 223 10892 
10 28 15 223 10892 
10 28 30 223 10892 
10 28 45 223 10892 
10 29 0 223 10892 
10 29 15 223 10892 
10 29 30 223 10892 
10 29 45 223 10892 
10 30 0 223 10892 
10 30 15 223 10892 
10 30 30 223 10892 
10 30 45 223 10892 
10 31 0 223 10892 
10 31 15 223 10892 
10 31 30 223 10892 
10 31 45 223 10892 
10 32 0 223 10892 
10 32 15 223 10892 
10 32 30 223 10892 
10 32 45 223 10892 
10 33 0 223 10892 
10 33 15 223 10892 
10 33 30 223 10892 
10 33 45 223 10892 
10 34 0 223 10892 
10 34 15 223 10892 
10 34 30 223 10892 
10 34 45 223 10892 
10 35 0 223 10892 
10 35 15 223 10832 
10 35 30 223 10892 
10 35 45 223 10892 
10 36 0 223 10892 
10 36 15 223 10892 
10 36 30 223 10892 
10 36 45 224 10892 
10 37 0 223 10892 
10 37 15 223 10892 
10 37 30 223 10892 
10 37 45 223 10892 
10 38 0 223 10892 
10 38 15 223 10892 
10 38 30 223 10892 
10 38 45 223 10892 
10 39 0 223 10892 
10 39 15 223 10892 
10 39 30 223 10892 
10 39 45 223 10892 
10 40 0 223 10892 
10 40 15 223 10892 
10 40 30 223 10892 
10 40 45 223 10892 
10 41 44 224 10892 
10 41 59 223 10892 
10 42 14 223 10892 
10 42 29 223 10892 
10 42 44 223 10892 
10 42 59 223 10892 
10 43 14 223 10892 
10 43 29 223 10892 
10 43 44 223 10892 
10 43 59 223 10892 
10 44 14 223 10892 
10 44 29 223 10892 
10 44 44 223 10892 
10 44 59 223 10892 
10 45 14 223 10892 
10 45 29 223 10892 
10 45 44 223 10892 
10 45 59 223 10892 
10 46 14 223 10892 
10 46 29 223 10892 
10 46 44 223 10892 
10 46 59 223 10892 
10 47 14 223 10892 
10 47 29 223 10892 
10 47 44 223 10892 
10 47 59 223 10892 
10 48 14 223 10892 
10 48 29 223 10832 
10 48 44 223 10892 
10 48 59 223 10892 
10 49 14 223 10892 
10 49 29 223 10892 
10 49 44 223 10892 
10 49 59 223 10892 
10 50 14 223 10892 
10 50 29 223 10892 
10 50 44 223 10892 
10 50 59 223 10892 
10 51 14 223 10892 
10 51 29 223 10892 
10 51 44 223 10892 
10 51 59 223 10892 
10 52 14 223 10892 
10 52 29 223 10892 
10 52 44 223 10892 
10 52 59 223 10892 
10 53 14 223 10892 
10 53 29 223 10892 
10 53 44 223 10892 
10 53 59 223 10892 
10 54 14 223 10892 
10 54 29 223 10892 
10 54 44 223 10892 
10 54 59 223 10892 
10 55 14 223 10892 
10 55 29 223 10892 
10 55 44 223 10892 
10 55 59 223 10892 
10 56 58 224 10892 
10 57 13 223 10892 
10 57 28 223 10892 
10 57 43 223 10892 
10 57 58 223 10892 
10 58 13 223 10892 
10 58 28 223 10892 
10 58 43 223 10892 
10 58 58 223 10892 
10 59 13 223 10892 
10 59 28 223 10892 
10 59 43 223 10892 
10 59 58 223 10892 
11 0 13 223 10892 
11 0 28 223 10892 
11 0 43 223 10892 
11 0 58 223 10892 
11 1 13 223 10892 
11 1 28 223 10892 
11 1 43 223 10892 
11 1 58 223 10892 
11 2 13 223 10892 
11 2 28 223 10892 
11 2 43 223 10892 
11 2 58 223 10892 
11 3 13 223 10892 
11 3 28 223 10892 
11 3 43 223 10892 
11 3 58 223 10892 
11 4 13 223 10892 
11 4 28 223 10892 
11 4 43 223 10892 
11 4 58 223 10892 
11 5 13 223 10892 
11 5 28 223 10892 
11 5 43 223 10892 
11 5 58 223 10892 
11 6 13 223 10892 
11 6 28 223 10892 
11 6 43 223 10892 
11 6 58 223 10892 
11 7 13 224 10892 
11 7 28 223 10892 
11 7 43 223 10892 
11 7 58 223 10892 
11 8 13 223 10892 
11 8 28 223 10892 
11 8 43 223 10892 
11 8 58 223 10892 
11 9 13 223 10892 
11 9 28 223 10892 
11 9 43 223 10892 
11 9 58 223 10892 
11 10 13 223 10892 
11 10 28 223 10892 
11 10 43 223 10892 
11 10 58 223 10892 
11 11 13 223 10892 
11 11 57 224 10892 
11 12 12 223 10892 
11 12 27 223 10892 
11 12 42 223 10892 
11 12 57 223 10892 
11 13 12 223 10892 
11 13 27 223 10892 
11 13 42 223 10892 
11 13 57 223 10892 
11 14 12 223 10892 
11 14 27 223 10892 
11 14 42 223 10892 
11 14 57 223 10892 
11 15 12 223 10892 
11 15 27 223 10892 
11 15 42 223 10892 
11 15 57 223 10892 
11 16 12 223 10892 
11 16 27 223 10892 
11 16 42 223 10892 
11 16 57 223 10892 
11 17 12 223 10892 
11 17 27 223 10892 
11 17 42 223 10892 
11 17 57 223 10892 
11 18 12 223 10892 
11 18 27 223 10892 
11 18 42 223 10892 
11 18 57 223 10892 
11 19 12 223 10892 
11 19 27 223 10892 
11 19 42 223 10892 
11 19 57 223 10892 
11 20 12 223 10892 
11 20 27 223 10892 
11 20 42 223 10892 
11 20 57 223 10892 
11 21 12 223 10892 
11 21 27 223 10892 
11 21 42 223 10892 
11 21 57 223 10892 
11 22 12 223 10892 
11 22 27 223 10892 
11 22 42 223 10892 
11 22 57 223 10892 
11 23 12 223 10892 
11 23 27 223 10892 
11 23 42 223 10892 
11 23 57 223 10892 
11 24 12 223 10892 
11 24 27 223 10892 
11 24 42 223 10892 
11 24 57 223 10892 
11 25 12 223 10892 
11 25 27 223 10892 
11 25 42 223 10892 
11 25 57 223 10892 
11 26 12 223 10892 
11 26 27 223 10892 
11 27 26 224 10892 
11 27 41 223 10892 
11 27 56 223 10892 
11 28 11 223 10892 
11 28 26 223 10892 
11 28 41 223 10892 
11 28 56 223 10892 
11 29 11 223 10892 
11 29 26 223 10892 
11 29 41 223 10892 
11 29 56 223 10892 
11 30 11 223 10892 
11 30 26 223 10892 
11 30 41 223 10892 
11 30 56 223 10892 
11 31 11 223 10892 
11 31 26 223 10892 
11 31 41 223 10892 
11 31 56 223 10892 
11 32 11 223 10892 
11 32 26 223 10892 
11 32 41 223 10892 
11 32 56 223 10892 
11 33 11 223 10892 
11 33 26 223 10892 
11 33 41 223 10892 
11 33 56 223 10892 
11 34 11 223 10892 
11 34 26 223 10892 
11 34 41 223 10892 
11 34 56 223 10892 
11 35 11 223 10892 
11 35 26 223 10892 
11 35 41 223 10892 
11 35 56 223 10892 
11 36 11 223 10892 
11 36 26 223 10892 
11 36 41 223 10892 
11 36 56 224 10892 
11 37 11 223 10892 
11 37 26 223 10892 
11 37 41 223 10892 
11 37 56 223 10892 
11 38 11 223 10892 
11 38 26 223 10892 
11 38 41 223 10892 
11 38 56 223 10892 
11 39 11 223 10892 
11 39 26 223 10892 
11 39 41 223 10892 
11 39 56 223 10892 
11 40 11 223 10892 
11 40 26 223 10892 
11 40 41 223 10892 
11 40 56 223 10892 
11 41 11 223 10892 
11 41 26 223 10892 
11 41 41 223 10892 
11 42 41 224 10892 
11 42 56 223 10892 
11 43 10 223 10892 
11 43 25 223 10892 
11 43 40 223 10892 
11 43 55 223 10892 
11 44 10 223 10892 
11 44 25 223 10892 
11 44 40 223 10892 
11 44 55 223 10892 
11 45 10 223 10892 
11 45 25 223 10892 
11 45 40 223 10892 
11 45 55 223 10892 
11 46 10 223 10892 
11 46 25 223 10892 
11 46 40 223 10892 
11 46 55 223 10892 
11 47 10 223 10892 
11 47 25 223 10892 
11 47 40 223 10892 
11 47 55 223 10892 
11 48 10 223 10892 
11 48 25 223 10892 
11 48 40 223 10892 
11 48 55 223 10892 
11 49 10 223 10892 
11 49 26 223 10892 
11 49 41 223 10892 
11 49 56 223 10892 
11 50 11 223 10892 
11 50 26 223 10892 
11 50 41 223 10892 
11 50 56 223 10892 
11 51 11 223 10892 
11 51 26 223 10892 
11 51 41 223 10892 
11 51 56 223 10892 
11 52 11 223 10892 
11 52 26 223 10892 
11 52 41 223 10892 
11 52 56 223 10892 
11 53 11 223 10892 
11 53 26 223 10892 
11 53 41 223 10892 
11 53 56 223 10892 
11 54 11 223 10892 
11 54 26 223 10892 
11 54 41 223 10892 
11 54 56 223 10892 
11 55 11 223 10892 
11 55 26 223 10892 
11 55 41 223 10892 
11 55 56 223 10892 
11 56 11 223 10892 
11 56 26 223 10892 
11 56 41 223 10892 
11 56 56 223 10892 
11 57 55 224 10892 
11 58 10 223 10892 
11 58 25 223 10892 
11 58 40 223 10892 
11 58 55 223 10892 
11 59 10 223 10892 
11 59 25 223 10892 
11 59 40 223 10892 
11 59 55 223 10892 
12 0 10 223 10892 
12 0 25 223 10892 
12 0 40 223 10892 
12 0 55 223 10892 
12 1 10 223 10892 
12 1 25 223 10892 
12 1 40 223 10892 
12 1 55 223 10892 
12 2 10 223 10892 
12 2 25 223 10892 
12 2 40 223 10892 
12 2 55 223 10892 
12 3 10 223 10892 
12 3 25 223 10892 
12 3 40 223 10892 
12 3 55 223 10892 
12 4 10 223 10892 
12 4 25 223 10892 
12 4 40 223 10892 
12 4 55 223 10892 
12 5 10 223 10892 
12 5 25 223 10892 
12 5 40 223 10892 
12 5 55 223 10892 
12 6 10 223 10892 
12 6 25 223 10892 
12 6 40 224 10892 
12 6 55 223 10892 
12 7 10 223 10892 
12 7 25 223 10892 
12 7 40 223 10892 
12 7 55 223 10892 
12 8 10 223 10892 
12 8 25 223 10892 
12 8 40 223 10892 
12 8 55 223 10892 
12 9 10 223 10892 
12 9 25 223 10892 
12 9 40 223 10892 
12 9 55 223 10892 
12 10 10 223 10892 
12 10 25 223 10832 
12 10 40 223 10892 
12 10 55 223 10892 
12 11 10 223 10892 
12 11 25 223 10892 
12 11 40 223 10892 
12 11 55 223 10892 
12 12 10 223 10892 
12 12 54 224 10892 
12 13 9 223 10892 
12 13 24 223 10892 
12 13 39 223 10892 
12 13 54 223 10892 
12 14 9 223 10892 
12 14 24 223 10892 
12 14 39 223 10892 
12 14 54 223 10892 
12 15 9 223 10892 
12 15 24 223 10892 
12 15 39 223 10892 
12 15 54 223 10892 
12 16 9 223 10892 
12 16 24 223 10892 
12 16 39 223 10892 
12 16 54 223 10892 
12 17 9 223 10892 
12 17 24 223 10892 
12 17 39 223 10892 
12 17 54 223 10892 
12 18 9 223 10892 
12 18 24 223 10892 
12 18 39 223 10892 
12 18 54 223 10892 
12 19 9 223 10892 
12 19 24 223 10892 
12 19 39 223 10892 
12 19 54 223 10892 
12 20 9 223 10892 
12 20 24 223 10892 
12 20 39 223 10892 
12 20 54 223 10892 
12 21 9 223 10892 
12 21 24 223 10892 
12 21 39 223 10892 
12 21 54 223 10892 
12 22 9 223 10892 
12 22 24 223 10892 
12 22 39 223 10892 
12 22 54 223 10892 
12 23 9 223 10892 
12 23 24 223 10832 
12 23 39 223 10892 
12 23 54 223 10892 
12 24 9 223 10892 
12 24 24 223 10892 
12 24 39 223 10892 
12 24 54 223 10892 
12 25 9 223 10892 
12 25 24 223 10892 
12 25 39 223 10892 
12 25 54 223 10892 
12 26 9 223 10892 
12 26 24 223 10892 
12 26 39 223 10892 
12 26 54 223 10892 
12 27 9 223 10892 
12 27 24 223 10892 
12 28 23 224 10892 
12 28 38 223 10892 
12 28 53 223 10892 
12 29 8 223 10892 
12 29 23 223 10892 
12 29 38 223 10892 
12 29 53 223 10892 
12 30 8 223 10892 
12 30 23 223 10892 
12 30 38 223 10892 
12 30 53 223 10892 
12 31 8 223 10892 
12 31 23 223 10892 
12 31 38 223 10892 
12 31 53 223 10892 
12 32 8 223 10892 
12 32 23 223 10892 
12 32 38 223 10892 
12 32 53 223 10892 
12 33 8 223 10892 
12 33 23 223 10892 
12 33 38 223 10892 
12 33 53 223 10892 
12 34 8 223 10892 
12 34 23 223 10892 
12 34 38 223 10892 
12 34 53 223 10892 
12 35 8 223 10892 
12 35 23 223 10892 
12 35 38 223 10892 
12 35 53 223 10892 
12 36 8 223 10892 
12 36 23 224 10892 
12 36 38 223 10892 
12 36 53 223 10892 
12 37 8 223 10892 
12 37 23 223 10892 
12 37 38 223 10892 
12 37 53 223 10892 
12 38 8 223 10892 
12 38 23 223 10892 
12 38 38 223 10892 
12 38 53 223 10892 
12 39 8 223 10892 
12 39 23 223 10892 
12 39 38 223 10892 
12 39 53 223 10892 
12 40 8 223 10892 
12 40 23 223 10892 
12 40 38 223 10952 
12 40 53 223 11433 
12 41 8 223 11734 
12 41 23 223 11855 
12 41 38 223 11915 
12 41 53 223 11915 
12 42 8 223 11915 
12 42 23 223 11915 
12 42 38 223 11915 
12 43 37 224 11915 
12 43 52 222 11915 
12 44 7 223 11915 
12 44 22 223 11915 
12 44 37 223 11915 
12 44 52 223 11915 
12 45 7 223 11915 
12 45 22 223 11915 
12 45 37 223 11915 
12 45 52 223 11915 
12 46 7 223 11915 
12 46 22 223 11915 
12 46 37 223 11915 
12 46 52 223 11915 
12 47 7 223 11915 
12 47 22 223 11915 
12 47 37 223 11915 
12 47 52 223 11915 
12 48 7 223 11915 
12 48 22 223 11915 
12 48 37 223 11915 
12 48 52 223 11915 
12 49 7 223 11915 
12 49 22 223 11915 
12 49 37 223 11915 
12 49 52 223 11915 
12 50 7 223 11915 
12 50 22 223 11915 
12 50 37 223 11915 
12 50 52 223 11915 
12 51 7 223 11915 
12 51 22 223 11915 
12 51 37 223 11915 
12 51 52 223 11915 
12 52 7 223 11915 
12 52 22 223 11915 
12 52 37 223 11915 
12 52 52 223 11915 
12 53 7 223 11915 
12 53 22 223 11915 
12 53 37 223 11915 
12 53 52 223 11915 
12 54 7 223 11915 
12 54 22 223 11915 
12 54 37 223 11915 
12 54 52 223 11915 
12 55 7 223 11915 
12 55 22 223 11915 
12 55 37 223 11915 
12 55 52 223 11915 
12 56 7 223 11915 
12 56 22 223 11915 
12 56 37 223 11915 
12 56 52 223 11915 
12 57 7 223 11915 
12 57 22 223 11915 
12 57 37 223 11915 
12 57 52 223 11915 
12 58 51 224 11915 
12 59 6 223 11915 
12 59 21 223 11915 
12 59 36 223 11915 
12 59 51 223 11915 
13 0 6 223 11915 
13 0 21 223 11915 
13 0 36 223 11915 
13 0 51 223 11915 
13 1 6 223 11915 
13 1 21 223 11915 
13 1 36 223 11915 
13 1 51 223 11915 
13 2 6 223 11915 
13 2 21 223 11915 
13 2 36 224 11915 
13 2 51 223 11915 
13 3 6 223 11915 
13 3 21 223 11915 
13 3 36 223 11915 
13 3 51 223 11915 
13 4 6 223 11915 
13 4 21 223 11915 
13 4 36 223 11915 
13 4 51 223 11915 
13 5 6 223 11915 
13 5 21 223 11915 
13 5 36 223 11915 
13 5 51 223 11915 
13 6 6 224 11915 
13 6 21 223 11915 
13 6 36 223 11915 
13 6 51 223 11915 
13 7 6 223 11915 
13 7 21 223 11915 
13 7 36 223 11915 
13 7 51 223 11915 
13 8 6 223 11915 
13 8 21 223 11915 
13 8 36 223 11915 
13 8 51 223 11915 
13 9 6 223 11915 
13 9 21 223 11915 
13 9 36 223 11915 
13 9 51 223 11915 
13 10 6 223 11915 
13 10 21 223 11915 
13 10 36 223 11915 
13 10 51 223 11915 
13 11 6 223 11915 
13 11 21 223 11915 
13 11 36 223 11915 
13 11 51 223 11915 
13 12 6 223 11915 
13 12 21 223 11915 
13 12 36 223 11915 
13 12 51 223 11915 
13 13 6 223 11915 
13 13 50 224 11915 
13 14 5 223 11915 
13 14 20 223 11915 
13 14 35 223 11915 
13 14 50 223 11915 
13 15 5 223 11915 
13 15 20 223 11915 
13 15 35 223 11915 
13 15 50 223 11915 
13 16 5 223 11915 
13 16 20 223 11915 
13 16 35 223 11915 
13 16 50 223 11915 
13 17 5 223 11915 
13 17 20 223 11915 
13 17 35 223 11915 
13 17 50 223 11915 
13 18 5 223 11915 
13 18 20 223 11915 
13 18 35 223 11915 
13 18 50 223 11915 
13 19 5 223 11915 
13 19 20 223 11915 
13 19 35 223 11915 
13 19 50 223 11915 
13 20 5 223 11915 
13 20 20 223 11915 
13 20 35 223 11915 
13 20 50 223 11915 
13 21 5 223 11915 
13 21 20 223 11915 
13 21 35 223 11915 
13 21 50 223 11915 
13 22 5 223 11915 
13 22 20 223 11915 
13 22 35 223 11915 
13 22 50 223 11975 
13 23 5 223 11915 
13 23 20 223 11915 
13 23 35 223 11915 
13 23 50 223 11975 
13 24 5 223 11975 
13 24 20 223 11975 
13 24 35 223 11975 
13 24 50 223 11975 
13 25 5 223 11915 
13 25 20 223 11915 
13 25 35 223 11915 
13 25 50 223 11915 
13 26 5 223 11915 
13 26 20 223 11915 
13 26 35 223 11915 
13 26 50 223 11915 
13 27 5 223 11915 
13 27 20 223 11915 
13 27 35 223 11915 
13 27 50 223 11915 
13 28 5 223 11915 
13 28 20 223 11915 
13 29 19 224 11915 
13 29 34 223 11915 
13 29 49 223 11855 
13 30 4 223 11915 
13 30 19 223 11915 
13 30 34 223 11915 
13 30 49 223 11915 
13 31 4 223 11915 
13 31 19 223 11915 
13 31 34 223 11915 
13 31 49 223 11915 
13 32 4 223 11915 
13 32 19 223 11915 
13 32 34 223 11915 
13 32 49 223 11915 
13 33 4 223 11915 
13 33 19 223 11915 
13 33 34 223 11915 
13 33 49 223 11915 
13 34 4 223 11915 
13 34 19 223 11855 
13 34 34 223 11855 
13 34 49 223 11855 
13 35 4 223 11855 
13 35 19 223 11855 
13 35 34 223 11855 
13 35 49 223 11855 
13 36 4 223 11855 
13 36 19 223 11855 
13 36 34 223 11855 
13 36 49 224 11855 
13 37 4 223 11855 
13 37 19 223 11855 
13 37 34 223 11855 
13 37 49 223 11855 
13 38 4 223 11855 
13 38 19 223 11855 
13 38 34 223 11855 
13 38 49 223 11855 
13 39 4 223 11855 
13 39 19 223 11855 
13 39 34 223 11855 
13 39 49 223 11855 
13 40 4 223 11855 
13 40 19 223 11855 
13 40 34 223 11855 
13 40 49 223 11855 
13 41 4 223 11855 
13 41 19 223 11855 
13 41 34 223 11855 
13 41 49 223 11855 
13 42 4 223 11855 
13 42 19 223 11855 
13 42 34 223 11855 
13 42 49 223 11855 
13 43 4 223 11855 
13 43 19 223 11855 
13 43 34 223 11855 
13 44 18 224 11855 
13 44 33 223 11855 
13 44 48 223 11855 
13 45 3 223 11855 
13 45 18 223 11855 
13 45 33 223 11855 
13 45 48 223 11855 
13 46 3 223 11855 
13 46 18 223 11855 
13 46 33 223 11855 
13 46 48 223 11855 
13 47 3 223 11855 
13 47 18 223 11855 
13 47 33 223 11855 
13 47 48 223 11855 
13 48 3 223 11855 
13 48 18 223 11855 
13 48 33 223 11855 
13 48 48 223 11855 
13 49 3 223 11855 
13 49 18 223 11855 
13 49 33 223 11855 
13 49 48 223 11855 
13 50 3 223 11855 
13 50 18 223 11855 
13 50 33 223 11855 
13 50 48 223 11855 
13 51 3 223 11855 
13 51 18 223 11855 
13 51 33 223 11855 
13 51 48 223 11855 
13 52 3 223 11855 
13 52 18 223 11855 
13 52 33 223 11855 
13 52 48 223 11855 
13 53 3 223 11855 
13 53 18 223 11855 
13 53 33 223 11855 
13 53 48 223 11855 
13 54 3 223 11855 
13 54 18 223 11855 
13 54 33 223 11855 
13 54 48 223 11855 
13 55 3 223 11855 
13 55 18 223 11855 
13 55 33 223 11855 
13 55 48 223 11855 
13 56 3 223 11855 
13 56 18 223 11855 
13 56 33 223 11855 
13 56 48 223 11855 
13 57 3 223 11855 
13 57 18 223 11855 
13 57 33 223 11855 
13 57 48 223 11855 
13 58 3 223 11855 
13 58 18 223 11855 
13 58 33 223 11855 
13 58 48 223 11855 
13 59 47 224 11855 
14 0 2 223 11855 
14 0 17 223 11855 
14 0 32 223 11855 
14 0 47 223 11855 
14 1 2 223 11855 
14 1 17 223 11855 
14 1 32 223 11855 
14 1 47 223 11855 
14 2 2 223 11855 
14 2 17 223 11855 
14 2 32 223 11855 
14 2 47 223 11855 
14 3 2 223 11855 
14 3 17 223 11855 
14 3 32 223 11855 
14 3 47 223 11855 
14 4 2 223 11855 
14 4 17 223 11855 
14 4 32 223 11855 
14 4 47 223 11855 
14 5 2 223 11855 
14 5 17 223 11855 
14 5 32 223 11855 
14 5 47 223 11855 
14 6 2 223 11855 
14 6 17 223 11855 
14 6 32 223 11855 
14 6 47 223 11855 
14 7 2 223 11855 
14 7 17 223 11855 
14 7 32 224 11855 
14 7 47 223 11855 
14 8 2 223 11855 
14 8 17 223 11855 
14 8 32 223 11855 
14 8 47 223 11855 
14 9 2 223 11855 
14 9 17 223 11855 
14 9 32 223 11855 
14 9 47 223 11855 
14 10 2 223 11855 
14 10 17 223 11855 
14 10 32 223 11855 
14 10 47 223 11855 
14 11 2 223 11855 
14 11 17 223 11855 
14 11 32 223 11855 
14 11 47 223 11855 
14 12 2 223 11855 
14 12 17 223 11855 
14 12 32 223 11855 
14 12 47 223 11855 
14 13 2 223 11855 
14 13 17 223 11855 
14 13 32 223 11855 
14 13 47 223 11855 
14 14 2 223 11855 
14 14 46 224 11855 
14 15 1 223 11855 
14 15 16 223 11855 
14 15 31 223 11855 
14 15 46 223 11855 
14 16 1 223 11855 
14 16 16 223 11855 
14 16 31 223 11855 
14 16 46 223 11855 
14 17 1 223 11855 
14 17 16 223 11855 
14 17 31 223 11855 
14 17 46 223 11855 
14 18 1 223 11855 
14 18 16 223 11855 
14 18 31 223 11855 
14 18 46 223 11855 
14 19 1 223 11855 
14 19 16 223 11855 
14 19 31 223 11855 
14 19 46 223 11855 
14 20 1 223 11855 
14 20 16 223 11855 
14 20 31 223 11855 
14 20 46 223 11855 
14 21 1 223 11855 
14 21 16 223 11855 
14 21 31 223 11855 
14 21 46 223 11855 
14 22 1 223 11855 
14 22 16 223 11855 
14 22 31 223 11855 
14 22 46 223 11855 
14 23 1 223 11855 
14 23 16 223 11855 
14 23 31 223 11855 
14 23 46 223 11855 
14 24 1 223 11855 
14 24 16 223 11855 
14 24 31 223 11855 
14 24 46 223 11855 
14 25 1 223 11794 
14 25 16 223 11855 
14 25 31 223 11855 
14 25 46 223 11855 
14 26 1 223 11855 
14 26 16 223 11855 
14 26 31 223 11855 
14 26 46 223 11855 
14 27 1 223 11855 
14 27 16 223 11855 
14 27 31 223 11855 
14 27 46 223 11855 
14 28 1 223 11855 
14 28 16 223 11855 
14 28 31 223 11855 
14 28 46 223 11855 
14 29 1 223 11855 
14 29 16 223 11855 
14 30 15 224 11855 
14 30 30 223 11855 
14 30 45 223 11855 
14 31 0 223 11855 
14 31 15 223 11855 
14 31 30 223 11855 
14 31 45 223 11855 
14 32 0 223 11855 
14 32 15 223 11855 
14 32 30 223 11855 
14 32 45 223 11855 
14 33 0 223 11855 
14 33 15 223 11855 
14 33 30 223 11855 
14 33 45 223 11855 
14 34 0 223 11855 
14 34 15 223 11855 
14 34 30 223 11855 
14 34 45 223 11855 
14 35 0 223 11855 
14 35 15 223 11855 
14 35 30 223 11855 
14 35 45 223 11855 
14 36 0 223 11855 
14 36 15 223 11855 
14 36 30 223 11855 
14 36 45 223 11855 
14 37 0 223 11855 
14 37 15 223 11855 
14 37 30 223 11855 
14 37 45 223 11855 
14 38 0 223 11855 
14 38 15 224 11855 
14 38 30 222 11855 
14 38 45 223 11855 
14 39 0 223 11855 
14 39 15 223 11855 
14 39 30 223 11855 
14 39 45 223 11855 
14 40 0 223 11855 
14 40 15 223 11855 
14 40 30 223 11855 
14 40 45 223 11855 
14 41 0 223 11855 
14 41 15 223 11855 
14 41 30 223 11855 
14 41 45 223 11855 
14 42 0 223 11855 
14 42 15 223 11855 
14 42 30 223 11855 
14 42 45 223 11855 
14 43 0 223 11855 
14 43 15 223 11855 
14 43 30 223 11855 
14 43 45 223 11855 
14 44 0 223 11855 
14 44 15 223 11855 
14 44 30 223 11855 
14 45 14 224 11855 
14 45 29 222 11855 
14 45 44 223 11855 
14 45 59 223 11855 
14 46 14 223 11855 
14 46 29 223 11855 
14 46 44 223 11855 
14 46 59 223 11855 
14 47 14 223 11855 
14 47 29 223 11855 
14 47 44 223 11855 
14 47 59 223 11855 
14 48 14 223 11855 
14 48 29 223 11855 
14 48 44 223 11855 
14 48 59 223 11855 
14 49 14 223 11855 
14 49 29 223 11855 
14 49 44 223 11855 
14 49 59 223 11855 
14 50 14 223 11855 
14 50 29 223 11855 
14 50 44 223 11855 
14 50 59 223 11855 
14 51 14 223 11855 
14 51 29 223 11855 
14 51 44 223 11855 
14 51 59 223 11855 
14 52 14 223 11855 
14 52 29 223 11855 
14 52 44 223 11855 
14 52 59 223 11855 
14 53 14 223 11855 
14 53 29 223 11855 
14 53 44 223 11855 
14 53 59 223 11855 
14 54 14 223 11855 
14 54 29 223 11855 
14 54 44 223 11855 
14 54 59 223 11855 
14 55 14 223 11855 
14 55 29 223 11855 
14 55 44 223 11855 
14 55 59 223 11855 
14 56 14 223 11855 
14 56 29 223 11855 
14 56 44 223 11855 
14 56 59 223 11855 
14 57 14 223 11855 
14 57 29 223 11855 
14 57 44 223 11855 
14 57 59 223 11855 
14 58 14 223 11855 
14 58 29 223 11855 
14 58 44 223 11855 
14 58 59 223 11855 
14 59 14 223 11855 
14 59 29 223 11855 
14 59 44 223 11855 
15 0 43 224 9929 
15 0 58 223 6679 

/> 