572705.258 3524272.054 464.619 0  1050e
572645.141 3524296.580 457.172 0  1000e
572602.121 3524307.021 457.581 0  950e
572552.281 3524317.640 457.416 0  900e
572501.358 3524337.273 455.013 0  850e
572451.717 3524351.326 463.659 0  800e
572412.365 3524363.002 466.298 0  750e
572366.491 3524367.639 464.365 0  700e
572315.768 3524382.050 460.274 0  700e
572267.008 3524397.779 462.956 0  600e
572216.957 3524401.815 462.668 0  550e
572170.298 3524420.212 459.188 0  500e
572116.295 3524433.955 459.817 0  450e
572069.438 3524447.801 461.544 0  400e
572021.269 3524458.516 461.695 0  350e
571975.895 3524470.600 459.117 0  300e
571875.451 3524492.038 456.501 0  200e
571829.198 3524506.524 459.756 0  150e
571782.114 3524518.932 460.613 0  100e
571736.886 3524510.633 460.767 0  50e
