572044.222 3524650.070 462.573 0  50e
572090.811 3524643.234 465.353 0  100e
572139.153 3524627.233 466.907 0  150e
572182.706 3524612.893 466.616 0  200e
572238.101 3524600.810 466.391 0  250e
572287.925 3524595.641 468.261 0  300e
572331.799 3524581.179 457.220 0  350e
572379.358 3524564.295 453.767 0  400
572429.229 3524556.428 455.600 0  450e
572474.288 3524540.428 454.964 0  500e
572524.743 3524526.441 453.992 0  550e
572573.434 3524508.072 456.299 0  600e
572624.812 3524495.320 454.407 0  650e
572669.344 3524489.587 451.766 0  700e
572718.355 3524480.134 447.717 0  750e
572767.327 3524461.570 446.353 0  800e
