571453.561 3523986.514 458.789 0  50e
571495.102 3523974.130 455.004 0  100e
571543.893 3523957.888 452.110 0  150e
571593.122 3523945.225 450.083 0  200e
571640.023 3523937.201 447.230 0  250e
571688.964 3523924.657 445.778 0  300e
571738.672 3523910.654 446.976 0  350e
571832.213 3523883.088 446.936 0  450e
571878.891 3523864.568 446.881 0  500e
571929.208 3523855.346 450.753 0  550e
571977.065 3523843.717 450.469 0  600e
572027.539 3523830.807 448.924 0  650e
572077.652 3523817.015 452.925 0  700e
572122.764 3523790.797 456.411 0  750e
572171.581 3523785.448 450.921 0  800e
572224.622 3523778.985 443.561 0  850e
