572608.598 3523894.888 460.529 0  1200e
572557.613 3523905.664 460.624 0  1150e
572510.465 3523916.225 458.817 0  1100e
572459.642 3523921.329 462.835 0  1050e
572424.892 3523936.215 475.496 0  1000e
572369.948 3523956.665 473.474 0  950e
572317.531 3523963.889 456.807 0  900e
572269.967 3523976.488 449.445 0  850e
572226.179 3523985.300 448.853 0  800e
572171.669 3524001.555 458.526 0  750e
572126.091 3524017.336 455.627 0  700e
572079.953 3524031.658 452.641 0  650e
572031.284 3524045.572 452.909 0  600e
571984.113 3524059.896 455.339 0  550e
571933.881 3524063.910 453.456 0  500e
571882.471 3524081.730 450.533 0  450e
571785.117 3524101.038 456.982 0  350e
571739.825 3524117.058 453.734 0  300e
571698.793 3524138.831 452.818 0  250e
571645.475 3524146.052 448.824 0  200e
571599.193 3524162.972 453.291 0  150e
571548.553 3524174.959 455.791 0  100e
571503.162 3524185.716 456.558 0  50e
