571574.776 3524365.025 452.576 0  50
571606.907 3524354.260 454.063 0  100e
571659.226 3524338.293 450.258 0  150e
571705.519 3524334.634 455.004 0  200e
571752.263 3524326.230 458.636 0  250e
571800.869 3524310.634 457.216 0  300e
571849.478 3524298.292 454.248 0  350e
571949.694 3524271.714 457.167 0  450e
571995.506 3524252.636 460.182 0  500e
572045.467 3524241.222 458.448 0  550e
572092.451 3524229.019 455.229 0  600e
572143.229 3524211.702 454.726 0  650e
572193.332 3524202.891 458.517 0  700e
572239.987 3524186.224 459.229 0  750e
572285.116 3524175.433 451.652 0  800e
572332.988 3524164.385 460.354 0  850e
572373.680 3524153.362 471.351 0  900e
572428.503 3524151.196 480.428 0  950e
572482.200 3524126.086 477.708 0  1000e
572520.097 3524112.960 475.241 0  1050e
572570.502 3524106.482 468.696 0  1100e
572613.711 3524086.717 463.831 0  1150e
572656.846 3524082.469 460.161 0  1200
