571149.272 3523661.381 453.514 0  
571091.196 3523668.413 453.854 0  
571043.029 3523687.887 455.905 0  
570994.660 3523699.971 458.638 0  
570947.041 3523713.397 461.689 0  
570890.784 3523726.271 463.901 0  
570909.598 3523772.214 465.243 0  
570921.274 3523818.145 468.050 0  
570934.628 3523866.452 470.826 0  
570946.287 3523917.629 473.745 0  
570958.849 3523965.089 475.440 0  
570972.674 3524014.158 474.515 0  
570986.945 3524062.892 477.578 0  
571000.020 3524111.002 479.666 0  
571009.290 3524155.189 479.981 0  
571023.736 3524206.249 474.823 0  
571038.192 3524251.889 476.981 0  
571053.353 3524298.066 479.158 0  
571063.333 3524338.598 479.576 0  
571074.839 3524379.451 482.144 0  
571087.666 3524422.536 488.262 0  
571098.501 3524467.401 495.116 0  
571112.286 3524514.231 499.020 0  
571125.221 3524561.079 503.542 0  
571136.463 3524609.229 506.871 0  
571149.486 3524652.366 508.198 0  
571161.228 3524699.102 510.415 0  
571176.184 3524747.189 511.839 0  
571187.009 3524794.713 513.333 0  
571202.208 3524840.924 512.200 0  
571211.799 3524882.662 514.314 0  
571250.150 3524874.681 505.070 0  
571289.216 3524864.110 496.402 0  
571331.846 3524853.143 489.300 0  
571376.359 3524842.011 481.819 0  
571422.353 3524830.363 475.349 0  
571471.103 3524816.891 470.007 0  
571520.667 3524805.050 466.333 0  
571570.282 3524791.112 462.880 0  
571622.129 3524778.676 460.845 0  
571671.269 3524764.316 461.579 0  
571721.384 3524751.783 464.635 0  
571771.474 3524740.171 466.873 0  
571821.660 3524726.577 466.388 0  
571870.226 3524713.656 462.734 0  
571918.621 3524700.166 458.581 0  
571992.752 3524682.306 458.945 0  
571980.907 3524633.429 459.050 0  
571967.483 3524584.239 457.675 0  
571952.505 3524534.129 457.544 0  
571941.176 3524483.999 456.324 0  
571929.159 3524433.572 456.816 0  
571914.987 3524383.402 455.481 0  
571901.320 3524334.666 452.795 0  
571886.943 3524286.927 451.602 0  
571873.350 3524236.834 451.315 0  
571862.746 3524185.282 450.488 0  
571847.474 3524135.478 451.664 0  
571835.623 3524087.935 452.564 0  
571820.369 3524038.997 453.372 0  
571808.314 3523989.596 452.130 0  
571794.679 3523937.662 450.030 0  
571780.919 3523888.167 446.601 0  
571767.132 3523839.046 444.046 0  
571753.190 3523794.157 443.436 0  
571740.160 3523746.362 441.268 0  
571729.067 3523697.309 443.226 0  
571715.824 3523647.347 442.267 0  
571702.830 3523598.495 440.186 0  
571687.829 3523551.932 441.556 0  
571679.553 3523517.162 442.408 0  
571636.637 3523515.882 438.425 0  
571592.040 3523532.474 440.413 0  
571537.839 3523546.412 442.585 0  
571488.639 3523559.046 447.156 0  
571438.587 3523573.890 450.196 0  
571393.159 3523586.346 455.528 0  
571352.453 3523598.075 461.686 0  
571303.910 3523611.092 457.158 0  
571254.894 3523627.626 453.453 0  
571204.193 3523638.175 451.974 0  
571154.593 3523653.542 452.824 0  
