546025.937 1364363.641 330.502 0  1400e
546064.705 1364325.350 332.015 0  1350e
546097.675 1364292.840 332.215 0  1300e
546133.104 1364256.677 333.482 0  1250e
546169.980 1364220.885 333.197 0  1200e
546206.977 1364183.788 334.520 0  1150e
546238.915 1364151.480 335.308 0  1100e
546277.579 1364112.883 336.766 0  1050e
546311.358 1364079.712 337.660 0  1000e
546346.606 1364045.556 338.747 0  950e
546382.199 1364010.668 339.706 0  900e
546417.931 1363975.267 340.107 0  850e
546452.904 1363939.350 340.357 0  800e
546486.916 1363904.901 340.919 0  750e
546522.721 1363869.946 341.607 0  700e
546558.550 1363833.921 343.133 0  650e
546593.301 1363799.454 344.445 0  600e
546629.692 1363762.754 344.816 0  550e
546663.125 1363728.715 347.015 0  500e
546699.330 1363693.130 349.112 0  450e
546734.276 1363656.586 345.707 0  400e
546769.341 1363623.811 351.601 0  350e
546805.792 1363585.760 352.718 0  300e
546841.285 1363549.215 364.034 0  250e
546875.704 1363514.766 373.897 0  200e
546911.817 1363479.256 385.220 0  150e
546945.695 1363445.052 377.290 0  100e
546979.318 1363409.568 363.208 0  50e
547015.751 1363372.506 377.933 0  0e
