547296.306 1363669.913 423.073 0  2000e
547226.486 1363739.385 412.362 0  1900e
547192.294 1363772.652 405.480 0  1850e
547156.897 1363808.622 405.045 0  1800e
547122.752 1363843.441 409.286 0  1750e
547083.683 1363878.767 399.551 0  1700e
547049.681 1363913.118 384.415 0  1650e
547012.341 1363950.875 387.591 0  1600e
546979.357 1363983.570 381.684 0  1550e
546944.934 1364017.216 370.980 0  1500e
546908.635 1364054.999 380.492 0  1450e
546874.643 1364087.360 366.242 0  1400e
546839.084 1364121.535 357.286 0  1350e
546803.552 1364156.826 354.401 0  1300e
546768.079 1364191.794 352.373 0  1250e
546732.549 1364225.733 355.013 0  1200e
546697.171 1364263.140 363.222 0  1150e
546662.880 1364296.835 355.438 0  1100e
546626.910 1364333.575 352.977 0  1050e
546592.161 1364366.204 350.597 0  1000e
546552.894 1364404.898 362.966 0  950e
546517.516 1364439.774 368.227 0  900e
546483.416 1364474.862 364.192 0  850e
546447.821 1364509.030 348.727 0  800e
546413.215 1364543.347 352.640 0  750e
546378.229 1364582.818 355.123 0  700e
546341.542 1364615.416 342.747 0  650e
546306.233 1364650.340 340.131 0  600e
546271.664 1364686.382 340.974 0  550e
546236.157 1364721.061 343.075 0  500e
