546809.361 1364445.842 365.460 0  900e
546844.741 1364409.268 380.116 0  850e
546882.145 1364371.657 395.279 0  800e
546917.618 1364337.804 400.824 0  750e
546954.615 1364300.727 398.605 0  700e
546989.767 1364266.078 397.275 0  650e
547023.387 1364230.509 384.817 0  600e
547059.085 1364194.596 389.321 0  550e
547095.324 1364159.252 409.531 0  500e
547131.696 1364125.793 425.057 0  450e
547166.861 1364090.580 441.836 0  400e
547202.038 1364056.077 453.289 0  350e
547237.812 1364019.982 458.069 0  300e
547271.685 1363983.649 458.413 0  250e
547303.981 1363950.478 457.584 0  200e
547339.922 1363915.409 465.521 0  150e
547372.781 1363879.677 471.927 0  100e
547410.432 1363843.132 452.222 0  50e
