546027.528 1365216.152 334.647 0  2000e
546068.587 1365178.797 337.422 0  1950e
546102.104 1365146.796 341.465 0  1900e
546137.614 1365112.397 348.684 0  1850e
546175.655 1365072.729 348.297 0  1800e
546210.740 1365038.248 347.797 0  1750e
546244.852 1365001.333 353.783 0  1700e
546281.286 1364964.233 357.730 0  1650e
546313.626 1364935.149 367.712 0  1600e
546348.469 1364901.100 370.892 0  1550e
546381.966 1364862.761 357.393 0  1500e
546422.377 1364824.114 378.987 0  1450e
546456.649 1364792.168 377.886 0  1400
546488.562 1364757.837 379.672 0  1350e
546523.500 1364721.163 385.274 0  1300e
546560.327 1364685.178 382.293 0  1250e
546595.339 1364652.635 363.519 0  1200e
546632.681 1364615.409 377.285 0  1150e
546669.209 1364581.106 382.434 0  1100e
546702.487 1364545.662 374.563 0  1050e
546736.630 1364514.726 384.319 0  1000e
546771.558 1364474.871 379.283 0  950e
