547191.707 1364326.294 460.452 0  550e
547157.531 1364363.573 442.563 0  600e
547121.107 1364400.098 427.322 0  650e
547087.937 1364435.288 421.661 0  700e
547051.935 1364470.099 415.758 0  750e
547017.506 1364505.678 416.026 0  800e
546980.806 1364541.890 416.230 0  850e
546945.834 1364576.208 410.599 0  900e
546909.732 1364611.265 410.530 0  950e
546873.555 1364645.855 420.553 0  1000e
546841.685 1364680.511 418.028 0  1050e
546806.792 1364713.779 416.028 0  1100e
546772.753 1364749.228 398.195 0  1150e
546735.247 1364784.075 409.034 0  1200e
546699.608 1364818.876 411.777 0  1250e
546667.187 1364853.220 404.786 0  1300e
546628.069 1364892.823 413.792 0  1350e
546592.887 1364930.552 408.487 0  1400e
546556.823 1364962.666 403.566 0  1450e
546521.085 1364997.354 392.472 0  1500e
546489.029 1365031.620 383.677 0  1550e
546452.901 1365065.821 385.121 0  1600e
546417.266 1365103.741 376.551 0  1650e
546385.772 1365134.163 362.904 0  1700e
546348.043 1365172.286 347.747 0  1700e
546274.806 1365249.764 358.576 0  1850e
546240.693 1365280.544 346.629 0  1900e
546206.607 1365315.048 342.629 0  1950e
546169.707 1365352.749 339.338 0  2000e
