546341.165 1365461.775 364.519 0  50e
546380.015 1365428.193 378.395 0  100e
546413.848 1365395.500 390.048 0  150e
546446.883 1365360.978 399.200 0  200e
546483.945 1365321.871 408.483 0  250e
546518.347 1365287.470 415.255 0  300e
546554.736 1365251.364 417.924 0  350e
546589.836 1365217.055 414.557 0  400e
546623.008 1365181.697 390.791 0  450e
546659.367 1365146.507 404.081 0  500e
546694.422 1365111.469 391.511 0  550e
546733.269 1365075.293 383.094 0  600e
546771.711 1365040.989 385.575 0  650e
546803.779 1365004.272 392.614 0  700e
546839.450 1364970.392 413.781 0  750e
546872.895 1364935.874 428.264 0  800e
546904.829 1364900.223 428.743 0  850e
546940.826 1364864.591 428.588 0  900e
546974.941 1364829.200 418.865 0  950e
547011.686 1364793.021 439.747 0  1000e
547048.250 1364756.739 456.276 0  1050e
547078.214 1364722.586 425.453 0  1100e
547113.598 1364689.305 414.320 0  1150e
547148.205 1364653.794 421.734 0  1200e
547188.473 1364616.715 433.470 0  1250e
547217.729 1364587.022 448.512 0  1300e
547253.429 1364549.720 436.998 0  1350e
547289.090 1364516.069 450.735 0  1400e
547325.094 1364480.213 451.582 0  1450e
547359.681 1364446.033 442.138 0  1500e
547394.784 1364410.379 438.539 0  1550e
547431.717 1364379.200 441.420 0  1600e
547465.139 1364340.297 441.827 0  1650e
547498.961 1364305.753 427.762 0  1700e
547536.903 1364270.709 439.624 0  1750e
547570.286 1364236.076 454.066 0  1800e
547608.379 1364196.391 469.597 0  1850e
547643.722 1364161.540 474.156 0  1900e
547678.325 1364125.820 465.452 0  1950e
