547821.740 1364262.313 426.467 0  50e
547786.467 1364297.986 432.164 0  100e
547751.011 1364332.559 435.075 0  150e
547717.321 1364368.878 430.424 0  200e
547680.766 1364401.838 418.663 0  250e
547646.589 1364437.742 410.485 0  300e
547610.537 1364474.248 391.184 0  350e
547575.601 1364510.225 402.332 0  400e
547541.041 1364542.297 409.729 0  450e
547504.876 1364579.309 404.831 0  500e
547469.783 1364614.377 388.978 0  550e
547435.697 1364648.069 404.755 0  600e
547396.963 1364684.374 402.106 0  650e
547364.766 1364716.700 424.351 0  700e
547327.179 1364755.818 402.992 0  750e
547295.357 1364788.538 399.698 0  800e
547259.213 1364823.799 402.647 0  850e
547224.093 1364859.940 405.425 0  900e
547189.624 1364896.022 410.293 0  950e
547152.218 1364934.478 414.525 0  1000e
547119.373 1364965.250 416.666 0  1050e
547085.035 1364998.628 417.320 0  1100e
547048.973 1365035.140 406.547 0  1150e
547014.481 1365069.439 402.919 0  1200e
546977.342 1365105.663 385.398 0  1250e
546938.492 1365142.832 373.780 0  1300e
546907.210 1365176.126 380.410 0  1350e
546873.040 1365209.482 384.206 0  1400e
546833.342 1365251.360 403.309 0  1450e
546801.219 1365282.472 395.957 0  1500e
546764.248 1365320.713 402.815 0  1550e
546728.576 1365357.547 392.732 0  1600e
546697.697 1365388.199 392.060 0  1650e
546659.575 1365425.109 398.565 0  1700e
546623.858 1365461.803 387.480 0  1750e
546592.056 1365493.354 370.242 0  1800e
546556.376 1365527.330 354.980 0  1850e
546520.764 1365565.661 348.576 0  1900e
546482.227 1365602.159 343.202 0  1950e
546450.454 1365635.592 341.285 0  2000e
