547931.344 1364437.788 394.807 0  100e
547965.792 1364402.135 403.509 0  50e
547894.545 1364473.398 387.016 0  150e
547861.420 1364508.354 383.091 0  200
547826.642 1364544.392 380.122 0  200e
547790.489 1364578.829 380.718 0  300e
547753.130 1364613.070 384.035 0  350e
547721.297 1364647.559 369.997 0  400e
547684.900 1364684.096 370.534 0  450e
547649.590 1364718.757 371.204 0  500e
547614.860 1364754.181 376.521 0  550e
547578.965 1364788.615 381.119 0  600e
547542.645 1364823.844 371.646 0  650e
547508.789 1364858.907 370.618 0  700e
547473.331 1364897.402 362.606 0  750e
547437.695 1364931.289 367.147 0  800e
547402.788 1364964.278 363.653 0  850e
547367.269 1364999.857 374.872 0  900e
547331.946 1365035.239 375.267 0  950e
547296.789 1365069.329 372.282 0  1000e
547258.662 1365109.689 374.359 0  1050e
547227.548 1365140.223 380.860 0  1100e
547192.882 1365174.050 372.121 0  1150e
547158.075 1365209.552 393.550 0  1200e
547122.274 1365245.224 394.109 0  1250e
547086.582 1365280.059 388.972 0  1300e
547053.398 1365314.836 377.872 0  1350e
547017.107 1365350.427 367.552 0  1400e
546981.067 1365387.331 358.584 0  1450e
546946.490 1365420.331 356.437 0  1500e
546912.039 1365455.641 355.557 0  1550e
546876.416 1365491.454 356.729 0  1600e
546840.375 1365527.266 353.439 0  1650e
546801.719 1365566.885 354.732 0  1700e
546770.061 1365597.391 352.092 0  1750e
546735.420 1365631.714 347.606 0  1800e
546699.334 1365667.069 344.477 0  1850e
546663.283 1365702.231 343.374 0  1900e
546628.742 1365737.206 341.718 0  1950e
