546973.556 1365681.716 347.473 0  350e
547008.753 1365643.381 348.501 0  400e
547042.141 1365608.851 360.003 0  450e
547079.631 1365573.314 356.663 0  500e
547115.510 1365539.345 357.763 0  550e
547149.644 1365503.704 362.654 0  600e
547183.545 1365469.132 371.708 0  650e
547220.797 1365434.418 378.841 0  700e
547256.559 1365396.743 390.080 0  750e
547290.496 1365365.150 383.351 0  800e
547324.115 1365330.352 373.874 0  850e
547360.885 1365295.413 357.594 0  900e
547396.097 1365260.190 353.573 0  950e
547432.732 1365224.395 353.472 0  1000e
547468.331 1365188.574 353.987 0  1050e
547503.487 1365154.995 353.711 0  1100e
547540.755 1365117.406 351.229 0  1150e
547576.318 1365080.859 351.373 0  1200e
547610.647 1365047.693 354.000 0  1250e
547646.316 1365012.219 356.779 0  1300e
547681.643 1364977.882 356.407 0  1350e
547715.222 1364943.459 355.365 0  1400e
547754.662 1364903.933 357.920 0  1450e
547785.654 1364874.122 355.059 0  1500e
547819.310 1364839.437 364.708 0  1550e
547853.838 1364804.641 363.797 0  1600e
547888.864 1364769.638 360.928 0  1650e
547924.373 1364735.199 365.078 0  1700e
547959.984 1364698.922 371.843 0  1750e
547995.160 1364662.987 373.712 0  1800e
548031.738 1364627.929 375.655 0  1850e
548064.403 1364594.755 377.019 0  1900e
548102.248 1364557.455 370.603 0  1950e
