548234.677 1364688.810 361.949 0  1950e
548197.233 1364726.017 361.938 0  1900e
548164.502 1364760.126 362.772 0  1850e
548129.333 1364795.538 360.283 0  1800e
548094.214 1364831.011 358.735 0  1750e
548058.153 1364868.301 361.034 0  1700e
548025.173 1364900.801 357.707 0  1650e
547988.741 1364936.848 357.258 0  1600e
547953.908 1364972.449 357.059 0  1550e
547920.022 1365006.430 361.457 0  1500e
547883.422 1365042.027 355.923 0  1450e
547845.235 1365080.196 358.650 0  1400e
547809.543 1365116.509 358.947 0  1350e
547778.634 1365147.097 355.420 0  1300e
547741.609 1365182.906 350.322 0  1250e
547706.403 1365218.985 351.552 0  1200e
547670.678 1365255.314 345.024 0  1150e
547637.360 1365289.776 343.228 0  1100e
547600.389 1365326.026 341.280 0  1050e
547566.331 1365360.581 343.854 0  1000e
547529.676 1365395.643 340.710 0  950e
547493.541 1365431.068 336.608 0  900e
547459.786 1365466.675 342.814 0  850e
547426.310 1365505.592 351.833 0  800e
547390.563 1365543.800 352.756 0  750e
547356.007 1365578.318 351.815 0  700e
547319.454 1365609.176 344.572 0  650e
547286.237 1365647.531 349.321 0  600e
547252.454 1365685.401 351.404 0  550e
547180.113 1365754.400 346.892 0  450e
547214.747 1365718.937 346.025 0  500e
547144.661 1365788.541 345.206 0  400e
547110.201 1365823.007 341.162 0  350e
547073.017 1365859.625 345.712 0  300e
547037.777 1365894.440 352.903 0  250e
547004.416 1365929.002 368.118 0  200e
546970.313 1365961.980 369.987 0  150e
546935.672 1365998.770 358.339 0  100e
546900.006 1366031.878 352.372 0  50e
