545572.398 1364762.788 324.137 0  
545561.372 1364746.127 324.330 0  
545538.280 1364721.902 324.049 0  
545522.151 1364702.764 324.266 0  
545500.391 1364691.032 323.300 0  
545465.988 1364654.148 322.761 0  
545461.560 1364648.896 322.607 0  
545499.754 1364618.117 323.912 0  
545537.240 1364583.153 324.913 0  
545551.424 1364569.793 324.398 0  
545565.668 1364542.305 324.869 0  
545577.542 1364530.594 325.084 0  
545607.931 1364510.550 325.591 0  
545641.107 1364476.785 325.881 0  
545653.646 1364465.644 325.729 0  
545691.920 1364422.641 327.124 0  
545710.029 1364405.233 327.492 0  
545720.675 1364389.667 327.404 0  
545732.847 1364381.832 328.093 0  
545742.583 1364377.973 328.643 0  
545752.818 1364367.462 329.283 0  
545765.449 1364349.308 329.186 0  
545779.175 1364338.405 329.165 0  
545787.960 1364329.639 324.484 0  
545812.021 1364298.430 325.193 0  
545829.942 1364281.761 322.583 0  
545842.692 1364265.304 322.488 0  
545849.727 1364259.654 322.650 0  
545868.640 1364241.669 322.352 0  
545897.620 1364212.363 323.104 0  
545909.458 1364200.394 322.783 0  
545921.536 1364192.227 322.581 0  
545942.779 1364169.682 324.073 0  
545958.235 1364155.832 324.278 0  
545976.075 1364130.239 324.445 0  
545988.500 1364121.195 324.950 0  
546018.902 1364087.235 325.449 0  
546038.359 1364070.064 326.595 0  
546078.663 1364030.267 327.960 0  
546087.843 1364018.520 328.047 0  
546104.715 1364003.040 328.433 0  
546128.958 1363979.327 329.608 0  
546167.494 1363942.259 331.250 0  
546185.721 1363924.355 332.046 0  
546204.888 1363909.601 332.674 0  
546215.408 1363898.902 333.416 0  
546236.269 1363868.222 334.269 0  
546282.596 1363825.035 336.237 0  
546303.187 1363805.267 336.862 0  
546319.311 1363788.073 337.389 0  
546347.300 1363762.748 338.658 0  
546352.740 1363755.940 339.179 0  
546387.888 1363720.807 340.419 0  
546417.796 1363691.188 340.292 0  
546451.136 1363656.648 342.013 0  
546460.794 1363647.578 342.736 0  
546480.150 1363626.974 342.953 0  
546499.003 1363607.289 342.427 0  
546508.497 1363602.183 342.527 0  
546537.906 1363570.671 343.722 0  
546556.141 1363552.093 344.427 0  
546571.745 1363536.406 345.013 0  
546582.390 1363520.991 345.442 0  
546588.101 1363516.716 345.620 0  
546603.955 1363509.442 346.202 0  
546616.685 1363494.661 346.841 0  
546626.825 1363475.544 347.623 0  
546648.605 1363460.935 349.561 0  
546662.916 1363448.373 350.064 0  
546686.378 1363430.659 350.798 0  
546698.108 1363419.166 351.584 0  
546718.491 1363379.849 353.027 0  
546744.306 1363365.704 355.011 0  
546769.164 1363344.295 357.102 0  
546777.670 1363336.051 357.624 0  
546797.963 1363315.576 358.358 0  
546812.389 1363299.396 357.799 0  
546818.062 1363287.999 354.561 0  
546831.606 1363276.514 354.724 0  
546836.054 1363273.518 356.458 0  
546853.696 1363256.921 360.094 0  
546862.081 1363246.759 363.511 0  
546867.851 1363236.481 370.032 0  
546876.342 1363229.751 373.469 0  
546879.441 1363232.659 371.815 0  
546891.757 1363238.952 365.061 0  
546892.246 1363242.143 363.284 0  
546892.130 1363251.406 359.307 0  
546894.148 1363257.544 359.849 0  
546897.924 1363260.922 355.867 0  
546916.343 1363273.740 358.796 0  \
546929.600 1363286.275 361.205 0  
546947.591 1363303.843 362.767 0  
546957.766 1363319.478 368.356 0  
546978.071 1363340.092 373.771 0  
546993.808 1363354.707 377.543 0  
547008.237 1363371.721 378.146 0  
547028.551 1363389.627 386.154 0  
547051.543 1363412.722 393.687 0  `
547061.250 1363425.019 393.201 0  
547075.853 1363438.385 390.582 0  
547087.684 1363451.721 392.907 0  
547103.077 1363462.746 396.369 0  
547113.744 1363475.041 393.977 0  
547125.004 1363485.739 389.100 0  
547131.990 1363492.216 384.355 0  
547352.906 1363754.332 433.235 0  
547381.576 1363753.936 443.659 0  
547418.799 1363748.612 455.189 0  
547441.691 1363749.412 462.694 0  
547468.262 1363769.753 470.314 0  
547512.273 1363783.616 492.146 0  
547595.394 1363801.677 530.258 0  
547650.178 1363782.922 527.443 0  
547664.008 1363784.084 522.455 0  
547680.722 1363804.112 514.545 0  
547680.407 1363804.182 514.108 0  
547689.398 1363810.653 510.761 0  
547701.556 1363811.434 507.618 0  
547711.623 1363810.180 503.251 0  
547751.125 1363810.842 484.740 0  
547761.685 1363815.198 474.731 0  
547779.745 1363805.735 462.122 0  
547795.911 1363800.659 454.235 0  
547819.894 1363791.447 444.871 0  
547834.581 1363786.638 440.454 0  
547888.903 1363793.813 430.139 0  
547892.350 1363800.396 429.205 0  
547891.196 1363830.799 425.247 0  
547920.061 1363875.078 424.406 0  
547959.670 1363906.217 421.722 0  
548024.039 1363968.782 397.988 0  
548047.579 1363983.786 385.717 0  
548072.417 1364030.580 394.320 0  
548082.762 1364041.919 398.946 0  
548088.360 1364062.816 406.001 0  \
548110.531 1364193.658 394.661 0  
548122.090 1364268.245 401.440 0  
548094.157 1364363.112 392.256 0  
548071.994 1364386.523 387.414 0  
548078.860 1364417.077 385.614 0  
548089.887 1364502.831 382.189 0  
548186.114 1364585.325 369.014 0  
548284.548 1364639.032 367.071 0  
548230.394 1364700.617 363.001 0  
548175.798 1364747.228 359.140 0  
545599.218 1364784.952 326.144 0  
545666.583 1364846.828 325.564 0  
545718.341 1364905.070 324.970 0  
545763.097 1364944.859 327.254 0  
545816.322 1365003.223 329.948 0  
545871.957 1365062.889 332.333 0  
545934.782 1365107.713 335.034 0  
545988.570 1365168.272 335.675 0  
546003.022 1365180.098 335.568 0  
546038.178 1365235.273 336.666 0  
546094.362 1365288.356 340.889 0  
546143.580 1365350.923 337.381 0  
546187.185 1365418.657 339.224 0  
546234.138 1365480.654 336.754 0  
546248.300 1365501.575 336.253 0  
546289.279 1365518.653 336.383 0  
546321.378 1365545.216 339.970 0  
546361.582 1365560.211 341.491 0  
546418.661 1365612.754 342.528 0  
546473.389 1365667.903 340.523 0  
546530.377 1365726.163 340.183 0  
546582.077 1365780.211 340.335 0  
546633.701 1365841.922 345.861 0  
546682.480 1365880.538 350.872 0  
546728.762 1365919.498 349.164 0  
546738.472 1365936.401 350.199 0  
546797.255 1365989.438 354.768 0  
546813.239 1365998.838 352.712 0  
546841.838 1366043.389 352.028 0  
546867.747 1366064.223 351.807 0  
546919.601 1366019.109 354.871 0  
546937.014 1365942.808 360.023 0  
546937.618 1365919.355 358.955 0  
546968.237 1365889.606 365.333 0  
546976.411 1365891.345 365.646 0  
546992.639 1365898.626 360.185 0  
547029.167 1365905.496 357.968 0  
547050.026 1365891.634 350.766 0  
547053.271 1365882.412 347.622 0  
547112.565 1365826.573 345.705 0  
547148.709 1365787.066 339.722 0  
547206.485 1365727.021 339.244 0  
547262.625 1365670.334 341.814 0  
547322.203 1365614.954 344.902 0  
547352.422 1365586.446 342.657 0  
547404.570 1365525.367 347.515 0  
547423.726 1365503.991 346.122 0  
547453.119 1365487.929 345.885 0  
547483.945 1365443.724 343.700 0  
547540.518 1365394.107 348.349 0  
547613.466 1365321.320 345.514 0  
547661.008 1365256.742 349.553 0  
547153.033 1363526.959 367.969 0  
547183.511 1363532.407 385.388 0  
547209.794 1363554.154 388.628 0  
547226.699 1363567.322 382.423 0  
547253.820 1363595.281 404.393 0  
547276.700 1363619.856 416.048 0  
547290.029 1363675.682 425.406 0  
547311.568 1363693.983 431.601 0  
547333.562 1363704.491 434.122 0  
547694.689 1365239.781 351.124 0  
547723.492 1365214.631 350.998 0  
547750.442 1365182.375 351.200 0  
547771.402 1365152.167 349.818 0  
547796.342 1365126.030 351.499 0  
547834.013 1365096.388 352.029 0  
547856.351 1365075.980 358.618 0  
547885.755 1365041.929 354.335 0  
547916.275 1365014.532 354.777 0  
547949.475 1364982.542 354.089 0  
547970.973 1364953.494 353.672 0  
548003.665 1364923.481 350.229 0  
548027.945 1364904.176 354.490 0  
548048.555 1364877.450 353.823 0  
548073.964 1364847.394 353.618 0  
548105.405 1364823.109 352.538 0  
548132.113 1364794.834 356.445 0  
548160.135 1364769.144 356.686 0  
