
/> 
read_ramp 01251120
<CR>Time:2021/01/25 15:23Ramp data first polarity: 
769 770 769 768 768 767 769 768 769 769 769 769 769 768 769 768 768 769 768 768 769 768 767 769 768 768 769 768 767 768 769 769 768 769 768 767 767 767 768 768 769 769 769 769 767 768 767 768 767 770 769 767 769 767 769 767 767 768 769 770 768 769 769 767 766 766 763 764 761 760 758 755 753 753 751 749 747 746 744 742 741 741 738 736 735 734 733 731 729 727 727 725 723 722 721 718 718 716 715 712 712 710 708 707 706 705 704 701 701 698 696 695 693 693 691 690 689 686 685 683 682 681 679 677 676 676 673 672 670 668 667 665 664 662 662 660 658 656 655 654 652 651 649 649 647 644 644 642 641 639 638 636 635 634 632 630 630 628 626 626 623 621 621 620 618 615 615 614 613 609 609 609 607 605 604 603 600 599 598 596 595 594 593 591 589 588 586 585 583 582 581 580 578 576 574 573 572 571 569 569 568 565 565 563 561 559 557 557 555 555 553 551 550 549 547 546 545 544 543 541 539 538 536 535 534 532 531 531 528 527 526 524 523 521 520 518 518 516 516 514 512 511 510 509 508 507 508 507 507 506 5[Warning: Maximal number of bytes per line exceeded! Check the EOL (end-of-line) settings or increase the limit in the advanced terminal settings.]
read 0125
<CR>Time:2021/01/25 15:23
Hours Minutes Seconds  Nb_Samples    Aver. Current 
8 41 4 223 15890 
8 41 19 223 15951 
8 41 34 224 15951 
8 41 49 224 15951 
8 42 4 224 15951 
8 42 19 224 15951 
8 57 50 103 15890 
8 58 43 224 15951 
8 58 58 224 15951 
8 59 13 224 15951 
8 59 28 224 15951 
8 59 43 224 15951 
8 59 58 224 15951 
9 0 13 224 15951 
9 0 28 224 15951 
9 0 43 224 15951 
9 0 58 224 15951 
9 1 13 224 15951 
9 1 28 224 15951 
9 1 43 224 15951 
9 1 58 224 15951 
9 2 13 224 15951 
9 2 28 224 15951 
9 2 43 224 15951 
9 2 58 224 15951 
9 3 13 224 15951 
9 3 28 224 15951 
9 3 43 224 15951 
9 3 58 223 15951 
9 4 13 224 15951 
9 5 6 224 15951 
9 5 21 224 15951 
9 5 36 224 15951 
9 5 51 224 15951 
9 6 6 224 15951 
9 6 21 224 15951 
9 6 36 223 15951 
9 6 51 224 15951 
9 7 6 224 15951 
9 7 21 224 15951 
9 7 36 224 15951 
9 7 51 224 15951 
9 8 6 224 15951 
9 8 21 224 15951 
9 8 36 224 15951 
9 8 51 224 15951 
9 9 6 224 15951 
9 9 21 224 15951 
9 9 36 224 15951 
9 9 51 224 15951 
9 10 6 224 15951 
9 10 21 224 15951 
9 10 36 224 15951 
9 10 51 224 15951 
9 11 6 224 15951 
9 11 21 224 15951 
9 11 36 224 15951 
9 11 51 224 15951 
9 12 6 224 15951 
9 12 21 224 15951 
9 12 36 224 15951 
9 12 51 224 15951 
9 13 6 224 15951 
9 13 21 224 15951 
9 13 36 224 15951 
9 13 51 224 15951 
9 14 6 224 15951 
9 14 21 224 15951 
9 14 36 224 15951 
9 14 51 224 15951 
9 15 6 224 15951 
9 15 21 224 15951 
9 15 36 224 15951 
9 15 51 224 15951 
9 16 6 224 15951 
9 16 21 224 15951 
9 16 36 224 15951 
9 16 51 224 15951 
9 17 6 224 15951 
9 17 21 224 15951 
9 17 36 224 15951 
9 17 51 224 15951 
9 18 6 224 15951 
9 18 21 224 15951 
9 18 36 224 15951 
9 18 51 224 15951 
9 19 6 224 15951 
9 19 21 224 15951 
9 20 13 224 15951 
9 20 28 224 15951 
9 20 43 224 15951 
9 20 58 224 15951 
9 21 13 223 15951 
9 21 28 224 15951 
9 21 43 224 15951 
9 21 58 224 15951 
9 22 13 224 15951 
9 22 28 224 15951 
9 22 43 224 15951 
9 22 58 224 15951 
9 23 13 224 15951 
9 23 28 224 15951 
9 23 43 224 15951 
9 23 58 224 15951 
9 24 13 224 15951 
9 24 28 224 15951 
9 24 43 224 15951 
9 24 58 224 15951 
9 25 13 224 15951 
9 25 28 224 15951 
9 25 43 224 15951 
9 25 58 224 15951 
9 26 13 224 15951 
9 26 28 224 15951 
9 26 43 224 15951 
9 26 58 224 15951 
9 27 13 224 15951 
9 27 28 224 15951 
9 27 43 224 15951 
9 27 58 224 15951 
9 28 13 224 15951 
9 28 28 224 15951 
9 28 43 224 15951 
9 28 58 224 15951 
9 29 13 224 15951 
9 29 28 224 15951 
9 29 43 224 15951 
9 29 58 224 15951 
9 30 13 224 15951 
9 30 28 224 15951 
9 30 43 224 15951 
9 30 58 224 15951 
9 31 13 224 15951 
9 31 28 224 15951 
9 31 43 224 15951 
9 31 58 224 15951 
9 32 13 224 15951 
9 32 28 224 15951 
9 32 43 224 15951 
9 32 58 224 15951 
9 33 13 224 15951 
9 33 28 224 15951 
9 33 43 224 15951 
9 33 58 224 15951 
9 34 13 224 15951 
9 34 28 224 15951 
9 35 20 224 15951 
9 35 35 224 15951 
9 35 50 224 15951 
9 36 5 223 15951 
9 36 20 224 15951 
9 36 35 224 15951 
9 36 50 224 15951 
9 37 5 224 15951 
9 37 20 224 15951 
9 37 35 224 15951 
9 37 50 224 15951 
9 38 5 224 15951 
9 38 20 224 15951 
9 38 35 224 15951 
9 38 50 224 15951 
9 39 5 224 15951 
9 39 20 224 15951 
9 39 35 224 15951 
9 39 50 224 15951 
9 40 5 224 15951 
9 40 20 224 15951 
9 40 35 224 15951 
9 40 50 224 15951 
9 41 5 224 15951 
9 41 20 224 15951 
9 41 35 224 15951 
9 41 50 224 15951 
9 42 5 224 15951 
9 42 20 224 15951 
9 42 35 224 15951 
9 42 50 224 15951 
9 43 5 224 15951 
9 43 20 224 15951 
9 43 35 224 15951 
9 43 50 224 15951 
9 44 5 224 15951 
9 44 20 224 15951 
9 44 35 224 15951 
9 44 50 224 15951 
9 45 5 224 15951 
9 45 20 224 15951 
9 45 35 224 15951 
9 45 50 224 15951 
9 46 5 224 15951 
9 46 20 224 15951 
9 46 35 224 15951 
9 46 50 224 15951 
9 47 5 224 15951 
9 47 20 224 15951 
9 47 35 224 15951 
9 47 50 224 15951 
9 48 5 224 15951 
9 48 20 224 15951 
9 48 35 224 15951 
9 48 50 224 15951 
9 49 5 224 15951 
9 49 20 224 15951 
9 49 35 224 15951 
9 50 12 224 15951 
9 50 27 223 15951 
9 50 42 224 15951 
9 50 57 224 15951 
9 51 12 224 15951 
9 51 27 224 15951 
9 51 42 224 15951 
9 51 57 224 15951 
9 52 12 224 15951 
9 52 27 224 15951 
9 52 42 224 15951 
9 52 57 224 15951 
9 53 12 224 15951 
9 53 27 224 15951 
9 53 42 224 15951 
9 53 57 224 15951 
9 54 12 224 15951 
9 54 27 224 15951 
9 54 42 224 15951 
9 54 57 224 15951 
9 55 12 224 15951 
9 55 27 224 15951 
9 55 42 224 15951 
9 55 57 224 15951 
9 56 12 224 15951 
9 56 27 224 15951 
9 56 42 224 15951 
9 56 57 224 15951 
9 57 12 224 15951 
9 57 27 224 15951 
9 57 42 224 15951 
9 58 12 225 15951 
9 58 27 224 15951 
9 58 42 224 15951 
9 58 57 224 15951 
9 59 12 224 15951 
9 59 27 224 15951 
9 59 42 224 15951 
9 59 57 224 15951 
10 0 12 224 15951 
10 0 27 224 15951 
10 0 42 224 15951 
10 0 57 224 15951 
10 1 12 224 15951 
10 1 27 224 15951 
10 1 42 224 15951 
10 1 57 224 15951 
10 2 12 224 15951 
10 2 27 224 15951 
10 2 42 224 15951 
10 2 57 224 15951 
10 3 12 224 15951 
10 3 27 224 15951 
10 3 42 224 15951 
10 3 57 224 15951 
10 4 12 224 15951 
10 4 27 224 15951 
10 4 42 224 15951 
10 5 34 224 15951 
10 5 49 224 15951 
10 6 4 224 15951 
10 6 19 224 15951 
10 6 34 224 15951 
10 6 49 224 15951 
10 7 4 224 15951 
10 7 19 224 15951 
10 7 34 224 15951 
10 7 49 224 15951 
10 8 4 224 15951 
10 8 19 224 15951 
10 8 34 224 15951 
10 8 49 224 15951 
10 9 4 224 15951 
10 9 19 224 15951 
10 9 34 224 15951 
10 9 49 224 15951 
10 10 4 224 15951 
10 10 19 224 15951 
10 10 34 224 15951 
10 10 49 224 15951 
10 11 4 224 15951 
10 11 19 224 15951 
10 11 34 224 15951 
10 11 49 224 15951 
10 12 4 224 15951 
10 12 19 224 15951 
10 12 34 224 15951 
10 12 49 224 15951 
10 13 4 224 15951 
10 13 19 224 15951 
10 13 34 224 15951 
10 13 49 224 15951 
10 14 4 224 15951 
10 14 19 224 15951 
10 14 34 224 15951 
10 14 49 224 15951 
10 15 4 224 15951 
10 15 19 224 15951 
10 15 34 224 15951 
10 15 49 224 15951 
10 16 4 224 15951 
10 16 19 224 15951 
10 16 34 224 15951 
10 16 49 224 15951 
10 17 4 224 15951 
10 17 19 224 15951 
10 17 34 224 15951 
10 17 49 224 15951 
10 18 4 224 15951 
10 18 19 224 15951 
10 18 34 224 15951 
10 18 49 224 15951 
10 19 4 224 15951 
10 19 19 224 15951 
10 19 34 224 15951 
10 19 49 224 15951 
10 20 26 224 15951 
10 20 41 224 15951 
10 20 56 224 15951 
10 21 11 224 15951 
10 21 26 224 15951 
10 21 41 224 15951 
10 21 56 224 15951 
10 22 11 224 15951 
10 22 26 224 15951 
10 22 41 224 15951 
10 22 56 224 15951 
10 23 11 224 15951 
10 23 26 224 15951 
10 23 41 224 15951 
10 23 56 224 15951 
10 24 11 224 15951 
10 24 26 224 15951 
10 24 41 224 15951 
10 24 56 224 15951 
10 25 11 224 15951 
10 25 26 224 15951 
10 25 41 224 15951 
10 25 56 224 15951 
10 26 11 224 15951 
10 26 26 224 15951 
10 26 41 224 15951 
10 26 56 224 15951 
10 27 11 224 15951 
10 27 26 224 15951 
10 27 41 224 15951 
10 27 56 223 15951 
10 28 11 224 15951 
10 28 26 224 15951 
10 28 41 224 15951 
10 28 56 224 15951 
10 29 11 224 15951 
10 29 26 224 15951 
10 29 41 224 15951 
10 29 56 224 15951 
10 30 11 224 15951 
10 30 26 224 15951 
10 30 41 224 15951 
10 30 56 224 15951 
10 31 11 224 15951 
10 31 26 224 15951 
10 31 41 224 15951 
10 31 56 224 15951 
10 32 11 224 15951 
10 32 26 224 15951 
10 32 41 224 15951 
10 32 56 224 15951 
10 33 11 224 15951 
10 33 26 224 15951 
10 33 41 224 15951 
10 33 56 224 15951 
10 34 11 224 15951 
10 34 26 224 15951 
10 34 41 224 15951 
10 34 56 224 15951 
10 35 48 224 15951 
10 36 3 224 15951 
10 36 18 224 15951 
10 36 33 224 15951 
10 36 48 224 15951 
10 37 3 224 15951 
10 37 18 224 15951 
10 37 33 224 15951 
10 37 48 224 15951 
10 38 3 224 15951 
10 38 18 224 15951 
10 38 33 224 15951 
10 38 48 224 15951 
10 39 3 224 15951 
10 39 18 224 15951 
10 39 33 224 15951 
10 39 48 224 15951 
10 40 3 224 15951 
10 40 18 224 15951 
10 40 33 224 15951 
10 40 48 224 15951 
10 41 3 224 15951 
10 41 18 224 15951 
10 41 33 224 15951 
10 41 48 224 15951 
10 42 3 224 15951 
10 42 18 224 15951 
10 42 33 224 15951 
10 42 48 224 15951 
10 43 3 224 15951 
10 43 18 224 15951 
10 43 33 224 15951 
10 43 48 224 15951 
10 44 3 224 15951 
10 44 18 224 15951 
10 44 33 224 15951 
10 44 48 224 15951 
10 45 3 224 15951 
10 45 18 224 15951 
10 45 33 224 15951 
10 45 48 224 15951 
10 46 3 224 15951 
10 46 18 224 15951 
10 46 33 224 15951 
10 46 48 224 15951 
10 47 3 224 15951 
10 47 18 224 15951 
10 47 33 224 15951 
10 47 48 224 15951 
10 48 3 224 15951 
10 48 18 224 15951 
10 48 33 224 15951 
10 48 48 224 15951 
10 49 3 224 15951 
10 49 18 224 15951 
10 49 48 225 15951 
10 50 3 224 15951 
10 50 55 224 15951 
10 51 10 224 15951 
10 51 25 224 15951 
10 51 40 224 15951 
10 51 55 224 15951 
10 52 10 224 15951 
10 52 25 224 15951 
10 52 40 224 15951 
10 52 55 224 15951 
10 53 10 224 15951 
10 53 25 224 15951 
10 53 40 224 15951 
10 53 55 224 15951 
10 54 10 224 15951 
10 54 25 224 15951 
10 54 40 224 15951 
10 54 55 224 15951 
10 55 10 224 15951 
10 55 25 224 15951 
10 55 40 224 15951 
10 55 55 224 15951 
10 56 10 224 15951 
10 56 25 224 15951 
10 56 40 224 15951 
10 56 55 224 15951 
10 57 10 224 15951 
10 57 25 224 15951 
10 57 40 224 15951 
10 57 55 224 15951 
10 58 10 224 15951 
10 58 25 224 15951 
10 58 40 224 15951 
10 58 55 224 15951 
10 59 10 224 15951 
10 59 25 224 15951 
10 59 40 224 15951 
10 59 55 224 15951 
11 0 10 224 15951 
11 0 25 224 15951 
11 0 40 224 15951 
11 0 55 224 15951 
11 1 10 224 15951 
11 1 25 224 15951 
11 1 40 224 15951 
11 1 55 224 15951 
11 2 10 224 15951 
11 2 25 224 15951 
11 2 40 224 15951 
11 2 55 224 15951 
11 3 10 224 15951 
11 3 25 224 15951 
11 3 40 224 15951 
11 3 55 224 15951 
11 4 10 224 15951 
11 4 25 224 15951 
11 4 40 224 15951 
11 4 55 224 15951 
11 5 10 224 15951 
11 6 2 224 15951 
11 6 17 224 15951 
11 6 32 224 15951 
11 6 47 224 15951 
11 7 2 224 15951 
11 7 17 224 15951 
11 7 32 224 15951 
11 7 47 224 15951 
11 8 2 224 15951 
11 8 17 224 15951 
11 8 32 224 15951 
11 8 47 224 15951 
11 9 2 224 15951 
11 9 17 224 15951 
11 9 32 224 15951 
11 9 47 224 15951 
11 10 2 224 15951 
11 10 17 224 15951 
11 10 32 224 15951 
11 10 47 224 15951 
11 11 2 224 15951 
11 11 17 224 15951 
11 11 32 224 15951 
11 11 47 224 15951 
11 12 2 224 15951 
11 12 17 223 15951 
11 12 32 224 15951 
11 12 47 224 15951 
11 13 2 224 15951 
11 13 17 224 15951 
11 13 32 224 15951 
11 13 47 224 15951 
11 14 2 224 15951 
11 14 17 224 15951 
11 14 32 224 15951 
11 14 47 224 15951 
11 15 2 224 15951 
11 15 17 224 15951 
11 15 32 224 15951 
11 15 47 224 15951 
11 16 2 224 15951 
11 16 17 224 15951 
11 16 32 224 15951 
11 16 47 224 15951 
11 17 2 224 15951 
11 17 17 224 15951 
11 17 32 224 15951 
11 17 47 224 15951 
11 18 2 224 15951 
11 18 17 224 15951 
11 18 32 224 15951 
11 18 47 224 15951 
11 19 2 224 15951 
11 19 17 224 15951 
11 19 32 224 15951 
11 19 47 224 15951 
11 20 2 224 15951 
11 20 17 224 15951 
11 20 54 224 15951 
11 21 9 224 15951 
11 21 24 224 15951 
11 21 39 224 15951 
11 21 54 224 15951 
11 22 9 224 15951 
11 22 24 224 15951 
11 22 39 224 15951 
11 22 54 224 15951 
11 23 9 224 15951 
11 23 24 224 15951 
11 23 39 224 15951 
11 23 54 224 15951 
11 24 9 224 15951 
11 24 24 224 15951 
11 24 39 224 15951 
11 24 54 224 15951 
11 25 9 224 15951 
11 25 24 224 15951 
11 25 39 224 15951 
11 25 54 224 15951 
11 26 9 224 15951 
11 26 24 224 15951 
11 26 39 224 15951 
11 26 54 224 15951 
11 27 9 224 15951 
11 27 24 224 15951 
11 27 39 224 15951 
11 27 54 224 15951 
11 28 9 224 15951 
11 28 24 224 15951 
11 28 39 224 15951 
11 28 54 224 15951 
11 29 9 224 15951 
11 29 24 224 15951 
11 29 39 224 15951 
11 29 54 224 15951 
11 30 9 224 15951 
11 30 24 224 15951 
11 30 39 224 15951 
11 30 54 224 15951 
11 31 9 224 15951 
11 31 24 224 15951 
11 31 39 224 15951 
11 31 54 224 15951 
11 32 9 224 15951 
11 32 24 224 15951 
11 32 39 224 15951 
11 32 54 224 15951 
11 33 9 224 15951 
11 33 24 224 15951 
11 33 39 224 15951 
11 33 54 224 15951 
11 34 9 224 15951 
11 34 24 224 15951 
11 34 39 223 15951 
11 34 54 224 15951 
11 35 9 224 15951 
11 35 24 224 15951 
11 36 16 224 15951 
11 36 31 224 15951 
11 36 46 224 15951 
11 37 1 224 15951 
11 37 16 224 15951 
11 37 31 224 15951 
11 37 46 224 15951 
11 38 1 224 15951 
11 38 16 224 15951 
11 38 31 224 15951 
11 38 46 224 15951 
11 39 1 224 15951 
11 39 16 224 15951 
11 39 31 224 15951 
11 39 46 224 15951 
11 40 1 224 15951 
11 40 16 224 15951 
11 40 31 224 15951 
11 40 46 224 15951 
11 41 1 224 15951 
11 41 16 224 15951 
11 41 31 224 15951 
11 41 46 223 15951 
11 42 1 224 15951 
11 42 16 224 15951 
11 42 31 224 15951 
11 42 46 224 15951 
11 43 1 224 15951 
11 43 16 224 15951 
11 43 31 224 15951 
11 43 46 224 15951 
11 44 1 224 15951 
11 44 16 224 16012 
11 44 31 224 15951 
11 44 46 224 15951 
11 45 1 224 15951 
11 45 16 224 15951 
11 45 31 224 15951 
11 45 46 224 15951 
11 46 1 224 15951 
11 46 16 224 15951 
11 46 31 224 15951 
11 46 46 224 15951 
11 47 1 224 15951 
11 47 16 224 15951 
11 47 31 224 15951 
11 47 46 224 15951 
11 48 1 224 15951 
11 48 16 224 15951 
11 48 31 224 15951 
11 48 46 224 15951 
11 49 1 224 15951 
11 49 16 224 15951 
11 49 31 224 15951 
11 49 46 224 15951 
11 50 1 224 15951 
11 50 16 224 15951 
11 50 31 224 15951 
11 51 8 224 15951 
11 51 23 224 15951 
11 51 38 224 15951 
11 51 53 224 15951 
11 52 8 224 15951 
11 52 23 224 15951 
11 52 38 224 15951 
11 52 53 224 15951 
11 53 8 224 15951 
11 53 23 224 15951 
11 53 38 224 15951 
11 53 53 224 15951 
11 54 8 224 15951 
11 54 23 224 15951 
11 54 38 224 15951 
11 54 53 224 15951 
11 55 8 224 15951 
11 55 23 224 15951 
11 55 38 224 15951 
11 55 53 224 15951 
11 56 8 223 15951 
11 56 23 224 15951 
11 56 38 224 15951 
11 56 53 224 15951 
11 57 8 224 15951 
11 57 23 224 15951 
11 57 38 224 15951 
11 57 53 224 15951 
11 58 8 224 15951 
11 58 23 224 15951 
11 58 38 224 15951 
11 58 53 224 15951 
11 59 8 224 15951 
11 59 23 224 15951 
11 59 38 224 15951 
11 59 53 224 15951 
12 0 8 224 15951 
12 0 23 224 15951 
12 0 38 224 15951 
12 0 53 224 15951 
12 1 8 224 15951 
12 1 23 224 15951 
12 1 38 224 15951 
12 1 53 224 15951 
12 2 8 224 15951 
12 2 23 224 15951 
12 2 38 224 15951 
12 2 53 224 15951 
12 3 8 224 15951 
12 3 23 224 15951 
12 3 38 224 15951 
12 3 53 224 15951 
12 4 8 224 15951 
12 4 23 224 15951 
12 4 38 224 15951 
12 4 53 224 15951 
12 5 8 224 15951 
12 5 23 224 15951 
12 5 38 224 15951 
12 6 30 224 15951 
12 6 45 224 15951 
12 7 0 224 15951 
12 7 15 224 15951 
12 7 30 224 15951 
12 7 45 224 15951 
12 8 0 224 15951 
12 8 15 224 15951 
12 8 30 224 15951 
12 8 45 224 15951 
12 9 0 224 15951 
12 9 15 224 15951 
12 9 30 224 15951 
12 9 45 224 15951 
12 10 0 224 15951 
12 10 15 224 15951 
12 10 30 224 15951 
12 10 45 224 15951 
12 11 0 224 15951 
12 11 15 224 15951 
12 11 30 224 15951 
12 11 45 224 15951 
12 12 0 224 15951 
12 12 15 224 15951 
12 12 30 224 15951 
12 12 45 224 15951 
12 13 0 224 15951 
12 13 15 224 15951 
12 13 30 224 15951 
12 13 45 224 15951 
12 14 0 224 15951 
12 14 15 224 15951 
12 14 30 224 15951 
12 14 45 224 15951 
12 15 0 224 15951 
12 15 15 224 15951 
12 15 30 224 15951 
12 15 45 224 15951 
12 16 0 224 15951 
12 16 15 224 15951 
12 16 30 224 15951 
12 16 45 224 15951 
12 17 0 224 15951 
12 17 15 224 15951 
12 17 30 224 15951 
12 17 45 224 15951 
12 18 0 224 15951 
12 18 15 224 15951 
12 18 30 224 15951 
12 18 45 224 15951 
12 19 0 223 15951 
12 19 15 224 15951 
12 19 30 224 15951 
12 19 45 224 15951 
12 20 0 224 15951 
12 20 15 224 15951 
12 20 30 224 15951 
12 20 45 224 15951 
12 21 22 224 15951 
12 21 37 224 15951 
12 21 52 224 15951 
12 22 7 224 15951 
12 22 22 224 15951 
12 22 37 224 15951 
12 22 52 224 15951 
12 23 7 224 15951 
12 23 22 224 15951 
12 23 37 224 15951 
12 23 52 224 15951 
12 24 7 224 15951 
12 24 22 224 15951 
12 24 37 224 15951 
12 24 52 224 15951 
12 25 7 224 15951 
12 25 22 224 15951 
12 25 37 223 15951 
12 25 52 224 15951 
12 26 7 224 15951 
12 26 22 224 15951 
12 26 37 224 15951 
12 26 52 224 15951 
12 27 7 224 15951 
12 27 22 224 15951 
12 27 37 224 15951 
12 27 52 224 15951 
12 28 7 224 15951 
12 28 22 224 15951 
12 28 37 224 15951 
12 28 52 224 15951 
12 29 7 224 15951 
12 29 22 224 15951 
12 29 37 224 15951 
12 29 52 224 15951 
12 30 7 224 15951 
12 30 22 224 15951 
12 30 37 224 15951 
12 30 52 224 15951 
12 31 7 224 15951 
12 31 22 224 15951 
12 31 37 224 15951 
12 31 52 224 15951 
12 32 7 224 15951 
12 32 22 224 15951 
12 32 37 224 15951 
12 32 52 224 15951 
12 33 7 224 15951 
12 33 22 224 15951 
12 33 37 224 15951 
12 33 52 224 15951 
12 34 7 224 15951 
12 34 22 224 15951 
12 34 37 224 15951 
12 34 52 224 15951 
12 35 7 224 15951 
12 35 22 224 15951 
12 35 37 224 15951 
12 35 52 224 15951 
12 36 44 224 15951 
12 36 59 224 15951 
12 37 14 224 15951 
12 37 29 224 15951 
12 37 44 224 15951 
12 37 59 224 15951 
12 38 14 224 15951 
12 38 29 224 15951 
12 38 44 224 15951 
12 38 59 224 15951 
12 39 14 224 15951 
12 39 29 224 15951 
12 39 44 224 15951 
12 39 59 224 15951 
12 40 14 224 15951 
12 40 29 224 15951 
12 40 44 224 15951 
12 40 59 224 15951 
12 41 14 224 15951 
12 41 29 224 15951 
12 41 44 224 15951 
12 41 59 224 15951 
12 42 14 224 15951 
12 42 29 224 15951 
12 42 44 224 15951 
12 42 59 224 15951 
12 43 14 224 15951 
12 43 29 224 15951 
12 43 44 224 15951 
12 43 59 224 15951 
12 44 14 224 15951 
12 44 29 224 15951 
12 44 44 224 15951 
12 44 59 224 15951 
12 45 14 224 15951 
12 45 29 224 15951 
12 45 44 224 15951 
12 45 59 224 15951 
12 46 14 224 15951 
12 46 29 224 15951 
12 46 44 224 15951 
12 46 59 224 15951 
12 47 14 224 15951 
12 47 29 224 15951 
12 47 44 224 16012 
12 47 59 224 16012 
12 48 14 223 15951 
12 48 29 224 15951 
12 48 44 224 15951 
12 48 59 224 15951 
12 49 14 224 15951 
12 49 29 224 15951 
12 49 44 224 15951 
12 49 59 224 15951 
12 50 14 224 15951 
12 50 29 224 15951 
12 50 44 224 15951 
12 50 59 224 15951 
12 51 36 224 15951 
12 51 51 224 15951 
12 52 6 224 15951 
12 52 21 224 15951 
12 52 36 224 15951 
12 52 51 224 15951 
12 53 6 224 15951 
12 53 21 224 15951 
12 53 36 224 15951 
12 53 51 224 15951 
12 54 6 224 15951 
12 54 21 224 15951 
12 54 36 224 15951 
12 54 51 224 15951 
12 55 6 224 15951 
12 55 21 224 15951 
12 55 36 224 15951 
12 55 51 224 15951 
12 56 6 224 15951 
12 56 21 224 15951 
12 56 36 224 15951 
12 56 51 224 15951 
12 57 6 224 15951 
12 57 21 224 15951 
12 57 36 224 15951 
12 57 51 224 16012 
12 58 6 224 15951 
12 58 21 224 15951 
12 58 36 224 15951 
12 58 51 224 15951 
12 59 6 224 15951 
12 59 21 224 15951 
12 59 36 224 15951 
12 59 51 224 15951 
13 0 6 224 15951 
13 0 21 224 15951 
13 0 36 224 15951 
13 0 51 224 15951 
13 1 6 224 15951 
13 1 21 224 15951 
13 1 36 224 15951 
13 1 51 224 15951 
13 2 6 224 15951 
13 2 21 224 15951 
13 2 36 224 15951 
13 2 51 223 15951 
13 3 6 224 15951 
13 3 21 224 15951 
13 3 36 224 15951 
13 3 51 224 15951 
13 4 6 224 15951 
13 4 21 224 15951 
13 4 36 224 15951 
13 4 51 224 15951 
13 5 6 224 15951 
13 5 21 224 15951 
13 5 36 224 15951 
13 5 51 224 16012 
13 6 6 224 15951 
13 6 58 224 15951 
13 7 13 224 15951 
13 7 28 224 15951 
13 7 43 224 15951 
13 7 58 224 15951 
13 8 13 224 15951 
13 8 28 224 15951 
13 8 43 224 15951 
13 8 58 224 15951 
13 9 13 224 15951 
13 9 28 224 15951 
13 9 43 223 15951 
13 9 58 224 15951 
13 10 13 224 15951 
13 10 28 224 15951 
13 10 43 224 15951 
13 10 58 224 15951 
13 11 13 224 15951 
13 11 28 224 15951 
13 11 43 224 15951 
13 11 58 224 16012 
13 12 13 224 15951 
13 12 28 224 15951 
13 12 43 224 15951 
13 12 58 224 15951 
13 13 13 224 15951 
13 13 28 224 15951 
13 13 43 224 15951 
13 13 58 224 15951 
13 14 13 224 15951 
13 14 28 224 15951 
13 14 43 224 15951 
13 14 58 224 15951 
13 15 13 224 15951 
13 15 28 224 15951 
13 15 43 224 15951 
13 15 58 224 15951 
13 16 13 224 15951 
13 16 28 224 15951 
13 16 43 224 15951 
13 16 58 224 15951 
13 17 13 224 15951 
13 17 28 224 15951 
13 17 44 224 16012 
13 17 59 224 15951 
13 18 14 224 15951 
13 18 29 224 15951 
13 18 44 224 15951 
13 18 59 224 15951 
13 19 14 224 15951 
13 19 29 224 15951 
13 19 44 224 15951 
13 19 59 224 15951 
13 20 14 224 15951 
13 20 29 224 15951 
13 20 44 224 15951 
13 20 59 224 15951 
13 21 14 224 15951 
13 21 50 224 15951 
13 22 5 224 15951 
13 22 20 224 15951 
13 22 35 224 15951 
13 22 51 224 15951 
13 23 6 224 15951 
13 23 21 224 15951 
13 23 36 224 15951 
13 23 51 224 15951 
13 24 6 224 15951 
13 24 21 223 15951 
13 24 36 224 15951 
13 24 51 224 15951 
13 25 6 224 15951 
13 25 21 224 15951 
13 25 36 224 15951 
13 25 51 224 15951 
13 26 6 224 15951 
13 26 21 224 16012 
13 26 36 224 15951 
13 26 51 224 15951 
13 27 6 224 15951 
13 27 21 224 15951 
13 27 36 224 16012 
13 27 51 224 16012 
13 28 6 224 16012 
13 28 21 224 16012 
13 28 36 224 16012 
13 28 51 224 15951 
13 29 6 224 15951 
13 29 21 224 15951 
13 29 36 224 15951 
13 29 51 224 15951 
13 30 6 224 15951 
13 30 21 224 15951 
13 30 36 224 15951 
13 30 51 224 15951 
13 31 6 224 15951 
13 31 21 224 15951 
13 31 36 224 15951 
13 31 51 224 15951 
13 32 6 224 15951 
13 32 21 224 15951 
13 32 36 224 15951 
13 32 51 224 15951 
13 33 6 224 15951 
13 33 21 224 15951 
13 33 36 224 15951 
13 33 51 224 15951 
13 34 6 224 15951 
13 34 21 224 15951 
13 34 36 224 15951 
13 34 51 224 16012 
13 35 6 224 15951 
13 35 21 224 15951 
13 35 36 224 15951 
13 35 51 224 15951 
13 36 6 224 15951 
13 36 21 224 15951 
13 37 13 224 15951 
13 37 28 224 16012 
13 37 43 224 15951 
13 37 58 224 16012 
13 38 13 224 16012 
13 38 28 224 15951 
13 38 43 224 15951 
13 38 58 224 15951 
13 39 13 224 15951 
13 39 28 224 15951 
13 39 43 224 16012 
13 39 58 224 16012 
13 40 13 224 15951 
13 40 28 224 16012 
13 40 43 224 16012 
13 40 58 224 15951 
13 41 13 224 16012 
13 41 28 224 16012 
13 41 43 224 16012 
13 41 58 224 16012 
13 42 13 224 15951 
13 42 28 224 15951 
13 42 43 224 16012 
13 42 58 224 15951 
13 43 13 224 16012 
13 43 28 224 15951 
13 43 43 224 15951 
13 43 58 224 15951 
13 44 13 224 15951 
13 44 28 224 15951 
13 44 43 224 15951 
13 44 58 224 15951 
13 45 13 224 15951 
13 45 28 224 15951 
13 45 43 224 15951 
13 45 58 224 15951 
13 46 13 224 15951 
13 46 28 224 15951 
13 46 43 224 15951 
13 46 58 223 15951 
13 47 13 224 15951 
13 47 28 224 15951 
13 47 43 224 15951 
13 47 58 224 15951 
13 48 13 224 15951 
13 48 28 224 15951 
13 48 43 224 15951 
13 48 58 224 15951 
13 49 13 224 15951 
13 49 28 224 15951 
13 49 43 224 15951 
13 49 58 224 15951 
13 50 13 224 15951 
13 50 28 224 15951 
13 50 43 224 15951 
13 50 58 224 15951 
13 51 13 224 15951 
13 51 28 224 16012 
13 52 5 224 15951 
13 52 20 224 15951 
13 52 35 224 15951 
13 52 50 224 16012 
13 53 5 224 15951 
13 53 20 224 16012 
13 53 35 224 15951 
13 53 50 224 15951 
13 54 5 224 15951 
13 54 20 224 15951 
13 54 35 224 15951 
13 54 50 224 15951 
13 55 5 224 15951 
13 55 20 224 15951 
13 55 35 224 15951 
13 55 50 224 15951 
13 56 5 224 15951 
13 56 20 224 15951 
13 56 35 224 15951 
13 56 50 224 15951 
13 57 5 224 15951 
13 57 20 224 16012 
13 57 35 224 15951 
13 57 50 224 15951 
13 58 5 224 15951 
13 58 20 224 15951 
13 58 35 224 15951 
13 58 50 224 15951 
13 59 5 224 15951 
13 59 20 224 15951 
13 59 35 224 15951 
13 59 50 224 16012 
14 0 5 224 16012 
14 0 20 224 16012 
14 0 35 224 15951 
14 0 50 224 15951 
14 1 5 224 15951 
14 1 20 224 16012 
14 1 35 223 16012 
14 1 50 224 15951 
14 2 5 224 15951 
14 2 20 224 15951 
14 2 35 224 15951 
14 2 50 224 15951 
14 3 5 224 15951 
14 3 20 224 15951 
14 3 35 224 15951 
14 3 50 224 15951 
14 4 5 224 15951 
14 4 20 224 15951 
14 4 35 224 15951 
14 4 50 224 15951 
14 5 5 224 16012 
14 5 20 224 16012 
14 5 35 224 15951 
14 5 50 224 16012 
14 6 5 224 15951 
14 6 20 224 15951 
14 6 35 224 15951 
14 7 27 224 15951 
14 7 42 224 15951 
14 7 57 224 15951 
14 8 12 224 15951 
14 8 27 223 15951 
14 8 42 224 15951 
14 8 57 224 16012 
14 9 12 224 15951 
14 9 27 224 15951 
14 9 42 224 15951 
14 9 57 224 15951 
14 10 12 224 15951 
14 10 27 224 15951 
14 10 42 224 15951 
14 10 57 224 15951 
14 11 12 224 15951 
14 11 27 224 15951 
14 11 42 224 15951 
14 11 57 224 15951 
14 12 12 224 15951 
14 12 27 224 15951 
14 12 42 224 15951 
14 12 57 224 15951 
14 13 12 224 16012 
14 13 27 224 15951 
14 13 42 224 15951 
14 13 57 224 15951 
14 14 12 224 15951 
14 14 27 224 15951 
14 14 42 224 15951 
14 14 57 224 16012 
14 15 12 224 15951 
14 15 27 224 15951 
14 15 42 224 15951 
14 15 57 224 16012 
14 16 12 224 15951 
14 16 27 224 15951 
14 16 42 224 16012 
14 16 57 224 16012 
14 17 12 224 15951 
14 17 27 224 15951 
14 17 42 224 15951 
14 17 57 224 16012 
14 18 12 224 16012 
14 18 27 224 16012 
14 18 42 224 15951 
14 18 57 224 16012 
14 19 12 224 16012 
14 19 27 224 16012 
14 19 42 224 15951 
14 19 57 224 16012 
14 20 12 224 15951 
14 20 27 224 15951 
14 20 42 224 16012 
14 20 57 224 15951 
14 21 12 224 16012 
14 21 27 224 16012 
14 21 42 224 15951 
14 22 19 224 16012 
14 22 34 224 15951 
14 22 49 224 16012 
14 23 4 224 15951 
14 23 19 224 16012 
14 23 34 224 15951 
14 23 49 224 15951 
14 24 4 224 15951 
14 24 19 224 15951 
14 24 34 224 15951 
14 24 49 224 16012 
14 25 4 224 16012 
14 25 19 224 16012 
14 25 34 224 16012 
14 25 49 224 16012 
14 26 4 224 15951 
14 26 19 224 16012 
14 26 34 224 16012 
14 26 49 224 16012 
14 27 4 224 15951 
14 27 19 224 16012 
14 27 34 224 15951 
14 27 49 224 16012 
14 28 4 224 15951 
14 28 19 224 16012 
14 28 34 224 16012 
14 28 49 224 16012 
14 29 4 224 15951 
14 29 19 224 16012 
14 29 34 224 16012 
14 29 49 224 16012 
14 30 4 224 15951 
14 30 19 224 15951 
14 30 34 224 16012 
14 30 49 223 15951 
14 31 4 224 16012 
14 31 19 224 16012 
14 31 34 224 16012 
14 31 49 224 16012 
14 32 4 224 15951 
14 32 19 224 15951 
14 32 34 224 15951 
14 32 49 224 16012 
14 33 4 224 15951 
14 33 19 224 15951 
14 33 34 224 15951 
14 33 49 224 15951 
14 34 4 224 15951 
14 34 19 224 15951 
14 34 34 224 15951 
14 34 49 224 16012 
14 35 4 224 16012 
14 35 19 224 16012 
14 35 34 224 16012 
14 35 49 224 15951 
14 36 4 224 15951 
14 36 19 224 15951 
14 36 34 224 16012 
14 36 49 224 16012 
14 37 41 224 16012 
14 37 56 223 16012 
14 38 11 224 16012 
14 38 26 224 16012 
14 38 41 224 16012 
14 38 56 224 15951 
14 39 11 224 15951 
14 39 26 224 15951 
14 39 41 224 15951 
14 39 56 224 15951 
14 40 11 224 16012 
14 40 26 224 15951 
14 40 41 224 16012 
14 40 56 224 15951 
14 41 11 224 16012 
14 41 26 224 16012 
14 41 41 224 16012 
14 41 56 224 15951 
14 42 11 224 16012 
14 42 26 224 16012 
14 42 41 224 16012 
14 42 56 224 16012 
14 43 11 224 16012 
14 43 26 224 16012 
14 43 41 224 16012 
14 43 56 224 16012 
14 44 11 224 16012 
14 44 26 224 16012 
14 44 41 224 16012 
14 44 56 224 16012 
14 45 11 224 16012 
14 45 26 224 16012 
14 45 41 224 16012 
14 45 56 224 16012 
14 46 11 224 16012 
14 46 26 224 16012 
14 46 41 224 16012 
14 46 56 224 16012 
14 47 11 224 16012 
14 47 26 224 16012 
14 47 41 224 15951 
14 47 56 224 16012 
14 48 11 224 16012 
14 48 26 224 16012 
14 48 41 224 16012 
14 48 56 224 16012 
14 49 11 224 16012 
14 49 26 224 16012 
14 49 41 224 16012 
14 49 56 224 15951 
14 50 11 224 16012 
14 50 26 224 16012 
14 50 41 224 16012 
14 50 56 224 16012 
14 51 11 224 16012 
14 51 26 224 16012 
14 51 41 224 16012 
14 51 56 224 16012 
14 52 33 224 15951 
14 52 48 224 15951 
14 53 3 224 15951 
14 53 18 224 15951 
14 53 33 224 15951 
14 53 48 224 16012 
14 54 3 224 15951 
14 54 18 224 15951 
14 54 33 224 16012 
14 54 48 224 15951 
14 55 3 224 15951 
14 55 18 224 15951 
14 55 33 224 16012 
14 55 48 224 16012 
14 56 3 224 16012 
14 56 18 224 16012 
14 56 33 224 15951 
14 56 48 224 15951 
14 57 3 224 15951 
14 57 18 224 15951 
14 57 33 224 15951 
14 57 48 224 15951 
14 58 3 224 15951 
14 58 18 224 15951 
14 58 33 224 15951 
14 58 48 224 15951 
14 59 3 224 15951 
14 59 18 224 16012 
14 59 33 224 15951 
14 59 48 224 15951 
15 0 3 224 15951 
15 0 18 224 16012 
15 0 33 224 16012 
15 0 48 224 15951 
15 1 3 224 15951 
15 1 18 224 15951 
15 1 33 224 15951 
15 1 48 224 15951 
15 2 3 224 16012 
15 2 18 224 16012 
15 2 33 224 16012 
15 2 48 224 16012 
15 3 3 224 16012 
15 3 18 224 16012 
15 3 33 224 15951 
15 3 48 224 16012 
15 4 3 224 15951 
15 4 18 224 16012 
15 4 33 224 16012 
15 4 48 224 16012 
15 5 3 224 16012 
15 5 18 224 15951 
15 5 33 224 15951 
15 5 48 224 15951 
15 6 3 224 15951 
15 6 18 224 15951 
15 6 33 224 15951 
15 6 48 224 15951 
15 7 3 224 15951 
15 7 55 224 15951 
15 8 10 224 15951 
15 8 25 224 15951 
15 8 40 224 15951 
15 8 55 224 15951 
15 9 10 224 15951 
15 9 25 224 16012 
15 9 40 224 16012 
15 9 55 224 15951 
15 10 10 224 15951 
15 10 25 224 15951 
15 10 40 224 15951 
15 10 55 224 15951 
15 11 10 224 15951 
15 11 25 224 15951 
15 11 40 224 15951 
15 11 55 224 15951 
15 12 10 224 15951 
15 12 25 224 16012 
15 12 40 224 15951 
15 12 55 224 15951 
15 13 10 224 15951 
15 13 25 224 15951 
15 13 40 224 15951 
15 13 55 224 15951 
15 14 10 224 15951 
15 14 25 224 16012 
15 14 40 224 15951 
15 14 55 224 15951 
15 15 10 223 16012 
15 15 25 224 16012 
15 15 40 224 15951 
15 15 55 224 15951 
15 16 10 224 15951 
15 16 25 224 15951 
15 16 40 224 16012 
15 16 55 224 15951 
15 17 10 224 15951 
15 17 25 224 16012 
15 17 40 224 16012 
15 17 55 224 16012 
15 18 10 224 15951 
15 18 25 224 16012 
15 18 40 224 15951 
15 18 55 224 15951 
15 19 10 224 16012 
15 19 25 224 15951 
15 19 40 224 16012 
15 19 55 224 15951 
15 20 10 224 15951 
15 20 25 224 15951 
15 20 40 224 16012 
15 20 55 224 15951 
15 21 10 224 16012 
15 21 25 224 16012 
15 21 40 224 16012 
15 21 55 224 15951 
15 22 10 224 15951 
15 22 47 224 15951 
15 23 2 224 15951 
15 23 17 224 15951 
15 23 32 224 15951 
15 23 47 224 15951 
15 24 2 224 15951 
15 24 17 224 15951 
15 24 32 224 15951 
15 24 47 224 15951 
15 25 2 224 15890 

