

/> 
read_ramp 01301135
<CR>Time:2021/01/30 15:39Ramp data first polarity: 
768 768 770 768 769 767 767 767 769 769 769 769 769 768 768 768 768 768 768 768 768 768 769 769 769 768 768 768 768 767 768 769 767 768 768 767 767 769 768 769 768 769 768 767 768 768 768 769 767 768 767 769 769 769 769 769 767 768 769 768 768 768 767 768 766 765 764 763 762 759 756 756 754 752 749 749 747 745 743 743 741 740 737 735 735 733 732 731 728 727 726 724 723 722 720 719 717 715 713 712 711 710 708 707 705 704 702 700 700 699 697 694 693 692 691 689 687 686 685 683 681 680 678 678 676 674 673 671 670 669 667 665 664 662 661 659 658 657 656 654 652 651 650 647 646 645 643 642 640 639 637 637 635 634 632 630 629 628 625 624 623 622 620 619 618 617 615 614 612 610 608 607 606 605 603 602 600 598 598 597 595 594 592 591 589 588 585 585 584 582 580 579 577 577 576 574 571 570 569 568 567 565 564 562 561 559 558 557 556 555 553 551 550 549 547 545 545 543 542 540 538 538 536 536 534 532 531 529 528 527 525 525 523 521 520 519 518 516 515 513 512 511 510 509 507 507 507 506 506 506 5[Warning: Maximal number of bytes per line exceeded! Check the EOL (end-of-line) settings or increase the limit in the advanced terminal settings.]
read 0130
<CR>Time:2021/01/30 15:39
Hours Minutes Seconds  Nb_Samples    Aver. Current 
9 32 11 24 13323 
9 32 26 223 15462 
9 32 41 224 15951 
9 33 26 224 15951 
9 33 41 224 15951 
9 33 56 223 15951 
9 34 11 224 15951 
9 34 41 225 15951 
9 35 20 224 15951 
9 35 35 223 15951 
9 35 50 223 15951 
9 36 5 224 16012 
9 36 20 223 15951 
9 36 35 224 15951 
9 36 50 223 15951 
9 37 5 224 15951 
9 37 20 223 15951 
9 37 35 224 15951 
9 37 50 223 15951 
9 38 5 223 15951 
9 38 20 224 15951 
9 38 35 223 16012 
9 38 50 224 16012 
9 39 5 223 16012 
9 39 20 224 15951 
9 39 35 223 15951 
9 47 47 178 15951 
9 47 50 38 13751 
9 48 5 223 15828 
9 48 20 224 15951 
9 48 35 223 15951 
9 48 50 224 15951 
9 49 5 223 15951 
9 49 35 225 15951 
9 50 13 224 15951 
9 50 28 223 15951 
9 50 43 223 15951 
9 50 58 224 15951 
9 51 13 223 15951 
9 51 28 224 15951 
9 51 43 223 15951 
9 51 58 224 16012 
9 52 13 223 15951 
9 52 28 224 15951 
9 52 43 223 15951 
9 52 58 224 15951 
9 53 13 223 15951 
9 53 28 224 15951 
9 53 43 223 15951 
9 53 58 224 16012 
9 54 13 223 16012 
9 54 28 224 15951 
9 54 43 223 16012 
9 54 58 224 16012 
9 55 13 223 16012 
9 55 28 224 16012 
9 55 43 223 16012 
9 55 58 224 16012 
9 56 13 223 16012 
9 56 28 224 16012 
9 56 43 223 16012 
9 56 58 224 16012 
9 57 13 223 16012 
9 57 28 224 16012 
9 57 43 223 16012 
9 57 58 224 16012 
9 58 13 223 16012 
9 58 28 224 16012 
9 58 43 223 16012 
9 58 58 224 15951 
9 59 13 223 15951 
9 59 28 223 15951 
9 59 43 224 16012 
9 59 58 223 16012 
10 0 13 224 16012 
10 0 28 223 15951 
10 0 58 225 16012 
10 1 13 223 16012 
10 1 28 224 16012 
10 1 43 223 15951 
10 1 58 224 15951 
10 2 13 223 16012 
10 2 28 224 15951 
10 2 43 223 15951 
10 2 58 224 15951 
10 3 13 223 15951 
10 3 43 225 16012 
10 4 13 225 15951 
10 4 28 224 15951 
10 4 43 223 15951 
10 5 20 224 15951 
10 5 35 223 15951 
10 5 50 223 15951 
10 6 5 224 15951 
10 6 20 223 15951 
10 6 35 224 16012 
10 7 5 225 15951 
10 7 20 224 16012 
10 7 35 223 15951 
10 7 50 224 16012 
10 8 5 223 16012 
10 8 20 224 16012 
10 8 35 223 16012 
10 8 50 224 16012 
10 9 5 223 16012 
10 9 20 224 16012 
10 9 35 223 15951 
10 9 50 224 16012 
10 10 5 223 15951 
10 10 20 224 15951 
10 10 35 223 16012 
10 10 50 224 16012 
10 11 5 223 16012 
10 11 20 224 15951 
10 11 50 225 16012 
10 12 5 224 16012 
10 12 20 223 15951 
10 12 35 224 15951 
10 12 50 223 15951 
10 13 20 225 16012 
10 13 35 223 15951 
10 13 50 224 15951 
10 14 5 223 15951 
10 14 20 224 15951 
10 14 35 223 15951 
10 14 50 224 15951 
10 15 5 223 15951 
10 15 20 224 15951 
10 15 35 223 16012 
10 15 50 224 15951 
10 16 5 223 15951 
10 16 20 224 15951 
10 16 35 223 15951 
10 16 50 224 15951 
10 17 5 223 15951 
10 17 20 224 15951 
10 17 35 223 15951 
10 18 5 225 15951 
10 18 20 223 15951 
10 18 35 224 16012 
10 18 50 223 16012 
10 19 5 224 15951 
10 19 20 223 15951 
10 19 35 224 15951 
10 19 50 223 15951 
10 20 27 224 15951 
10 20 42 224 15951 
10 20 57 223 16012 
10 21 12 224 16012 
10 21 27 223 15951 
10 21 42 224 15951 
10 21 57 223 15951 
10 22 12 224 15951 
10 22 27 223 15951 
10 22 42 223 16012 
10 22 57 224 15951 
10 23 12 223 15951 
10 23 27 224 15951 
10 23 42 223 15951 
10 23 57 224 15951 
10 24 12 223 16012 
10 24 27 224 15951 
10 24 42 223 15951 
10 24 57 224 16012 
10 25 12 223 15951 
10 25 27 224 15951 
10 25 42 223 16012 
10 25 57 224 16012 
10 26 12 223 15951 
10 26 27 224 15951 
10 26 42 223 15951 
10 26 57 224 16012 
10 27 12 223 16012 
10 27 27 224 16012 
10 27 42 223 15951 
10 27 57 224 15951 
10 28 12 223 15951 
10 28 27 224 16012 
10 28 42 223 15951 
10 28 57 224 15951 
10 29 12 223 16012 
10 29 27 224 16012 
10 29 42 223 16012 
10 29 57 224 16012 
10 30 12 223 16012 
10 30 27 224 15951 
10 30 42 223 15951 
10 30 57 224 15951 
10 31 12 223 15951 
10 31 27 224 15951 
10 31 42 223 16012 
10 31 57 224 15951 
10 32 12 223 16012 
10 32 27 224 15951 
10 32 42 223 16012 
10 32 57 223 16012 
10 33 12 224 16012 
10 33 27 223 15951 
10 33 42 224 15951 
10 33 57 223 15951 
10 34 27 225 16012 
10 34 42 223 16012 
10 34 57 224 15951 
10 35 49 224 16012 
10 36 4 223 16012 
10 36 19 223 16012 
10 36 34 224 16012 
10 36 49 223 16012 
10 37 4 224 15951 
10 37 19 223 16012 
10 37 34 224 16012 
10 37 49 223 15951 
10 38 4 224 15951 
10 38 19 223 15951 
10 38 34 224 15951 
10 38 49 223 16012 
10 39 4 224 16012 
10 39 19 223 16012 
10 39 34 224 16012 
10 39 49 223 16012 
10 40 4 224 15951 
10 40 19 223 15951 
10 40 34 224 15951 
10 40 49 223 16012 
10 41 4 224 15951 
10 41 19 223 16012 
10 41 34 224 16012 
10 41 49 223 15951 
10 42 4 224 16012 
10 42 19 223 16012 
10 42 34 224 15951 
10 42 49 223 16012 
10 43 4 224 16012 
10 43 19 223 16012 
10 43 34 224 16012 
10 43 49 223 16012 
10 44 4 224 16012 
10 44 19 223 15951 
10 44 34 224 15951 
10 44 49 223 16012 
10 45 4 224 15951 
10 45 19 223 15951 
10 45 34 224 15951 
10 45 49 223 15951 
10 46 4 223 15951 
10 46 19 224 15951 
10 46 34 223 15951 
10 46 49 224 16012 
10 47 4 223 15951 
10 47 19 224 16012 
10 47 34 223 15951 
10 47 49 224 16012 
10 48 4 223 15951 
10 48 19 224 15951 
10 48 34 223 15951 
10 48 49 224 15951 
10 49 4 223 16012 
10 49 19 224 15951 
10 49 34 223 15951 
10 49 49 224 15951 
10 50 4 223 15951 
10 50 42 224 16012 
10 50 57 223 15951 
10 51 12 224 15951 
10 51 27 223 16012 
10 51 42 224 16012 
10 51 57 223 15951 
10 52 12 223 15951 
10 52 27 224 15951 
10 52 42 223 15951 
10 52 57 224 15951 
10 53 12 223 15951 
10 53 27 224 15951 
10 53 42 223 15951 
10 53 57 224 15951 
10 54 12 223 15951 
10 54 42 225 15951 
10 54 57 223 16012 
10 55 12 224 15951 
10 55 27 223 15951 
10 55 42 224 16012 
10 55 57 223 16012 
10 56 12 224 16012 
10 56 27 223 16012 
10 56 42 224 16012 
10 56 57 223 16012 
10 57 12 224 16012 
10 57 27 223 16012 
10 57 42 224 16012 
10 57 57 223 16012 
10 58 12 224 16012 
10 58 27 223 16012 
10 58 42 224 16012 
10 58 57 223 15951 
10 59 12 223 16012 
10 59 27 223 15951 
10 59 42 224 16012 
10 59 57 223 15951 
11 0 12 224 16012 
11 0 27 223 15951 
11 0 42 224 15951 
11 0 57 223 15951 
11 1 12 224 16012 
11 1 27 223 16012 
11 1 42 224 16012 
11 1 57 223 16012 
11 2 12 224 16012 
11 2 27 223 15951 
11 2 42 224 16012 
11 2 57 223 15951 
11 3 12 224 16012 
11 3 27 223 15951 
11 3 42 224 16012 
11 3 57 223 15951 
11 4 12 224 15951 
11 4 27 223 15951 
11 4 42 224 15951 
11 4 57 223 16012 
11 5 12 224 16012 
11 6 5 224 15951 
11 6 20 223 16012 
11 6 35 224 15951 
11 6 50 223 15951 
11 7 5 224 15951 
11 7 20 223 16012 
11 7 35 224 16012 
11 7 50 223 15951 
11 8 5 224 16012 
11 8 20 223 15951 
11 8 35 224 15951 
11 8 50 223 16012 
11 9 5 224 16012 
11 9 20 223 16012 
11 9 35 224 16012 
11 9 50 223 16012 
11 10 5 224 16012 
11 10 20 223 16012 
11 10 35 224 16012 
11 10 50 223 16012 
11 11 5 224 16012 
11 11 35 225 16012 
11 11 50 224 15951 
11 12 5 223 16012 
11 12 20 224 16012 
11 12 35 223 16012 
11 12 50 223 16012 
11 13 5 224 16012 
11 13 20 223 16012 
11 13 35 224 16012 
11 13 50 223 16012 
11 14 5 224 15951 
11 14 20 223 16012 
11 14 35 224 16012 
11 15 5 225 16012 
11 15 20 224 16012 
11 15 35 223 16012 
11 15 50 224 16012 
11 16 5 223 15951 
11 16 20 224 16012 
11 16 35 223 16012 
11 16 50 224 15951 
11 17 5 223 16012 
11 17 20 224 16012 
11 17 35 223 16012 
11 17 50 224 16012 
11 18 5 223 16012 
11 18 20 224 16012 
11 18 35 223 16012 
11 18 50 224 16012 
11 19 5 223 16012 
11 19 20 224 16012 
11 19 35 223 15951 
11 19 50 224 16012 
11 20 5 223 16012 
11 20 20 224 16012 
11 20 58 224 16012 
11 21 13 223 16012 
11 21 28 224 16012 
11 21 43 223 16012 
11 21 58 224 16012 
11 22 13 223 16012 
11 22 28 224 16012 
11 22 43 223 16012 
11 22 58 223 16012 
11 23 13 224 16012 
11 23 28 223 16012 
11 23 43 224 16012 
11 23 58 223 16012 
11 24 13 224 16012 
11 24 28 223 16012 
11 24 43 224 16012 
11 24 58 223 16012 
11 25 13 223 16012 
11 25 28 224 16012 
11 25 43 223 16012 
11 25 58 224 16012 
11 26 13 223 16012 
11 26 28 224 16012 
11 26 43 223 16012 
11 26 58 224 16012 
11 27 13 223 16012 
11 27 28 224 16012 
11 27 43 223 16012 
11 27 58 224 15951 
11 28 13 223 15951 
11 28 28 224 16012 
11 28 43 223 16012 
11 28 58 224 16012 
11 29 13 223 16012 
11 29 28 224 16012 
11 29 43 223 15951 
11 29 58 224 16012 
11 30 13 223 16012 
11 30 28 224 16012 
11 30 43 223 16012 
11 30 58 224 16012 
11 31 13 223 16012 
11 31 28 224 16012 
11 31 43 223 16012 
11 31 58 224 16012 
11 32 13 223 16012 
11 32 28 224 16012 
11 32 43 223 16012 
11 32 58 224 16012 
11 33 13 223 16012 
11 33 28 224 16012 
11 33 43 223 16012 
11 33 58 224 16012 
11 34 13 223 16012 
11 34 28 224 16012 
11 34 43 223 16012 
11 34 58 224 16012 
11 35 13 223 16012 
11 35 28 224 16012 
11 36 5 224 16012 
11 36 20 223 16012 
11 36 35 224 16012 
11 36 50 223 16012 
11 37 5 224 16012 
11 37 20 223 16012 
11 37 35 224 16012 
11 37 50 223 16012 
11 38 5 224 16012 
11 38 20 223 15951 
11 38 35 223 16012 
11 38 50 224 16012 
11 39 5 223 16012 
11 39 20 224 16012 
11 39 35 223 16012 
11 39 50 224 16012 
11 40 5 223 16012 
11 40 20 224 16012 
11 40 35 223 16012 
11 40 50 224 16012 
11 41 5 223 16012 
11 41 20 224 16012 
11 41 35 223 16012 
11 41 50 224 16012 
11 42 5 223 16012 
11 42 20 224 15951 
11 42 35 223 16012 
11 42 50 224 16012 
11 43 5 223 16012 
11 43 20 224 16012 
11 43 35 223 16012 
11 43 50 224 16012 
11 44 5 223 16012 
11 44 20 224 16012 
11 44 35 223 16012 
11 44 50 224 16012 
11 45 5 223 16012 
11 45 20 224 15951 
11 45 35 223 15951 
11 45 50 224 16012 
11 46 5 223 16012 
11 46 20 224 15951 
11 46 35 223 16012 
11 46 50 224 16012 
11 47 5 223 16012 
11 47 20 224 16012 
11 47 35 223 16012 
11 47 50 224 16012 
11 48 5 223 16012 
11 48 20 224 16012 
11 48 35 223 16012 
11 48 50 224 16012 
11 49 5 223 16012 
11 49 20 224 16012 
11 49 35 223 16012 
11 49 50 224 16012 
11 50 5 223 16012 
11 50 20 224 16012 
11 50 35 223 16012 
11 51 13 224 16012 
11 51 28 223 16012 
11 51 43 224 16012 
11 51 58 223 16012 
11 52 13 223 16012 
11 52 28 223 16012 
11 52 43 224 15951 
11 52 58 223 16012 
11 53 13 224 15951 
11 53 28 223 16012 
11 53 43 224 15951 
11 53 58 223 16012 
11 54 13 224 16012 
11 54 28 223 16012 
11 54 43 224 16012 
11 54 58 223 16012 
11 55 13 224 16012 
11 55 28 223 16012 
11 55 43 224 16012 
11 55 58 223 16012 
11 56 13 224 16012 
11 56 28 223 15951 
11 56 43 224 16012 
11 56 58 223 16012 
11 57 13 224 16012 
11 57 28 223 16012 
11 57 43 224 16012 
11 57 58 223 16012 
11 58 13 224 16012 
11 58 28 223 16012 
11 58 43 224 16012 
11 58 58 223 16012 
11 59 13 224 16012 
11 59 28 223 16012 
11 59 43 224 16012 
11 59 58 223 16012 
12 0 13 224 16012 
12 0 28 223 16012 
12 0 43 224 16012 
12 0 58 223 16012 
12 1 13 224 16012 
12 1 28 223 16012 
12 1 43 224 16012 
12 1 58 223 16012 
12 2 13 224 16012 
12 2 28 223 16012 
12 2 43 224 16012 
12 2 58 223 16012 
12 3 13 224 16012 
12 3 28 223 16012 
12 3 43 224 16012 
12 3 58 223 16012 
12 4 13 224 16012 
12 4 28 223 16012 
12 4 43 224 16012 
12 4 58 223 16012 
12 5 13 224 16012 
12 5 28 223 16012 
12 5 43 224 16012 
12 6 36 225 16012 
12 6 51 223 16012 
12 7 6 224 16012 
12 7 21 223 16012 
12 7 36 224 15951 
12 7 51 223 16012 
12 8 6 224 16012 
12 8 21 223 16012 
12 8 36 224 16012 
12 8 51 223 16012 
12 9 6 224 16012 
12 9 21 223 16012 
12 9 36 224 16012 
12 9 51 223 16012 
12 10 6 224 16012 
12 10 36 225 16012 
12 10 51 224 16012 
12 11 6 223 16012 
12 11 21 224 16012 
12 11 36 223 16012 
12 11 51 224 16012 
12 12 6 223 16012 
12 12 21 224 16012 
12 12 36 223 16012 
12 12 51 224 16012 
12 13 6 223 16012 
12 13 21 224 16012 
12 13 36 223 16012 
12 13 51 224 16012 
12 14 6 223 16012 
12 14 21 224 16012 
12 14 36 223 16012 
12 14 51 224 16012 
12 15 6 223 16012 
12 15 21 224 16012 
12 15 36 223 16012 
12 15 51 224 16012 
12 16 6 223 16012 
12 16 21 224 16012 
12 16 36 223 16012 
12 16 51 224 16012 
12 17 6 223 16012 
12 17 21 224 16012 
12 17 36 223 16012 
12 17 51 224 16012 
12 18 6 223 16012 
12 18 21 224 16012 
12 18 36 223 16012 
12 18 51 224 16012 
12 19 6 223 16012 
12 19 21 224 16012 
12 19 36 223 16012 
12 19 51 224 16012 
12 20 6 223 16012 
12 20 21 224 16012 
12 20 36 223 16012 
12 20 51 223 16012 
12 21 29 224 16012 
12 21 44 223 16012 
12 21 59 224 16012 
12 22 14 223 15951 
12 22 29 224 16012 
12 22 44 223 16012 
12 22 59 223 16012 
12 23 14 224 15951 
12 23 29 223 16012 
12 23 44 224 16012 
12 23 59 223 16012 
12 24 14 224 16012 
12 24 29 223 16012 
12 24 44 224 16012 
12 24 59 223 16012 
12 25 14 224 16012 
12 25 29 223 16012 
12 25 44 224 16012 
12 25 59 223 16012 
12 26 14 224 16012 
12 26 29 223 15951 
12 26 44 224 16012 
12 26 59 223 16012 
12 27 14 224 16012 
12 27 29 223 16012 
12 27 44 224 16012 
12 27 59 223 16012 
12 28 14 224 16012 
12 28 29 223 16012 
12 28 44 224 16012 
12 28 59 223 16012 
12 29 14 224 16012 
12 29 29 223 16012 
12 29 44 224 16012 
12 29 59 223 16012 
12 30 14 224 16012 
12 30 29 223 16012 
12 30 44 224 16012 
12 30 59 223 16012 
12 31 14 224 16012 
12 31 29 223 16012 
12 31 44 224 16012 
12 31 59 223 16012 
12 32 14 224 16012 
12 32 29 223 16012 
12 32 44 224 16012 
12 32 59 223 16012 
12 33 14 223 16012 
12 33 29 223 16012 
12 33 44 224 16012 
12 33 59 223 16012 
12 34 14 224 16012 
12 34 29 223 16012 
12 34 44 224 16012 
12 34 59 223 16012 
12 35 14 224 16012 
12 35 29 223 16012 
12 35 44 224 16012 
12 35 59 223 16012 
12 36 36 224 16012 
12 36 51 223 16012 
12 37 6 224 16012 
12 37 21 223 16012 
12 37 36 224 16012 
12 37 51 223 16012 
12 38 6 224 16012 
12 38 21 223 16012 
12 38 36 224 16012 
12 38 51 223 16012 
12 39 6 224 16012 
12 39 21 223 16012 
12 39 36 224 16012 
12 39 51 223 16012 
12 40 6 224 16012 
12 40 21 223 16012 
12 40 36 224 16012 
12 40 51 223 16012 
12 41 6 224 16012 
12 41 21 223 16012 
12 41 36 224 16012 
12 41 51 223 16012 
12 42 6 224 15951 
12 42 21 223 16012 
12 42 36 224 16012 
12 42 51 223 16012 
12 43 6 224 16012 
12 43 21 223 16012 
12 43 36 224 16012 
12 43 51 223 16012 
12 44 6 224 16012 
12 44 21 223 16012 
12 44 36 224 16012 
12 44 51 223 16012 
12 45 6 224 16012 
12 45 21 223 16012 
12 45 36 224 16012 
12 45 51 223 16012 
12 46 6 224 16012 
12 46 36 225 16012 
12 46 51 223 16012 
12 47 6 224 16012 
12 47 21 223 16012 
12 47 36 224 16012 
12 47 51 223 16012 
12 48 6 224 16012 
12 48 21 223 16012 
12 48 36 224 16012 
12 48 51 223 16012 
12 49 6 224 16012 
12 49 21 223 16012 
12 49 36 224 16012 
12 49 51 223 16012 
12 50 6 224 16012 
12 50 21 223 16012 
12 50 36 224 16012 
12 50 51 223 16012 
12 51 6 224 16012 
12 51 44 224 16012 
12 51 59 224 16012 
12 52 14 223 16012 
12 52 29 224 16012 
12 52 44 223 16012 
12 52 59 223 16012 
12 53 14 224 16012 
12 53 29 223 16012 
12 53 44 224 16012 
12 53 59 223 16012 
12 54 14 224 16012 
12 54 29 223 16012 
12 54 44 224 16012 
12 54 59 223 16012 
12 55 14 224 16012 
12 55 29 223 16012 
12 55 44 224 16012 
12 55 59 223 16012 
12 56 14 224 16012 
12 56 29 223 16012 
12 56 44 224 16012 
12 56 59 223 16012 
12 57 14 224 16012 
12 57 29 223 16012 
12 57 44 224 16012 
12 57 59 223 16012 
12 58 14 224 16012 
12 58 29 223 16012 
12 58 44 224 16012 
12 58 59 223 16012 
12 59 14 224 16012 
12 59 29 223 16012 
12 59 44 223 16012 
12 59 59 224 15951 
13 0 14 223 16012 
13 0 29 224 16012 
13 0 44 223 16012 
13 0 59 224 16012 
13 1 14 223 16012 
13 1 29 224 16012 
13 1 44 223 16012 
13 1 59 224 16012 
13 2 14 223 16012 
13 2 29 224 16012 
13 2 44 223 16012 
13 2 59 224 16012 
13 3 14 223 16012 
13 3 29 224 16012 
13 3 44 223 16012 
13 3 59 224 16012 
13 4 14 223 16012 
13 4 29 224 16012 
13 4 44 223 16012 
13 4 59 224 16012 
13 5 14 223 16012 
13 5 29 224 16012 
13 5 44 223 16012 
13 5 59 224 16012 
13 6 14 223 16012 
13 6 51 224 16012 
13 7 6 223 16012 
13 7 21 223 16012 
13 7 36 224 16012 
13 7 51 223 16012 
13 8 6 224 16012 
13 8 21 223 16012 
13 8 36 224 16012 
13 8 51 223 16012 
13 9 6 224 16012 
13 9 21 223 16012 
13 9 36 224 16012 
13 9 51 223 16012 
13 10 6 224 16012 
13 10 21 223 16012 
13 10 36 224 16012 
13 10 51 223 16012 
13 11 6 224 16012 
13 11 21 223 16012 
13 11 36 224 16012 
13 11 51 223 16012 
13 12 21 225 16012 
13 12 36 224 16012 
13 12 51 223 16012 
13 13 6 223 16012 
13 13 21 224 16012 
13 13 36 223 16012 
13 13 51 224 16012 
13 14 6 223 16012 
13 14 21 224 16012 
13 14 36 223 16012 
13 14 51 224 16012 
13 15 6 223 16012 
13 15 21 224 16012 
13 15 36 223 16012 
13 15 51 224 16012 
13 16 6 223 16012 
13 16 21 224 16012 
13 16 36 223 16012 
13 16 51 224 16012 
13 17 6 223 16012 
13 17 21 224 16012 
13 17 51 225 16012 
13 18 6 224 16012 
13 18 21 223 16012 
13 18 36 224 16012 
13 18 51 223 16012 
13 19 6 224 16012 
13 19 21 223 16012 
13 19 36 224 16012 
13 19 51 223 16012 
13 20 6 224 16012 
13 20 21 223 16012 
13 20 36 224 16012 
13 20 51 223 16012 
13 21 6 224 16012 
13 21 21 223 16012 
13 21 59 224 16012 
13 22 14 224 16012 
13 22 29 223 16012 
13 22 44 224 16012 
13 22 59 223 16012 
13 23 14 224 16012 
13 23 29 223 16012 
13 23 44 223 16012 
13 23 59 224 16012 
13 24 14 223 16012 
13 24 29 224 16012 
13 24 44 223 16012 
13 24 59 224 16012 
13 25 14 223 16012 
13 25 29 224 16012 
13 25 44 223 16012 
13 25 59 223 16012 
13 26 14 224 16012 
13 26 29 223 16012 
13 26 44 224 16012 
13 26 59 223 16012 
13 27 14 224 16012 
13 27 29 223 16012 
13 27 44 224 16012 
13 27 59 223 16012 
13 28 14 224 16012 
13 28 29 223 16012 
13 28 44 224 16012 
13 28 59 223 16012 
13 29 14 224 16012 
13 29 29 223 16012 
13 29 44 224 16012 
13 29 59 223 16012 
13 30 14 224 16012 
13 30 29 223 16012 
13 30 44 224 16012 
13 30 59 223 16012 
13 31 14 224 16012 
13 31 29 223 16012 
13 31 44 224 16012 
13 31 59 223 16012 
13 32 14 224 16012 
13 32 29 223 16012 
13 32 44 224 16012 
13 32 59 223 16012 
13 33 14 224 16012 
13 33 29 223 16012 
13 33 44 224 16012 
13 33 59 223 16012 
13 34 14 224 16012 
13 34 29 223 16012 
13 34 44 224 16012 
13 34 59 223 16012 
13 35 14 224 16012 
13 35 29 223 16012 
13 35 44 224 16012 
13 35 59 223 16012 
13 36 14 224 16012 
13 36 29 223 16012 
13 37 6 224 16012 
13 37 21 223 16012 
13 37 36 223 16012 
13 38 6 225 16012 
13 38 21 224 16012 
13 38 36 223 16012 
13 38 51 224 16012 
13 39 6 223 16012 
13 39 21 223 16012 
13 39 36 224 16012 
13 39 51 223 16012 
13 40 6 224 16012 
13 40 21 223 16012 
13 40 36 224 16012 
13 40 51 223 16012 
13 41 6 224 16012 
13 41 21 223 16012 
13 41 36 224 16012 
13 41 51 223 16012 
13 42 6 224 16012 
13 42 21 223 16012 
13 42 36 224 16012 
13 42 51 223 16012 
13 43 6 224 16012 
13 43 21 223 16012 
13 43 36 224 16012 
13 43 51 223 16012 
13 44 6 224 16012 
13 44 21 223 16012 
13 44 36 224 16012 
13 44 51 223 16012 
13 45 6 224 16012 
13 45 21 223 16012 
13 45 36 224 16012 
13 45 51 223 16012 
13 46 6 224 16012 
13 46 21 223 16012 
13 46 36 224 16012 
13 46 51 223 16012 
13 47 6 224 16012 
13 47 21 223 16012 
13 47 36 224 16012 
13 47 51 223 16012 
13 48 6 224 16012 
13 48 21 223 16012 
13 48 36 224 16012 
13 48 51 223 16012 
13 49 7 224 16012 
13 49 21 223 16012 
13 49 37 224 16012 
13 49 51 223 16012 
13 50 7 224 16012 
13 50 21 223 16012 
13 50 37 224 16012 
13 50 51 223 16012 
13 51 7 224 16012 
13 51 21 223 16012 
13 51 37 224 16012 
13 52 30 224 16012 
13 52 44 223 16012 
13 53 0 224 16012 
13 53 14 223 16012 
13 53 30 224 16012 
13 53 45 223 16012 
13 53 59 223 16012 
13 54 15 224 16012 
13 54 29 223 16012 
13 54 45 224 16012 
13 54 59 223 16012 
13 55 15 224 16012 
13 55 29 223 16012 
13 55 45 224 16012 
13 55 59 223 16012 
13 56 15 224 16012 
13 56 44 225 16012 
13 57 0 224 16012 
13 57 15 223 16012 
13 57 30 224 16012 
13 57 45 223 16012 
13 58 0 224 16012 
13 58 15 223 16012 
13 58 30 224 16012 
13 58 45 223 16012 
13 59 0 224 16012 
13 59 15 223 16012 
13 59 30 224 16012 
13 59 45 223 16012 
14 0 0 224 16012 
14 0 15 223 16012 
14 0 30 224 16012 
14 0 45 223 16012 
14 1 0 224 16012 
14 1 15 223 16012 
14 1 30 224 16012 
14 1 45 223 16012 
14 2 0 224 16012 
14 2 15 223 16012 
14 2 30 224 16012 
14 2 45 223 16012 
14 3 0 224 16012 
14 3 15 223 16012 
14 3 30 224 16012 
14 3 45 223 16012 
14 4 0 224 16012 
14 4 15 223 16012 
14 4 30 224 16012 
14 4 45 223 16012 
14 5 0 224 16012 
14 5 15 223 16012 
14 5 30 224 16012 
14 5 45 223 16012 
14 6 0 224 16012 
14 6 15 223 16012 
14 6 30 224 16012 
14 6 45 223 16012 
14 7 23 224 16012 
14 7 38 223 16012 
14 7 53 224 16012 
14 8 8 223 16012 
14 8 23 224 16012 
14 8 38 223 16012 
14 8 53 224 16012 
14 9 8 223 16012 
14 9 23 224 16012 
14 9 38 223 16012 
14 9 53 224 16012 
14 10 8 223 16012 
14 10 23 224 16012 
14 10 38 223 16012 
14 10 53 224 16012 
14 11 8 223 16012 
14 11 23 224 16012 
14 11 38 223 16012 
14 11 53 224 16012 
14 12 8 223 16012 
14 12 23 224 16012 
14 12 38 223 16012 
14 12 53 224 16012 
14 13 23 225 16012 
14 13 38 224 16012 
14 13 53 223 16012 
14 14 8 224 16012 
14 14 23 223 16012 
14 14 38 224 16012 
14 14 53 223 16012 
14 15 8 224 16012 
14 15 23 223 16012 
14 15 38 224 16012 
14 15 53 223 16012 
14 16 8 224 16012 
14 16 23 223 16012 
14 16 38 224 16012 
14 16 53 223 16012 
14 17 8 224 16012 
14 17 23 223 16012 
14 17 38 224 16012 
14 17 53 223 16012 
14 18 8 224 16012 
14 18 23 223 16012 
14 18 38 224 16012 
14 19 8 225 16012 
14 19 23 224 16012 
14 19 38 223 16012 
14 19 53 224 16012 
14 20 8 223 16012 
14 20 23 224 16012 
14 20 38 223 16012 
14 20 53 224 16012 
14 21 8 223 16012 
14 21 23 224 16012 
14 21 38 223 16012 
14 21 53 223 16012 
14 22 31 224 16012 
14 22 46 224 16012 
14 23 16 225 16012 
14 23 31 224 16012 
14 23 46 223 16012 
14 24 1 224 16012 
14 24 16 223 16012 
14 24 31 223 16012 
14 24 46 224 16012 
14 25 1 223 16012 
14 25 16 224 16012 
14 25 31 223 16012 
14 25 46 224 16012 
14 26 1 223 16012 
14 26 16 224 16012 
14 26 31 223 16012 
14 26 46 224 16012 
14 27 1 223 16012 
14 27 16 224 16012 
14 27 31 223 16012 
14 27 46 224 16012 
14 28 1 223 16012 
14 28 16 224 16012 
14 28 31 223 16012 
14 28 46 224 16012 
14 29 1 223 16012 
14 29 16 224 16012 
14 29 31 223 16012 
14 29 46 224 16012 
14 30 1 223 16012 
14 30 16 224 16012 
14 30 31 223 16012 
14 30 46 224 16012 
14 31 1 223 16012 
14 31 16 224 16012 
14 31 31 223 16012 
14 31 46 224 16012 
14 32 1 223 16012 
14 32 16 224 16012 
14 32 31 223 16012 
14 32 46 224 16012 
14 33 1 223 16012 
14 33 16 224 16012 
14 33 31 223 16012 
14 33 46 224 16012 
14 34 1 223 16012 
14 34 16 224 16012 
14 34 31 223 16012 
14 34 46 223 16012 
14 35 1 224 16012 
14 35 16 223 16012 
14 35 31 224 16012 
14 35 46 223 16012 
14 36 1 224 16012 
14 36 16 223 16012 
14 36 31 224 16012 
14 36 46 223 16012 
14 37 16 225 16012 
14 37 53 224 16012 
14 38 8 223 16012 
14 38 23 223 16012 
14 38 38 224 16012 
14 38 53 223 16012 
14 39 8 224 16012 
14 39 23 223 16012 
14 39 38 224 16012 
14 39 53 223 16012 
14 40 8 224 16012 
14 40 23 223 16012 
14 40 38 224 16012 
14 40 53 223 16012 
14 41 8 224 16012 
14 41 23 223 16012 
14 41 53 225 16012 
14 42 8 224 16012 
14 42 23 223 16012 
14 42 38 224 16012 
14 42 53 223 16012 
14 43 8 224 16012 
14 43 23 223 16012 
14 43 38 224 16012 
14 44 8 225 16012 
14 44 23 224 16012 
14 44 38 223 16012 
14 44 53 224 16012 
14 45 8 223 16012 
14 45 23 224 16012 
14 45 38 223 16012 
14 45 53 224 16012 
14 46 8 223 16012 
14 46 23 224 16012 
14 46 38 223 16012 
14 46 53 224 16012 
14 47 8 223 16012 
14 47 23 224 16012 
14 47 38 223 16012 
14 47 53 224 16012 
14 48 8 223 16012 
14 48 23 223 16012 
14 48 38 224 16012 
14 48 53 223 16012 
14 49 8 224 16012 
14 49 23 223 16012 
14 49 38 224 16012 
14 49 53 223 16012 
14 50 8 224 16012 
14 50 23 223 16012 
14 50 38 224 16012 
14 50 53 223 16012 
14 51 8 224 16012 
14 51 23 223 16012 
14 51 38 224 16012 
14 51 53 223 16012 
14 52 8 224 16012 
14 52 51 224 16012 
14 53 6 223 16012 
14 53 21 224 16012 
14 53 36 223 16012 
14 53 51 224 16012 
14 54 6 223 16012 
14 54 21 224 16012 
14 54 36 223 16012 
14 54 51 223 16012 
14 55 6 224 16012 
14 55 21 223 16012 
14 55 36 224 16012 
14 55 51 223 16012 
14 56 6 224 16012 
14 56 21 223 16012 
14 56 36 224 16012 
14 56 51 223 16012 
14 57 6 224 16012 
14 57 21 223 16012 
14 57 36 224 16012 
14 57 51 223 16012 
14 58 6 224 16012 
14 58 21 223 16012 
14 58 36 224 16012 
14 58 51 223 16012 
14 59 6 224 16012 
14 59 21 223 16012 
14 59 36 224 16012 
14 59 51 223 16012 
15 0 6 224 16012 
15 0 21 223 16012 
15 0 36 223 16012 
15 0 51 223 16012 
15 1 6 224 16012 
15 1 21 223 16012 
15 1 36 224 16012 
15 1 51 223 16012 
15 2 6 224 16012 
15 2 21 223 16012 
15 2 36 224 16012 
15 2 51 223 16012 
15 3 6 224 16012 
15 3 21 223 16012 
15 3 36 224 16012 
15 3 51 223 16012 
15 4 6 224 16012 
15 4 21 223 16012 
15 4 36 224 16012 
15 4 51 223 16012 
15 5 6 224 16012 
15 5 21 223 16012 
15 5 36 224 16012 
15 5 51 223 16012 
15 6 6 224 16012 
15 6 21 223 16012 
15 6 36 224 16012 
15 6 51 223 16012 
15 7 6 224 16012 
15 7 21 223 16012 
15 8 4 224 16012 
15 8 19 223 16012 
15 8 34 224 16012 
15 8 49 223 16012 
15 9 4 224 16012 
15 9 19 223 16012 
15 9 34 224 16012 
15 9 49 223 16012 
15 10 4 224 16012 
15 10 19 223 16012 
15 10 34 224 16012 
15 10 49 223 16012 
15 11 4 224 16012 
15 11 19 223 16012 
15 11 34 224 16012 
15 11 49 223 16012 
15 12 4 224 16012 
15 12 19 223 16012 
15 12 34 224 16012 
15 12 49 223 16012 
15 13 4 224 16012 
15 13 19 223 16012 
15 13 34 224 16012 
15 13 49 223 16012 
15 14 4 223 16012 
15 14 19 224 16012 
15 14 34 223 16012 
15 14 49 224 16012 
15 15 4 223 16012 
15 15 19 224 16012 
15 15 34 223 16012 
15 15 49 224 16012 
15 16 4 223 16012 
15 16 19 224 16012 
15 16 34 223 16012 
15 16 49 224 16012 
15 17 4 223 16012 
15 17 19 224 16012 
15 17 34 223 16012 
15 17 49 224 16012 
15 18 4 223 16012 
15 18 19 224 16012 
15 18 34 223 16012 
15 18 49 224 16012 
15 19 4 223 16012 
15 19 19 224 16012 
15 19 34 223 16012 
15 19 49 224 16012 
15 20 4 223 16012 
15 20 19 224 16012 
15 20 34 223 16012 
15 20 49 224 16012 
15 21 4 223 16012 
15 21 19 224 16012 
15 21 34 223 16012 
15 21 49 224 16012 
15 22 4 223 16012 
15 22 19 224 16012 
15 22 34 223 16012 
15 23 16 224 16012 
15 23 31 223 16012 
15 23 46 224 16012 
15 24 1 223 16012 
15 24 16 223 16012 
15 24 31 224 16012 
15 24 46 223 16012 
15 25 1 224 16012 
15 25 16 223 16012 
15 25 31 224 16012 
15 25 46 223 16012 
15 26 1 224 16012 
15 26 16 223 16012 
15 26 31 224 16012 
15 26 46 223 16012 
15 27 1 223 16012 
15 27 16 224 16012 
15 27 31 223 16012 
15 27 46 224 16012 
15 28 1 223 16012 
15 28 16 224 16012 
15 28 31 223 16012 
15 28 46 224 16012 
15 29 1 223 16012 
15 29 16 224 16012 
15 29 31 223 16012 
15 29 46 224 16012 
15 30 1 223 16012 
15 30 16 224 16012 
15 30 31 223 16012 
15 30 46 224 16012 
15 31 1 223 16012 
15 31 16 224 16012 
15 31 46 225 16012 
15 32 16 225 16012 
15 32 31 224 16012 
15 32 46 223 16012 
15 33 1 224 16012 
15 33 16 223 16012 
15 33 46 225 16012 
15 34 1 224 16012 
15 34 16 223 16012 
15 34 31 224 16012 
15 34 46 223 16012 
15 35 1 224 16012 
15 35 16 223 16012 
15 35 31 224 16012 
15 35 46 223 16012 
15 36 1 224 16012 
15 36 16 223 16012 
15 36 31 224 16012 
15 36 46 223 16012 
15 37 1 224 16012 
15 37 16 223 16012 
15 37 31 224 16012 
15 37 46 223 16012 
15 38 29 224 16012 
15 38 44 223 16012 
15 38 59 223 16012 
15 39 14 224 16012 
15 39 29 223 16012 
15 39 44 224 16012 
15 39 59 223 16012 
15 40 14 223 16012 
15 40 29 223 16012 
15 40 44 224 16012 
15 40 59 223 16012 
15 41 14 224 16012 
15 41 29 223 16012 
15 41 44 224 16012 
15 41 59 223 16012 
15 42 14 224 16012 
15 42 29 223 16012 
15 42 44 224 15951 

