

/> 
read_ramp 01311117
<CR>Time:2021/01/31 15:51Ramp data first polarity: 
244 244 244 244 244 245 244 244 243 244 244 244 244 244 244 245 245 244 243 244 244 244 244 244 243 244 244 244 244 245 244 244 244 244 243 244 243 244 244 245 245 244 244 244 244 244 245 244 244 243 244 244 245 244 244 244 244 244 243 244 244 244 245 245 241 246 250 251 252 255 256 257 259 261 264 265 267 268 270 270 272 275 275 277 278 280 282 283 284 286 287 289 291 292 293 295 296 298 300 301 303 304 305 306 308 309 310 313 314 316 318 319 321 322 323 325 326 328 329 330 332 333 335 337 339 340 341 342 343 346 346 348 350 351 354 354 356 357 359 360 362 363 364 366 367 370 370 372 373 375 376 377 379 380 381 383 386 387 388 389 390 392 394 395 396 398 399 401 402 404 406 407 408 409 410 412 414 415 416 418 419 421 423 424 425 426 427 429 431 432 433 434 436 438 440 441 442 443 443 446 447 448 449 452 454 454 456 457 459 460 462 463 464 465 466 468 469 471 472 473 475 476 477 479 480 482 483 484 486 487 489 490 491 492 494 495 496 497 499 499 502 503 504 504 505 505 506 506 507 507 5[Warning: Maximal number of bytes per line exceeded! Check the EOL (end-of-line) settings or increase the limit in the advanced terminal settings.]
read 0131
<CR>Time:2021/01/31 15:51
Hours Minutes Seconds  Nb_Samples    Aver. Current 
8 59 15 224 16073 
8 59 30 223 16012 
8 59 45 223 16012 
9 0 0 224 16012 
9 0 15 223 16012 
9 1 1 224 16012 
9 1 16 223 16012 
9 1 31 224 16012 
9 1 46 223 16012 
9 2 1 224 16012 
9 2 16 223 16012 
9 2 31 224 16012 
9 2 46 223 16012 
9 3 1 224 16012 
9 3 16 223 16012 
9 3 31 224 16012 
9 3 46 223 16012 
9 4 1 224 16012 
9 4 16 223 16012 
9 4 31 224 16012 
9 4 46 223 16012 
9 5 1 224 16012 
9 5 16 223 16012 
9 5 31 224 16012 
9 5 46 223 16012 
9 6 1 224 16012 
9 6 16 223 16012 
9 6 31 224 16012 
9 6 46 223 16012 
9 7 1 224 16012 
9 7 16 223 16012 
9 7 31 224 16012 
9 7 46 223 16012 
9 8 1 224 16012 
9 8 16 223 16012 
9 8 31 224 16012 
9 8 46 223 16012 
9 9 1 224 16012 
9 9 16 223 16012 
9 9 31 224 16012 
9 9 46 223 16012 
9 10 1 224 16012 
9 10 16 223 16012 
9 10 31 223 16012 
9 10 46 224 16012 
9 11 1 223 16012 
9 11 16 224 16012 
9 11 31 223 16012 
9 11 46 224 16012 
9 12 1 223 16012 
9 12 16 224 16012 
9 12 31 223 16012 
9 12 46 224 16012 
9 13 1 223 16012 
9 13 16 224 16012 
9 13 31 223 16012 
9 13 46 224 16012 
9 14 1 223 16012 
9 14 16 224 16012 
9 14 31 223 16012 
9 14 46 224 16012 
9 15 1 223 16012 
9 15 16 223 16012 
9 15 31 224 16012 
9 16 14 224 16012 
9 16 29 223 16012 
9 16 44 224 16012 
9 16 59 223 16012 
9 17 14 224 16012 
9 17 29 223 16012 
9 17 44 224 16012 
9 17 59 223 16012 
9 18 14 224 16012 
9 18 29 223 16012 
9 18 44 224 16012 
9 18 59 223 16012 
9 19 14 224 16012 
9 19 29 223 16012 
9 19 44 224 16012 
9 19 59 223 16012 
9 20 14 224 16012 
9 20 29 223 16012 
9 20 44 224 16012 
9 20 59 223 16012 
9 21 14 224 16012 
9 21 29 223 16012 
9 21 45 224 16012 
9 21 59 223 16012 
9 22 15 224 16012 
9 22 29 223 16012 
9 22 45 224 16012 
9 22 59 223 16012 
9 23 15 224 16012 
9 23 29 223 16012 
9 23 44 223 16012 
9 24 0 224 16012 
9 24 14 223 16012 
9 24 30 224 16012 
9 24 44 223 16012 
9 25 0 224 16012 
9 25 14 223 16012 
9 25 30 224 16012 
9 25 44 223 16012 
9 26 0 224 16012 
9 26 14 223 16012 
9 26 30 224 16012 
9 26 44 223 16012 
9 27 0 224 16012 
9 27 14 223 16012 
9 27 30 224 16012 
9 27 44 223 16012 
9 28 0 224 16012 
9 28 14 223 16012 
9 28 30 224 16012 
9 28 44 223 16012 
9 29 0 224 16012 
9 29 14 223 16012 
9 29 30 224 16012 
9 29 44 223 16012 
9 30 0 224 16012 
9 30 15 223 16012 
9 30 30 224 16012 
9 30 45 223 16012 
9 31 28 224 15951 
9 31 43 223 16012 
9 31 58 224 16012 
9 32 13 223 16012 
9 32 28 224 16012 
9 32 43 223 16012 
9 32 58 224 16012 
9 33 13 223 16012 
9 33 28 224 16012 
9 33 43 223 16012 
9 33 58 224 16012 
9 34 13 223 16012 
9 34 28 224 16012 
9 34 43 223 16012 
9 34 58 224 16012 
9 35 13 223 16012 
9 35 28 224 16012 
9 35 43 223 16012 
9 35 58 224 16012 
9 36 13 223 16012 
9 36 28 224 16012 
9 36 43 223 16012 
9 36 58 223 16012 
9 37 13 224 16012 
9 37 28 223 16012 
9 37 43 224 16012 
9 37 58 223 16012 
9 38 13 224 16012 
9 38 28 223 16012 
9 38 43 224 16012 
9 38 58 223 16012 
9 39 13 224 16012 
9 39 28 223 16012 
9 39 43 224 16012 
9 39 58 223 16012 
9 40 13 224 16012 
9 40 28 223 16012 
9 40 43 224 16012 
9 40 58 223 16012 
9 41 13 224 16012 
9 41 28 223 16012 
9 41 42 223 16012 
9 41 58 224 16012 
9 42 12 223 16012 
9 42 28 224 16012 
9 42 43 223 16012 
9 42 58 224 16012 
9 43 13 223 16012 
9 43 28 224 16012 
9 43 43 223 16012 
9 43 58 224 16012 
9 44 13 223 16012 
9 44 28 224 16012 
9 44 43 223 16012 
9 44 58 224 16012 
9 45 13 223 16012 
9 45 28 224 16012 
9 45 43 223 16012 
9 45 58 224 16012 
9 46 41 224 16012 
9 46 56 223 16012 
9 47 11 224 16012 
9 47 26 223 16012 
9 47 41 223 16012 
9 47 56 224 16012 
9 48 11 223 16012 
9 48 26 224 16012 
9 48 41 223 16012 
9 48 56 224 16012 
9 49 11 223 16012 
9 49 26 224 16012 
9 49 41 223 16012 
9 49 56 224 16012 
9 50 11 223 16012 
9 50 26 223 16012 
9 50 41 224 16012 
9 50 56 223 16012 
9 51 11 224 16012 
9 51 26 223 16012 
9 51 41 224 16012 
9 51 56 223 16012 
9 52 11 224 16012 
9 52 26 223 16012 
9 52 41 224 16012 
9 52 56 223 16012 
9 53 11 224 16012 
9 53 26 223 16012 
9 53 41 224 16012 
9 53 56 223 16012 
9 54 11 224 16012 
9 54 26 223 16012 
9 54 41 224 16012 
9 54 56 223 16012 
9 55 11 224 16012 
9 55 26 223 16012 
9 55 41 224 16012 
9 55 56 223 16012 
9 56 11 224 16012 
9 56 26 223 16012 
9 56 41 224 16012 
9 56 56 223 16012 
9 57 11 224 16012 
9 57 26 223 16012 
9 57 41 224 16012 
9 57 56 223 16012 
9 58 11 224 16012 
9 58 26 223 16012 
9 58 41 224 16012 
9 58 56 223 16012 
9 59 11 224 16012 
9 59 26 223 16012 
9 59 41 224 16012 
9 59 56 223 16012 
10 0 11 224 16012 
10 0 26 223 16012 
10 0 41 224 16012 
10 0 56 223 16012 
10 1 11 224 16012 
10 1 54 224 15951 
10 2 9 223 16012 
10 2 24 224 16012 
10 2 39 223 16012 
10 2 54 224 16012 
10 3 9 223 16012 
10 3 24 223 16012 
10 3 39 224 16012 
10 3 54 223 16012 
10 4 9 224 16012 
10 4 24 223 16012 
10 4 39 224 16012 
10 4 54 223 16012 
10 5 9 224 16012 
10 5 24 223 16012 
10 5 39 224 16012 
10 5 54 223 16012 
10 6 9 224 16012 
10 6 24 223 16012 
10 6 39 224 16012 
10 6 54 223 16012 
10 7 9 224 16012 
10 7 24 223 16012 
10 7 39 224 16012 
10 7 54 223 16012 
10 8 9 224 16012 
10 8 24 223 16012 
10 8 39 224 16012 
10 8 54 223 16012 
10 9 9 224 16012 
10 9 24 223 16012 
10 9 39 224 16012 
10 9 54 223 16012 
10 10 9 224 16012 
10 10 24 223 16012 
10 10 39 224 16012 
10 10 54 223 16012 
10 11 9 224 16012 
10 11 24 223 16012 
10 11 39 224 16012 
10 11 54 223 16012 
10 12 9 224 16012 
10 12 24 223 16012 
10 12 39 224 16012 
10 12 54 223 16012 
10 13 9 224 16012 
10 13 24 223 16012 
10 13 39 224 16012 
10 13 54 223 16012 
10 14 9 224 16012 
10 14 24 223 16012 
10 14 39 224 16012 
10 14 54 223 16012 
10 15 9 224 16012 
10 15 24 223 16012 
10 15 39 224 16012 
10 15 54 223 16012 
10 16 9 224 16012 
10 16 24 223 16012 
10 17 7 224 15890 
10 17 22 224 16012 
10 17 37 223 16012 
10 17 52 224 16012 
10 18 7 223 16012 
10 18 22 223 16012 
10 18 37 224 16012 
10 18 52 223 16012 
10 19 7 224 16012 
10 19 22 223 16012 
10 19 37 224 16012 
10 19 52 223 16012 
10 20 7 224 16012 
10 20 22 223 16012 
10 20 37 224 16012 
10 20 52 223 16012 
10 21 7 224 16012 
10 21 22 223 16012 
10 21 37 224 16012 
10 21 52 223 16012 
10 22 7 224 16012 
10 22 22 223 16012 
10 22 52 225 16012 
10 23 7 224 16012 
10 23 22 223 16012 
10 23 37 224 16012 
10 23 52 223 16012 
10 24 7 224 16012 
10 24 22 223 16012 
10 24 37 224 16012 
10 25 7 225 16012 
10 25 22 224 16012 
10 25 37 223 16012 
10 25 52 224 16012 
10 26 7 223 16012 
10 26 22 224 16012 
10 26 37 223 16012 
10 26 52 224 16012 
10 27 7 223 16012 
10 27 22 224 16012 
10 27 37 223 16012 
10 27 52 224 16012 
10 28 7 223 16012 
10 28 22 224 16012 
10 28 37 223 16012 
10 28 52 224 16012 
10 29 7 223 16012 
10 29 22 224 16012 
10 29 37 223 16012 
10 29 52 224 16012 
10 30 7 223 16012 
10 30 22 224 16012 
10 30 37 223 16012 
10 30 52 224 16012 
10 31 7 223 16012 
10 31 22 224 16012 
10 31 37 223 16012 
10 32 20 224 16012 
10 32 35 223 16012 
10 32 50 223 16012 
10 33 5 224 16012 
10 33 20 223 16012 
10 33 35 224 16012 
10 33 50 223 16012 
10 34 5 224 16012 
10 34 20 223 16012 
10 34 35 224 16012 
10 34 50 223 16012 
10 35 5 224 16012 
10 35 20 223 16012 
10 35 35 224 16012 
10 35 50 223 16012 
10 36 5 224 16012 
10 36 20 223 16012 
10 36 35 224 16012 
10 36 50 223 16012 
10 37 5 224 16012 
10 37 20 223 16012 
10 37 35 224 16012 
10 37 50 223 16012 
10 38 5 224 16012 
10 38 20 223 16012 
10 38 35 224 16012 
10 38 50 223 16012 
10 39 5 224 16012 
10 39 20 223 16012 
10 39 35 224 16012 
10 39 50 223 16012 
10 40 5 224 16012 
10 40 20 223 16012 
10 40 35 224 16012 
10 40 50 223 16012 
10 41 5 224 16012 
10 41 20 223 16012 
10 41 35 224 16012 
10 41 50 223 16012 
10 42 5 224 16012 
10 42 20 223 16012 
10 42 35 224 16012 
10 42 50 223 16012 
10 43 5 224 16012 
10 43 20 223 16012 
10 43 35 224 16012 
10 43 50 223 16012 
10 44 5 224 16012 
10 44 20 223 16012 
10 44 35 224 16012 
10 44 50 223 16012 
10 45 5 224 16012 
10 45 20 223 16012 
10 45 35 223 16012 
10 45 50 223 16012 
10 46 5 224 16012 
10 46 20 223 16012 
10 46 35 224 16012 
10 46 50 223 16012 
10 47 32 224 15951 
10 47 47 224 16012 
10 48 2 223 16012 
10 48 17 224 16012 
10 48 47 225 16012 
10 49 2 224 16012 
10 49 17 223 16012 
10 49 32 224 16012 
10 49 47 223 16012 
10 50 2 224 16012 
10 50 17 223 16012 
10 50 32 224 16012 
10 50 47 223 16012 
10 51 2 224 16012 
10 51 17 223 16012 
10 51 32 224 16012 
10 51 47 223 16012 
10 52 2 224 16012 
10 52 17 223 16012 
10 52 32 224 16012 
10 52 47 223 16012 
10 53 2 224 16012 
10 53 17 223 16012 
10 53 32 224 16012 
10 53 47 223 16012 
10 54 2 224 16012 
10 54 17 223 16012 
10 54 32 224 16012 
10 54 47 223 16012 
10 55 2 224 16012 
10 55 17 223 16012 
10 55 32 224 16012 
10 55 47 223 16012 
10 56 2 224 16012 
10 56 17 223 16012 
10 56 32 224 16012 
10 56 47 223 16012 
10 57 2 224 16012 
10 57 17 223 16012 
10 57 32 224 16012 
10 57 47 223 16012 
10 58 2 224 16012 
10 58 17 223 16012 
10 58 32 224 16012 
10 58 47 223 16012 
10 59 2 223 16012 
10 59 17 224 16012 
10 59 32 223 16012 
10 59 47 224 16012 
11 0 2 223 16012 
11 0 17 224 16012 
11 0 32 223 16012 
11 0 47 224 16012 
11 1 2 223 16012 
11 1 17 224 16012 
11 1 32 223 16012 
11 1 47 224 16012 
11 2 2 223 16012 
11 2 45 224 15951 
11 3 0 223 16012 
11 3 15 224 16012 
11 3 30 223 16012 
11 3 45 224 16012 
11 4 0 223 16012 
11 4 15 224 16012 
11 4 30 223 16012 
11 4 45 224 16012 
11 5 0 223 16012 
11 5 15 224 16012 
11 5 30 223 16012 
11 5 45 224 16012 
11 6 0 223 16012 
11 6 15 224 16012 
11 6 30 223 16012 
11 6 45 224 16012 
11 7 0 223 16012 
11 7 15 224 16012 
11 7 30 223 16012 
11 7 45 224 16012 
11 8 0 223 16012 
11 8 15 224 16012 
11 8 30 223 16012 
11 8 45 224 16012 
11 9 0 223 16012 
11 9 15 224 16012 
11 9 30 223 16012 
11 9 45 224 16012 
11 10 0 223 16012 
11 10 15 224 16012 
11 10 30 223 16012 
11 10 45 224 16012 
11 11 0 223 16012 
11 11 15 224 16012 
11 11 30 223 16012 
11 11 45 224 16012 
11 12 0 223 16012 
11 12 15 223 16012 
11 12 30 224 16012 
11 12 45 223 16012 
11 13 0 224 16012 
11 13 15 223 16012 
11 13 30 224 16012 
11 13 45 223 16012 
11 14 0 224 16012 
11 14 15 223 16012 
11 14 30 224 16012 
11 14 45 223 16012 
11 15 15 225 16012 
11 15 30 224 16012 
11 15 45 223 16012 
11 16 0 224 16012 
11 16 15 223 16012 
11 16 30 224 16012 
11 16 45 223 16012 
11 17 0 224 16012 
11 17 15 223 16012 
11 17 58 224 15951 
11 18 13 224 16012 
11 18 28 223 16012 
11 18 43 224 16012 
11 18 58 223 16012 
11 19 13 223 16012 
11 19 28 224 16012 
11 19 43 223 16012 
11 19 58 224 16012 
11 20 13 223 16012 
11 20 28 224 16012 
11 20 43 223 16012 
11 20 58 224 16012 
11 21 13 223 16012 
11 21 28 224 16012 
11 21 43 223 16012 
11 21 58 224 16012 
11 22 13 223 16012 
11 22 28 224 16012 
11 22 43 223 16012 
11 22 58 224 16012 
11 23 13 223 16012 
11 23 28 224 16012 
11 23 43 223 16012 
11 23 58 224 16012 
11 24 13 223 16012 
11 24 28 224 16012 
11 24 43 223 16012 
11 24 58 224 16012 
11 25 13 223 16012 
11 25 28 223 16012 
11 25 43 224 16012 
11 25 58 223 16012 
11 26 13 224 16012 
11 26 28 223 16012 
11 26 43 224 16012 
11 26 58 223 16012 
11 27 13 224 16012 
11 27 28 223 16012 
11 27 43 224 16012 
11 27 58 223 16012 
11 28 13 224 16012 
11 28 28 223 16012 
11 28 43 224 16012 
11 28 58 223 16012 
11 29 13 224 16012 
11 29 28 223 16012 
11 29 43 224 16012 
11 29 58 223 16012 
11 30 13 224 16012 
11 30 28 223 16012 
11 30 43 224 16012 
11 30 58 223 16012 
11 31 13 224 16012 
11 31 28 223 16012 
11 31 43 224 16012 
11 31 58 223 16012 
11 32 13 224 16012 
11 32 28 223 16012 
11 33 11 224 15951 
11 33 26 223 16012 
11 33 41 224 16012 
11 33 56 223 16012 
11 34 11 224 16012 
11 34 26 223 16012 
11 34 41 224 16012 
11 34 56 223 16012 
11 35 11 224 16012 
11 35 26 223 16012 
11 35 41 224 16012 
11 35 56 223 16012 
11 36 11 224 16012 
11 36 26 223 16012 
11 36 41 224 16012 
11 36 56 223 16012 
11 37 11 224 16012 
11 37 26 223 16012 
11 37 41 224 16012 
11 37 56 223 16012 
11 38 11 224 16012 
11 38 26 223 16012 
11 38 41 223 16012 
11 38 56 224 16012 
11 39 11 223 16012 
11 39 26 224 16012 
11 39 41 223 16012 
11 39 56 224 16012 
11 40 11 223 16012 
11 40 26 224 16012 
11 40 41 223 16012 
11 40 56 224 16012 
11 41 11 223 16012 
11 41 26 224 16012 
11 41 41 223 16012 
11 41 56 224 16012 
11 42 11 223 16012 
11 42 26 224 16012 
11 42 41 223 16012 
11 42 56 224 16012 
11 43 11 223 16012 
11 43 26 224 16012 
11 43 41 223 16012 
11 43 56 224 16012 
11 44 11 223 16012 
11 44 26 224 16012 
11 44 41 223 16012 
11 44 56 224 16012 
11 45 11 223 16012 
11 45 26 224 16012 
11 45 41 223 16012 
11 45 56 224 16012 
11 46 11 223 16012 
11 46 26 224 16012 
11 46 41 223 16012 
11 46 56 224 16012 
11 47 11 223 16012 
11 47 26 224 16012 
11 47 41 223 16012 
11 48 24 224 16012 
11 48 39 223 16012 
11 48 54 224 16012 
11 49 9 223 16012 
11 49 24 223 16012 
11 49 39 224 16012 
11 49 54 223 16012 
11 50 9 224 16012 
11 50 24 223 16012 
11 50 39 224 16012 
11 50 54 223 16012 
11 51 9 224 16012 
11 51 24 223 16012 
11 51 39 223 16012 
11 51 54 224 16012 
11 52 9 223 16012 
11 52 24 224 16012 
11 52 39 223 16012 
11 52 54 224 16012 
11 53 9 223 16012 
11 53 24 224 16012 
11 53 39 223 16012 
11 53 54 224 16012 
11 54 9 223 16012 
11 54 24 224 16012 
11 54 39 223 16012 
11 54 54 224 16012 
11 55 9 223 16012 
11 55 24 224 16012 
11 55 39 223 16012 
11 55 54 224 16012 
11 56 9 223 16012 
11 56 24 224 16012 
11 56 39 223 16012 
11 56 54 224 16012 
11 57 9 223 16012 
11 57 24 224 16012 
11 57 39 223 16012 
11 57 54 224 16012 
11 58 9 223 16012 
11 58 24 224 16012 
11 58 39 223 16012 
11 58 54 224 16012 
11 59 9 223 16012 
11 59 24 224 16012 
11 59 39 223 16012 
11 59 54 224 16012 
12 0 9 223 16012 
12 0 24 224 16012 
12 0 39 223 16012 
12 0 54 224 16012 
12 1 9 223 16012 
12 1 24 224 16012 
12 1 39 223 16012 
12 1 54 224 16012 
12 2 9 223 16012 
12 2 24 224 16012 
12 2 39 223 16012 
12 2 54 224 16012 
12 3 37 224 16012 
12 3 52 223 16012 
12 4 7 223 16012 
12 4 22 224 16012 
12 4 37 223 16012 
12 4 52 223 16012 
12 5 7 223 16012 
12 5 22 224 16012 
12 5 37 223 16012 
12 5 52 224 16012 
12 6 7 223 16012 
12 6 22 224 16012 
12 6 37 223 16012 
12 6 52 224 16012 
12 7 7 223 16012 
12 7 22 224 16012 
12 7 37 223 16012 
12 7 52 224 16012 
12 8 7 223 16012 
12 8 22 224 16012 
12 8 37 223 16012 
12 8 52 224 16012 
12 9 7 223 16012 
12 9 22 224 16012 
12 9 37 223 16012 
12 9 52 224 16012 
12 10 7 223 16012 
12 10 22 224 16012 
12 10 37 223 16012 
12 10 52 224 16012 
12 11 7 223 16012 
12 11 22 224 16012 
12 11 37 223 16012 
12 11 52 224 16012 
12 12 7 223 16012 
12 12 22 224 16012 
12 12 37 223 16012 
12 12 52 224 16012 
12 13 7 223 16012 
12 13 22 224 16012 
12 13 37 223 16012 
12 13 52 224 16012 
12 14 7 223 16012 
12 14 22 224 16012 
12 14 37 223 16012 
12 14 52 224 16012 
12 15 7 223 16012 
12 15 22 224 16012 
12 15 37 223 16012 
12 15 52 224 16012 
12 16 7 223 16012 
12 16 22 224 16012 
12 16 37 223 16012 
12 16 52 224 16012 
12 17 7 223 16012 
12 17 22 224 16012 
12 17 37 223 16012 
12 17 52 224 16012 
12 18 7 223 16012 
12 18 50 224 15951 
12 19 5 224 16012 
12 19 20 223 16012 
12 19 35 224 16012 
12 19 50 223 16012 
12 20 5 223 16012 
12 20 20 224 16012 
12 20 35 223 16012 
12 20 50 224 16012 
12 21 5 223 16012 
12 21 20 224 16012 
12 21 35 223 16012 
12 21 50 224 16012 
12 22 5 223 16012 
12 22 20 224 16012 
12 22 35 223 16012 
12 22 50 224 16012 
12 23 5 223 16012 
12 23 20 224 16012 
12 23 35 223 16012 
12 23 50 224 16012 
12 24 5 223 16012 
12 24 20 224 16012 
12 24 35 223 16012 
12 24 50 224 16012 
12 25 5 223 16012 
12 25 20 224 16012 
12 25 35 223 16012 
12 25 50 224 16012 
12 26 5 223 16012 
12 26 20 224 16012 
12 26 35 223 16012 
12 26 50 224 16012 
12 27 20 225 16012 
12 27 35 224 16012 
12 27 50 223 16012 
12 28 5 224 16012 
12 28 20 223 16012 
12 28 35 224 16012 
12 28 50 223 16012 
12 29 5 224 16012 
12 29 20 223 16012 
12 29 35 224 16012 
12 29 50 223 16012 
12 30 5 224 16012 
12 30 20 223 16012 
12 30 35 224 16012 
12 30 50 223 16012 
12 31 5 224 16012 
12 31 20 223 16012 
12 31 35 224 16012 
12 31 50 223 16012 
12 32 5 224 16012 
12 32 20 223 16012 
12 32 35 224 16012 
12 32 50 223 16012 
12 33 5 224 16012 
12 33 20 223 16012 
12 34 18 224 15951 
12 34 33 223 16012 
12 34 48 224 16012 
12 35 3 223 16012 
12 35 18 224 16012 
12 35 33 223 16012 
12 35 48 224 16012 
12 36 3 223 16012 
12 36 18 224 16012 
12 36 33 223 16012 
12 36 48 224 16012 
12 37 3 223 16012 
12 37 18 224 16012 
12 37 33 223 16012 
12 38 3 225 16012 
12 38 18 224 16012 
12 38 33 223 16012 
12 38 48 224 16012 
12 39 3 223 16012 
12 39 18 224 16012 
12 39 33 223 16012 
12 39 48 224 16012 
12 40 3 223 16012 
12 40 18 224 16012 
12 40 33 223 16012 
12 40 48 224 16012 
12 41 3 223 16012 
12 41 18 224 16012 
12 41 33 223 16012 
12 41 48 224 16012 
12 42 3 223 16012 
12 42 18 224 16012 
12 42 33 223 16012 
12 42 48 224 16012 
12 43 3 223 16012 
12 43 18 224 16012 
12 43 33 223 16012 
12 43 48 224 16012 
12 44 3 223 16012 
12 44 18 224 16012 
12 44 33 223 16012 
12 44 48 224 16012 
12 45 3 223 16012 
12 45 18 224 16012 
12 45 33 223 16012 
12 45 48 224 16012 
12 46 3 223 16012 
12 46 18 224 16012 
12 46 33 223 16012 
12 46 48 224 16012 
12 47 3 223 16012 
12 47 18 224 16012 
12 47 33 223 16012 
12 47 48 223 16012 
12 48 3 224 16012 
12 48 18 223 16012 
12 48 33 224 16012 
12 49 16 224 15951 
12 49 31 224 16012 
12 49 46 223 16012 
12 50 1 224 16012 
12 50 16 223 16012 
12 50 31 224 16012 
12 50 46 223 16012 
12 51 1 223 16012 
12 51 16 224 16012 
12 51 31 223 16012 
12 51 46 224 16012 
12 52 1 223 16012 
12 52 16 224 16012 
12 52 31 223 16012 
12 52 46 224 16012 
12 53 1 223 16012 
12 53 16 224 16012 
12 53 31 223 16012 
12 53 46 224 16012 
12 54 1 223 16012 
12 54 16 224 16012 
12 54 31 223 16012 
12 54 46 224 16012 
12 55 1 223 16012 
12 55 16 224 16012 
12 55 31 223 16012 
12 55 46 224 16012 
12 56 1 223 16012 
12 56 16 224 16012 
12 56 31 223 16012 
12 56 46 224 16012 
12 57 1 223 16012 
12 57 16 224 16012 
12 57 31 223 16012 
12 57 46 224 16012 
12 58 1 223 16012 
12 58 16 224 16012 
12 58 31 223 16012 
12 58 46 224 16012 
12 59 1 223 16012 
12 59 16 224 16012 
12 59 31 223 16012 
12 59 46 224 16012 
13 0 1 223 16012 
13 0 16 223 16012 
13 0 31 224 16012 
13 0 46 223 16012 
13 1 1 224 16012 
13 1 16 223 16012 
13 1 31 224 16012 
13 1 46 223 16012 
13 2 1 224 16012 
13 2 16 223 16012 
13 2 31 224 16012 
13 2 46 223 16012 
13 3 1 224 16012 
13 3 16 223 16012 
13 3 31 224 16012 
13 3 46 223 16012 
13 4 29 224 15951 
13 4 44 223 16012 
13 4 59 223 16012 
13 5 14 224 16012 
13 5 29 223 16012 
13 5 44 224 16012 
13 5 59 223 16012 
13 6 14 224 16012 
13 6 29 223 16012 
13 6 44 224 16012 
13 6 59 223 16012 
13 7 14 224 16012 
13 7 29 223 16012 
13 7 44 224 16012 
13 7 59 223 16012 
13 8 14 224 16012 
13 8 29 223 16012 
13 8 44 224 16012 
13 8 59 223 16012 
13 9 14 224 16012 
13 9 29 223 16012 
13 9 44 224 16012 
13 9 59 223 16012 
13 10 14 224 16012 
13 10 29 223 16012 
13 10 44 224 16012 
13 10 59 223 16012 
13 11 14 224 16012 
13 11 44 225 16012 
13 11 59 224 16012 
13 12 14 223 16012 
13 12 29 224 16012 
13 12 44 223 16012 
13 12 59 224 16012 
13 13 14 223 16012 
13 13 29 224 16012 
13 13 44 223 16012 
13 13 59 223 16012 
13 14 14 224 16012 
13 14 29 223 16012 
13 14 44 224 16012 
13 14 59 223 16012 
13 15 14 224 16012 
13 15 29 223 16012 
13 15 44 224 16012 
13 15 59 223 16012 
13 16 14 224 16012 
13 16 29 223 16012 
13 16 44 224 16012 
13 16 59 223 16012 
13 17 14 224 16012 
13 17 29 223 16012 
13 17 44 224 16012 
13 17 59 223 16012 
13 18 14 224 16012 
13 18 29 223 16012 
13 18 44 224 16012 
13 18 59 223 16012 
13 19 42 224 15951 
13 19 57 224 16012 
13 20 12 223 16012 
13 20 27 224 16012 
13 20 42 223 16012 
13 20 57 223 16012 
13 21 12 224 16012 
13 21 27 223 16012 
13 21 42 224 16012 
13 21 57 223 16012 
13 22 12 224 16012 
13 22 27 223 16012 
13 22 42 224 16012 
13 22 57 223 16012 
13 23 12 224 16012 
13 23 27 223 16012 
13 23 42 224 16012 
13 23 57 223 16012 
13 24 12 224 16012 
13 24 27 223 16012 
13 24 42 224 16012 
13 24 57 223 16012 
13 25 12 224 16012 
13 25 27 223 16012 
13 25 42 224 16012 
13 25 57 223 16012 
13 26 12 224 16012 
13 26 27 223 16012 
13 26 42 223 16012 
13 26 57 224 16012 
13 27 12 223 16012 
13 27 27 224 16012 
13 27 42 223 16012 
13 27 57 224 16012 
13 28 12 223 16012 
13 28 27 224 16012 
13 28 42 223 16012 
13 28 57 224 16012 
13 29 12 223 16012 
13 29 27 224 16012 
13 29 42 223 16012 
13 29 57 224 16012 
13 30 12 223 16012 
13 30 27 224 16012 
13 30 42 223 16012 
13 30 57 224 16012 
13 31 12 223 16012 
13 31 27 224 16012 
13 31 42 223 16012 
13 31 57 224 16012 
13 32 12 223 16012 
13 32 27 224 16012 
13 32 42 223 16012 
13 32 57 224 16012 
13 33 12 223 16012 
13 33 27 224 16012 
13 33 42 223 16012 
13 33 57 224 16012 
13 34 12 223 16012 
13 34 55 224 16012 
13 35 10 222 16012 
13 35 25 224 16012 
13 35 40 223 16012 
13 35 55 224 16012 
13 36 10 223 16012 
13 36 25 224 16012 
13 36 40 223 16012 
13 36 55 224 16012 
13 37 10 223 16012 
13 37 25 224 16012 
13 37 40 223 16012 
13 37 55 224 16012 
13 38 10 223 16012 
13 38 25 224 16012 
13 38 40 223 16012 
13 38 55 224 16012 
13 39 10 223 16012 
13 39 25 224 16012 
13 39 40 223 16012 
13 39 55 223 16012 
13 40 10 224 16012 
13 40 25 223 16012 
13 40 40 224 16012 
13 40 55 223 16012 
13 41 10 224 16012 
13 41 25 223 16012 
13 41 40 224 16012 
13 41 55 223 16012 
13 42 10 224 16012 
13 42 25 223 16012 
13 42 40 224 16012 
13 42 55 223 16012 
13 43 10 224 16012 
13 43 25 223 16012 
13 43 40 224 16012 
13 43 55 223 16012 
13 44 10 224 16012 
13 44 25 223 16012 
13 44 40 224 16012 
13 44 55 223 16012 
13 45 10 224 16012 
13 45 25 223 16012 
13 45 40 224 16012 
13 45 55 223 16012 
13 46 10 224 16012 
13 46 25 223 16012 
13 46 40 224 16012 
13 46 55 223 16012 
13 47 10 224 16012 
13 47 25 223 16012 
13 47 40 224 16012 
13 47 55 223 16012 
13 48 10 224 16012 
13 48 25 223 16012 
13 48 40 224 16012 
13 48 55 223 16012 
13 49 10 224 16012 
13 49 25 223 16012 
13 50 8 224 16012 
13 50 23 223 16012 
13 50 38 224 16012 
13 50 53 223 16012 
13 51 8 223 16012 
13 51 23 224 16012 
13 51 38 223 16012 
13 51 53 224 16012 
13 52 8 223 16012 
13 52 23 224 16012 
13 52 38 223 16012 
13 52 53 224 16012 
13 53 8 223 16012 
13 53 23 223 16012 
13 53 38 224 16012 
13 53 53 223 16012 
13 54 8 224 16012 
13 54 23 223 16012 
13 54 38 224 16012 
13 54 53 223 16012 
13 55 8 224 16012 
13 55 23 223 16012 
13 55 38 224 16012 
13 55 53 223 16012 
13 56 8 224 16012 
13 56 23 223 16012 
13 56 38 224 16012 
13 56 53 223 16012 
13 57 8 224 16012 
13 57 23 223 16012 
13 57 38 224 16012 
13 57 53 223 16012 
13 58 8 224 16012 
13 58 23 223 16012 
13 58 38 224 16012 
13 58 53 223 16012 
13 59 8 224 16012 
13 59 23 223 16012 
13 59 38 224 16012 
13 59 53 223 16012 
14 0 8 224 16012 
14 0 23 223 16012 
14 0 38 224 16012 
14 0 53 223 16012 
14 1 8 224 16012 
14 1 23 223 16012 
14 1 38 224 16012 
14 1 53 223 16012 
14 2 8 224 16012 
14 2 23 223 16012 
14 2 38 224 16012 
14 2 53 223 16012 
14 3 8 224 16012 
14 3 23 223 16012 
14 3 38 224 16012 
14 3 53 223 16012 
14 4 8 224 16012 
14 4 23 223 16012 
14 4 38 224 16012 
14 5 21 224 15951 
14 5 36 223 16012 
14 5 51 223 16012 
14 6 6 224 16012 
14 6 21 223 16012 
14 6 36 223 16012 
14 6 51 224 16012 
14 7 6 223 16012 
14 7 21 224 16012 
14 7 36 223 16012 
14 7 51 224 16012 
14 8 6 223 16012 
14 8 21 224 16012 
14 8 36 223 16012 
14 8 51 224 16012 
14 9 6 223 16012 
14 9 21 224 16012 
14 9 36 223 16012 
14 9 51 224 16012 
14 10 6 223 16012 
14 10 21 224 16012 
14 10 36 223 16012 
14 10 51 224 16012 
14 11 6 223 16012 
14 11 21 224 16012 
14 11 36 223 16012 
14 11 51 224 16012 
14 12 6 223 16012 
14 12 21 224 16012 
14 12 36 223 16012 
14 12 51 224 16012 
14 13 6 223 16012 
14 13 21 224 16012 
14 13 36 223 16012 
14 13 51 224 16012 
14 14 6 223 16012 
14 14 21 224 16012 
14 14 36 223 16012 
14 14 51 224 16012 
14 15 6 223 16012 
14 15 21 224 16012 
14 15 36 223 16012 
14 15 51 224 16012 
14 16 6 223 16012 
14 16 21 224 16012 
14 16 36 223 16012 
14 16 51 224 16012 
14 17 6 223 16012 
14 17 21 224 16012 
14 17 36 223 16012 
14 17 51 224 16012 
14 18 6 223 16012 
14 18 21 224 16012 
14 18 36 223 16012 
14 18 51 224 16012 
14 19 6 223 16012 
14 19 21 224 16012 
14 19 36 223 16012 
14 19 51 224 16012 
14 20 34 224 15951 
14 20 49 224 16012 
14 21 4 223 16012 
14 21 19 224 16012 
14 21 34 223 16012 
14 21 49 223 16012 
14 22 4 224 16012 
14 22 19 223 16012 
14 22 34 224 16012 
14 22 49 223 16012 
14 23 4 224 16012 
14 23 19 223 16012 
14 23 34 224 16012 
14 23 49 223 16012 
14 24 4 224 16012 
14 24 19 223 16012 
14 24 34 224 16012 
14 24 49 223 16012 
14 25 4 224 16012 
14 25 19 223 16012 
14 25 34 224 16012 
14 25 49 223 16012 
14 26 4 224 16012 
14 26 19 223 16012 
14 26 34 224 16012 
14 26 49 223 16012 
14 27 4 224 16012 
14 27 19 223 16012 
14 27 34 224 16012 
14 27 49 223 16012 
14 28 4 224 16012 
14 28 19 223 16012 
14 28 34 224 16012 
14 28 49 223 16012 
14 29 4 224 16012 
14 29 19 223 16012 
14 29 34 224 16012 
14 29 49 223 16012 
14 30 4 224 16012 
14 30 19 223 16012 
14 30 34 224 16012 
14 30 49 223 16012 
14 31 4 224 16012 
14 31 19 223 16012 
14 31 34 224 16012 
14 31 49 223 16012 
14 32 4 224 16012 
14 32 19 223 16012 
14 32 34 224 16012 
14 32 49 223 16012 
14 33 4 224 16012 
14 33 19 223 16012 
14 33 34 224 16012 
14 33 49 223 16012 
14 34 4 224 16012 
14 34 19 223 16012 
14 34 34 224 16012 
14 34 49 223 16012 
14 35 4 224 16012 
14 35 47 224 15951 
14 36 2 223 16012 
14 36 17 223 16012 
14 36 32 224 16012 
14 36 47 223 16012 
14 37 2 224 16012 
14 37 17 223 16012 
14 37 32 224 16012 
14 37 47 223 16012 
14 38 2 224 16012 
14 38 17 223 16012 
14 38 32 224 16012 
14 38 47 223 16012 
14 39 2 224 16012 
14 39 17 223 16012 
14 39 32 224 16012 
14 39 47 223 16012 
14 40 2 224 16012 
14 40 17 223 16012 
14 40 32 224 16012 
14 40 47 223 16012 
14 41 17 225 16012 
14 41 32 224 16012 
14 41 47 223 16012 
14 42 2 224 16012 
14 42 17 223 16012 
14 42 32 224 16012 
14 42 47 223 16012 
14 43 2 224 16012 
14 43 17 223 16012 
14 43 32 224 16012 
14 43 47 223 16012 
14 44 2 224 16012 
14 44 17 223 16012 
14 44 32 224 16012 
14 44 47 223 16012 
14 45 2 224 16012 
14 45 17 223 16012 
14 45 32 224 16012 
14 45 47 223 16012 
14 46 2 224 16012 
14 46 17 223 16012 
14 46 32 224 16012 
14 46 47 223 16012 
14 47 2 224 16012 
14 47 17 223 16012 
14 47 32 224 16012 
14 47 47 223 16012 
14 48 2 224 16012 
14 48 17 223 16012 
14 48 32 224 16012 
14 48 47 223 16012 
14 49 2 223 16012 
14 49 17 224 16012 
14 49 32 223 16012 
14 49 47 224 16012 
14 50 2 223 16012 
14 50 17 224 16012 
14 51 1 224 16012 
14 51 16 223 16012 
14 51 31 224 16012 
14 51 46 223 16012 
14 52 1 224 16012 
14 52 16 223 16012 
14 52 31 223 16012 
14 52 46 224 16012 
14 53 1 223 16012 
14 53 16 224 16012 
14 53 31 223 16012 
14 53 46 224 16012 
14 54 1 223 16012 
14 54 16 224 16012 
14 54 31 223 16012 
14 54 46 224 16012 
14 55 1 223 16012 
14 55 16 224 16012 
14 55 31 223 16012 
14 55 46 224 16012 
14 56 1 223 16012 
14 56 16 224 16012 
14 56 31 223 16012 
14 56 46 224 16012 
14 57 1 223 16012 
14 57 16 224 16012 
14 57 31 223 16012 
14 57 46 224 16012 
14 58 1 223 16012 
14 58 16 224 16012 
14 58 31 223 16012 
14 58 46 224 16012 
14 59 1 223 16012 
14 59 16 224 16012 
14 59 31 223 16012 
14 59 46 224 16012 
15 0 1 223 16012 
15 0 16 224 16012 
15 0 31 223 16012 
15 0 46 224 16012 
15 1 1 223 16012 
15 1 16 224 16012 
15 1 31 223 16012 
15 1 46 223 16012 
15 2 1 224 16012 
15 2 16 223 16012 
15 2 31 224 16012 
15 2 46 223 16012 
15 3 1 224 16012 
15 3 16 223 16012 
15 3 31 224 16012 
15 3 46 223 16012 
15 4 1 224 16012 
15 4 16 223 16012 
15 4 31 224 16012 
15 4 46 223 16012 
15 5 1 224 16012 
15 5 16 223 16012 
15 5 31 224 16012 
15 6 14 224 15951 
15 6 29 223 16012 
15 6 44 223 16012 
15 6 59 224 16012 
15 7 14 223 16012 
15 7 30 224 16012 
15 7 44 223 16012 
15 8 0 224 16012 
15 8 14 223 16012 
15 8 30 224 16012 
15 8 44 223 16012 
15 9 0 224 16012 
15 9 14 223 16012 
15 9 30 224 16012 
15 9 44 223 16012 
15 10 0 224 16012 
15 10 14 223 16012 
15 10 30 224 16012 
15 10 44 223 16012 
15 11 0 224 16012 
15 11 14 223 16012 
15 11 30 224 16012 
15 11 44 223 16012 
15 12 0 224 16012 
15 12 14 223 16012 
15 12 30 224 16012 
15 12 44 223 16012 
15 13 0 224 16012 
15 13 14 223 16012 
15 13 30 224 16012 
15 13 44 223 16012 
15 14 0 224 16012 
15 14 14 223 16012 
15 14 30 224 16012 
15 14 44 223 16012 
15 15 0 223 16012 
15 15 15 224 16012 
15 15 30 223 16012 
15 15 45 224 16012 
15 16 0 223 16012 
15 16 15 224 16012 
15 16 30 223 16012 
15 16 45 224 16012 
15 17 0 223 16012 
15 17 15 224 16012 
15 17 30 223 16012 
15 17 45 224 16012 
15 18 0 223 16012 
15 18 15 224 16012 
15 18 30 223 16012 
15 18 45 224 16012 
15 19 0 223 16012 
15 19 15 224 16012 
15 19 30 223 16012 
15 19 45 224 16012 
15 20 0 223 16012 
15 20 15 224 16012 
15 20 30 223 16012 
15 20 45 224 16012 
15 21 28 224 15951 
15 21 43 224 16012 
15 21 58 223 16012 
15 22 13 224 16012 
15 22 28 223 16012 
15 22 43 223 16012 
15 22 58 224 16012 
15 23 13 223 16012 
15 23 28 224 16012 
15 23 43 223 16012 
15 23 58 224 16012 
15 24 13 223 16012 
15 24 28 224 16012 
15 24 43 223 16012 
15 24 58 224 16012 
15 25 13 223 16012 
15 25 28 224 16012 
15 25 43 223 16012 
15 25 58 224 16012 
15 26 13 223 16012 
15 26 28 224 16012 
15 26 43 223 16012 
15 26 58 224 16012 
15 27 13 223 16012 
15 27 28 224 16012 
15 27 43 223 16012 
15 27 58 224 16012 
15 28 13 223 16012 
15 28 28 223 16012 
15 28 43 224 16012 
15 28 58 223 16012 
15 29 13 224 16012 
15 29 28 223 16012 
15 29 43 224 16012 
15 29 58 223 16012 
15 30 13 224 16012 
15 30 28 223 16012 
15 30 43 224 16012 
15 30 58 223 16012 
15 31 13 224 16012 
15 31 28 223 16012 
15 31 43 224 16012 
15 31 58 223 16012 
15 32 13 224 16012 
15 32 28 223 16012 
15 32 43 224 16012 
15 32 58 223 16012 
15 33 13 224 16012 
15 33 28 223 16012 
15 33 43 224 16012 
15 33 58 223 16012 
15 34 13 224 16012 
15 34 28 223 16012 
15 34 43 224 16012 
15 34 58 223 16012 
15 35 13 224 16012 
15 35 28 223 16012 
15 35 43 224 16012 
15 35 58 223 16012 
15 36 42 224 15951 
15 36 57 223 16012 
15 37 12 224 16012 
15 37 27 223 16012 
15 37 42 224 16012 
15 37 57 223 16012 
15 38 12 224 16012 
15 38 27 223 16012 
15 38 42 224 16012 
15 38 57 223 16012 
15 39 12 224 16012 
15 39 27 223 16012 
15 39 42 224 16012 
15 39 57 223 16012 
15 40 12 224 16012 
15 40 27 223 16012 
15 40 42 224 16012 
15 40 57 223 16012 
15 41 12 224 16012 
15 41 27 223 16012 
15 41 42 223 16012 
15 41 57 224 16012 
15 42 12 223 16012 
15 42 27 224 16012 
15 42 42 223 16012 
15 42 57 224 16012 
15 43 12 223 16012 
15 43 27 224 16012 
15 43 42 223 16012 
15 43 57 224 16012 
15 44 12 223 16012 
15 44 27 224 16012 
15 44 42 223 16012 
15 44 57 224 16012 
15 45 12 223 16012 
15 45 27 224 16012 
15 45 42 223 16012 
15 45 57 224 16012 
15 46 12 223 16012 
15 46 27 224 16012 
15 46 42 223 16012 
15 46 57 224 16012 
15 47 12 223 16012 
15 47 27 224 16012 
15 47 42 223 16012 
15 47 57 224 16012 
15 48 12 223 16012 
15 48 27 224 16012 
15 48 42 223 16012 
15 48 57 224 16012 
15 49 12 223 16012 
15 49 27 224 16012 
15 49 42 223 16012 
15 49 57 224 16012 
15 50 12 223 16012 
15 50 27 224 16012 
15 50 42 223 16012 
15 50 57 224 16012 
15 51 12 223 16012 

