<P00> 333615.911 8761670.007 4504.965 0  5100
<P01> 333659.995 8761698.657 4502.994 0  5150
<P02> 333705.770 8761719.953 4493.171 0  5200
<P03> 333748.241 8761748.561 4479.950 0  5250
<P04> 333799.995 8761778.090 4471.771 0  5300
<P05> 333841.621 8761790.476 4473.665 0  5350
<P06> 333882.716 8761824.399 4474.374 0  5400
<P07> 333904.227 8761879.069 4472.715 0  5450
<P08> 333960.140 8761885.261 4471.504 0  5500
<P09> 334009.790 8761898.964 4472.223 0  5550
<P10> 334054.395 8761919.938 4469.606 0  5600
<P11> 334103.796 8761939.361 4471.354 0  5650
<P12> 334186.255 8761998.744 4471.418 0  5750
<P13> 334229.237 8762023.661 4469.364 0  5800
<P14> 334138.309 8761967.818 4472.688 0  5700
<P15> 334360.003 8762100.958 4477.723 0  5950
<P16> 334398.314 8762118.868 4479.573 0  6000
<P17> 334444.918 8762145.847 4478.603 0  6050
<P18> 334482.793 8762170.691 4472.782 0  6100
<P19> 334528.750 8762189.329 4518.526 0  6150
<P20> 334550.746 8762249.482 4537.795 0  6200
<P21> 334612.359 8762238.859 4577.837 0  6250
<P22> 334642.786 8762266.567 4597.082 0  6300
<P23> 334710.562 8762293.703 4641.759 0  6350
<P24> 334751.373 8762319.869 4660.040 0  6400
<P25> 334787.772 8762343.401 4680.713 0  6450
<P26> 334829.249 8762356.378 4703.146 0  6500
<P27> 334880.673 8762391.349 4713.514 0  6550
<P28> 334920.388 8762417.582 4691.203 0  6600
<P29> 334957.805 8762441.018 4671.928 0  6650
<P30> 335004.162 8762467.863 4647.869 0  6700
<P31> 335047.484 8762489.891 4639.043 0  6750
<P32> 335093.462 8762515.826 4652.506 0  6800
<P33> 335132.519 8762540.553 4675.584 0  6850
<P34> 335177.001 8762563.181 4684.308 0  6900
