<P00> 333821.861 8761331.303 4413.737 0  5100
<P01> 333867.409 8761356.205 4423.917 0  5150
<P02> 333908.367 8761378.744 4432.995 0  5200
<P03> 333956.868 8761406.302 4442.096 0  5250
<P04> 333994.759 8761425.617 4447.594 0  5300
<P05> 334042.218 8761455.621 4469.860 0  5350
<P06> 334081.814 8761478.415 4470.228 0  5400
<P07> 334128.198 8761503.718 4469.115 0  5450
<P08> 334171.725 8761528.659 4468.336 0  5500
<P09> 334217.666 8761555.199 4470.962 0  5550
<P10> 334258.256 8761578.203 4468.845 0  5600
<P11> 334303.143 8761604.463 4474.083 0  5650
<P12> 334347.283 8761630.012 4469.661 0  5700
<P13> 334393.655 8761655.024 4476.021 0  5750
<P14> 334435.848 8761673.405 4479.867 0  5800
<P15> 334476.851 8761700.097 4483.724 0  5850
<P16> 334520.277 8761726.423 4495.773 0  5900
<P17> 334554.705 8761744.241 4509.449 0  5950
<P18> 334606.010 8761779.181 4541.965 0  6000
<P19> 334650.392 8761798.365 4560.246 0  6050
