<P00> 334789.131 8761650.329 4450.155 0  6100
<P01> 334754.659 8761627.962 4455.372 0  6050
<P02> 334705.147 8761596.896 4462.265 0  6000
<P03> 334663.099 8761578.759 4483.461 0  5950
<P04> 334619.904 8761553.147 4469.963 0  5900
<P05> 334577.805 8761530.750 4455.712 0  5850
<P06> 334531.666 8761503.527 4453.961 0  5800
<P07> 334488.798 8761477.740 4465.346 0  5750
<P08> 334446.435 8761453.615 4462.572 0  5700
<P09> 334404.465 8761429.605 4448.783 0  5650
<P10> 334362.665 8761405.876 4434.548 0  5600
<P11> 334314.463 8761378.845 4429.802 0  5550
<P12> 334279.029 8761357.531 4427.606 0  5500
<P13> 334230.239 8761329.398 4429.018 0  5450
<P14> 334187.143 8761304.964 4430.151 0  5400
<P15> 334145.173 8761283.315 4431.880 0  5350
<P16> 334100.235 8761257.393 4431.723 0  5300
<P17> 334057.105 8761233.211 4428.265 0  5250
<P18> 334012.854 8761208.241 4412.075 0  5200
<P19> 333970.938 8761183.991 4403.602 0  5150
<P20> 333924.056 8761159.097 4404.533 0  5100
