<P00> 334760.454 8761399.611 4451.715 0  5950
<P01> 334724.574 8761384.520 4456.809 0  5900
<P02> 334685.926 8761359.579 4457.343 0  5850
<P03> 334641.578 8761332.230 4452.598 0  5800
<P04> 334598.540 8761305.553 4443.568 0  5750
<P05> 334551.596 8761285.458 4446.373 0  5700
<P06> 334510.570 8761260.152 4436.063 0  5650
<P07> 334465.907 8761233.827 4439.141 0  5600
<P08> 334426.369 8761210.483 4435.185 0  5550
<P09> 334379.884 8761188.957 4420.736 0  5500
<P10> 334343.229 8761155.423 4418.480 0  5450
<P11> 334291.695 8761136.277 4421.522 0  5400
<P12> 334247.188 8761111.893 4416.781 0  5350
<P13> 334208.853 8761087.167 4414.943 0  5300
<P14> 334163.718 8761063.326 4411.711 0  5250
<P15> 334114.805 8761045.290 4398.039 0  5200
<P16> 334063.359 8761024.133 4395.805 0  5150
<P17> 334017.109 8760996.070 4397.505 0  5100
