<P00> 334132.124 8760816.744 4396.387 0  5100
<P01> 334182.833 8760842.658 4396.802 0  5150
<P02> 334224.488 8760868.773 4401.036 0  5200
<P03> 334272.709 8760897.211 4408.272 0  5250
<P04> 334308.676 8760918.527 4420.855 0  5300
<P05> 334352.486 8760939.875 4429.306 0  5350
<P06> 334396.345 8760970.897 4419.105 0  5400
<P07> 334436.546 8760993.257 4416.919 0  5450
<P08> 334487.153 8761019.693 4424.651 0  5500
<P09> 334527.937 8761042.838 4440.627 0  5550
<P10> 334570.794 8761068.678 4433.938 0  5600
<P11> 334616.249 8761092.631 4425.452 0  5650
<P12> 334659.007 8761120.174 4422.085 0  5700
<P13> 334697.075 8761138.641 4427.310 0  5750
<P14> 334750.019 8761165.307 4443.673 0  5800
<P15> 334789.318 8761196.358 4440.151 0  5850
<P16> 334791.046 8761191.696 4451.428 0  5850
<P17> 334838.482 8761198.552 4450.892 0  5900
<P18> 334883.756 8761243.133 4451.134 0  5950
<P19> 334918.324 8761267.908 4450.923 0  6000
<P20> 334957.221 8761288.131 4455.270 0  6050
<P21> 335002.234 8761318.297 4456.581 0  6100
<P22> 335048.198 8761343.392 4461.944 0  6150
<P23> 335091.676 8761364.149 4461.807 0  6200
<P24> 335134.732 8761386.430 4460.566 0  6250
<P25> 335177.348 8761412.069 4462.818 0  6300
<P26> 335217.603 8761443.678 4470.470 0  6350
<P27> 335267.096 8761463.570 4481.099 0  6400
<P28> 335321.631 8761468.307 4480.742 0  6450
<P29> 335374.395 8761476.219 4481.674 0  6500
<P30> 335427.780 8761489.053 4484.359 0  6550
<P31> 335472.199 8761517.906 4486.542 0  6600
<P32> 335510.105 8761532.123 4492.844 0  6650
<P33> 335551.994 8761568.756 4493.954 0  6700
<P34> 335578.781 8761623.327 4496.843 0  6750
<P35> 335622.848 8761642.100 4502.893 0  6800
<P36> 335663.070 8761669.324 4507.906 0  6850
<P37> 335695.558 8761714.247 4520.606 0  6900
<P38> 335741.966 8761727.998 4552.599 0  6950
<P39> 335782.567 8761767.718 4586.366 0  7000
<P40> 335830.543 8761790.510 4581.321 0  7050
