<P00> 335912.076 8761646.628 4559.875 0  7050
<P01> 335875.728 8761609.816 4557.641 0  7000
<P02> 335828.770 8761589.041 4552.234 0  6950
<P03> 335731.241 8761562.497 4531.082 0  6850
<P04> 335689.797 8761528.718 4540.708 0  6800
<P05> 335654.089 8761503.773 4538.991 0  6750
<P06> 335614.468 8761473.070 4555.576 0  6700
<P07> 335573.318 8761435.771 4562.118 0  6650
<P08> 335542.344 8761394.375 4574.056 0  6600
<P09> 335498.066 8761367.566 4582.423 0  5550
<P10> 335455.266 8761343.834 4562.106 0  6500
<P11> 335409.748 8761312.416 4553.989 0  6450
<P12> 335366.486 8761294.380 4541.031 0  6400
<P13> 335318.048 8761271.352 4516.673 0  6350
<P14> 335277.613 8761238.451 4511.572 0  6300
<P15> 335238.569 8761213.304 4509.982 0  6250
<P16> 335190.924 8761189.881 4502.841 0  6200
<P17> 335151.977 8761168.086 4499.665 0  6150
<P18> 335108.948 8761142.837 4491.401 0  6100
<P19> 335066.590 8761117.824 4475.553 0  6050
<P20> 335022.148 8761091.730 4463.912 0  6000
<P21> 334977.634 8761063.897 4471.632 0  5950
<P22> 334939.951 8761042.884 4474.341 0  5900
<P23> 334888.386 8761018.935 4447.315 0  5850
<P24> 334844.533 8760991.362 4433.729 0  5800
<P25> 334799.080 8760968.824 4433.731 0  5750
<P26> 334758.676 8760944.187 4423.705 0  5700
<P27> 334716.288 8760917.514 4423.865 0  5650
<P28> 334670.224 8760898.333 4420.655 0  5600
<P29> 334624.165 8760871.376 4432.332 0  5550
<P30> 334564.540 8760866.339 4421.961 0  5500
<P31> 334538.107 8760819.021 4436.209 0  5450
<P32> 334495.372 8760795.550 4450.306 0  5400
<P33> 334449.918 8760770.621 4435.955 0  5350
<P34> 334413.872 8760745.443 4427.192 0  5300
<P35> 334369.433 8760723.620 4405.325 0  5250
<P36> 334321.745 8760696.462 4405.147 0  5200
<P37> 334286.554 8760676.050 4395.801 0  5150
<P38> 334257.369 8760659.816 4395.237 0  5100
