335318.626 8761268.681 4518.117 0  6350
335277.613 8761238.451 4511.572 0  6300
335238.569 8761213.304 4509.982 0  6250
335190.924 8761189.881 4502.841 0  6200
335151.977 8761168.086 4499.665 0  6150
335108.948 8761142.837 4491.401 0  6100
335066.590 8761117.824 4475.553 0  6050
335022.148 8761091.730 4463.912 0  6000
334977.634 8761063.897 4471.632 0  5950
334939.951 8761042.884 4474.341 0  5900
334888.386 8761018.935 4447.315 0  5850
334844.533 8760991.362 4433.729 0  5800
334799.080 8760968.824 4433.731 0  5750
334758.676 8760944.187 4423.705 0  5700
334716.288 8760917.514 4423.865 0  5650
334670.224 8760898.333 4420.655 0  5600
334624.165 8760871.376 4432.332 0  5550
334564.540 8760866.339 4421.961 0  5500
334538.107 8760819.021 4436.209 0  5450
334495.372 8760795.550 4450.306 0  5400
334449.918 8760770.621 4435.955 0  5350
334413.872 8760745.443 4427.192 0  5300
334369.433 8760723.620 4405.325 0  5250
334321.745 8760696.462 4405.147 0  5200
334286.554 8760676.050 4395.801 0  5150
334257.369 8760659.816 4395.237 0  5100
