
/> 
read_ramp 05131106
<CR>Time:2021/05/13 15:23Ramp data first polarity: 
770 770 770 770 770 769 770 769 769 770 769 770 770 769 770 770 769 768 770 769 769 770 769 770 770 770 769 770 769 769 769 769 769 769 769 770 770 770 769 770 769 769 769 769 770 769 770 770 769 769 769 770 769 769 769 769 770 769 769 769 770 769 771 773 766 766 763 761 761 759 757 756 753 751 750 748 747 746 743 742 741 739 737 737 734 733 731 730 728 727 725 723 722 721 719 718 716 714 714 712 710 709 708 706 705 702 701 701 698 697 695 693 693 691 689 687 686 684 684 682 680 679 677 675 674 672 671 670 668 666 666 663 662 661 659 658 656 655 653 652 650 649 648 646 645 643 643 640 639 637 635 635 633 631 630 629 628 625 625 624 621 620 619 617 615 615 612 611 611 609 607 606 605 603 602 600 598 598 596 594 593 592 591 589 588 585 585 583 582 580 579 578 576 574 572 572 570 569 568 566 565 563 562 561 560 558 558 556 554 553 552 550 549 547 546 545 543 542 541 539 537 537 534 533 533 531 530 528 527 525 525 523 522 521 519 518 517 515 514 513 511 510 509 508 507 506 506 506 505 505 5[Warning: Maximal number of bytes per line exceeded! Check the EOL (end-of-line) settings or increase the limit in the advanced terminal settings.]
read 0513
<CR>Time:2021/05/13 15:23
Hours Minutes Seconds  Nb_Samples    Aver. Current 
8 37 31 224 16165 
8 37 46 218 16043 
8 38 1 224 16043 
8 38 16 224 16043 
8 38 31 224 16043 
8 38 46 224 16104 
8 39 1 224 16104 
8 39 16 224 16104 
8 39 31 224 16104 
8 39 46 224 16104 
8 40 1 224 16104 
8 40 16 223 16104 
8 40 31 224 16104 
8 40 46 224 16104 
8 41 1 224 16104 
8 41 16 224 16104 
8 41 31 224 16104 
8 41 46 224 16104 
8 42 1 224 16104 
8 42 16 224 16104 
8 42 31 224 16104 
8 42 46 224 16104 
8 43 1 224 16104 
8 43 16 224 16104 
8 43 31 224 16104 
8 43 46 224 16104 
8 44 1 224 16104 
8 44 16 224 16104 
8 44 31 224 16104 
8 44 46 224 16104 
8 45 1 224 16104 
8 45 16 224 16104 
8 45 31 224 16104 
8 45 46 224 16104 
8 46 1 224 16104 
8 46 16 224 16104 
8 46 31 224 16104 
8 46 46 224 16104 
8 47 1 224 16104 
8 47 16 224 16104 
8 47 31 224 16104 
8 47 46 224 16104 
8 48 1 224 16104 
8 48 16 224 16104 
8 48 31 224 16104 
8 48 46 224 16104 
8 49 1 224 16104 
8 49 16 224 16104 
8 49 31 223 16104 
8 49 46 223 16104 
8 50 1 224 16104 
8 50 16 224 16104 
8 50 31 224 16104 
8 50 46 224 16104 
8 51 23 224 16104 
8 51 38 224 16104 
8 51 53 224 16104 
8 52 8 224 16104 
8 52 23 224 16104 
8 52 38 224 16104 
8 52 53 224 16104 
8 53 8 224 16104 
8 53 23 224 16104 
8 53 38 224 16104 
8 53 53 224 16104 
8 54 8 224 16104 
8 54 23 224 16104 
8 54 38 224 16104 
8 54 53 224 16104 
8 55 8 223 16104 
8 55 23 224 16104 
8 55 38 224 16104 
8 55 53 224 16104 
8 56 8 224 16104 
8 56 23 224 16104 
8 56 38 224 16104 
8 56 53 224 16104 
8 57 8 224 16104 
8 57 23 224 16104 
8 57 38 224 16104 
8 57 53 224 16104 
8 58 8 224 16104 
8 58 23 224 16104 
8 58 38 224 16104 
8 58 53 224 16104 
8 59 8 224 16104 
8 59 23 224 16104 
8 59 38 224 16104 
8 59 53 224 16104 
9 0 8 224 16104 
9 0 23 224 16104 
9 0 38 224 16104 
9 0 53 224 16104 
9 1 8 224 16104 
9 1 23 224 16104 
9 1 38 224 16104 
9 1 53 224 16104 
9 2 8 224 16104 
9 2 23 224 16104 
9 2 38 224 16104 
9 2 53 224 16104 
9 3 8 224 16104 
9 3 23 224 16104 
9 3 38 224 16104 
9 3 53 224 16104 
9 4 8 224 16104 
9 4 23 224 16104 
9 4 39 224 16104 
9 4 54 224 16104 
9 5 9 224 16104 
9 5 24 224 16104 
9 5 38 223 16104 
9 5 54 224 16104 
9 6 30 224 16104 
9 6 46 224 16104 
9 7 1 224 16104 
9 7 16 224 16104 
9 7 31 224 16104 
9 7 46 224 16104 
9 8 1 224 16104 
9 8 16 223 16104 
9 8 31 224 16104 
9 8 46 224 16104 
9 9 1 224 16104 
9 9 16 224 16104 
9 9 31 224 16104 
9 9 46 224 16104 
9 10 1 224 16104 
9 10 16 224 16104 
9 10 31 224 16104 
9 10 46 224 16104 
9 11 1 224 16104 
9 11 16 224 16104 
9 11 31 224 16104 
9 11 46 224 16104 
9 12 1 224 16104 
9 12 16 224 16104 
9 12 31 224 16104 
9 12 46 224 16104 
9 13 1 224 16104 
9 13 16 224 16104 
9 13 31 224 16104 
9 13 46 224 16104 
9 14 1 224 16104 
9 14 16 224 16104 
9 14 31 224 16104 
9 14 46 224 16104 
9 15 1 224 16104 
9 15 16 224 16104 
9 15 31 224 16104 
9 15 46 224 16104 
9 16 1 224 16104 
9 16 16 224 16104 
9 16 31 224 16104 
9 16 46 224 16104 
9 17 1 224 16104 
9 17 16 224 16104 
9 17 31 224 16104 
9 17 46 224 16104 
9 18 1 224 16104 
9 18 16 224 16104 
9 18 31 224 16104 
9 18 46 224 16104 
9 19 1 224 16104 
9 19 16 224 16104 
9 19 31 224 16104 
9 19 46 224 16104 
9 20 1 224 16104 
9 20 16 224 16104 
9 20 31 224 16104 
9 20 46 224 16104 
9 21 1 224 16104 
9 21 38 224 16104 
9 21 53 223 16104 
9 22 8 224 16104 
9 22 23 224 16104 
9 22 38 224 16104 
9 22 53 224 16104 
9 23 8 224 16104 
9 23 23 224 16104 
9 23 38 224 16104 
9 23 53 224 16104 
9 24 8 224 16104 
9 24 23 224 16104 
9 24 38 224 16104 
9 24 53 224 16104 
9 25 8 224 16104 
9 25 23 224 16104 
9 25 38 224 16104 
9 25 53 224 16104 
9 26 8 224 16104 
9 26 23 224 16104 
9 26 38 224 16104 
9 26 53 224 16104 
9 27 8 224 16104 
9 27 23 224 16104 
9 27 38 224 16104 
9 27 53 224 16104 
9 28 8 224 16104 
9 28 23 224 16104 
9 28 38 224 16104 
9 28 53 224 16104 
9 29 8 224 16104 
9 29 23 224 16104 
9 29 38 224 16104 
9 29 53 224 16104 
9 30 8 224 16104 
9 30 23 224 16104 
9 30 38 224 16104 
9 30 53 224 16104 
9 31 8 224 16104 
9 31 23 224 16104 
9 31 38 224 16104 
9 31 53 224 16104 
9 32 8 224 16104 
9 32 23 224 16104 
9 32 38 224 16104 
9 32 53 224 16104 
9 33 8 224 16104 
9 33 23 224 16104 
9 33 38 224 16104 
9 33 53 224 16104 
9 34 8 224 16104 
9 34 23 224 16104 
9 34 38 224 16104 
9 34 53 224 16104 
9 35 8 224 16104 
9 35 23 224 16165 
9 35 38 224 16104 
9 35 53 224 16104 
9 36 8 224 16104 
9 36 45 224 16104 
9 37 0 224 16104 
9 37 15 224 16104 
9 37 30 224 16104 
9 37 45 223 16104 
9 38 0 224 16104 
9 38 15 224 16104 
9 38 30 224 16104 
9 38 45 224 16104 
9 39 0 224 16165 
9 39 15 224 16165 
9 39 30 224 16104 
9 39 45 224 16104 
9 40 0 224 16104 
9 40 15 224 16104 
9 40 30 224 16104 
9 40 45 224 16104 
9 41 0 224 16104 
9 41 15 224 16104 
9 41 30 224 16104 
9 41 45 224 16104 
9 42 0 224 16104 
9 42 15 224 16104 
9 42 30 224 16104 
9 42 45 224 16104 
9 43 0 224 16104 
9 43 15 224 16104 
9 43 30 224 16104 
9 43 45 224 16104 
9 44 0 224 16104 
9 44 15 224 16104 
9 44 30 224 16104 
9 44 45 224 16104 
9 45 0 224 16104 
9 45 15 224 16104 
9 45 30 224 16104 
9 45 45 224 16104 
9 46 0 224 16104 
9 46 15 224 16104 
9 46 30 224 16104 
9 46 45 224 16104 
9 47 0 224 16165 
9 47 15 224 16104 
9 47 30 224 16104 
9 47 45 224 16104 
9 48 0 224 16165 
9 48 15 224 16104 
9 48 30 224 16104 
9 48 45 224 16165 
9 49 0 224 16104 
9 49 15 224 16104 
9 49 30 224 16104 
9 49 45 224 16104 
9 50 0 224 16104 
9 50 15 223 16104 
9 50 30 223 16104 
9 50 45 224 16104 
9 51 0 224 16104 
9 51 15 224 16104 
9 51 52 224 16104 
9 52 7 223 16104 
9 52 22 224 16104 
9 52 37 224 16104 
9 52 52 224 16104 
9 53 7 224 16165 
9 53 22 224 16104 
9 53 37 224 16104 
9 53 52 224 16104 
9 54 7 224 16104 
9 54 22 224 16104 
9 54 37 224 16104 
9 54 52 224 16104 
9 55 7 224 16165 
9 55 22 224 16165 
9 55 37 224 16104 
9 55 52 224 16104 
9 56 7 224 16165 
9 56 22 224 16104 
9 56 37 224 16104 
9 56 52 224 16165 
9 57 7 224 16104 
9 57 22 224 16104 
9 57 37 224 16104 
9 57 52 224 16104 
9 58 7 224 16104 
9 58 22 224 16104 
9 58 37 224 16104 
9 58 52 224 16104 
9 59 7 224 16104 
9 59 22 224 16104 
9 59 37 224 16104 
9 59 52 224 16104 
10 0 7 224 16104 
10 0 22 224 16104 
10 0 37 224 16165 
10 0 52 224 16104 
10 1 7 224 16104 
10 1 22 224 16104 
10 1 37 224 16104 
10 1 52 224 16104 
10 2 7 224 16104 
10 2 22 224 16104 
10 2 37 224 16104 
10 2 52 224 16104 
10 3 7 224 16104 
10 3 22 223 16104 
10 3 37 224 16165 
10 3 52 224 16104 
10 4 7 224 16104 
10 4 22 224 16165 
10 4 37 224 16104 
10 4 52 224 16104 
10 5 7 224 16104 
10 5 22 224 16165 
10 5 37 224 16104 
10 5 52 224 16104 
10 6 7 224 16104 
10 6 22 224 16104 
10 6 59 224 16104 
10 7 14 224 16104 
10 7 29 224 16104 
10 7 44 224 16104 
10 7 59 223 16104 
10 8 14 224 16104 
10 8 29 224 16104 
10 8 44 224 16104 
10 8 59 224 16104 
10 9 14 224 16104 
10 9 29 224 16104 
10 9 44 224 16104 
10 9 59 224 16104 
10 10 14 224 16104 
10 10 29 224 16104 
10 10 44 224 16104 
10 10 59 224 16165 
10 11 14 224 16165 
10 11 29 224 16104 
10 11 44 224 16104 
10 11 59 224 16104 
10 12 14 224 16104 
10 12 29 224 16104 
10 12 44 224 16104 
10 12 59 224 16104 
10 13 14 224 16104 
10 13 29 224 16165 
10 13 44 224 16104 
10 13 59 224 16104 
10 14 14 224 16104 
10 14 29 224 16104 
10 14 44 224 16165 
10 14 59 224 16104 
10 15 14 224 16104 
10 15 29 224 16104 
10 15 44 224 16165 
10 15 59 224 16104 
10 16 14 224 16104 
10 16 29 223 16104 
10 16 44 224 16165 
10 16 59 224 16104 
10 17 14 224 16104 
10 17 29 224 16104 
10 17 44 224 16104 
10 17 59 224 16104 
10 18 14 224 16165 
10 18 29 224 16104 
10 18 44 224 16104 
10 18 59 224 16104 
10 19 14 224 16104 
10 19 29 224 16104 
10 19 44 224 16104 
10 19 59 224 16104 
10 20 14 224 16104 
10 20 29 224 16104 
10 20 44 224 16104 
10 20 59 224 16104 
10 21 14 224 16165 
10 21 29 224 16104 
10 22 6 224 16104 
10 22 21 223 16104 
10 22 36 224 16104 
10 22 51 224 16165 
10 23 6 224 16104 
10 23 21 224 16104 
10 23 36 224 16104 
10 23 51 224 16104 
10 24 6 224 16104 
10 24 21 224 16104 
10 24 36 224 16165 
10 24 51 224 16104 
10 25 6 224 16104 
10 25 21 224 16104 
10 25 36 224 16104 
10 25 51 224 16104 
10 26 6 224 16104 
10 26 21 224 16104 
10 26 36 224 16104 
10 26 51 224 16165 
10 27 6 224 16165 
10 27 21 224 16104 
10 27 36 224 16104 
10 27 51 224 16165 
10 28 6 224 16165 
10 28 21 224 16104 
10 28 36 224 16165 
10 28 51 224 16104 
10 29 6 224 16104 
10 29 21 224 16165 
10 29 36 223 16104 
10 29 51 223 16104 
10 30 6 224 16104 
10 30 21 224 16165 
10 30 36 224 16104 
10 30 51 224 16104 
10 31 6 224 16165 
10 31 21 224 16165 
10 31 36 224 16165 
10 31 51 224 16165 
10 32 6 224 16104 
10 32 21 224 16104 
10 32 36 224 16104 
10 32 51 224 16104 
10 33 6 224 16104 
10 33 21 224 16165 
10 33 36 224 16165 
10 33 51 224 16165 
10 34 6 224 16104 
10 34 21 224 16165 
10 34 36 224 16165 
10 34 51 224 16165 
10 35 6 224 16165 
10 35 21 224 16104 
10 35 36 224 16104 
10 35 51 224 16104 
10 36 6 224 16104 
10 36 21 224 16104 
10 36 36 224 16104 
10 37 13 224 16104 
10 37 28 224 16104 
10 37 43 224 16104 
10 37 58 224 16104 
10 38 13 223 16165 
10 38 28 224 16165 
10 38 43 224 16165 
10 38 58 224 16165 
10 39 13 224 16165 
10 39 28 224 16104 
10 39 43 224 16104 
10 39 58 224 16165 
10 40 13 224 16104 
10 40 28 224 16104 
10 40 43 224 16104 
10 40 58 224 16104 
10 41 13 224 16165 
10 41 28 224 16165 
10 41 43 224 16165 
10 41 58 224 16104 
10 42 13 224 16165 
10 42 28 224 16165 
10 42 43 223 16104 
10 42 58 224 16165 
10 43 13 224 16104 
10 43 28 224 16104 
10 43 43 224 16104 
10 43 58 224 16104 
10 44 13 224 16104 
10 44 28 224 16165 
10 44 43 224 16104 
10 44 58 224 16165 
10 45 13 224 16165 
10 45 28 224 16165 
10 45 43 224 16165 
10 45 58 224 16104 
10 46 13 224 16165 
10 46 28 224 16104 
10 46 43 224 16165 
10 46 58 224 16104 
10 47 13 224 16104 
10 47 28 224 16165 
10 47 43 224 16165 
10 47 58 224 16104 
10 48 14 224 16165 
10 48 29 224 16165 
10 48 44 224 16165 
10 48 59 224 16104 
10 49 14 224 16104 
10 49 29 224 16165 
10 49 44 224 16165 
10 49 59 224 16165 
10 50 14 224 16165 
10 50 29 224 16165 
10 50 44 224 16165 
10 50 59 224 16165 
10 51 14 224 16104 
10 51 29 224 16165 
10 51 44 224 16165 
10 52 21 224 16165 
10 52 36 223 16165 
10 52 51 224 16165 
10 53 6 224 16165 
10 53 21 224 16165 
10 53 36 224 16165 
10 53 51 224 16165 
10 54 6 224 16165 
10 54 21 224 16104 
10 54 36 224 16104 
10 54 51 224 16165 
10 55 6 224 16165 
10 55 21 224 16165 
10 55 36 224 16165 
10 55 51 223 16165 
10 56 6 224 16165 
10 56 21 224 16165 
10 56 36 224 16165 
10 56 51 224 16165 
10 57 6 224 16165 
10 57 21 224 16165 
10 57 36 224 16165 
10 57 51 224 16104 
10 58 6 224 16104 
10 58 21 224 16165 
10 58 36 224 16104 
10 58 51 224 16165 
10 59 6 224 16104 
10 59 21 224 16165 
10 59 36 224 16165 
10 59 51 224 16104 
11 0 6 224 16165 
11 0 21 224 16165 
11 0 36 224 16165 
11 0 51 224 16165 
11 1 6 224 16165 
11 1 21 224 16165 
11 1 36 224 16165 
11 1 51 224 16104 
11 2 6 224 16165 
11 2 21 224 16165 
11 2 36 224 16165 
11 2 51 224 16165 
11 3 6 224 16165 
11 3 21 224 16165 
11 3 36 224 16165 
11 3 51 224 16104 
11 4 6 224 16165 
11 4 21 224 16165 
11 4 36 224 16165 
11 4 51 224 16165 
11 5 6 224 16165 
11 5 21 224 16165 
11 5 36 224 16165 
11 5 51 224 16165 
11 6 6 224 16165 
11 6 21 224 16165 
11 6 36 224 16165 
11 6 51 224 16165 
11 7 28 224 16165 
11 7 43 224 16165 
11 7 58 224 16165 
11 8 13 224 16165 
11 8 28 223 16165 
11 8 43 224 16165 
11 8 58 223 16165 
11 9 13 223 16165 
11 9 28 224 16165 
11 9 43 224 16165 
11 9 58 224 16165 
11 10 13 224 16165 
11 10 28 224 16165 
11 10 43 224 16165 
11 10 58 224 16165 
11 11 13 224 16165 
11 11 28 224 16165 
11 11 43 224 16165 
11 11 58 224 16165 
11 12 13 224 16104 
11 12 28 224 16165 
11 12 43 224 16165 
11 12 58 224 16165 
11 13 13 224 16165 
11 13 28 224 16165 
11 13 43 224 16165 
11 13 58 224 16165 
11 14 13 224 16104 
11 14 28 224 16165 
11 14 43 224 16165 
11 14 58 224 16165 
11 15 13 224 16165 
11 15 28 224 16165 
11 15 43 224 16165 
11 15 58 224 16165 
11 16 13 224 16165 
11 16 28 224 16165 
11 16 43 224 16165 
11 16 58 224 16165 
11 17 13 224 16165 
11 17 28 224 16104 
11 17 43 224 16165 
11 17 58 224 16165 
11 18 13 224 16104 
11 18 28 224 16165 
11 18 43 224 16165 
11 18 58 224 16165 
11 19 13 224 16165 
11 19 28 224 16165 
11 19 43 224 16165 
11 19 58 224 16165 
11 20 13 224 16165 
11 20 28 224 16165 
11 20 43 224 16104 
11 20 58 224 16165 
11 21 13 224 16104 
11 21 28 224 16165 
11 21 43 224 16165 
11 21 58 224 16165 
11 22 35 224 16165 
11 22 50 223 16165 
11 23 5 224 16165 
11 23 20 224 16165 
11 23 35 224 16104 
11 23 50 224 16165 
11 24 5 224 16165 
11 24 20 224 16165 
11 24 35 224 16165 
11 24 50 224 16104 
11 25 5 224 16165 
11 25 20 224 16165 
11 25 35 224 16104 
11 25 50 224 16165 
11 26 5 224 16165 
11 26 20 224 16165 
11 26 35 224 16165 
11 26 50 224 16165 
11 27 5 224 16165 
11 27 20 224 16165 
11 27 35 224 16165 
11 27 50 224 16104 
11 28 5 224 16165 
11 28 20 224 16165 
11 28 35 224 16165 
11 28 50 224 16165 
11 29 5 224 16165 
11 29 20 224 16165 
11 29 35 224 16165 
11 29 50 224 16165 
11 30 5 224 16165 
11 30 20 224 16165 
11 30 35 224 16165 
11 30 50 224 16165 
11 31 5 224 16165 
11 31 20 224 16104 
11 31 35 224 16165 
11 31 50 224 16165 
11 32 5 224 16165 
11 32 20 224 16165 
11 32 35 224 16165 
11 32 50 224 16165 
11 33 5 224 16165 
11 33 20 224 16165 
11 33 35 224 16165 
11 33 50 224 16165 
11 34 5 224 16165 
11 34 20 224 16165 
11 34 35 224 16165 
11 34 50 224 16165 
11 35 5 224 16165 
11 35 20 224 16165 
11 35 35 224 16165 
11 35 50 224 16165 
11 36 5 224 16165 
11 36 20 224 16165 
11 36 35 224 16165 
11 36 50 224 16165 
11 37 5 224 16165 
11 37 42 224 16165 
11 37 57 224 16165 
11 38 12 224 16165 
11 38 27 224 16165 
11 38 42 223 16165 
11 38 57 224 16165 
11 39 12 224 16165 
11 39 27 224 16165 
11 39 42 224 16165 
11 39 57 224 16165 
11 40 12 224 16165 
11 40 27 224 16165 
11 40 42 224 16165 
11 40 57 224 16165 
11 41 12 224 16165 
11 41 27 224 16165 
11 41 42 224 16165 
11 41 57 224 16165 
11 42 12 224 16165 
11 42 27 224 16165 
11 42 42 224 16165 
11 42 57 224 16165 
11 43 12 224 16165 
11 43 27 224 16165 
11 43 42 224 16165 
11 43 57 224 16165 
11 44 12 224 16165 
11 44 27 224 16165 
11 44 42 224 16165 
11 44 57 224 16165 
11 45 12 224 16165 
11 45 27 224 16165 
11 45 42 224 16165 
11 45 57 224 16165 
11 46 12 224 16104 
11 46 27 224 16104 
11 46 42 224 16165 
11 46 57 224 16165 
11 47 12 224 16165 
11 47 27 224 16165 
11 47 42 224 16165 
11 47 57 224 16165 
11 48 12 224 16165 
11 48 27 224 16165 
11 48 42 224 16165 
11 48 57 224 16165 
11 49 12 224 16104 
11 49 27 224 16165 
11 49 42 224 16165 
11 49 57 224 16165 
11 50 12 224 16165 
11 50 27 224 16165 
11 50 42 224 16165 
11 50 57 223 16165 
11 51 12 224 16165 
11 51 27 224 16165 
11 51 42 224 16165 
11 51 57 224 16165 
11 52 12 224 16165 
11 52 49 224 16165 
11 53 4 223 16165 
11 53 19 224 16165 
11 53 34 224 16165 
11 53 49 224 16165 
11 54 4 224 16165 
11 54 19 224 16165 
11 54 34 224 16165 
11 54 49 224 16165 
11 55 4 224 16165 
11 55 19 224 16104 
11 55 34 224 16165 
11 55 49 224 16165 
11 56 4 224 16165 
11 56 19 224 16165 
11 56 34 224 16165 
11 56 49 224 16165 
11 57 4 224 16165 
11 57 19 224 16165 
11 57 34 224 16165 
11 57 49 224 16165 
11 58 4 224 16165 
11 58 19 224 16165 
11 58 34 224 16165 
11 58 49 224 16165 
11 59 4 224 16165 
11 59 19 224 16165 
11 59 34 224 16165 
11 59 49 224 16165 
12 0 4 224 16165 
12 0 19 224 16165 
12 0 34 224 16165 
12 0 49 224 16165 
12 1 4 224 16165 
12 1 19 224 16165 
12 1 34 224 16165 
12 1 49 224 16165 
12 2 4 224 16165 
12 2 19 224 16165 
12 2 34 224 16165 
12 2 49 224 16165 
12 3 4 224 16165 
12 3 19 224 16165 
12 3 34 224 16165 
12 3 49 224 16165 
12 4 4 223 16165 
12 4 19 224 16165 
12 4 34 224 16165 
12 4 49 224 16165 
12 5 4 224 16165 
12 5 19 224 16165 
12 5 34 224 16165 
12 5 49 224 16165 
12 6 4 224 16165 
12 6 19 224 16165 
12 6 34 224 16165 
12 6 49 224 16165 
12 7 4 224 16165 
12 7 19 224 16104 
12 7 56 224 16165 
12 8 11 224 16165 
12 8 26 224 16165 
12 8 41 224 16165 
12 8 56 223 16165 
12 9 11 224 16165 
12 9 26 224 16165 
12 9 41 224 16165 
12 9 56 224 16165 
12 10 11 224 16165 
12 10 26 224 16165 
12 10 41 224 16104 
12 10 56 224 16165 
12 11 11 224 16165 
12 11 26 224 16165 
12 11 41 224 16165 
12 11 56 224 16165 
12 12 11 224 16165 
12 12 26 224 16165 
12 12 41 224 16165 
12 12 56 224 16165 
12 13 11 224 16165 
12 13 26 224 16165 
12 13 41 224 16165 
12 13 56 224 16165 
12 14 11 224 16165 
12 14 26 224 16165 
12 14 41 224 16165 
12 14 56 224 16165 
12 15 11 224 16165 
12 15 26 224 16165 
12 15 41 224 16165 
12 15 56 224 16165 
12 16 11 224 16165 
12 16 26 224 16165 
12 16 41 224 16165 
12 16 56 224 16165 
12 17 11 223 16165 
12 17 26 224 16165 
12 17 41 224 16165 
12 17 56 224 16165 
12 18 11 224 16165 
12 18 26 224 16165 
12 18 41 224 16165 
12 18 56 224 16165 
12 19 11 224 16165 
12 19 26 224 16165 
12 19 41 224 16165 
12 19 56 224 16165 
12 20 11 224 16165 
12 20 26 224 16165 
12 20 41 224 16165 
12 20 56 224 16165 
12 21 11 224 16165 
12 21 26 224 16165 
12 21 41 224 16165 
12 21 56 224 16165 
12 22 11 224 16165 
12 22 26 224 16165 
12 23 3 224 16165 
12 23 18 223 16165 
12 23 33 224 16165 
12 23 48 224 16165 
12 24 3 224 16165 
12 24 18 224 16165 
12 24 33 224 16165 
12 24 48 224 16165 
12 25 3 224 16165 
12 25 18 224 16165 
12 25 33 224 16165 
12 25 48 224 16165 
12 26 3 224 16165 
12 26 18 224 16165 
12 26 33 224 16165 
12 26 48 224 16165 
12 27 3 224 16165 
12 27 18 224 16165 
12 27 33 224 16165 
12 27 48 224 16165 
12 28 3 224 16165 
12 28 18 224 16165 
12 28 33 224 16165 
12 28 48 224 16165 
12 29 3 224 16165 
12 29 18 224 16165 
12 29 33 224 16165 
12 29 48 224 16165 
12 30 3 224 16165 
12 30 18 223 16165 
12 30 33 224 16165 
12 30 48 224 16165 
12 31 3 224 16165 
12 31 18 224 16165 
12 31 33 224 16165 
12 31 48 224 16165 
12 32 3 224 16165 
12 32 18 224 16165 
12 32 33 224 16165 
12 32 48 224 16165 
12 33 3 224 16165 
12 33 18 224 16165 
12 33 33 224 16165 
12 33 48 224 16165 
12 34 3 224 16165 
12 34 18 224 16165 
12 34 33 224 16165 
12 34 48 224 16165 
12 35 3 224 16165 
12 35 18 224 16165 
12 35 33 224 16165 
12 35 48 224 16165 
12 36 3 224 16165 
12 36 18 224 16165 
12 36 33 224 16165 
12 36 48 224 16165 
12 37 3 224 16165 
12 37 18 224 16165 
12 37 33 224 16165 
12 38 10 224 16104 
12 38 25 224 16165 
12 38 40 224 16165 
12 38 55 224 16165 
12 39 10 223 16165 
12 39 25 224 16165 
12 39 41 224 16165 
12 39 56 224 16165 
12 40 11 224 16165 
12 40 26 224 16165 
12 40 41 224 16165 
12 40 56 224 16165 
12 41 11 224 16165 
12 41 26 224 16165 
12 41 41 224 16165 
12 41 56 224 16165 
12 42 11 224 16165 
12 42 26 224 16165 
12 42 41 224 16165 
12 42 56 224 16165 
12 43 11 224 16165 
12 43 26 223 16165 
12 43 41 224 16165 
12 43 56 224 16165 
12 44 11 224 16165 
12 44 26 224 16165 
12 44 41 224 16165 
12 44 56 224 16165 
12 45 11 224 16165 
12 45 26 224 16165 
12 45 41 224 16165 
12 45 56 224 16165 
12 46 11 224 16165 
12 46 26 224 16165 
12 46 41 224 16165 
12 46 56 224 16165 
12 47 11 224 16165 
12 47 26 224 16165 
12 47 41 224 16165 
12 47 56 224 16165 
12 48 11 224 16165 
12 48 26 224 16165 
12 48 41 224 16165 
12 48 56 224 16165 
12 49 11 224 16165 
12 49 26 224 16165 
12 49 41 224 16165 
12 49 56 224 16165 
12 50 11 224 16165 
12 50 26 224 16165 
12 50 41 224 16165 
12 50 56 224 16165 
12 51 11 224 16165 
12 51 26 224 16165 
12 51 41 224 16165 
12 51 56 224 16165 
12 52 11 224 16165 
12 52 26 224 16165 
12 52 41 224 16165 
12 53 18 224 16165 
12 53 33 223 16165 
12 53 48 224 16165 
12 54 3 224 16165 
12 54 18 224 16165 
12 54 33 224 16165 
12 54 48 224 16165 
12 55 3 224 16165 
12 55 18 224 16165 
12 55 33 224 16165 
12 55 48 224 16165 
12 56 3 224 16165 
12 56 18 224 16165 
12 56 33 223 16165 
12 56 48 224 16165 
12 57 3 224 16165 
12 57 18 224 16165 
12 57 33 224 16165 
12 57 48 224 16165 
12 58 3 224 16165 
12 58 18 224 16165 
12 58 33 224 16165 
12 58 48 224 16165 
12 59 3 224 16165 
12 59 18 224 16165 
12 59 33 224 16165 
12 59 48 224 16165 
13 0 3 224 16165 
13 0 18 224 16165 
13 0 33 224 16165 
13 0 48 224 16165 
13 1 3 224 16165 
13 1 18 224 16165 
13 1 33 224 16165 
13 1 48 224 16165 
13 2 3 224 16165 
13 2 18 224 16165 
13 2 33 224 16165 
13 2 48 224 16165 
13 3 3 224 16165 
13 3 18 224 16165 
13 3 33 224 16165 
13 3 48 224 16165 
13 4 3 224 16165 
13 4 18 224 16165 
13 4 33 224 16165 
13 4 48 224 16165 
13 5 3 224 16165 
13 5 18 224 16165 
13 5 33 224 16165 
13 5 48 224 16165 
13 6 3 224 16165 
13 6 18 224 16165 
13 6 33 224 16165 
13 6 48 224 16165 
13 7 3 224 16165 
13 7 18 224 16165 
13 7 33 224 16165 
13 7 48 224 16165 
13 8 25 224 16165 
13 8 40 224 16165 
13 8 55 224 16165 
13 9 10 224 16165 
13 9 25 223 16165 
13 9 40 223 16165 
13 9 55 224 16165 
13 10 10 224 16165 
13 10 25 224 16165 
13 10 40 224 16165 
13 10 55 224 16165 
13 11 10 224 16165 
13 11 25 224 16165 
13 11 40 224 16165 
13 11 55 224 16165 
13 12 10 224 16165 
13 12 25 224 16165 
13 12 40 224 16165 
13 12 55 224 16165 
13 13 10 224 16165 
13 13 25 224 16165 
13 13 40 224 16165 
13 13 55 224 16165 
13 14 10 224 16165 
13 14 25 224 16165 
13 14 40 224 16165 
13 14 55 224 16165 
13 15 10 224 16165 
13 15 25 224 16165 
13 15 40 224 16165 
13 15 55 224 16165 
13 16 10 224 16165 
13 16 25 224 16165 
13 16 40 224 16165 
13 16 55 224 16165 
13 17 10 224 16165 
13 17 25 224 16165 
13 17 40 224 16165 
13 17 55 224 16165 
13 18 10 224 16165 
13 18 25 224 16165 
13 18 40 224 16165 
13 18 55 224 16165 
13 19 10 224 16165 
13 19 25 224 16165 
13 19 40 224 16165 
13 19 55 224 16165 
13 20 10 224 16165 
13 20 25 224 16165 
13 20 40 224 16165 
13 20 55 224 16165 
13 21 10 224 16165 
13 21 25 224 16165 
13 21 40 224 16165 
13 21 55 224 16165 
13 22 10 224 16165 
13 22 25 224 16165 
13 22 40 224 16165 
13 22 55 224 16165 
13 23 32 224 16165 
13 23 47 223 16165 
13 24 2 224 16165 
13 24 17 224 16165 
13 24 32 224 16165 
13 24 47 224 16165 
13 25 2 224 16165 
13 25 17 224 16165 
13 25 32 224 16165 
13 25 47 224 16165 
13 26 2 224 16165 
13 26 17 224 16165 
13 26 32 224 16165 
13 26 47 224 16165 
13 27 2 224 16165 
13 27 17 224 16165 
13 27 32 224 16165 
13 27 47 224 16165 
13 28 2 224 16165 
13 28 17 224 16165 
13 28 32 224 16165 
13 28 47 224 16165 
13 29 2 224 16165 
13 29 17 224 16165 
13 29 32 224 16165 
13 29 47 224 16165 
13 30 2 224 16165 
13 30 17 224 16165 
13 30 32 224 16165 
13 30 47 224 16165 
13 31 2 224 16165 
13 31 17 224 16165 
13 31 32 224 16165 
13 31 47 224 16165 
13 32 2 224 16165 
13 32 17 224 16165 
13 32 32 224 16165 
13 32 47 224 16165 
13 33 2 224 16165 
13 33 17 224 16165 
13 33 32 224 16165 
13 33 47 224 16165 
13 34 2 224 16165 
13 34 17 224 16165 
13 34 32 224 16165 
13 34 47 224 16165 
13 35 2 224 16165 
13 35 17 224 16165 
13 35 32 224 16165 
13 35 47 224 16165 
13 36 2 224 16165 
13 36 17 224 16165 
13 36 32 224 16165 
13 36 47 224 16165 
13 37 2 224 16165 
13 37 17 224 16165 
13 37 32 224 16165 
13 37 47 224 16165 
13 38 2 224 16165 
13 38 39 224 16165 
13 38 54 224 16165 
13 39 9 224 16165 
13 39 24 224 16165 
13 39 39 223 16165 
13 39 54 224 16165 
13 40 9 224 16165 
13 40 24 224 16165 
13 40 39 224 16165 
13 40 54 224 16165 
13 41 9 224 16165 
13 41 24 224 16165 
13 41 39 224 16165 
13 41 54 224 16165 
13 42 9 224 16165 
13 42 24 224 16165 
13 42 39 224 16165 
13 42 54 224 16165 
13 43 9 224 16165 
13 43 24 224 16165 
13 43 39 224 16165 
13 43 54 224 16165 
13 44 9 224 16165 
13 44 24 224 16165 
13 44 39 224 16165 
13 44 54 224 16165 
13 45 9 224 16165 
13 45 24 224 16165 
13 45 39 224 16165 
13 45 54 224 16165 
13 46 9 224 16165 
13 46 24 224 16165 
13 46 39 224 16165 
13 46 54 224 16165 
13 47 9 224 16165 
13 47 24 224 16165 
13 47 39 224 16165 
13 47 54 224 16165 
13 48 9 224 16165 
13 48 24 224 16165 
13 48 39 224 16165 
13 48 54 224 16165 
13 49 9 224 16165 
13 49 24 224 16165 
13 49 39 224 16165 
13 49 54 224 16165 
13 50 9 224 16165 
13 50 24 224 16165 
13 50 39 224 16165 
13 50 54 224 16165 
13 51 9 224 16165 
13 51 24 224 16165 
13 51 39 223 16165 
13 51 54 223 16165 
13 52 9 224 16165 
13 52 24 224 16165 
13 52 39 224 16165 
13 52 54 224 16165 
13 53 9 224 16165 
13 53 46 224 16165 
13 54 1 223 16165 
13 54 16 224 16165 
13 54 31 224 16165 
13 54 46 224 16165 
13 55 1 224 16165 
13 55 16 224 16165 
13 55 31 224 16165 
13 55 46 224 16165 
13 56 1 224 16165 
13 56 16 224 16165 
13 56 31 224 16165 
13 56 46 224 16165 
13 57 1 224 16165 
13 57 16 224 16165 
13 57 31 224 16165 
13 57 46 224 16165 
13 58 1 224 16165 
13 58 16 224 16165 
13 58 31 224 16165 
13 58 46 224 16165 
13 59 1 224 16165 
13 59 16 224 16165 
13 59 31 224 16165 
13 59 46 224 16165 
14 0 1 224 16165 
14 0 16 224 16165 
14 0 31 224 16165 
14 0 46 224 16165 
14 1 1 224 16165 
14 1 16 224 16165 
14 1 31 224 16165 
14 1 46 224 16165 
14 2 1 224 16165 
14 2 16 224 16165 
14 2 31 224 16165 
14 2 46 224 16165 
14 3 1 224 16165 
14 3 16 224 16165 
14 3 31 224 16165 
14 3 46 224 16165 
14 4 1 224 16165 
14 4 16 224 16165 
14 4 31 224 16165 
14 4 46 223 16165 
14 5 1 224 16165 
14 5 16 224 16165 
14 5 31 224 16165 
14 5 46 224 16165 
14 6 1 224 16165 
14 6 16 224 16165 
14 6 31 224 16165 
14 6 46 224 16165 
14 7 1 224 16165 
14 7 16 224 16165 
14 7 31 224 16165 
14 7 46 224 16165 
14 8 1 224 16165 
14 8 16 224 16165 
14 8 53 224 16165 
14 9 8 224 16165 
14 9 23 224 16165 
14 9 38 224 16165 
14 9 53 223 16165 
14 10 8 224 16165 
14 10 23 224 16165 
14 10 38 224 16165 
14 10 53 224 16165 
14 11 8 224 16165 
14 11 23 224 16165 
14 11 38 224 16165 
14 11 53 224 16165 
14 12 8 224 16165 
14 12 23 224 16165 
14 12 38 224 16165 
14 12 53 224 16165 
14 13 8 224 16165 
14 13 23 224 16165 
14 13 38 224 16165 
14 13 53 224 16165 
14 14 8 224 16165 
14 14 23 224 16165 
14 14 38 224 16165 
14 14 53 224 16165 
14 15 8 224 16165 
14 15 23 224 16165 
14 15 38 224 16165 
14 15 53 224 16165 
14 16 8 224 16165 
14 16 23 224 16165 
14 16 38 224 16165 
14 16 53 224 16165 
14 17 8 224 16165 
14 17 23 224 16165 
14 17 38 224 16165 
14 17 53 223 16165 
14 18 8 224 16165 
14 18 23 224 16165 
14 18 38 224 16165 
14 18 53 224 16165 
14 19 8 224 16165 
14 19 23 224 16165 
14 19 38 224 16165 
14 19 53 224 16165 
14 20 8 224 16165 
14 20 23 224 16165 
14 20 38 224 16165 
14 20 53 224 16165 
14 21 8 224 16165 
14 21 23 224 16165 
14 21 38 224 16165 
14 21 53 224 16165 
14 22 8 224 16165 
14 22 23 224 16165 
14 22 38 224 16165 
14 22 53 224 16165 
14 23 8 224 16165 
14 23 23 224 16165 
14 24 0 224 16165 
14 24 15 223 16165 
14 24 30 224 16165 
14 24 45 224 16165 
14 25 0 224 16165 
14 25 15 224 16165 
14 25 30 224 16165 
14 25 45 224 16165 
14 26 0 224 16165 
14 26 15 224 16165 
14 26 30 224 16165 
14 26 45 224 16165 
14 27 0 224 16165 
14 27 15 224 16165 
14 27 30 224 16165 
14 27 45 224 16165 
14 28 0 224 16165 
14 28 15 224 16165 
14 28 30 224 16165 
14 28 45 224 16165 
14 29 0 224 16165 
14 29 15 224 16165 
14 29 30 224 16165 
14 29 45 224 16165 
14 30 0 224 16165 
14 30 15 224 16165 
14 30 30 224 16165 
14 30 45 224 16165 
14 31 0 223 16165 
14 31 15 223 16165 
14 31 30 224 16165 
14 31 45 224 16165 
14 32 0 224 16165 
14 32 15 224 16165 
14 32 30 224 16165 
14 32 45 224 16165 
14 33 0 224 16165 
14 33 15 224 16165 
14 33 30 224 16165 
14 33 45 224 16165 
14 34 0 224 16165 
14 34 15 224 16165 
14 34 30 224 16165 
14 34 45 224 16165 
14 35 0 224 16165 
14 35 15 224 16165 
14 35 30 224 16165 
14 35 45 224 16165 
14 36 0 224 16165 
14 36 15 224 16165 
14 36 30 224 16165 
14 36 45 224 16165 
14 37 0 224 16165 
14 37 15 224 16165 
14 37 30 224 16165 
14 37 45 224 16165 
14 38 0 224 16165 
14 38 15 224 16165 
14 38 30 224 16165 
14 39 7 224 16165 
14 39 22 224 16165 
14 39 37 224 16165 
14 39 53 224 16165 
14 40 7 223 16165 
14 40 23 224 16165 
14 40 38 224 16165 
14 40 53 224 16165 
14 41 8 224 16165 
14 41 23 224 16165 
14 41 38 224 16165 
14 41 53 224 16165 
14 42 8 224 16165 
14 42 23 224 16165 
14 42 38 224 16165 
14 42 53 224 16165 
14 43 8 224 16165 
14 43 23 224 16165 
14 43 38 224 16165 
14 43 53 224 16165 
14 44 8 223 16165 
14 44 23 224 16165 
14 44 38 224 16165 
14 44 53 224 16165 
14 45 8 224 16165 
14 45 23 224 16165 
14 45 38 224 16165 
14 45 53 224 16165 
14 46 8 224 16165 
14 46 23 224 16165 
14 46 38 224 16165 
14 46 53 224 16165 
14 47 8 224 16165 
14 47 23 224 16165 
14 47 38 224 16165 
14 47 53 224 16165 
14 48 8 224 16165 
14 48 23 224 16165 
14 48 38 224 16165 
14 48 53 224 16165 
14 49 8 224 16165 
14 49 23 224 16165 
14 49 38 224 16165 
14 49 53 224 16165 
14 50 8 224 16165 
14 50 23 224 16165 
14 50 38 224 16165 
14 50 53 224 16165 
14 51 8 224 16165 
14 51 23 224 16165 
14 51 38 224 16165 
14 51 53 224 16165 
14 52 8 224 16165 
14 52 23 224 16165 
14 52 38 224 16165 
14 52 53 224 16165 
14 53 8 224 16165 
14 53 23 224 16165 
14 53 38 224 16165 
14 54 15 224 16165 
14 54 30 223 16165 
14 54 45 224 16165 
14 55 0 224 16165 
14 55 15 224 16165 
14 55 30 224 16165 
14 55 45 224 16165 
14 56 0 224 16165 
14 56 15 224 16165 
14 56 30 224 16165 
14 56 45 224 16165 
14 57 0 224 16165 
14 57 15 223 16165 
14 57 30 224 16165 
14 57 45 224 16165 
14 58 0 224 16165 
14 58 15 224 16165 
14 58 30 224 16165 
14 58 45 224 16165 
14 59 0 224 16165 
14 59 15 224 16165 
14 59 30 224 16165 
14 59 45 224 16165 
15 0 0 224 16165 
15 0 15 224 16165 
15 0 30 224 16165 
15 0 45 224 16165 
15 1 0 224 16165 
15 1 15 224 16165 
15 1 30 224 16165 
15 1 45 224 16165 
15 2 0 224 16165 
15 2 15 224 16165 
15 2 30 224 16165 
15 2 45 224 16165 
15 3 0 224 16165 
15 3 15 224 16165 
15 3 30 224 16165 
15 3 45 224 16165 
15 4 0 224 16165 
15 4 15 224 16165 
15 4 30 224 16165 
15 4 45 224 16165 
15 5 0 224 16165 
15 5 15 224 16165 
15 5 30 224 16165 
15 5 45 224 16165 
15 6 0 224 16165 
15 6 15 224 16165 
15 6 30 224 16165 
15 6 45 224 16165 
15 7 0 224 16165 
15 7 15 224 16165 
15 7 30 224 16165 
15 7 45 224 16165 
15 8 0 224 16165 
15 8 15 224 16165 
15 8 30 224 16165 
15 8 45 224 16165 
15 9 22 224 16165 
15 9 37 224 16165 
15 9 52 224 16165 
15 10 7 224 16165 
15 10 22 222 16165 
15 10 37 224 16165 
15 10 52 224 16165 
15 11 7 224 16165 
15 11 22 224 16165 
15 11 37 224 16165 
15 11 52 224 16165 
15 12 7 224 16165 
15 12 22 224 16165 
15 12 37 224 16165 
15 12 52 224 16165 
15 13 7 224 16165 
15 13 22 224 16165 
15 13 37 224 16165 
15 13 52 224 16165 
15 14 7 224 16165 
15 14 22 224 16165 
15 14 37 224 16165 
15 14 52 224 16165 
15 15 7 224 16165 
15 15 22 224 16165 
15 15 37 224 16165 
15 15 52 224 16165 
15 16 7 224 16165 
15 16 22 224 16165 
15 16 37 224 16165 
15 16 52 224 16165 
15 17 7 224 16165 
15 17 22 224 16165 
15 17 37 224 16165 
15 17 52 224 16165 
15 18 7 224 16165 
15 18 22 224 16165 
15 18 37 224 16165 
15 18 52 224 16165 
15 19 7 224 16165 
15 19 22 224 16165 
15 19 37 224 16165 
15 19 52 224 16165 
15 20 7 224 16165 
15 20 22 224 16165 
15 20 37 224 16165 
15 20 52 224 16165 
15 21 7 224 16165 
15 21 22 224 16165 
15 21 37 224 16165 
15 21 52 224 16165 
15 22 7 224 16165 
15 22 22 224 16165 
15 22 37 224 16165 
15 22 52 224 16165 
15 23 7 224 16165 
15 23 22 224 16165 
15 23 37 224 16165 
15 23 52 224 16165 
15 24 29 224 16165 
15 24 44 223 16165 
15 24 59 224 16165 
15 25 14 224 16165 
15 25 29 224 16165 
15 25 44 224 16165 
15 25 59 224 16165 
15 26 14 224 16165 
15 26 29 224 16165 
15 26 44 224 16165 
15 26 59 224 16165 
15 27 14 224 16165 
15 27 29 224 16165 
15 27 44 224 16165 
15 27 59 224 16165 
15 28 14 224 16165 
15 28 29 224 16165 
15 28 44 224 16165 
15 28 59 224 16165 
15 29 14 224 16165 
15 29 29 224 16165 
15 29 44 224 16165 
15 29 59 224 16165 
15 30 14 224 16165 
15 30 29 224 16104 

