
/> 
read_ramp 05131109 
<CR>Time:2021/05/13 15:26Ramp data first polarity: 
244 245 245 245 245 244 245 244 245 245 246 246 244 244 244 245 244 245 245 245 246 245 244 244 244 245 245 244 245 245 244 245 245 244 244 244 244 245 245 244 244 244 244 245 245 245 245 245 244 245 245 246 245 245 246 245 245 245 245 244 245 245 245 256 244 248 250 250 252 255 257 258 261 262 264 265 267 268 271 273 274 275 276 277 280 282 283 284 286 288 289 290 292 294 295 297 299 300 302 303 304 306 308 309 310 312 314 316 316 318 319 322 323 325 327 328 329 330 332 333 335 336 338 340 341 342 345 346 347 348 350 351 354 354 355 357 358 361 362 363 366 367 367 369 370 372 373 375 377 379 380 381 382 384 385 388 388 390 392 392 395 396 397 400 400 401 404 405 406 407 409 410 412 414 415 417 418 419 421 422 423 425 426 428 430 431 431 433 435 436 438 439 441 443 443 444 446 447 449 450 452 453 454 456 456 458 459 461 462 463 465 467 468 470 471 473 475 476 477 478 479 480 482 483 485 486 488 489 489 492 493 493 495 496 498 500 501 502 502 503 506 507 508 510 510 510 511 511 512 513 5[Warning: Maximal number of bytes per line exceeded! Check the EOL (end-of-line) settings or increase the limit in the advanced terminal settings.]
read 0513
<CR>Time:2021/05/13 15:26
Hours Minutes Seconds  Nb_Samples    Aver. Current 
8 36 18 224 15766 
8 36 33 219 16067 
8 40 33 224 16007 
8 40 48 224 16007 
8 41 3 224 16007 
8 41 18 224 16007 
8 41 33 224 16007 
8 41 48 224 16007 
8 42 3 224 16007 
8 42 18 224 16007 
8 42 33 224 16007 
8 42 48 224 16007 
8 43 3 224 16007 
8 43 18 224 16007 
8 43 33 224 16007 
8 43 48 224 16007 
8 44 3 224 16007 
8 44 18 224 16067 
8 44 33 224 16007 
8 44 48 224 16007 
8 45 3 224 16067 
8 45 18 224 16067 
8 45 33 224 16007 
8 45 48 224 16007 
8 46 3 224 16007 
8 46 18 224 16007 
8 46 33 224 16007 
8 46 48 224 16007 
8 47 3 224 16067 
8 47 18 224 16067 
8 47 33 224 16067 
8 47 48 224 16067 
8 48 3 223 16067 
8 48 18 224 16067 
8 48 33 224 16067 
8 48 48 224 16067 
8 49 3 224 16067 
8 49 18 224 16067 
8 49 33 224 16067 
8 49 48 223 16067 
8 50 3 224 16067 
8 50 18 224 16067 
8 50 33 224 16067 
8 50 48 224 16067 
8 51 3 224 16067 
8 51 18 224 16067 
8 51 33 224 16067 
8 51 48 224 16067 
8 52 3 224 16067 
8 52 18 224 16067 
8 52 33 224 16067 
8 52 48 224 16067 
8 53 3 224 16067 
8 53 40 224 16067 
8 53 55 224 16067 
8 54 10 224 16067 
8 54 25 224 16067 
8 54 40 224 16067 
8 54 55 224 16067 
8 55 10 224 16067 
8 55 25 224 16067 
8 55 40 224 16067 
8 55 55 224 16067 
8 56 10 224 16067 
8 56 25 224 16067 
8 56 40 224 16067 
8 56 55 224 16067 
8 57 10 224 16067 
8 57 25 224 16067 
8 57 40 224 16067 
8 57 55 224 16067 
8 58 10 224 16067 
8 58 25 224 16067 
8 58 40 224 16067 
8 58 55 224 16067 
8 59 10 224 16067 
8 59 25 224 16067 
8 59 40 224 16067 
8 59 55 224 16067 
9 0 10 224 16067 
9 0 25 224 16067 
9 0 40 224 16067 
9 0 55 224 16067 
9 1 10 224 16067 
9 1 25 224 16067 
9 1 40 224 16067 
9 1 55 224 16067 
9 2 10 224 16067 
9 2 25 224 16067 
9 2 40 224 16067 
9 2 55 223 16067 
9 3 10 224 16067 
9 3 25 224 16067 
9 3 40 224 16067 
9 3 55 223 16067 
9 4 10 224 16067 
9 4 25 224 16067 
9 4 40 224 16067 
9 4 55 224 16067 
9 5 10 224 16067 
9 5 25 224 16067 
9 5 40 224 16067 
9 5 55 224 16067 
9 6 10 224 16067 
9 6 25 224 16067 
9 6 40 224 16067 
9 6 55 224 16067 
9 7 10 224 16067 
9 7 25 224 16067 
9 7 40 224 16067 
9 7 55 224 16067 
9 8 10 224 16067 
9 8 47 224 16067 
9 9 2 224 16067 
9 9 17 224 16067 
9 9 32 224 16067 
9 9 47 224 16067 
9 10 2 224 16067 
9 10 17 224 16067 
9 10 32 224 16067 
9 10 47 224 16067 
9 11 2 224 16067 
9 11 17 224 16067 
9 11 32 224 16067 
9 11 47 224 16067 
9 12 2 224 16067 
9 12 17 224 16067 
9 12 32 224 16067 
9 12 47 224 16067 
9 13 2 224 16067 
9 13 17 224 16067 
9 13 32 224 16067 
9 13 47 224 16067 
9 14 2 224 16067 
9 14 17 224 16067 
9 14 32 224 16067 
9 14 47 224 16067 
9 15 2 224 16067 
9 15 17 224 16067 
9 15 32 224 16067 
9 15 47 224 16067 
9 16 2 223 16067 
9 16 17 224 16067 
9 16 32 224 16067 
9 16 47 224 16067 
9 17 2 224 16067 
9 17 17 224 16067 
9 17 32 224 16067 
9 17 47 224 16067 
9 18 2 224 16067 
9 18 17 224 16067 
9 18 32 224 16067 
9 18 47 224 16067 
9 19 2 224 16067 
9 19 17 224 16067 
9 19 32 224 16067 
9 19 47 224 16067 
9 20 2 224 16067 
9 20 17 223 16067 
9 20 32 224 16067 
9 20 47 224 16067 
9 21 2 224 16067 
9 21 17 224 16067 
9 21 32 224 16067 
9 21 47 224 16067 
9 22 2 224 16067 
9 22 17 224 16067 
9 22 32 224 16067 
9 22 47 224 16067 
9 23 2 224 16067 
9 23 17 224 16067 
9 23 54 224 16067 
9 24 9 224 16067 
9 24 24 224 16067 
9 24 39 224 16067 
9 24 54 224 16067 
9 25 9 224 16067 
9 25 24 224 16067 
9 25 39 224 16067 
9 25 54 224 16067 
9 26 9 224 16067 
9 26 24 224 16067 
9 26 39 224 16067 
9 26 54 224 16067 
9 27 9 224 16067 
9 27 24 224 16067 
9 27 39 224 16067 
9 27 54 224 16067 
9 28 9 224 16067 
9 28 24 224 16067 
9 28 39 224 16067 
9 28 54 224 16067 
9 29 9 223 16067 
9 29 24 224 16067 
9 29 39 224 16067 
9 29 54 224 16067 
9 30 9 224 16067 
9 30 24 224 16067 
9 30 39 224 16067 
9 30 54 224 16067 
9 31 9 224 16067 
9 31 24 224 16067 
9 31 39 224 16067 
9 31 54 224 16067 
9 32 9 224 16067 
9 32 24 224 16067 
9 32 39 224 16067 
9 32 54 224 16067 
9 33 9 224 16067 
9 33 24 224 16067 
9 33 39 224 16067 
9 33 54 224 16067 
9 34 9 224 16067 
9 34 24 224 16067 
9 34 39 224 16067 
9 34 54 223 16067 
9 35 9 224 16067 
9 35 24 224 16067 
9 35 39 224 16067 
9 35 54 224 16067 
9 36 9 224 16067 
9 36 24 224 16067 
9 36 39 224 16067 
9 36 54 224 16067 
9 37 9 224 16067 
9 37 24 224 16067 
9 37 39 224 16067 
9 37 54 224 16067 
9 38 9 224 16067 
9 38 24 224 16067 
9 39 1 224 16067 
9 39 16 224 16067 
9 39 31 224 16067 
9 39 46 224 16067 
9 40 1 224 16067 
9 40 16 224 16067 
9 40 31 224 16067 
9 40 46 224 16067 
9 41 1 224 16067 
9 41 16 224 16067 
9 41 31 224 16067 
9 41 46 224 16067 
9 42 1 224 16067 
9 42 16 223 16067 
9 42 31 224 16067 
9 42 46 224 16067 
9 43 1 224 16067 
9 43 16 224 16067 
9 43 31 224 16067 
9 43 46 224 16067 
9 44 1 224 16067 
9 44 16 224 16067 
9 44 31 224 16067 
9 44 46 224 16067 
9 45 1 224 16067 
9 45 16 224 16067 
9 45 31 224 16067 
9 45 46 224 16067 
9 46 1 224 16067 
9 46 16 224 16067 
9 46 31 224 16067 
9 46 46 224 16067 
9 47 1 224 16067 
9 47 16 224 16067 
9 47 31 224 16067 
9 47 46 224 16067 
9 48 1 224 16067 
9 48 16 224 16067 
9 48 31 224 16067 
9 48 46 224 16067 
9 49 1 224 16067 
9 49 16 224 16067 
9 49 31 224 16067 
9 49 46 224 16067 
9 50 1 224 16067 
9 50 16 224 16067 
9 50 31 224 16067 
9 50 46 224 16067 
9 51 1 223 16067 
9 51 16 224 16067 
9 51 31 224 16067 
9 51 46 224 16067 
9 52 1 224 16067 
9 52 16 224 16067 
9 52 31 224 16067 
9 52 46 224 16067 
9 53 1 224 16067 
9 53 16 224 16067 
9 53 31 224 16067 
9 54 8 224 16067 
9 54 23 223 16067 
9 54 39 224 16067 
9 54 54 224 16067 
9 55 9 224 16067 
9 55 24 223 16067 
9 55 39 224 16067 
9 55 54 224 16067 
9 56 9 224 16067 
9 56 24 224 16067 
9 56 39 224 16067 
9 56 54 224 16067 
9 57 9 224 16067 
9 57 24 224 16067 
9 57 39 224 16067 
9 57 54 224 16067 
9 58 9 224 16067 
9 58 24 224 16067 
9 58 39 224 16067 
9 58 54 224 16067 
9 59 9 224 16067 
9 59 24 224 16067 
9 59 39 224 16067 
9 59 54 224 16067 
10 0 9 224 16067 
10 0 24 224 16067 
10 0 39 224 16067 
10 0 54 224 16067 
10 1 9 224 16067 
10 1 24 224 16067 
10 1 39 224 16067 
10 1 54 224 16067 
10 2 9 224 16067 
10 2 24 224 16067 
10 2 39 224 16067 
10 2 54 224 16067 
10 3 9 224 16067 
10 3 24 224 16067 
10 3 39 224 16067 
10 3 54 224 16067 
10 4 9 224 16067 
10 4 24 224 16067 
10 4 39 224 16067 
10 4 54 224 16067 
10 5 9 224 16067 
10 5 24 224 16067 
10 5 39 224 16067 
10 5 54 224 16067 
10 6 9 224 16067 
10 6 24 224 16067 
10 6 39 224 16067 
10 6 54 224 16067 
10 7 9 224 16067 
10 7 24 224 16067 
10 7 39 224 16067 
10 7 54 224 16067 
10 8 9 224 16067 
10 8 24 224 16067 
10 8 39 224 16067 
10 9 16 224 16067 
10 9 31 224 16067 
10 9 46 224 16067 
10 10 1 224 16067 
10 10 16 223 16067 
10 10 31 224 16067 
10 10 46 224 16067 
10 11 1 224 16067 
10 11 16 224 16067 
10 11 31 224 16067 
10 11 46 224 16067 
10 12 1 224 16067 
10 12 16 224 16067 
10 12 31 224 16067 
10 12 46 224 16067 
10 13 1 224 16067 
10 13 16 224 16067 
10 13 31 224 16067 
10 13 46 224 16067 
10 14 1 224 16067 
10 14 16 224 16067 
10 14 31 224 16067 
10 14 46 224 16067 
10 15 1 224 16067 
10 15 16 224 16067 
10 15 31 224 16067 
10 15 46 224 16067 
10 16 1 224 16067 
10 16 16 224 16067 
10 16 31 224 16067 
10 16 46 224 16067 
10 17 1 224 16067 
10 17 16 224 16067 
10 17 31 224 16067 
10 17 46 224 16067 
10 18 1 224 16067 
10 18 16 224 16067 
10 18 31 224 16067 
10 18 46 224 16067 
10 19 1 224 16067 
10 19 16 224 16067 
10 19 31 224 16067 
10 19 46 224 16067 
10 20 1 224 16067 
10 20 16 224 16067 
10 20 31 224 16067 
10 20 46 224 16067 
10 21 1 224 16067 
10 21 16 224 16067 
10 21 31 224 16067 
10 21 46 224 16067 
10 22 1 224 16067 
10 22 16 224 16067 
10 22 31 224 16067 
10 22 46 224 16067 
10 23 1 224 16067 
10 23 16 224 16067 
10 23 31 224 16067 
10 23 46 224 16067 
10 24 23 224 16067 
10 24 38 223 16067 
10 24 53 224 16067 
10 25 8 224 16067 
10 25 23 224 16067 
10 25 38 224 16067 
10 25 53 224 16067 
10 26 8 224 16067 
10 26 23 224 16067 
10 26 38 224 16067 
10 26 53 224 16067 
10 27 8 224 16067 
10 27 23 224 16067 
10 27 38 224 16067 
10 27 53 224 16067 
10 28 8 224 16067 
10 28 23 224 16067 
10 28 38 224 16067 
10 28 53 224 16067 
10 29 8 224 16067 
10 29 23 224 16067 
10 29 38 224 16067 
10 29 53 224 16067 
10 30 8 224 16067 
10 30 23 224 16067 
10 30 38 224 16067 
10 30 53 224 16067 
10 31 8 224 16067 
10 31 23 224 16067 
10 31 38 224 16067 
10 31 53 224 16067 
10 32 8 224 16067 
10 32 23 224 16067 
10 32 38 224 16067 
10 32 53 224 16067 
10 33 8 224 16067 
10 33 23 224 16067 
10 33 38 224 16067 
10 33 53 224 16067 
10 34 8 224 16067 
10 34 23 224 16067 
10 34 38 224 16067 
10 34 53 224 16067 
10 35 8 224 16067 
10 35 23 224 16067 
10 35 38 224 16067 
10 35 53 224 16067 
10 36 8 224 16067 
10 36 23 224 16067 
10 36 38 224 16067 
10 36 53 224 16067 
10 37 8 224 16067 
10 37 23 223 16067 
10 37 38 224 16067 
10 37 53 224 16067 
10 38 8 224 16067 
10 38 23 224 16067 
10 38 38 224 16067 
10 38 53 224 16067 
10 39 30 224 16067 
10 39 45 224 16067 
10 40 0 224 16067 
10 40 15 224 16067 
10 40 30 223 16067 
10 40 45 224 16067 
10 41 0 224 16067 
10 41 15 224 16067 
10 41 30 224 16067 
10 41 45 224 16067 
10 42 0 224 16067 
10 42 15 224 16067 
10 42 30 224 16067 
10 42 45 224 16067 
10 43 0 224 16067 
10 43 15 224 16067 
10 43 30 224 16067 
10 43 45 224 16067 
10 44 0 224 16067 
10 44 15 224 16067 
10 44 30 224 16067 
10 44 45 224 16067 
10 45 0 224 16067 
10 45 15 224 16067 
10 45 30 224 16067 
10 45 45 224 16067 
10 46 0 224 16067 
10 46 15 224 16067 
10 46 30 224 16067 
10 46 45 224 16067 
10 47 0 224 16067 
10 47 15 224 16067 
10 47 30 224 16067 
10 47 45 224 16067 
10 48 0 224 16067 
10 48 15 224 16067 
10 48 30 224 16067 
10 48 45 224 16067 
10 49 0 224 16067 
10 49 15 224 16067 
10 49 30 224 16067 
10 49 45 224 16067 
10 50 0 224 16067 
10 50 15 224 16067 
10 50 30 223 16067 
10 50 45 224 16067 
10 51 0 224 16067 
10 51 15 224 16067 
10 51 30 224 16067 
10 51 45 224 16067 
10 52 0 224 16067 
10 52 15 224 16067 
10 52 30 224 16067 
10 52 45 224 16067 
10 53 0 224 16067 
10 53 15 224 16067 
10 53 30 224 16067 
10 53 45 224 16067 
10 54 0 224 16067 
10 54 37 224 16067 
10 54 52 224 16067 
10 55 7 224 16067 
10 55 22 224 16067 
10 55 37 224 16067 
10 55 52 224 16067 
10 56 7 224 16067 
10 56 22 224 16067 
10 56 37 224 16067 
10 56 52 224 16067 
10 57 7 224 16067 
10 57 22 224 16067 
10 57 37 224 16067 
10 57 52 224 16067 
10 58 7 224 16067 
10 58 22 224 16067 
10 58 37 224 16067 
10 58 52 224 16067 
10 59 7 224 16067 
10 59 22 224 16067 
10 59 37 224 16067 
10 59 52 224 16067 
11 0 7 224 16067 
11 0 22 224 16067 
11 0 37 224 16067 
11 0 52 224 16067 
11 1 7 224 16067 
11 1 22 224 16067 
11 1 37 224 16067 
11 1 52 224 16067 
11 2 7 224 16067 
11 2 22 224 16067 
11 2 37 224 16067 
11 2 52 224 16067 
11 3 7 224 16067 
11 3 22 224 16067 
11 3 37 223 16067 
11 3 52 224 16067 
11 4 7 224 16067 
11 4 22 224 16067 
11 4 37 224 16067 
11 4 52 224 16067 
11 5 7 224 16067 
11 5 22 224 16067 
11 5 37 224 16067 
11 5 52 224 16067 
11 6 7 224 16067 
11 6 22 224 16067 
11 6 37 224 16067 
11 6 52 224 16067 
11 7 7 224 16067 
11 7 22 224 16067 
11 7 37 224 16067 
11 7 52 224 16067 
11 8 7 224 16067 
11 8 22 224 16067 
11 8 37 224 16067 
11 8 52 224 16067 
11 9 7 224 16067 
11 9 44 224 16067 
11 9 59 224 16067 
11 10 14 224 16067 
11 10 29 224 16067 
11 10 44 223 16067 
11 10 59 224 16067 
11 11 14 224 16067 
11 11 29 224 16067 
11 11 44 224 16067 
11 11 59 224 16067 
11 12 14 224 16067 
11 12 29 224 16067 
11 12 44 224 16067 
11 12 59 224 16067 
11 13 14 224 16067 
11 13 29 224 16067 
11 13 44 224 16067 
11 13 59 224 16067 
11 14 14 224 16067 
11 14 29 224 16067 
11 14 44 224 16067 
11 14 59 224 16067 
11 15 14 224 16067 
11 15 29 224 16067 
11 15 44 224 16067 
11 15 59 224 16067 
11 16 14 224 16067 
11 16 29 224 16067 
11 16 44 223 16067 
11 16 59 224 16067 
11 17 14 224 16067 
11 17 29 224 16067 
11 17 44 224 16067 
11 17 59 224 16067 
11 18 14 224 16067 
11 18 29 224 16067 
11 18 44 224 16067 
11 18 59 224 16067 
11 19 14 224 16067 
11 19 29 224 16067 
11 19 44 224 16067 
11 19 59 224 16067 
11 20 14 224 16067 
11 20 29 224 16067 
11 20 44 224 16067 
11 20 59 224 16067 
11 21 14 224 16067 
11 21 29 224 16067 
11 21 44 224 16067 
11 21 59 224 16067 
11 22 14 224 16067 
11 22 29 224 16067 
11 22 44 224 16067 
11 22 59 224 16067 
11 23 14 224 16067 
11 23 29 224 16067 
11 23 44 224 16067 
11 23 59 224 16067 
11 24 14 224 16067 
11 24 51 224 16067 
11 25 6 224 16067 
11 25 21 224 16067 
11 25 36 224 16067 
11 25 51 224 16067 
11 26 6 224 16067 
11 26 21 224 16067 
11 26 36 224 16067 
11 26 51 224 16067 
11 27 6 224 16067 
11 27 21 224 16067 
11 27 36 224 16067 
11 27 51 224 16067 
11 28 6 224 16067 
11 28 21 224 16067 
11 28 36 224 16067 
11 28 51 224 16067 
11 29 6 224 16067 
11 29 21 224 16067 
11 29 36 224 16067 
11 29 51 223 16067 
11 30 6 224 16067 
11 30 21 224 16067 
11 30 36 224 16067 
11 30 51 224 16067 
11 31 6 224 16067 
11 31 21 224 16067 
11 31 36 224 16067 
11 31 51 224 16067 
11 32 6 224 16067 
11 32 21 224 16067 
11 32 36 224 16067 
11 32 51 224 16067 
11 33 6 224 16067 
11 33 21 224 16067 
11 33 36 224 16067 
11 33 51 224 16067 
11 34 6 224 16067 
11 34 21 224 16067 
11 34 36 224 16067 
11 34 51 224 16067 
11 35 6 224 16067 
11 35 21 224 16067 
11 35 36 224 16067 
11 35 51 224 16067 
11 36 6 224 16067 
11 36 21 224 16067 
11 36 36 224 16067 
11 36 51 224 16067 
11 37 6 224 16067 
11 37 21 224 16067 
11 37 36 224 16067 
11 37 51 224 16067 
11 38 6 224 16067 
11 38 21 224 16067 
11 38 36 224 16067 
11 38 51 224 16067 
11 39 6 224 16067 
11 39 21 224 16067 
11 39 58 224 16067 
11 40 13 224 16067 
11 40 28 224 16067 
11 40 43 224 16067 
11 40 58 223 16067 
11 41 13 224 16067 
11 41 28 224 16067 
11 41 43 224 16067 
11 41 58 224 16067 
11 42 13 224 16067 
11 42 28 224 16067 
11 42 43 224 16067 
11 42 58 223 16067 
11 43 13 224 16067 
11 43 28 224 16067 
11 43 43 224 16067 
11 43 58 224 16067 
11 44 13 224 16067 
11 44 28 224 16067 
11 44 43 224 16067 
11 44 58 224 16067 
11 45 13 224 16067 
11 45 28 224 16067 
11 45 43 224 16067 
11 45 58 224 16067 
11 46 13 224 16067 
11 46 28 224 16067 
11 46 43 224 16067 
11 46 58 224 16067 
11 47 13 224 16067 
11 47 28 224 16067 
11 47 43 224 16067 
11 47 58 224 16067 
11 48 13 224 16067 
11 48 28 224 16067 
11 48 43 224 16067 
11 48 58 224 16067 
11 49 13 224 16067 
11 49 28 224 16067 
11 49 43 224 16067 
11 49 58 224 16067 
11 50 13 224 16067 
11 50 28 224 16067 
11 50 43 224 16067 
11 50 58 224 16067 
11 51 13 224 16067 
11 51 28 224 16067 
11 51 43 224 16067 
11 51 58 224 16067 
11 52 13 224 16067 
11 52 28 224 16067 
11 52 43 224 16067 
11 52 58 224 16067 
11 53 13 224 16067 
11 53 28 224 16067 
11 53 43 224 16067 
11 53 58 224 16067 
11 54 13 224 16067 
11 54 28 224 16067 
11 55 5 224 16067 
11 55 20 223 16067 
11 55 35 224 16067 
11 55 50 224 16067 
11 56 5 223 16067 
11 56 20 224 16067 
11 56 35 224 16067 
11 56 50 224 16067 
11 57 5 224 16067 
11 57 20 224 16067 
11 57 35 224 16067 
11 57 50 224 16067 
11 58 5 224 16067 
11 58 20 224 16067 
11 58 35 224 16067 
11 58 50 224 16067 
11 59 5 224 16067 
11 59 20 224 16067 
11 59 35 224 16067 
11 59 50 224 16067 
12 0 5 224 16067 
12 0 20 224 16067 
12 0 35 224 16067 
12 0 50 224 16067 
12 1 5 224 16067 
12 1 20 224 16067 
12 1 35 224 16067 
12 1 50 224 16067 
12 2 5 224 16067 
12 2 20 224 16067 
12 2 35 224 16067 
12 2 50 224 16067 
12 3 5 224 16067 
12 3 20 224 16067 
12 3 35 224 16067 
12 3 50 224 16067 
12 4 5 224 16067 
12 4 20 224 16067 
12 4 35 224 16067 
12 4 50 224 16067 
12 5 5 224 16067 
12 5 20 224 16067 
12 5 35 224 16067 
12 5 50 224 16067 
12 6 5 224 16067 
12 6 20 224 16067 
12 6 35 224 16067 
12 6 50 224 16067 
12 7 5 224 16067 
12 7 20 224 16067 
12 7 35 224 16067 
12 7 50 224 16067 
12 8 5 224 16067 
12 8 20 224 16067 
12 8 35 224 16067 
12 8 50 224 16067 
12 9 5 224 16067 
12 9 20 224 16067 
12 9 35 224 16067 
12 10 12 224 16067 
12 10 27 224 16067 
12 10 42 224 16067 
12 10 57 224 16067 
12 11 12 223 16067 
12 11 27 224 16067 
12 11 42 224 16067 
12 11 57 224 16067 
12 12 12 224 16067 
12 12 27 224 16067 
12 12 42 224 16067 
12 12 57 224 16067 
12 13 12 224 16067 
12 13 27 224 16067 
12 13 42 224 16067 
12 13 57 224 16067 
12 14 12 224 16067 
12 14 27 224 16067 
12 14 42 224 16067 
12 14 57 224 16067 
12 15 12 224 16067 
12 15 27 224 16067 
12 15 42 224 16067 
12 15 57 224 16067 
12 16 12 224 16067 
12 16 27 224 16067 
12 16 42 224 16067 
12 16 57 224 16067 
12 17 12 224 16067 
12 17 27 224 16067 
12 17 42 224 16067 
12 17 57 224 16067 
12 18 12 224 16067 
12 18 27 224 16067 
12 18 42 224 16067 
12 18 57 224 16067 
12 19 12 224 16067 
12 19 27 224 16067 
12 19 42 224 16067 
12 19 57 224 16067 
12 20 12 224 16067 
12 20 27 224 16067 
12 20 42 224 16067 
12 20 57 224 16067 
12 21 12 224 16067 
12 21 27 224 16067 
12 21 42 224 16067 
12 21 57 224 16067 
12 22 12 224 16067 
12 22 27 224 16067 
12 22 42 224 16067 
12 22 57 224 16067 
12 23 12 224 16067 
12 23 27 224 16067 
12 23 42 224 16067 
12 23 57 224 16067 
12 24 12 224 16067 
12 24 27 224 16067 
12 24 42 224 16067 
12 25 19 224 16067 
12 25 34 223 16067 
12 25 49 224 16067 
12 26 4 224 16067 
12 26 19 224 16067 
12 26 34 224 16067 
12 26 49 224 16067 
12 27 4 224 16067 
12 27 19 224 16067 
12 27 34 224 16067 
12 27 49 224 16067 
12 28 4 224 16067 
12 28 19 224 16067 
12 28 34 224 16067 
12 28 49 224 16067 
12 29 4 224 16067 
12 29 19 224 16067 
12 29 34 224 16067 
12 29 49 224 16067 
12 30 4 224 16067 
12 30 19 224 16067 
12 30 34 224 16067 
12 30 49 224 16067 
12 31 4 224 16067 
12 31 19 224 16067 
12 31 34 224 16067 
12 31 49 224 16067 
12 32 4 224 16067 
12 32 19 224 16067 
12 32 34 224 16067 
12 32 49 224 16067 
12 33 4 224 16067 
12 33 19 224 16067 
12 33 34 224 16067 
12 33 49 224 16067 
12 34 4 224 16067 
12 34 19 224 16067 
12 34 34 224 16067 
12 34 49 224 16067 
12 35 4 224 16067 
12 35 19 224 16067 
12 35 34 224 16067 
12 35 49 224 16067 
12 36 4 224 16067 
12 36 19 224 16067 
12 36 34 224 16067 
12 36 49 224 16067 
12 37 4 224 16067 
12 37 19 224 16067 
12 37 34 224 16067 
12 37 49 224 16067 
12 38 4 223 16067 
12 38 19 224 16067 
12 38 34 224 16067 
12 38 49 224 16067 
12 39 4 224 16067 
12 39 19 224 16067 
12 39 34 224 16067 
12 39 49 224 16067 
12 40 26 224 16067 
12 40 41 224 16067 
12 40 56 224 16067 
12 41 11 224 16067 
12 41 26 223 16067 
12 41 41 224 16067 
12 41 56 224 16067 
12 42 11 224 16067 
12 42 26 224 16067 
12 42 41 224 16067 
12 42 56 224 16067 
12 43 11 224 16067 
12 43 26 224 16067 
12 43 41 224 16067 
12 43 56 224 16067 
12 44 11 224 16067 
12 44 26 224 16067 
12 44 41 224 16067 
12 44 56 224 16067 
12 45 11 224 16067 
12 45 26 224 16067 
12 45 41 224 16067 
12 45 56 224 16067 
12 46 11 224 16067 
12 46 26 224 16067 
12 46 41 224 16067 
12 46 56 224 16067 
12 47 11 224 16067 
12 47 26 224 16067 
12 47 41 224 16067 
12 47 56 224 16067 
12 48 11 224 16067 
12 48 26 224 16067 
12 48 41 224 16067 
12 48 56 224 16067 
12 49 11 224 16067 
12 49 26 224 16067 
12 49 41 224 16067 
12 49 56 224 16067 
12 50 11 224 16067 
12 50 26 224 16067 
12 50 41 224 16067 
12 50 56 224 16067 
12 51 11 223 16067 
12 51 26 224 16067 
12 51 41 224 16067 
12 51 56 224 16067 
12 52 11 224 16067 
12 52 26 224 16067 
12 52 41 224 16067 
12 52 56 224 16067 
12 53 11 224 16067 
12 53 26 224 16067 
12 53 41 224 16067 
12 53 56 224 16067 
12 54 11 224 16067 
12 54 26 224 16067 
12 54 41 224 16067 
12 54 56 224 16067 
12 55 33 224 16067 
12 55 48 223 16067 
12 56 3 224 16067 
12 56 18 224 16067 
12 56 33 224 16067 
12 56 48 224 16067 
12 57 3 224 16067 
12 57 18 224 16067 
12 57 33 224 16067 
12 57 48 224 16067 
12 58 3 224 16067 
12 58 18 224 16067 
12 58 33 224 16067 
12 58 48 224 16067 
12 59 3 224 16067 
12 59 18 224 16067 
12 59 33 224 16067 
12 59 48 224 16067 
13 0 3 224 16067 
13 0 18 224 16067 
13 0 33 224 16067 
13 0 48 224 16067 
13 1 3 224 16067 
13 1 18 224 16067 
13 1 33 224 16067 
13 1 48 224 16067 
13 2 3 224 16067 
13 2 18 224 16067 
13 2 33 224 16067 
13 2 48 224 16067 
13 3 3 224 16067 
13 3 18 224 16067 
13 3 33 224 16067 
13 3 48 224 16067 
13 4 3 224 16067 
13 4 18 223 16067 
13 4 33 224 16067 
13 4 48 224 16067 
13 5 3 224 16067 
13 5 18 224 16067 
13 5 33 224 16067 
13 5 48 224 16067 
13 6 3 224 16067 
13 6 18 224 16067 
13 6 33 224 16067 
13 6 48 224 16067 
13 7 3 224 16067 
13 7 18 224 16067 
13 7 33 224 16067 
13 7 48 224 16067 
13 8 3 224 16067 
13 8 18 224 16067 
13 8 33 224 16067 
13 8 48 224 16067 
13 9 3 224 16067 
13 9 18 224 16067 
13 9 33 224 16067 
13 9 48 224 16067 
13 10 3 224 16067 
13 10 40 224 16067 
13 10 55 224 16067 
13 11 10 224 16067 
13 11 25 224 16067 
13 11 40 223 16067 
13 11 55 224 16067 
13 12 10 224 16067 
13 12 25 224 16067 
13 12 40 224 16067 
13 12 55 224 16067 
13 13 10 224 16067 
13 13 25 224 16067 
13 13 40 224 16067 
13 13 55 224 16067 
13 14 10 224 16067 
13 14 25 224 16067 
13 14 40 224 16067 
13 14 55 224 16067 
13 15 10 224 16067 
13 15 25 224 16067 
13 15 40 224 16067 
13 15 55 224 16067 
13 16 10 224 16067 
13 16 25 224 16067 
13 16 40 224 16067 
13 16 55 224 16067 
13 17 10 224 16067 
13 17 25 223 16067 
13 17 40 224 16067 
13 17 55 224 16067 
13 18 10 224 16067 
13 18 25 224 16067 
13 18 40 224 16067 
13 18 55 224 16067 
13 19 10 224 16067 
13 19 25 224 16067 
13 19 40 224 16067 
13 19 55 224 16067 
13 20 10 224 16067 
13 20 25 224 16067 
13 20 40 224 16067 
13 20 55 224 16067 
13 21 10 224 16067 
13 21 25 224 16067 
13 21 40 224 16067 
13 21 55 224 16067 
13 22 10 224 16067 
13 22 25 224 16067 
13 22 40 224 16067 
13 22 55 224 16067 
13 23 10 224 16067 
13 23 25 224 16067 
13 23 40 224 16067 
13 23 55 224 16067 
13 24 10 224 16067 
13 24 25 224 16067 
13 24 40 224 16067 
13 24 55 224 16067 
13 25 10 224 16067 
13 25 47 224 16067 
13 26 2 223 16067 
13 26 17 224 16067 
13 26 32 224 16067 
13 26 47 224 16067 
13 27 2 224 16067 
13 27 17 224 16067 
13 27 32 224 16067 
13 27 47 224 16067 
13 28 2 224 16067 
13 28 17 224 16067 
13 28 32 224 16067 
13 28 47 224 16067 
13 29 2 224 16067 
13 29 17 224 16067 
13 29 32 224 16067 
13 29 47 224 16067 
13 30 2 224 16067 
13 30 17 224 16067 
13 30 32 223 16067 
13 30 47 224 16067 
13 31 2 224 16067 
13 31 17 224 16067 
13 31 32 224 16067 
13 31 47 224 16067 
13 32 2 224 16067 
13 32 17 224 16067 
13 32 32 224 16067 
13 32 47 224 16067 
13 33 2 224 16067 
13 33 17 224 16067 
13 33 32 224 16067 
13 33 47 224 16067 
13 34 2 224 16067 
13 34 17 224 16067 
13 34 32 224 16067 
13 34 47 224 16067 
13 35 2 224 16067 
13 35 17 224 16067 
13 35 32 224 16067 
13 35 47 224 16067 
13 36 2 224 16067 
13 36 17 224 16067 
13 36 32 224 16067 
13 36 47 224 16067 
13 37 2 224 16067 
13 37 17 224 16067 
13 37 32 224 16067 
13 37 47 224 16067 
13 38 2 224 16067 
13 38 18 224 16067 
13 38 33 224 16067 
13 38 48 224 16067 
13 39 3 224 16067 
13 39 18 224 16067 
13 39 33 224 16067 
13 39 48 224 16067 
13 40 3 224 16067 
13 40 18 224 16067 
13 40 54 224 16067 
13 41 10 224 16067 
13 41 25 224 16067 
13 41 40 224 16067 
13 41 55 223 16067 
13 42 10 224 16067 
13 42 25 224 16067 
13 42 40 224 16067 
13 42 55 224 16067 
13 43 10 224 16067 
13 43 25 224 16067 
13 43 40 223 16067 
13 43 55 224 16067 
13 44 10 224 16067 
13 44 25 224 16067 
13 44 40 224 16067 
13 44 55 224 16067 
13 45 10 224 16067 
13 45 25 224 16067 
13 45 40 224 16067 
13 45 55 224 16067 
13 46 10 224 16067 
13 46 25 224 16067 
13 46 40 224 16067 
13 46 55 224 16067 
13 47 10 224 16067 
13 47 25 224 16067 
13 47 40 224 16067 
13 47 55 224 16067 
13 48 10 224 16067 
13 48 25 224 16067 
13 48 40 224 16067 
13 48 55 224 16067 
13 49 10 224 16067 
13 49 25 224 16067 
13 49 40 224 16067 
13 49 55 224 16067 
13 50 10 224 16067 
13 50 25 224 16067 
13 50 40 224 16067 
13 50 55 224 16067 
13 51 10 224 16067 
13 51 25 224 16067 
13 51 40 224 16067 
13 51 55 224 16067 
13 52 10 224 16067 
13 52 25 224 16067 
13 52 40 224 16067 
13 52 55 224 16067 
13 53 10 224 16067 
13 53 25 224 16067 
13 53 40 224 16067 
13 53 55 224 16067 
13 54 10 224 16067 
13 54 25 224 16067 
13 54 40 224 16067 
13 54 55 224 16067 
13 55 10 224 16067 
13 55 25 224 16067 
13 56 2 224 16067 
13 56 17 223 16067 
13 56 32 224 16067 
13 56 47 223 16067 
13 57 2 224 16067 
13 57 17 224 16067 
13 57 32 224 16067 
13 57 47 224 16067 
13 58 2 224 16067 
13 58 17 224 16067 
13 58 32 224 16067 
13 58 47 224 16067 
13 59 2 224 16067 
13 59 17 224 16067 
13 59 32 224 16067 
13 59 47 224 16067 
14 0 2 224 16067 
14 0 17 224 16067 
14 0 32 224 16067 
14 0 47 224 16067 
14 1 2 224 16067 
14 1 17 224 16067 
14 1 32 224 16067 
14 1 47 224 16067 
14 2 2 224 16067 
14 2 17 224 16067 
14 2 32 224 16067 
14 2 47 224 16067 
14 3 2 224 16067 
14 3 17 224 16067 
14 3 32 224 16067 
14 3 47 224 16067 
14 4 2 224 16067 
14 4 17 224 16067 
14 4 32 224 16067 
14 4 47 224 16067 
14 5 2 224 16067 
14 5 17 224 16067 
14 5 32 224 16067 
14 5 47 224 16067 
14 6 2 224 16067 
14 6 17 224 16067 
14 6 32 224 16067 
14 6 47 224 16067 
14 7 2 224 16067 
14 7 17 224 16067 
14 7 32 224 16067 
14 7 47 224 16067 
14 8 2 224 16067 
14 8 17 224 16067 
14 8 32 224 16067 
14 8 47 224 16067 
14 9 2 224 16067 
14 9 17 224 16067 
14 9 32 224 16067 
14 9 47 224 16067 
14 10 2 224 16067 
14 10 17 224 16067 
14 10 32 224 16067 
14 11 9 224 16067 
14 11 24 224 16067 
14 11 39 224 16067 
14 11 54 224 16067 
14 12 9 223 16067 
14 12 24 224 16067 
14 12 39 224 16067 
14 12 54 224 16067 
14 13 9 224 16067 
14 13 24 224 16067 
14 13 39 224 16067 
14 13 54 224 16067 
14 14 9 224 16067 
14 14 24 224 16067 
14 14 39 224 16067 
14 14 54 224 16067 
14 15 9 224 16067 
14 15 24 224 16067 
14 15 39 224 16067 
14 15 54 224 16067 
14 16 9 224 16067 
14 16 24 224 16067 
14 16 39 224 16067 
14 16 54 224 16067 
14 17 9 224 16067 
14 17 24 224 16067 
14 17 39 224 16067 
14 17 54 224 16067 
14 18 9 224 16067 
14 18 24 224 16067 
14 18 39 224 16067 
14 18 54 224 16067 
14 19 9 224 16067 
14 19 24 224 16067 
14 19 39 224 16067 
14 19 54 224 16067 
14 20 9 224 16067 
14 20 24 224 16067 
14 20 39 224 16067 
14 20 54 224 16067 
14 21 9 224 16067 
14 21 24 224 16067 
14 21 39 224 16067 
14 21 54 224 16067 
14 22 9 224 16067 
14 22 24 224 16067 
14 22 39 224 16067 
14 22 54 224 16067 
14 23 9 224 16067 
14 23 24 224 16067 
14 23 39 224 16067 
14 23 54 224 16067 
14 24 9 224 16067 
14 24 24 224 16067 
14 24 39 224 16067 
14 24 54 224 16067 
14 25 9 224 16067 
14 25 24 224 16067 
14 25 39 223 16067 
14 26 16 224 16067 
14 26 31 223 16067 
14 26 46 224 16067 
14 27 1 224 16067 
14 27 16 224 16067 
14 27 31 224 16067 
14 27 46 224 16067 
14 28 1 224 16067 
14 28 16 224 16067 
14 28 31 224 16067 
14 28 46 224 16067 
14 29 1 224 16067 
14 29 16 224 16067 
14 29 31 224 16067 
14 29 46 224 16067 
14 30 1 224 16067 
14 30 16 224 16067 
14 30 31 224 16067 
14 30 46 224 16067 
14 31 1 224 16067 
14 31 16 224 16067 
14 31 31 224 16067 
14 31 46 224 16067 
14 32 1 224 16067 
14 32 16 224 16067 
14 32 31 224 16067 
14 32 46 224 16067 
14 33 1 224 16067 
14 33 16 224 16067 
14 33 31 224 16067 
14 33 46 224 16067 
14 34 1 224 16067 
14 34 16 224 16067 
14 34 31 224 16067 
14 34 46 224 16067 
14 35 1 224 16067 
14 35 16 224 16067 
14 35 31 224 16067 
14 35 46 224 16067 
14 36 1 224 16067 
14 36 16 224 16067 
14 36 31 224 16067 
14 36 46 224 16067 
14 37 1 224 16067 
14 37 16 224 16067 
14 37 31 224 16067 
14 37 46 224 16067 
14 38 1 224 16067 
14 38 16 224 16067 
14 38 31 224 16067 
14 38 46 223 16067 
14 39 1 224 16067 
14 39 16 224 16067 
14 39 31 224 16067 
14 39 46 224 16067 
14 40 1 224 16067 
14 40 16 224 16067 
14 40 31 224 16067 
14 40 46 224 16067 
14 41 23 224 16067 
14 41 38 224 16067 
14 41 53 224 16067 
14 42 8 224 16067 
14 42 23 223 16067 
14 42 38 224 16067 
14 42 53 224 16067 
14 43 8 224 16067 
14 43 23 224 16067 
14 43 38 224 16067 
14 43 53 224 16067 
14 44 8 224 16067 
14 44 23 224 16067 
14 44 38 224 16067 
14 44 53 224 16067 
14 45 8 224 16067 
14 45 23 224 16067 
14 45 38 224 16067 
14 45 53 224 16067 
14 46 8 224 16067 
14 46 23 224 16067 
14 46 38 224 16067 
14 46 53 224 16067 
14 47 8 224 16067 
14 47 23 224 16067 
14 47 38 224 16067 
14 47 53 224 16067 
14 48 8 224 16067 
14 48 23 224 16067 
14 48 38 224 16067 
14 48 53 224 16067 
14 49 8 224 16067 
14 49 23 224 16067 
14 49 38 224 16067 
14 49 53 224 16067 
14 50 8 224 16067 
14 50 23 224 16067 
14 50 38 224 16067 
14 50 53 224 16067 
14 51 8 224 16067 
14 51 23 224 16067 
14 51 38 224 16067 
14 51 53 223 16067 
14 52 8 224 16067 
14 52 23 224 16067 
14 52 38 224 16067 
14 52 53 224 16067 
14 53 8 224 16067 
14 53 23 224 16067 
14 53 38 224 16067 
14 53 53 224 16067 
14 54 8 224 16067 
14 54 23 224 16067 
14 54 38 224 16067 
14 54 53 224 16067 
14 55 8 224 16067 
14 55 23 224 16067 
14 55 38 224 16067 
14 55 53 224 16067 
14 56 30 224 16067 
14 56 45 223 16067 
14 57 0 224 16067 
14 57 15 224 16067 
14 57 30 224 16067 
14 57 45 224 16067 
14 58 0 224 16067 
14 58 15 224 16067 
14 58 30 224 16067 
14 58 45 224 16067 
14 59 0 224 16067 
14 59 15 224 16067 
14 59 30 224 16067 
14 59 45 224 16067 
15 0 0 224 16067 
15 0 15 224 16067 
15 0 30 224 16067 
15 0 45 224 16067 
15 1 0 224 16067 
15 1 15 224 16067 
15 1 30 224 16067 
15 1 45 224 16067 
15 2 0 224 16067 
15 2 15 224 16067 
15 2 30 224 16067 
15 2 45 224 16067 
15 3 0 224 16067 
15 3 15 224 16067 
15 3 30 224 16067 
15 3 45 224 16067 
15 4 0 224 16067 
15 4 15 224 16067 
15 4 30 224 16067 
15 4 45 224 16067 
15 5 0 223 16067 
15 5 15 224 16067 
15 5 30 224 16067 
15 5 45 224 16067 
15 6 0 224 16067 
15 6 15 224 16067 
15 6 30 224 16067 
15 6 45 224 16067 
15 7 0 224 16067 
15 7 15 224 16067 
15 7 30 224 16067 
15 7 45 224 16067 
15 8 0 224 16067 
15 8 15 224 16067 
15 8 30 224 16067 
15 8 45 224 16067 
15 9 0 224 16067 
15 9 15 224 16067 
15 9 30 224 16067 
15 9 45 224 16067 
15 10 0 224 16067 
15 10 15 224 16067 
15 10 30 224 16067 
15 10 45 224 16067 
15 11 0 224 16067 
15 11 37 224 16067 
15 11 52 224 16067 
15 12 7 224 16067 
15 12 22 224 16067 
15 12 37 223 16067 
15 12 52 224 16067 
15 13 7 224 16067 
15 13 22 224 16067 
15 13 37 224 16067 
15 13 52 224 16067 
15 14 7 224 16067 
15 14 22 224 16067 
15 14 37 224 16067 
15 14 52 224 16067 
15 15 7 224 16067 
15 15 22 224 16067 
15 15 37 224 16067 
15 15 52 224 16067 
15 16 7 224 16067 
15 16 22 224 16067 
15 16 37 224 16067 
15 16 52 224 16067 
15 17 7 224 16067 
15 17 22 224 16067 
15 17 37 224 16067 
15 17 52 224 16067 
15 18 7 223 16067 
15 18 22 224 16067 
15 18 37 224 16067 
15 18 52 224 16067 
15 19 7 224 16067 
15 19 22 224 16067 
15 19 37 224 16067 
15 19 52 224 16067 
15 20 7 224 16067 
15 20 22 224 16067 
15 20 37 224 16067 
15 20 52 224 16067 
15 21 7 224 16067 
15 21 22 224 16067 
15 21 37 224 16067 
15 21 52 224 16067 
15 22 7 224 16067 
15 22 22 224 16067 
15 22 37 224 16067 
15 22 52 224 16067 
15 23 7 224 16067 
15 23 22 224 16067 
15 23 37 224 16067 
15 23 52 224 16067 
15 24 7 224 16067 
15 24 22 224 16067 
15 24 37 224 16067 
15 24 52 224 16067 
15 25 7 224 16067 
15 25 22 224 16067 
15 25 37 224 16067 
15 25 52 224 16067 
15 26 7 224 16067 
15 26 44 224 16067 
15 26 59 223 16067 
15 27 14 224 16067 
15 27 29 224 16067 
15 27 44 224 16067 
15 27 59 224 16067 
15 28 14 224 16067 
15 28 29 224 16067 
15 28 44 224 16067 
15 28 59 224 16067 
15 29 14 224 16067 
15 29 29 224 16067 
15 29 44 224 16067 
15 29 59 224 16067 
15 30 14 224 16067 
15 30 29 224 16067 
15 30 44 224 16067 
15 30 59 224 16067 
15 31 14 223 16067 
15 32 5 224 15225 

