641639 5521589	259
641605 5521624	261
641570 5521661	261
641536 5521695	261
641500 5521733	259
641468 5521769	259
641428 5521804	258
641396 5521840	255
641352 5521880	258
641316 5521842	258
641278 5521810	259
641244 5521772	258
641209 5521736	258
641174 5521698	260
641141 5521662	260
641103 5521628	261
641072 5521592	260
641108 5521556	259
641142 5521518	259
641176 5521484	260
641209 5521446	260
641245 5521411	260
641278 5521369	259
641315 5521338	260
641357 5521297	258
641370 5521309	258
641391 5521331	259
641428 5521363	259
641449 5521389	258
641465 5521409	258
641504 5521441	259
641538 5521484	258
641568 5521518	258
641606 5521553	258