

/> 
read_ramp 01251126
<CR>Time:2021/01/25 15:15Ramp data first polarity: 
772 772 772 772 773 773 773 772 773 773 773 772 772 773 772 772 772 772 772 772 772 772 772 772 772 771 772 772 772 772 772 773 773 772 772 772 772 773 772 772 772 772 772 772 772 773 772 772 772 772 772 772 772 772 773 773 772 773 772 772 772 773 772 771 772 776 771 768 766 765 762 761 759 757 755 753 752 751 749 747 746 744 742 741 740 738 736 735 734 733 730 729 727 726 725 723 722 721 718 717 717 715 714 712 710 708 706 705 705 702 701 700 698 696 695 692 692 691 689 687 684 684 683 682 680 678 677 677 676 673 670 669 668 668 666 665 663 661 660 658 657 655 653 652 651 650 648 646 645 643 643 641 639 638 636 635 634 631 630 629 629 627 625 623 622 620 619 618 616 615 614 612 609 609 607 606 605 604 603 601 599 598 596 595 593 591 590 589 587 586 585 583 581 580 578 578 576 575 573 572 570 570 568 567 565 563 562 561 559 558 556 554 554 552 551 550 547 547 546 544 542 539 539 539 538 537 535 533 533 531 529 527 526 525 524 522 522 520 519 517 516 516 514 512 510 511 511 511 509 509 5[Warning: Maximal number of bytes per line exceeded! Check the EOL (end-of-line) settings or increase the limit in the advanced terminal settings.]
read 0125
<CR>Time:2021/01/25 15:15
Hours Minutes Seconds  Nb_Samples    Aver. Current 
8 40 48 223 14958 
8 41 3 224 15935 
8 41 18 224 15996 
8 41 33 224 15996 
8 41 48 224 15996 
8 42 3 224 15996 
8 42 18 224 15996 
8 58 11 224 15203 
8 58 26 219 15935 
8 58 41 224 15996 
8 58 56 224 15996 
8 59 11 224 15996 
8 59 26 224 15996 
8 59 41 224 15996 
8 59 56 224 15996 
9 0 11 224 15996 
9 0 26 224 15996 
9 0 41 224 15996 
9 0 56 224 15996 
9 1 11 224 15996 
9 1 26 224 15996 
9 1 41 224 15996 
9 1 56 224 15996 
9 2 11 224 15996 
9 2 26 224 15996 
9 2 41 224 15996 
9 2 56 224 15996 
9 3 11 224 15996 
9 3 26 224 15996 
9 3 41 224 15996 
9 3 56 224 15996 
9 4 11 224 15996 
9 4 26 224 15996 
9 4 41 224 15996 
9 4 56 224 15996 
9 5 11 224 15996 
9 5 26 224 15996 
9 5 41 224 15996 
9 5 56 224 15996 
9 6 11 224 15996 
9 6 26 224 15996 
9 6 41 224 15996 
9 6 56 224 15996 
9 7 11 224 15996 
9 7 26 224 15996 
9 7 41 224 15996 
9 7 56 224 15996 
9 8 11 224 15996 
9 8 26 224 15996 
9 8 41 224 15996 
9 8 56 224 15996 
9 9 11 224 15996 
9 9 26 224 15996 
9 9 41 224 15996 
9 9 56 224 15996 
9 10 11 223 15996 
9 10 26 224 15996 
9 10 41 224 15996 
9 11 33 224 15996 
9 11 48 224 15996 
9 12 3 224 15996 
9 12 18 224 15996 
9 12 33 224 15996 
9 12 48 224 15996 
9 13 3 224 15996 
9 13 18 224 15996 
9 13 33 224 15996 
9 13 48 224 15996 
9 14 3 224 15996 
9 14 18 224 15996 
9 14 33 224 15996 
9 14 48 224 15996 
9 15 3 224 15996 
9 15 18 224 15996 
9 15 33 224 15996 
9 15 48 224 15996 
9 16 3 224 15996 
9 16 18 224 15996 
9 16 33 224 15996 
9 16 48 224 15996 
9 17 3 224 15996 
9 17 18 223 15996 
9 17 33 224 15996 
9 17 48 224 15996 
9 18 3 224 15996 
9 18 18 224 15996 
9 18 33 224 15996 
9 18 48 224 15996 
9 19 3 224 15996 
9 19 18 224 15996 
9 19 33 224 15996 
9 19 48 224 15996 
9 20 3 224 15996 
9 20 18 224 15996 
9 20 33 224 15996 
9 20 48 224 15996 
9 21 3 224 15996 
9 21 18 224 15996 
9 21 33 224 15996 
9 21 48 224 15996 
9 22 3 224 15996 
9 22 18 224 15996 
9 22 33 224 15996 
9 22 48 224 15996 
9 23 3 224 15996 
9 23 18 224 15996 
9 23 33 224 15996 
9 23 48 224 15996 
9 24 3 224 15996 
9 24 18 224 15996 
9 24 33 223 15996 
9 24 48 224 15996 
9 25 3 224 15996 
9 25 18 224 15996 
9 25 33 224 15996 
9 25 48 224 15996 
9 26 25 224 15996 
9 26 40 224 15996 
9 26 55 224 15996 
9 27 10 224 15996 
9 27 25 224 15996 
9 27 40 224 15996 
9 27 55 224 15996 
9 28 10 224 15996 
9 28 25 224 15996 
9 28 40 224 15996 
9 28 55 223 15996 
9 29 10 224 15996 
9 29 25 224 15996 
9 29 40 224 15996 
9 29 55 224 15996 
9 30 10 224 15996 
9 30 25 224 15996 
9 30 40 224 15996 
9 30 55 224 15996 
9 31 10 224 15996 
9 31 25 224 15996 
9 31 40 224 15996 
9 31 55 224 15996 
9 32 10 224 15996 
9 32 25 224 15996 
9 32 40 224 15996 
9 32 55 224 15996 
9 33 10 224 15996 
9 33 25 224 15996 
9 33 40 224 15996 
9 33 55 224 15996 
9 34 10 224 15996 
9 34 25 224 15996 
9 34 40 224 15996 
9 34 55 224 15996 
9 35 10 224 15996 
9 35 25 224 15996 
9 35 40 224 15996 
9 35 55 224 15996 
9 36 10 224 15996 
9 36 25 224 15996 
9 36 40 224 15996 
9 36 55 224 15996 
9 37 10 224 15996 
9 37 25 224 15996 
9 37 40 224 15996 
9 37 55 224 16057 
9 38 10 224 16057 
9 38 25 224 15996 
9 38 40 224 15996 
9 38 55 224 15996 
9 39 10 224 16057 
9 39 25 224 16057 
9 39 40 224 16057 
9 39 55 224 16057 
9 40 10 224 15996 
9 40 25 224 16057 
9 40 40 224 16057 
9 40 55 224 15996 
9 41 47 224 15996 
9 42 2 223 16057 
9 42 17 224 16057 
9 42 32 224 16057 
9 42 47 224 16057 
9 43 2 224 16057 
9 43 17 224 16057 
9 43 32 224 16057 
9 43 47 224 16057 
9 44 2 224 16057 
9 44 17 224 16057 
9 44 32 224 16057 
9 44 47 224 15996 
9 45 2 224 16057 
9 45 17 224 16057 
9 45 32 224 16057 
9 45 47 224 15996 
9 46 2 224 15996 
9 46 17 224 16057 
9 46 32 224 16057 
9 46 47 224 15996 
9 47 2 224 15996 
9 47 17 224 15996 
9 47 32 224 15996 
9 47 47 224 15996 
9 48 2 224 16057 
9 48 17 224 16057 
9 48 32 224 16057 
9 48 47 224 16057 
9 49 2 224 16057 
9 49 17 224 16057 
9 49 32 224 15996 
9 49 47 224 16057 
9 50 2 224 16057 
9 50 17 224 15996 
9 50 32 224 15996 
9 50 47 224 16057 
9 51 2 224 16057 
9 51 17 224 16057 
9 51 32 224 16057 
9 51 47 224 16057 
9 52 3 224 16057 
9 52 18 224 16057 
9 52 33 224 16057 
9 52 48 224 16057 
9 53 3 224 16057 
9 53 18 224 16057 
9 53 33 224 16057 
9 53 48 224 16057 
9 54 3 224 15996 
9 54 18 224 16057 
9 54 33 224 16057 
9 54 48 224 16057 
9 55 3 224 16057 
9 55 18 224 15996 
9 55 33 224 16057 
9 55 48 224 16057 
9 56 3 224 16057 
9 56 40 224 15996 
9 56 54 223 16057 
9 57 9 224 16057 
9 57 24 224 16057 
9 57 39 224 16057 
9 57 54 224 16057 
9 58 9 224 16057 
9 58 25 224 16057 
9 58 40 224 16057 
9 58 55 224 16057 
9 59 10 224 16057 
9 59 25 224 16057 
9 59 40 224 15996 
9 59 55 224 16057 
10 0 10 224 16057 
10 0 25 224 16057 
10 0 40 224 16057 
10 0 55 224 16057 
10 1 10 224 16057 
10 1 25 224 15996 
10 1 40 224 16057 
10 1 55 224 16057 
10 2 10 224 16057 
10 2 25 224 16057 
10 2 40 224 16057 
10 2 55 224 16057 
10 3 10 224 16057 
10 3 25 224 16057 
10 3 40 224 16057 
10 3 55 224 16057 
10 4 10 224 16057 
10 4 25 224 16057 
10 4 40 224 16057 
10 4 55 224 16057 
10 5 10 224 16057 
10 5 25 224 16057 
10 5 40 224 16057 
10 5 55 224 16057 
10 6 10 224 16057 
10 6 25 224 15996 
10 6 40 224 15996 
10 6 55 224 16057 
10 7 10 224 16057 
10 7 25 224 16057 
10 7 40 224 16057 
10 7 55 224 16057 
10 8 10 224 16057 
10 8 25 224 16057 
10 8 40 224 16057 
10 8 55 224 15996 
10 9 10 224 16057 
10 9 25 224 16057 
10 9 40 224 16057 
10 9 55 224 15996 
10 10 10 224 16057 
10 10 25 224 15996 
10 10 40 224 16057 
10 10 55 224 16057 
10 11 10 224 16057 
10 12 2 224 15996 
10 12 17 224 15996 
10 12 32 224 16057 
10 12 47 224 16057 
10 13 2 224 16057 
10 13 17 224 15996 
10 13 32 224 15996 
10 13 47 224 16057 
10 14 2 224 16057 
10 14 17 224 16057 
10 14 32 224 16057 
10 14 47 223 16057 
10 15 2 224 15996 
10 15 17 224 16057 
10 15 32 224 16057 
10 15 47 224 16057 
10 16 2 224 16057 
10 16 17 224 16057 
10 16 32 224 15996 
10 16 47 224 16057 
10 17 2 224 16057 
10 17 17 224 16057 
10 17 32 224 15996 
10 17 47 224 16057 
10 18 2 224 16057 
10 18 17 224 16057 
10 18 32 224 16057 
10 18 47 224 16057 
10 19 2 224 15996 
10 19 17 224 16057 
10 19 32 224 16057 
10 19 47 224 15996 
10 20 2 224 16057 
10 20 17 224 16057 
10 20 32 224 16057 
10 20 47 224 16057 
10 21 2 224 16057 
10 21 17 224 16057 
10 21 32 224 16057 
10 21 47 224 16057 
10 22 2 224 16057 
10 22 17 224 16057 
10 22 32 224 15996 
10 22 47 224 16057 
10 23 2 224 16057 
10 23 17 224 16057 
10 23 32 224 16057 
10 23 47 224 16057 
10 24 2 224 16057 
10 24 17 224 16057 
10 24 32 224 16057 
10 24 47 224 16057 
10 25 2 224 16057 
10 25 17 224 16057 
10 25 32 224 16057 
10 25 47 224 16057 
10 26 2 224 16057 
10 26 17 224 16057 
10 26 54 224 16057 
10 27 9 224 16057 
10 27 24 224 16057 
10 27 39 224 16057 
10 27 54 224 16057 
10 28 9 224 16057 
10 28 24 224 16057 
10 28 39 224 16057 
10 28 54 224 16057 
10 29 9 224 16057 
10 29 24 223 16057 
10 29 39 224 16057 
10 29 54 224 16057 
10 30 9 224 16057 
10 30 24 224 16057 
10 30 39 224 16057 
10 30 54 224 16057 
10 31 9 224 16057 
10 31 24 224 16057 
10 31 39 224 16057 
10 31 54 224 16057 
10 32 9 224 16057 
10 32 24 224 16057 
10 32 39 224 16057 
10 32 54 224 16057 
10 33 9 224 16057 
10 33 24 224 16057 
10 33 39 224 16057 
10 33 54 224 16057 
10 34 9 224 16057 
10 34 24 224 16057 
10 34 39 224 16057 
10 34 54 224 16057 
10 35 9 224 16057 
10 35 24 224 16057 
10 35 39 224 16057 
10 35 54 224 16057 
10 36 9 224 16057 
10 36 24 224 16057 
10 36 39 224 16057 
10 36 54 224 16057 
10 37 9 224 16057 
10 37 24 224 16057 
10 37 39 224 16057 
10 37 54 224 16057 
10 38 9 224 16057 
10 38 24 224 16057 
10 38 39 224 16057 
10 38 54 224 16057 
10 39 9 224 16057 
10 39 24 224 16057 
10 39 39 224 16057 
10 39 54 224 16057 
10 40 9 224 16057 
10 40 24 224 16057 
10 40 39 224 16057 
10 40 54 224 16057 
10 41 9 224 16057 
10 41 24 224 16057 
10 42 16 224 16057 
10 42 31 223 16057 
10 42 46 224 16057 
10 43 1 224 16057 
10 43 16 224 16057 
10 43 31 224 16057 
10 43 46 224 16057 
10 44 1 224 16057 
10 44 16 224 16057 
10 44 31 224 16057 
10 44 46 224 16057 
10 45 1 224 16057 
10 45 16 224 16057 
10 45 31 224 16057 
10 45 46 224 16057 
10 46 1 224 16057 
10 46 16 224 16057 
10 46 31 224 16057 
10 46 46 224 16057 
10 47 1 224 16057 
10 47 16 224 16057 
10 47 31 224 16057 
10 47 46 224 16057 
10 48 1 224 16057 
10 48 16 224 16057 
10 48 31 224 16057 
10 48 46 224 16057 
10 49 1 224 16057 
10 49 16 224 16057 
10 49 31 224 16057 
10 49 46 224 16057 
10 50 1 224 16057 
10 50 16 224 16057 
10 50 31 224 16057 
10 50 46 224 16057 
10 51 1 224 16057 
10 51 16 224 16057 
10 51 31 224 16057 
10 51 46 224 16057 
10 52 1 224 16057 
10 52 16 224 16057 
10 52 31 224 16057 
10 52 46 224 16057 
10 53 1 224 16057 
10 53 16 224 16057 
10 53 31 224 16057 
10 53 46 224 16057 
10 54 1 224 16057 
10 54 16 224 16057 
10 54 31 224 16057 
10 54 46 224 16057 
10 55 1 224 16057 
10 55 16 224 16057 
10 55 31 224 16057 
10 55 46 224 16057 
10 56 1 224 16057 
10 56 16 224 16057 
10 56 31 224 16057 
10 57 8 224 16057 
10 57 23 223 16057 
10 57 38 224 16057 
10 57 53 224 16057 
10 58 8 224 16057 
10 58 23 224 16057 
10 58 38 224 16057 
10 58 53 224 16057 
10 59 8 224 16057 
10 59 23 224 16057 
10 59 38 224 16057 
10 59 53 224 16057 
11 0 8 224 16057 
11 0 23 224 16057 
11 0 38 224 16057 
11 0 53 224 16057 
11 1 8 224 16057 
11 1 23 224 16057 
11 1 38 224 16057 
11 1 53 224 16057 
11 2 8 224 16057 
11 2 23 224 16057 
11 2 38 224 16057 
11 2 53 224 16057 
11 3 8 224 16057 
11 3 23 224 16057 
11 3 38 224 16057 
11 3 53 224 16057 
11 4 8 224 16057 
11 4 23 224 16057 
11 4 38 224 16057 
11 4 53 224 16057 
11 5 8 224 16057 
11 5 23 224 16057 
11 5 38 224 16057 
11 5 53 224 16057 
11 6 8 224 16057 
11 6 23 224 16057 
11 6 38 224 16057 
11 6 53 224 16057 
11 7 8 224 16057 
11 7 23 224 16057 
11 7 38 224 16057 
11 7 53 224 16057 
11 8 8 224 16057 
11 8 23 224 16057 
11 8 38 224 16057 
11 8 53 224 16057 
11 9 8 224 16057 
11 9 23 224 16057 
11 9 38 224 16057 
11 9 53 224 16057 
11 10 8 224 16057 
11 10 23 224 16057 
11 10 38 224 16057 
11 10 53 224 16057 
11 11 8 224 16057 
11 11 23 224 16057 
11 11 38 224 16057 
11 12 30 224 16057 
11 12 45 223 16057 
11 13 0 224 16057 
11 13 15 224 16057 
11 13 30 224 16057 
11 13 45 224 16057 
11 14 0 224 16057 
11 14 15 224 16057 
11 14 30 224 16057 
11 14 45 224 16057 
11 15 0 224 16057 
11 15 15 224 16057 
11 15 30 224 16057 
11 15 45 224 16057 
11 16 0 224 16057 
11 16 15 224 16057 
11 16 30 224 16057 
11 16 45 224 16057 
11 17 0 224 16057 
11 17 15 224 16057 
11 17 30 224 16057 
11 17 45 224 16057 
11 18 0 224 16057 
11 18 15 224 16057 
11 18 30 224 16057 
11 18 45 224 16057 
11 19 0 224 16057 
11 19 15 224 16057 
11 19 30 224 16057 
11 19 45 224 16057 
11 20 0 224 16057 
11 20 15 224 16057 
11 20 30 224 16057 
11 20 45 224 16057 
11 21 0 224 16057 
11 21 15 224 16057 
11 21 30 224 16057 
11 21 45 224 16057 
11 22 0 224 16057 
11 22 15 224 16057 
11 22 30 224 16057 
11 22 45 224 16057 
11 23 0 224 16057 
11 23 15 224 16057 
11 23 30 224 16057 
11 23 45 224 16057 
11 24 0 224 16057 
11 24 15 224 16057 
11 24 30 224 16057 
11 24 45 224 16057 
11 25 0 224 16057 
11 25 15 224 16057 
11 25 30 224 16057 
11 25 45 224 16057 
11 26 0 224 16057 
11 26 15 224 16057 
11 26 30 224 16057 
11 26 45 224 16057 
11 27 22 224 16057 
11 27 37 224 16057 
11 27 52 224 16057 
11 28 7 224 16057 
11 28 22 224 16057 
11 28 37 224 16057 
11 28 52 224 16057 
11 29 7 224 16057 
11 29 22 224 16057 
11 29 37 224 16057 
11 29 52 223 16057 
11 30 7 224 16057 
11 30 22 224 16057 
11 30 37 224 16057 
11 30 52 224 16057 
11 31 7 224 16057 
11 31 22 224 16057 
11 31 37 224 16057 
11 31 52 224 16057 
11 32 7 224 16057 
11 32 22 224 16057 
11 32 37 224 16057 
11 32 52 224 16057 
11 33 7 224 16057 
11 33 22 224 16057 
11 33 37 224 16057 
11 33 52 224 16057 
11 34 7 224 16057 
11 34 22 224 16057 
11 34 37 224 16057 
11 34 52 224 16057 
11 35 7 224 16057 
11 35 22 224 16057 
11 35 37 224 16057 
11 35 52 224 16057 
11 36 7 224 16057 
11 36 22 224 16057 
11 36 37 224 16057 
11 36 52 224 16057 
11 37 7 224 16057 
11 37 22 224 16057 
11 37 37 224 16057 
11 37 52 224 16057 
11 38 7 224 16057 
11 38 22 224 16057 
11 38 37 224 16057 
11 38 52 224 16057 
11 39 7 224 16057 
11 39 22 224 16057 
11 39 37 224 16057 
11 39 52 224 16057 
11 40 7 224 16057 
11 40 22 224 16057 
11 40 37 224 16057 
11 40 52 224 16057 
11 41 7 224 16057 
11 41 22 224 16057 
11 41 37 224 16057 
11 41 52 224 16057 
11 42 44 224 16057 
11 42 59 223 16057 
11 43 14 224 16057 
11 43 29 224 16057 
11 43 44 224 16057 
11 43 59 224 16057 
11 44 14 224 16057 
11 44 29 224 16057 
11 44 44 224 16057 
11 44 59 224 16057 
11 45 14 224 16057 
11 45 29 224 16057 
11 45 44 224 16057 
11 45 59 224 16057 
11 46 14 224 16057 
11 46 29 224 16057 
11 46 44 224 16057 
11 46 59 224 16057 
11 47 14 224 16057 
11 47 29 224 16057 
11 47 44 224 16057 
11 47 59 224 16057 
11 48 14 224 16057 
11 48 29 224 16057 
11 48 44 224 16057 
11 48 59 224 16057 
11 49 14 224 16057 
11 49 29 224 16057 
11 49 44 224 16057 
11 49 59 224 16057 
11 50 14 224 16057 
11 50 29 224 16057 
11 50 44 224 16057 
11 50 59 224 16057 
11 51 14 224 16057 
11 51 29 224 16057 
11 51 44 224 16057 
11 51 59 224 16057 
11 52 14 224 16057 
11 52 29 224 16057 
11 52 44 224 16057 
11 52 59 224 16057 
11 53 14 224 16057 
11 53 29 224 16057 
11 53 44 224 16057 
11 53 59 224 16057 
11 54 14 224 16057 
11 54 29 224 16057 
11 54 44 224 16057 
11 54 59 224 16057 
11 55 14 224 16057 
11 55 29 224 16057 
11 55 44 224 16057 
11 55 59 224 16057 
11 56 14 224 16057 
11 56 29 224 16057 
11 56 44 224 16057 
11 56 59 224 16057 
11 57 36 224 16057 
11 57 51 223 16057 
11 58 6 224 16057 
11 58 21 224 16057 
11 58 36 224 16057 
11 58 51 224 16057 
11 59 6 224 16057 
11 59 21 224 16057 
11 59 36 224 16057 
11 59 51 224 16057 
12 0 6 224 16057 
12 0 21 224 16057 
12 0 36 224 16057 
12 0 51 224 16057 
12 1 6 224 16057 
12 1 21 224 16057 
12 1 36 224 16057 
12 1 51 224 16057 
12 2 6 224 16057 
12 2 21 224 16057 
12 2 36 224 16057 
12 2 51 224 16057 
12 3 6 224 16057 
12 3 21 224 16057 
12 3 36 224 16057 
12 3 51 224 16057 
12 4 6 224 16057 
12 4 21 224 16057 
12 4 36 224 16057 
12 4 51 224 16057 
12 5 6 224 16057 
12 5 21 224 16057 
12 5 36 224 16057 
12 5 51 224 16057 
12 6 6 224 16057 
12 6 21 224 16057 
12 6 36 224 16057 
12 6 51 224 16057 
12 7 6 224 16057 
12 7 21 224 16057 
12 7 36 224 16057 
12 7 51 224 16057 
12 8 6 224 16057 
12 8 21 224 16057 
12 8 36 224 16057 
12 8 51 224 16057 
12 9 6 224 16057 
12 9 21 224 16057 
12 9 36 224 16057 
12 9 51 224 16057 
12 10 6 224 16057 
12 10 21 224 16057 
12 10 36 224 16057 
12 10 51 224 16057 
12 11 6 224 16057 
12 11 21 224 16057 
12 11 36 224 16057 
12 11 51 224 15996 
12 12 6 224 16057 
12 12 58 224 16057 
12 13 13 223 16057 
12 13 28 224 16057 
12 13 43 224 16057 
12 13 58 224 16057 
12 14 13 224 16057 
12 14 28 224 16057 
12 14 43 224 16057 
12 14 58 224 16057 
12 15 13 224 16057 
12 15 28 224 16057 
12 15 43 224 16057 
12 15 58 224 16057 
12 16 13 224 16057 
12 16 28 224 16057 
12 16 43 224 16057 
12 16 58 224 16057 
12 17 13 224 16057 
12 17 28 224 16057 
12 17 43 224 16057 
12 17 58 224 16057 
12 18 13 224 16057 
12 18 28 224 16057 
12 18 43 224 16057 
12 18 58 224 16057 
12 19 13 224 16057 
12 19 28 224 16057 
12 19 43 224 16057 
12 19 58 224 16057 
12 20 13 224 16057 
12 20 28 224 16057 
12 20 43 224 16057 
12 20 58 224 16057 
12 21 13 224 16057 
12 21 28 224 16057 
12 21 43 224 16057 
12 21 58 224 16057 
12 22 13 224 16057 
12 22 28 224 16057 
12 22 43 224 16057 
12 22 58 224 16057 
12 23 13 224 16057 
12 23 28 224 16057 
12 23 43 224 16057 
12 23 58 224 16057 
12 24 13 224 16057 
12 24 28 224 16057 
12 24 43 224 16057 
12 24 58 224 16057 
12 25 13 224 16057 
12 25 28 224 16057 
12 25 43 224 16057 
12 25 58 224 16057 
12 26 13 224 16057 
12 26 28 224 16057 
12 26 43 224 16057 
12 26 58 224 16057 
12 27 13 224 16057 
12 27 50 224 16057 
12 28 5 223 16057 
12 28 20 224 16057 
12 28 35 224 16057 
12 28 50 224 16057 
12 29 5 225 16057 
12 29 20 223 16057 
12 29 35 224 16057 
12 29 50 224 16057 
12 30 5 224 16057 
12 30 20 224 16057 
12 30 35 224 16057 
12 30 50 224 16057 
12 31 5 224 16057 
12 31 20 224 16057 
12 31 35 224 16057 
12 31 50 224 16057 
12 32 5 224 16057 
12 32 20 224 16057 
12 32 35 224 16057 
12 32 50 224 16057 
12 33 5 224 16057 
12 33 20 224 16057 
12 33 35 224 16057 
12 33 50 224 16057 
12 34 5 224 16057 
12 34 20 224 16057 
12 34 35 224 16057 
12 34 50 224 16057 
12 35 5 224 16057 
12 35 20 224 16057 
12 35 35 224 16057 
12 35 50 224 16057 
12 36 5 224 16057 
12 36 20 224 16057 
12 36 35 224 16057 
12 36 50 224 16057 
12 37 5 224 16057 
12 37 20 224 16057 
12 37 35 224 16057 
12 37 50 224 16057 
12 38 5 224 16057 
12 38 20 224 16057 
12 38 35 224 16057 
12 38 50 224 16057 
12 39 5 224 16057 
12 39 20 224 16057 
12 39 35 224 16057 
12 39 50 224 16057 
12 40 5 224 16057 
12 40 20 224 16057 
12 40 35 224 16057 
12 40 50 224 16057 
12 41 5 224 16057 
12 41 20 224 16057 
12 41 35 224 16057 
12 41 50 224 16057 
12 42 5 224 16057 
12 42 20 224 16057 
12 43 12 224 16057 
12 43 27 224 16057 
12 43 42 224 16057 
12 43 57 224 16057 
12 44 12 224 16057 
12 44 27 224 16057 
12 44 42 224 16057 
12 44 57 224 16057 
12 45 12 224 16057 
12 45 27 224 16057 
12 45 42 224 16057 
12 45 57 223 16057 
12 46 12 224 16057 
12 46 27 224 16057 
12 46 42 224 16057 
12 46 57 224 16057 
12 47 12 224 16057 
12 47 27 224 16057 
12 47 42 224 16057 
12 47 57 224 16057 
12 48 12 224 16057 
12 48 27 224 16057 
12 48 42 224 16057 
12 48 57 224 16057 
12 49 12 224 16057 
12 49 27 224 16057 
12 49 42 224 16057 
12 49 57 224 16057 
12 50 12 224 16057 
12 50 27 224 16057 
12 50 42 224 16057 
12 50 57 224 16057 
12 51 12 224 16057 
12 51 27 224 16057 
12 51 42 224 16057 
12 51 57 224 16057 
12 52 12 224 16057 
12 52 27 224 16057 
12 52 42 224 16057 
12 52 57 224 16057 
12 53 12 224 16057 
12 53 27 224 16057 
12 53 42 224 16057 
12 53 57 224 16057 
12 54 12 224 16057 
12 54 27 224 16057 
12 54 42 224 16057 
12 54 57 224 16057 
12 55 12 224 16057 
12 55 27 224 16057 
12 55 42 224 16057 
12 55 57 224 16057 
12 56 12 224 16057 
12 56 27 224 16057 
12 56 42 224 16057 
12 56 57 224 16057 
12 57 12 224 16057 
12 57 27 224 16057 
12 58 4 224 16057 
12 58 19 223 16057 
12 58 34 224 16057 
12 58 49 224 16057 
12 59 4 224 16057 
12 59 19 224 16057 
12 59 34 224 16057 
12 59 49 224 16057 
13 0 4 224 16057 
13 0 19 224 16057 
13 0 34 224 16057 
13 0 49 224 16057 
13 1 4 224 16057 
13 1 19 224 16057 
13 1 34 224 16057 
13 1 49 224 16057 
13 2 4 224 16057 
13 2 19 224 16057 
13 2 34 224 16057 
13 2 49 224 16057 
13 3 4 224 16057 
13 3 19 224 16057 
13 3 34 224 16057 
13 3 49 224 16057 
13 4 4 224 16057 
13 4 19 224 16057 
13 4 34 224 16057 
13 4 49 224 16057 
13 5 4 224 16057 
13 5 19 224 16057 
13 5 34 224 16057 
13 5 49 224 16057 
13 6 4 224 16057 
13 6 19 224 16057 
13 6 34 224 16057 
13 6 49 224 16057 
13 7 4 224 16057 
13 7 19 224 16057 
13 7 34 224 16057 
13 7 49 224 16057 
13 8 4 224 16057 
13 8 19 224 16057 
13 8 34 224 16057 
13 8 49 224 16057 
13 9 4 224 16057 
13 9 19 224 16057 
13 9 34 224 16057 
13 9 49 224 16057 
13 10 4 224 16057 
13 10 19 224 16057 
13 10 34 224 16057 
13 10 49 224 16057 
13 11 4 224 16057 
13 11 19 224 16057 
13 11 34 224 16057 
13 11 49 224 16057 
13 12 4 224 16057 
13 12 19 224 16057 
13 12 34 224 16057 
13 13 26 224 16057 
13 13 41 224 16057 
13 13 56 224 16057 
13 14 11 224 16057 
13 14 26 224 16057 
13 14 41 224 16057 
13 14 56 224 16057 
13 15 11 224 16057 
13 15 26 224 16057 
13 15 41 224 16057 
13 15 56 224 16057 
13 16 11 223 16057 
13 16 26 224 16057 
13 16 41 224 16057 
13 16 56 224 16057 
13 17 11 224 16057 
13 17 26 224 16057 
13 17 41 224 16057 
13 17 56 224 16057 
13 18 11 224 16057 
13 18 26 224 16057 
13 18 41 224 16057 
13 18 56 224 16057 
13 19 11 224 16057 
13 19 26 224 16057 
13 19 41 224 16057 
13 19 56 224 16057 
13 20 11 224 16057 
13 20 26 224 16057 
13 20 41 224 16057 
13 20 56 224 16057 
13 21 11 224 16057 
13 21 26 224 16057 
13 21 41 224 16057 
13 21 56 224 16057 
13 22 11 224 16057 
13 22 26 224 16057 
13 22 41 224 16057 
13 22 56 224 16057 
13 23 11 224 16057 
13 23 26 224 16057 
13 23 41 224 16057 
13 23 56 224 16057 
13 24 11 224 16057 
13 24 26 224 16057 
13 24 41 224 16057 
13 24 56 224 16057 
13 25 11 224 16057 
13 25 26 224 16057 
13 25 41 224 16057 
13 25 56 224 16057 
13 26 11 224 16057 
13 26 26 224 16057 
13 26 41 224 16057 
13 26 56 224 16057 
13 27 11 224 16057 
13 27 26 224 16057 
13 27 41 224 16057 
13 28 18 224 16057 
13 28 33 223 16057 
13 28 48 224 16057 
13 29 3 224 16057 
13 29 18 224 16057 
13 29 33 224 16057 
13 29 48 224 16057 
13 30 3 224 16057 
13 30 18 224 16057 
13 30 33 224 16057 
13 30 48 224 16057 
13 31 3 224 16057 
13 31 18 224 16057 
13 31 33 224 16057 
13 31 48 224 16057 
13 32 3 224 16057 
13 32 18 224 16057 
13 32 33 224 16057 
13 32 48 224 16057 
13 33 3 224 16057 
13 33 18 224 16057 
13 33 33 224 16057 
13 33 48 224 16057 
13 34 3 224 16057 
13 34 18 224 16057 
13 34 33 224 16057 
13 34 48 224 16057 
13 35 3 224 16057 
13 35 18 224 16057 
13 35 33 224 16057 
13 35 48 224 16057 
13 36 3 224 16057 
13 36 18 224 15996 
13 36 33 224 16057 
13 36 48 224 16057 
13 37 3 224 16057 
13 37 18 224 16057 
13 37 33 224 16057 
13 37 48 224 16057 
13 38 3 224 16057 
13 38 18 224 16057 
13 38 33 224 16057 
13 38 48 224 16057 
13 39 3 224 16057 
13 39 18 224 16057 
13 39 33 224 16057 
13 39 48 224 16057 
13 40 3 224 16057 
13 40 18 224 16057 
13 40 33 224 16057 
13 40 48 224 16057 
13 41 3 224 16057 
13 41 18 224 16057 
13 41 33 224 16057 
13 41 48 224 16057 
13 42 3 224 16057 
13 42 18 224 16057 
13 42 33 224 16057 
13 42 48 224 16057 
13 43 40 224 16057 
13 43 55 224 16057 
13 44 10 224 16057 
13 44 25 224 16057 
13 44 40 224 16057 
13 44 55 224 16057 
13 45 10 224 16057 
13 45 25 224 16057 
13 45 40 224 16057 
13 45 55 224 16057 
13 46 10 224 16057 
13 46 25 223 16057 
13 46 40 224 16057 
13 46 55 224 16057 
13 47 10 224 16057 
13 47 25 224 16057 
13 47 40 224 16057 
13 47 55 224 16057 
13 48 10 224 16057 
13 48 25 224 16057 
13 48 40 224 16057 
13 48 55 224 16057 
13 49 10 224 16057 
13 49 25 224 16057 
13 49 40 224 16057 
13 49 55 224 16057 
13 50 10 224 16057 
13 50 25 224 16057 
13 50 40 224 16057 
13 50 55 224 16057 
13 51 10 224 16057 
13 51 25 224 16057 
13 51 40 224 16057 
13 51 55 224 16057 
13 52 10 224 16057 
13 52 25 224 16057 
13 52 40 224 16057 
13 52 55 224 16057 
13 53 10 224 16057 
13 53 25 224 16057 
13 53 40 224 16057 
13 53 55 224 16057 
13 54 10 224 16057 
13 54 25 224 16057 
13 54 40 224 16057 
13 54 55 224 16057 
13 55 10 224 16057 
13 55 25 224 16057 
13 55 40 224 16057 
13 55 55 224 16057 
13 56 10 224 16057 
13 56 25 224 16057 
13 56 40 224 16057 
13 56 55 224 16057 
13 57 10 224 16057 
13 57 25 224 16057 
13 57 40 224 16057 
13 57 55 224 16057 
13 58 47 224 16057 
13 59 2 223 16057 
13 59 17 224 16057 
13 59 32 224 16057 
13 59 47 224 16057 
14 0 2 224 16057 
14 0 17 224 16057 
14 0 32 224 16057 
14 0 47 224 16057 
14 1 2 224 16057 
14 1 17 224 16057 
14 1 32 224 16057 
14 1 47 224 16057 
14 2 2 224 16057 
14 2 17 224 16057 
14 2 32 224 16057 
14 2 47 224 16057 
14 3 2 224 16057 
14 3 17 224 16057 
14 3 32 224 16057 
14 3 47 224 16057 
14 4 2 224 16057 
14 4 17 224 16057 
14 4 32 224 16057 
14 4 47 224 16057 
14 5 2 224 16057 
14 5 17 224 16057 
14 5 32 224 16057 
14 5 47 224 16057 
14 6 2 224 16057 
14 6 17 224 16057 
14 6 33 224 16057 
14 6 48 224 16057 
14 7 3 224 16057 
14 7 18 224 16057 
14 7 33 224 16057 
14 7 48 224 16057 
14 8 3 224 16057 
14 8 18 224 16057 
14 8 33 224 16057 
14 8 48 224 16057 
14 9 3 224 16057 
14 9 18 224 16057 
14 9 33 224 16057 
14 9 48 224 16057 
14 10 3 224 16057 
14 10 18 224 16057 
14 10 33 224 16057 
14 10 48 224 16057 
14 11 3 224 16057 
14 11 18 224 16057 
14 11 33 224 16057 
14 11 48 224 16057 
14 12 3 224 16057 
14 12 18 224 16057 
14 12 33 224 16057 
14 12 48 224 16057 
14 13 3 224 16057 
14 13 40 224 16057 
14 13 55 224 16057 
14 14 10 224 16057 
14 14 25 224 16057 
14 14 40 224 16057 
14 14 55 224 16057 
14 15 10 224 16057 
14 15 25 224 16057 
14 15 40 224 16057 
14 15 55 224 16057 
14 16 10 223 16057 
14 16 25 224 16057 
14 16 40 224 16057 
14 16 55 224 16057 
14 17 10 224 16057 
14 17 25 224 16057 
14 17 40 224 16057 
14 17 55 224 16057 
14 18 10 224 16057 
14 18 25 224 16057 
14 18 40 224 16057 
14 18 55 224 16057 
14 19 10 224 16057 
14 19 25 224 16057 
14 19 40 224 16057 
14 19 55 224 16057 
14 20 10 224 16057 
14 20 25 224 16057 
14 20 40 224 16057 
14 20 55 224 16057 
14 21 10 224 16057 
14 21 25 224 16057 
14 21 40 224 16057 
14 21 55 224 16057 
14 22 10 224 16057 
14 22 25 224 16057 
14 22 40 224 16057 
14 22 55 224 16057 
14 23 10 224 16057 
14 23 25 224 16057 
14 23 40 224 16057 
14 23 55 224 16057 
14 24 10 224 16057 
14 24 25 224 16057 
14 24 40 224 16057 
14 24 55 224 16057 
14 25 10 224 16057 
14 25 25 224 16057 
14 25 40 224 16057 
14 25 55 224 16057 
14 26 10 224 16057 
14 26 25 224 16057 
14 26 40 224 16057 
14 26 55 224 16057 
14 27 10 224 16057 
14 27 25 224 16057 
14 27 40 224 16057 
14 27 55 224 16057 
14 28 10 224 16057 
14 29 2 224 16057 
14 29 17 223 16057 
14 29 32 224 16057 
14 29 47 224 16057 
14 30 2 224 16057 
14 30 17 224 16057 
14 30 32 224 16057 
14 30 47 224 16057 
14 31 2 224 16057 
14 31 17 224 16057 
14 31 32 224 16057 
14 31 47 224 16057 
14 32 2 224 16057 
14 32 17 224 16057 
14 32 32 224 16057 
14 32 47 224 16057 
14 33 2 224 16057 
14 33 17 224 16057 
14 33 32 224 16057 
14 33 47 224 16057 
14 34 2 224 16057 
14 34 17 224 16057 
14 34 32 224 16057 
14 34 47 224 16057 
14 35 2 224 16057 
14 35 17 224 16057 
14 35 32 224 16057 
14 35 47 224 16057 
14 36 2 224 16057 
14 36 17 224 16057 
14 36 32 224 16057 
14 36 47 224 16057 
14 37 2 224 16057 
14 37 17 224 16057 
14 37 32 224 16057 
14 37 47 224 16057 
14 38 2 224 16057 
14 38 17 224 16057 
14 38 32 224 16057 
14 38 47 224 16057 
14 39 2 224 16057 
14 39 17 224 16057 
14 39 32 224 16057 
14 39 47 224 16057 
14 40 2 224 16057 
14 40 17 224 16057 
14 40 32 224 16057 
14 40 47 224 16057 
14 41 2 224 16057 
14 41 17 224 16057 
14 41 32 224 16057 
14 41 47 224 16057 
14 42 2 224 16057 
14 42 17 224 16057 
14 42 32 224 16057 
14 42 47 224 16057 
14 43 2 224 16057 
14 43 17 224 16057 
14 43 54 224 16057 
14 44 9 223 16057 
14 44 24 224 16057 
14 44 39 224 16057 
14 44 54 224 16057 
14 45 9 224 16057 
14 45 24 224 16057 
14 45 39 224 16057 
14 45 54 224 16057 
14 46 9 224 16057 
14 46 24 224 16057 
14 46 39 224 16057 
14 46 54 224 16057 
14 47 9 224 16057 
14 47 24 224 16057 
14 47 39 224 16057 
14 47 54 224 16057 
14 48 9 224 16057 
14 48 24 224 16057 
14 48 39 224 16057 
14 48 54 224 16057 
14 49 9 224 16057 
14 49 24 224 16057 
14 49 39 224 16057 
14 49 54 224 16057 
14 50 9 224 16057 
14 50 24 224 16057 
14 50 39 224 16057 
14 50 54 224 16057 
14 51 9 224 16057 
14 51 24 224 16057 
14 51 39 224 16057 
14 51 54 224 16057 
14 52 9 224 16057 
14 52 24 224 16057 
14 52 39 224 16057 
14 52 54 224 16057 
14 53 9 224 16057 
14 53 24 224 16057 
14 53 39 224 16057 
14 53 54 224 16057 
14 54 9 224 16057 
14 54 24 224 16057 
14 54 39 224 16057 
14 54 54 224 16057 
14 55 9 224 16057 
14 55 24 224 16057 
14 55 39 224 16057 
14 55 54 224 16057 
14 56 9 224 16057 
14 56 24 224 16057 
14 56 39 224 16057 
14 56 54 224 16057 
14 57 9 224 16057 
14 57 24 224 16057 
14 57 39 224 16057 
14 57 54 224 16057 
14 58 9 224 16057 
14 58 24 224 16057 
14 59 16 224 16057 
14 59 31 223 16057 
14 59 46 224 16057 
15 0 1 224 16057 
15 0 16 224 16057 
15 0 31 224 16057 
15 0 46 224 16057 
15 1 1 224 16057 
15 1 16 224 16057 
15 1 31 224 16057 
15 1 46 224 16057 
15 2 1 224 16057 
15 2 16 224 16057 
15 2 31 224 16057 
15 2 46 224 16057 
15 3 1 224 16057 
15 3 16 224 16057 
15 3 31 224 16057 
15 3 46 224 16057 
15 4 1 224 16057 
15 4 16 224 16057 
15 4 31 224 16057 
15 4 46 224 16057 
15 5 1 224 16057 
15 5 16 224 16057 
15 5 31 224 16057 
15 5 46 224 16057 
15 6 1 224 16057 
15 6 16 224 16057 
15 6 31 224 16057 
15 6 46 224 16057 
15 7 1 224 16057 
15 7 16 224 16057 
15 7 31 224 16057 
15 7 46 224 16057 
15 8 1 224 16057 
15 8 16 224 16057 
15 8 31 224 16057 
15 8 46 224 16057 
15 9 1 224 16057 
15 9 16 224 16057 
15 9 31 224 16057 
15 9 46 224 16057 
15 10 1 224 16057 
15 10 16 224 16057 
15 10 31 224 16057 
15 10 46 224 16057 
15 11 1 224 16057 
15 11 16 224 16057 
15 11 31 224 16057 
15 11 46 224 16057 
15 12 1 224 16057 
15 12 16 224 16057 
15 12 31 224 16057 
15 12 46 224 16057 
15 13 1 224 16057 
15 13 16 224 16057 
15 13 31 224 16057 
15 14 8 224 16057 
15 14 23 224 16057 
15 14 38 224 16057 
15 14 53 224 16057 
15 15 8 224 16057 
15 15 23 224 16057 
15 15 38 224 16057 
15 15 53 224 16057 
15 16 8 224 16057 
15 16 23 224 16057 
15 16 38 223 16057 
15 16 53 224 16057 
15 17 8 224 16057 
15 17 23 224 16057 
15 17 38 224 16057 
15 17 53 224 16057 
15 18 8 224 16057 
15 18 23 224 16057 
15 18 38 224 16057 
15 18 53 224 16057 
15 19 8 224 16057 
15 19 23 224 16057 
15 19 38 224 16057 
15 19 53 224 16057 
15 20 8 224 16057 
15 20 23 224 16057 
15 20 38 224 16057 
15 20 53 224 16057 
15 21 8 224 16057 
15 21 23 224 16057 
15 21 38 224 16057 
15 21 53 224 16057 
15 22 8 224 16057 
15 22 23 224 16057 
15 22 38 224 16057 
15 22 53 224 16057 
15 23 8 224 16057 
15 23 23 224 16057 
15 23 38 224 16057 
15 23 53 224 16057 
15 24 8 224 16057 
15 24 23 224 16057 
15 24 38 224 16057 
15 24 53 224 16057 
15 25 52 151 15508 

