
/> 
read_ramp 01261237
<CR>Time:2021/01/26 15:55Ramp data first polarity: 
767 767 768 768 767 767 767 767 767 768 768 767 767 767 767 767 768 768 769 768 768 767 767 767 767 767 769 767 766 768 767 767 767 768 768 768 767 769 767 767 767 767 769 769 768 767 769 767 767 769 768 767 769 768 767 767 767 768 767 768 767 768 767 767 767 761 764 763 762 760 756 755 754 752 750 749 747 745 743 742 740 740 737 736 734 733 732 730 729 728 726 724 723 721 720 719 718 716 714 713 711 709 708 706 705 705 703 701 699 698 695 694 694 692 690 689 688 686 684 683 682 680 679 677 676 675 672 671 670 668 667 665 664 663 661 659 659 657 655 654 652 650 649 648 647 645 643 642 641 639 637 637 636 634 632 630 629 627 626 624 624 623 620 619 617 616 614 613 612 610 609 607 605 605 603 601 601 599 598 596 594 593 592 590 589 588 586 585 584 582 580 579 578 576 574 574 572 571 569 568 567 565 564 562 561 560 559 557 556 554 553 552 550 549 548 546 546 542 542 540 539 538 537 536 534 532 531 530 528 527 526 524 523 523 520 519 518 516 515 515 513 511 510 509 508 507 507 506 506 506 5[Warning: Maximal number of bytes per line exceeded! Check the EOL (end-of-line) settings or increase the limit in the advanced terminal settings.]
read 0126
<CR>Time:2021/01/26 15:55
Hours Minutes Seconds  Nb_Samples    Aver. Current 
9 40 5 223 13200 
9 40 20 223 14117 
9 40 35 224 14362 
9 40 50 224 14912 
9 41 5 224 15340 
9 41 20 224 15767 
9 41 35 224 15890 
9 41 50 224 15890 
9 42 52 224 15890 
9 43 7 224 15951 
9 43 22 224 15890 
9 43 37 224 15890 
9 43 52 224 15890 
9 44 7 224 15951 
9 44 22 224 15951 
9 44 37 224 15951 
9 44 52 224 15951 
9 45 7 224 15951 
9 45 22 224 15951 
9 45 37 224 15951 
9 45 52 224 15951 
9 46 7 224 15951 
9 46 22 224 15890 
9 46 37 224 15951 
9 46 52 224 15951 
9 47 7 224 15951 
9 47 22 224 15951 
9 47 37 224 15951 
9 47 52 223 15951 
9 48 7 224 15951 
9 48 22 224 15951 
9 48 37 224 15890 
9 48 52 224 15951 
9 49 7 224 15951 
9 49 22 224 15890 
9 49 37 224 15951 
9 49 52 224 15951 
9 50 7 224 15951 
9 50 22 224 15951 
9 50 37 224 15951 
9 50 52 224 15951 
9 51 45 224 15951 
9 52 0 224 15951 
9 52 15 224 15951 
9 52 30 224 15951 
9 52 45 224 15951 
9 53 0 224 15951 
9 53 15 224 15951 
9 53 30 224 15890 
9 53 45 224 15951 
9 54 0 224 15951 
9 54 15 224 15951 
9 54 30 224 15951 
9 54 45 223 15951 
9 55 0 224 15951 
9 55 15 224 15951 
9 55 30 224 15951 
9 55 45 224 15951 
9 56 0 224 15951 
9 56 15 224 15951 
9 56 30 224 15951 
9 56 45 224 15951 
9 57 0 224 15951 
9 57 15 224 15951 
9 57 30 224 15951 
9 57 45 224 15951 
9 58 0 224 15951 
9 58 15 224 15951 
9 58 30 224 15951 
9 58 45 224 15951 
9 59 0 224 15951 
9 59 15 224 15951 
9 59 30 224 15951 
9 59 45 224 15951 
10 0 0 224 15951 
10 0 15 224 15951 
10 0 30 224 15951 
10 0 45 224 15951 
10 1 0 224 15951 
10 1 15 224 15951 
10 1 30 224 15951 
10 2 0 225 15951 
10 2 15 224 15951 
10 2 30 224 15951 
10 2 45 224 15951 
10 3 0 224 15951 
10 3 15 224 15951 
10 3 30 224 15951 
10 3 45 224 15951 
10 4 0 224 15951 
10 4 15 224 15951 
10 4 30 224 15951 
10 4 45 224 15951 
10 5 0 224 15951 
10 5 15 224 15951 
10 5 30 224 15951 
10 5 45 224 15951 
10 6 0 224 15951 
10 6 52 224 15951 
10 7 7 224 15951 
10 7 22 224 15951 
10 7 37 224 15951 
10 7 52 223 15951 
10 8 7 224 15951 
10 8 22 224 15951 
10 8 37 224 15951 
10 8 52 224 15951 
10 9 7 224 15951 
10 9 22 224 15951 
10 9 37 224 15951 
10 9 52 224 15951 
10 10 7 224 15951 
10 10 22 224 15951 
10 10 37 224 15951 
10 10 52 224 15951 
10 11 7 224 15951 
10 11 22 224 15951 
10 11 37 224 15951 
10 11 52 224 15951 
10 12 7 224 15951 
10 12 22 224 15951 
10 12 37 224 15951 
10 12 52 224 15951 
10 13 7 224 15951 
10 13 22 224 15951 
10 13 37 224 15951 
10 13 52 224 15951 
10 14 7 224 15951 
10 14 22 224 15951 
10 14 37 224 15951 
10 14 52 224 15951 
10 15 7 224 15951 
10 15 22 224 15951 
10 15 37 224 15951 
10 15 52 224 15951 
10 16 7 224 15951 
10 16 22 224 15951 
10 16 37 224 15951 
10 16 52 224 15951 
10 17 7 224 15951 
10 17 22 224 15951 
10 17 37 224 15951 
10 17 52 224 15951 
10 18 7 224 15951 
10 18 22 224 15951 
10 18 37 224 15951 
10 18 52 223 15951 
10 19 7 224 15951 
10 19 22 224 15951 
10 19 37 224 15951 
10 19 52 224 15951 
10 20 7 224 15951 
10 20 22 224 15951 
10 20 37 224 15951 
10 20 52 224 15951 
10 21 7 224 15951 
10 21 59 224 15951 
10 22 14 223 15951 
10 22 29 224 15951 
10 22 44 224 15951 
10 22 59 224 15951 
10 23 14 224 15951 
10 23 29 224 15951 
10 23 44 224 15951 
10 23 59 224 15951 
10 24 14 224 15951 
10 24 29 224 15951 
10 24 44 224 15951 
10 24 59 224 15951 
10 25 14 224 15951 
10 25 29 224 15951 
10 25 44 224 15951 
10 25 59 224 15951 
10 26 29 225 15951 
10 26 44 224 15951 
10 26 59 224 15951 
10 27 14 224 15951 
10 27 29 224 15951 
10 27 44 224 15951 
10 27 59 224 15951 
10 28 14 224 15951 
10 28 29 224 15951 
10 28 44 224 15951 
10 28 59 224 15951 
10 29 14 224 15951 
10 29 29 224 15951 
10 29 44 224 15951 
10 29 59 224 15951 
10 30 14 224 15951 
10 30 29 224 15951 
10 30 44 224 15951 
10 30 59 224 15951 
10 31 14 224 15951 
10 31 29 224 15951 
10 31 44 224 15951 
10 31 59 224 15951 
10 32 14 224 15951 
10 32 29 224 15951 
10 32 44 224 15951 
10 32 59 224 15951 
10 33 14 224 15951 
10 33 29 224 15951 
10 33 44 224 15890 
10 33 59 224 15951 
10 34 14 224 15951 
10 34 29 224 15951 
10 34 44 224 15951 
10 34 59 224 15951 
10 35 14 224 15951 
10 35 29 224 15951 
10 35 44 224 15951 
10 35 59 224 15951 
10 36 14 224 15951 
10 37 6 224 15951 
10 37 21 224 15951 
10 37 36 224 15951 
10 37 51 224 15951 
10 38 6 224 15951 
10 38 21 224 15951 
10 38 36 223 15951 
10 38 51 224 15951 
10 39 6 224 15951 
10 39 21 224 15951 
10 39 36 224 15951 
10 39 51 224 15951 
10 40 6 224 15951 
10 40 21 224 15951 
10 40 36 224 15951 
10 40 51 224 15951 
10 41 6 224 15951 
10 41 21 224 15951 
10 41 36 224 15951 
10 41 51 224 15951 
10 42 6 224 15951 
10 42 21 224 15951 
10 42 36 224 15951 
10 42 51 224 15951 
10 43 6 224 15951 
10 43 21 224 15951 
10 43 36 224 15951 
10 43 51 224 15951 
10 44 6 224 15951 
10 44 21 224 15951 
10 44 36 224 15951 
10 44 51 224 15951 
10 45 6 224 15951 
10 45 21 224 15951 
10 45 36 224 15951 
10 45 51 224 15951 
10 46 6 224 15951 
10 46 21 224 15951 
10 46 36 224 15951 
10 46 51 224 15951 
10 47 6 224 15951 
10 47 21 224 15951 
10 47 36 224 15951 
10 47 51 224 15951 
10 48 6 224 15951 
10 48 21 224 15951 
10 48 36 224 15951 
10 48 51 224 15951 
10 49 6 224 15951 
10 49 21 224 15951 
10 49 36 224 15951 
10 49 51 223 15951 
10 50 6 224 15951 
10 50 21 224 15951 
10 50 36 224 15951 
10 50 51 224 15951 
10 51 6 224 15951 
10 51 21 224 15951 
10 52 13 224 15951 
10 52 28 224 15951 
10 52 43 224 15951 
10 52 58 224 15951 
10 53 13 224 15951 
10 53 28 224 15951 
10 53 43 224 15951 
10 53 58 224 15951 
10 54 13 224 15951 
10 54 28 224 15951 
10 54 43 224 15951 
10 54 58 224 15951 
10 55 13 224 15951 
10 55 28 224 15951 
10 55 43 224 15951 
10 55 58 224 15951 
10 56 13 224 15951 
10 56 28 224 15951 
10 56 43 224 15951 
10 56 58 224 15951 
10 57 13 224 15951 
10 57 28 224 15951 
10 57 43 224 15951 
10 57 58 224 15951 
10 58 13 224 15951 
10 58 28 224 15951 
10 58 43 224 15951 
10 58 58 224 15951 
10 59 13 224 15951 
10 59 28 224 15951 
10 59 43 224 15951 
10 59 58 224 15951 
11 0 13 224 15951 
11 0 28 224 15951 
11 0 43 224 15951 
11 0 58 224 15951 
11 1 13 224 15951 
11 1 28 224 15951 
11 1 43 224 15951 
11 1 58 224 15951 
11 2 13 224 15951 
11 2 28 224 15951 
11 2 43 224 15951 
11 2 58 223 15951 
11 3 13 224 15951 
11 3 28 224 15951 
11 3 43 224 15951 
11 3 58 224 15951 
11 4 13 224 15951 
11 4 28 224 15951 
11 4 43 224 15951 
11 4 58 224 15951 
11 5 13 224 15951 
11 5 28 224 15951 
11 5 43 224 15951 
11 5 58 224 15951 
11 6 13 224 15951 
11 6 28 224 15951 
11 7 5 224 15951 
11 7 20 224 15951 
11 7 35 224 15951 
11 7 50 224 15951 
11 8 5 224 15951 
11 8 20 223 15951 
11 8 35 224 15951 
11 8 50 224 15951 
11 9 5 224 15951 
11 9 20 224 15951 
11 9 35 224 15951 
11 9 50 224 15951 
11 10 5 224 15951 
11 10 20 224 15951 
11 10 35 224 15951 
11 10 50 224 15951 
11 11 5 224 15951 
11 11 20 224 15951 
11 11 35 224 15951 
11 11 50 224 15951 
11 12 5 224 15951 
11 12 20 224 15951 
11 12 35 224 15951 
11 12 50 224 15951 
11 13 5 224 15951 
11 13 20 224 15951 
11 13 35 224 15951 
11 13 50 224 15951 
11 14 5 224 15951 
11 14 20 224 15951 
11 14 35 224 15951 
11 14 50 224 15951 
11 15 5 224 15951 
11 15 20 224 15951 
11 15 35 224 15951 
11 15 50 223 15951 
11 16 5 224 15951 
11 16 20 224 15951 
11 16 35 224 15951 
11 16 50 224 15951 
11 17 5 224 15951 
11 17 20 224 15951 
11 17 35 224 15951 
11 17 50 224 15951 
11 18 5 224 15951 
11 18 20 224 15951 
11 18 35 224 15951 
11 18 50 224 15951 
11 19 5 224 15951 
11 19 20 224 15951 
11 19 35 224 15951 
11 19 50 224 15951 
11 20 5 224 15951 
11 20 20 224 15951 
11 20 35 224 15951 
11 20 50 224 15951 
11 21 5 224 15951 
11 21 20 224 15951 
11 21 35 224 15951 
11 22 27 224 15951 
11 22 42 223 15951 
11 22 57 224 15951 
11 23 12 224 15951 
11 23 27 224 15951 
11 23 42 224 15951 
11 23 57 224 15951 
11 24 12 224 15951 
11 24 27 224 15951 
11 24 42 224 15951 
11 24 57 224 15951 
11 25 12 224 15951 
11 25 27 224 15951 
11 25 42 224 15951 
11 25 57 224 15951 
11 26 12 224 15951 
11 26 27 224 15951 
11 26 42 224 15951 
11 26 57 224 15951 
11 27 12 224 15951 
11 27 27 224 15951 
11 27 42 224 15951 
11 27 57 224 15951 
11 28 12 224 15951 
11 28 27 224 15951 
11 28 42 224 15951 
11 28 57 224 15951 
11 29 12 223 15951 
11 29 27 224 15951 
11 29 42 224 15951 
11 29 57 224 15951 
11 30 12 224 15951 
11 30 27 224 15951 
11 30 42 224 15951 
11 30 57 224 15951 
11 31 12 224 15951 
11 31 27 224 15951 
11 31 42 224 15951 
11 31 57 224 15951 
11 32 12 224 15951 
11 32 27 224 15951 
11 32 42 224 15951 
11 32 57 224 15951 
11 33 12 224 15951 
11 33 27 224 15951 
11 33 42 224 15951 
11 33 57 224 15951 
11 34 12 224 15951 
11 34 27 224 15951 
11 34 42 224 15951 
11 34 57 224 15951 
11 35 12 224 15951 
11 35 27 224 15951 
11 35 42 224 15951 
11 35 57 224 15951 
11 36 12 224 15951 
11 36 27 224 15951 
11 36 42 224 15951 
11 37 19 224 15951 
11 37 34 224 15951 
11 37 49 224 15951 
11 38 4 224 15951 
11 38 19 224 15951 
11 38 34 224 15951 
11 38 49 224 15951 
11 39 4 224 15951 
11 39 19 224 15951 
11 39 34 224 15951 
11 39 49 224 15951 
11 40 4 224 15951 
11 40 19 224 15951 
11 40 34 224 15951 
11 40 49 224 15951 
11 41 4 224 15951 
11 41 19 224 15951 
11 41 34 224 15951 
11 41 49 224 15951 
11 42 4 223 15951 
11 42 19 224 15951 
11 42 34 224 15951 
11 42 49 224 15951 
11 43 4 224 15951 
11 43 19 224 15951 
11 43 34 224 15951 
11 43 49 224 15951 
11 44 4 224 15951 
11 44 19 224 15951 
11 44 34 224 15951 
11 44 49 224 15951 
11 45 4 224 15951 
11 45 19 224 15951 
11 45 34 224 15951 
11 45 49 224 15951 
11 46 4 224 15951 
11 46 19 224 15951 
11 46 34 224 15951 
11 46 49 224 15951 
11 47 4 224 15951 
11 47 19 224 15951 
11 47 34 224 15951 
11 47 49 224 15951 
11 48 4 224 15951 
11 48 19 224 15951 
11 48 34 224 15951 
11 48 49 224 15951 
11 49 4 224 15951 
11 49 19 224 15951 
11 49 34 224 15951 
11 49 49 224 15951 
11 50 4 224 15951 
11 50 19 224 15951 
11 50 34 224 15951 
11 50 49 224 15951 
11 51 4 224 15951 
11 51 19 224 15951 
11 51 34 224 15951 
11 51 49 224 15951 
11 52 41 224 15951 
11 52 56 224 15951 
11 53 11 224 15951 
11 53 26 224 15951 
11 53 41 224 15951 
11 53 56 224 15951 
11 54 11 224 15951 
11 54 26 224 15951 
11 54 41 224 15951 
11 54 56 224 15951 
11 55 11 224 15951 
11 55 26 223 15951 
11 55 41 224 15951 
11 55 56 224 15951 
11 56 11 224 15951 
11 56 26 224 15951 
11 56 41 224 15951 
11 56 56 224 15951 
11 57 11 224 15951 
11 57 26 224 15951 
11 57 41 224 15951 
11 57 56 224 15951 
11 58 11 224 15951 
11 58 26 224 15951 
11 58 41 224 15951 
11 58 56 224 15951 
11 59 11 224 15951 
11 59 26 224 15951 
11 59 41 224 15951 
12 0 11 225 15951 
12 0 26 224 15951 
12 0 41 224 15951 
12 0 56 224 15951 
12 1 11 224 15951 
12 1 26 224 15951 
12 1 41 224 15951 
12 1 56 224 15951 
12 2 11 224 15951 
12 2 26 224 15951 
12 2 41 224 15951 
12 2 56 224 15951 
12 3 11 224 15951 
12 3 26 224 15951 
12 3 41 224 15951 
12 3 56 224 15951 
12 4 11 224 15951 
12 4 26 224 15951 
12 4 41 224 15951 
12 4 56 224 15951 
12 5 11 224 15951 
12 5 26 224 15951 
12 5 41 224 15951 
12 5 56 224 15951 
12 6 11 224 15951 
12 6 26 224 15951 
12 6 41 224 15951 
12 6 56 224 15951 
12 7 48 224 15951 
12 8 3 224 15951 
12 8 18 224 15951 
12 8 33 224 15951 
12 8 48 224 15951 
12 9 3 224 15951 
12 9 18 223 15951 
12 9 33 224 15951 
12 9 48 224 15951 
12 10 3 224 15951 
12 10 18 224 15951 
12 10 33 224 15951 
12 10 48 224 15951 
12 11 3 224 15951 
12 11 18 224 15951 
12 11 33 224 15951 
12 11 48 224 15951 
12 12 3 224 15951 
12 12 18 224 15951 
12 12 33 224 15951 
12 12 48 224 15951 
12 13 3 224 15951 
12 13 18 224 15951 
12 13 33 224 15951 
12 13 48 224 15951 
12 14 3 224 15951 
12 14 18 224 15951 
12 14 33 224 15951 
12 14 48 224 15951 
12 15 3 224 15951 
12 15 18 224 15951 
12 15 33 224 15951 
12 15 48 224 15951 
12 16 3 224 15951 
12 16 18 224 15951 
12 16 33 224 15951 
12 16 48 224 15951 
12 17 3 224 15951 
12 17 18 224 15951 
12 17 33 224 15951 
12 17 48 224 15951 
12 18 3 224 15951 
12 18 18 224 15951 
12 18 33 224 15951 
12 18 48 224 15951 
12 19 3 224 15951 
12 19 18 224 15951 
12 19 33 224 15951 
12 19 48 224 15951 
12 20 3 224 15951 
12 20 18 224 15951 
12 20 33 224 15951 
12 20 48 224 15951 
12 21 3 224 15951 
12 21 18 224 15951 
12 21 33 224 15951 
12 21 48 224 15951 
12 22 3 224 15951 
12 22 55 224 15951 
12 23 10 224 15951 
12 23 25 224 15951 
12 23 40 224 15951 
12 23 55 224 15951 
12 24 10 224 15951 
12 24 26 224 15951 
12 24 41 224 15951 
12 24 56 224 15951 
12 25 11 224 15951 
12 25 26 224 15951 
12 25 41 224 15951 
12 25 56 224 15951 
12 26 11 224 15951 
12 26 26 224 15951 
12 26 41 224 15951 
12 26 56 224 15951 
12 27 11 224 15951 
12 27 26 224 15951 
12 27 41 224 15951 
12 27 56 224 15951 
12 28 11 224 15951 
12 28 26 224 15951 
12 28 41 224 15951 
12 28 56 224 15951 
12 29 11 224 15951 
12 29 26 224 15951 
12 29 41 224 15951 
12 29 56 224 15951 
12 30 11 224 15951 
12 30 26 224 15951 
12 30 41 224 15951 
12 30 56 224 15951 
12 31 11 224 15951 
12 31 26 224 15951 
12 31 41 224 15951 
12 31 56 224 15951 
12 32 11 224 15951 
12 32 26 224 15951 
12 32 41 224 15951 
12 32 56 224 15951 
12 33 11 224 15951 
12 33 26 224 15951 
12 33 41 224 15951 
12 33 56 224 15951 
12 34 11 224 15951 
12 34 26 224 15951 
12 34 41 224 15951 
12 34 56 224 15951 
12 35 11 224 15951 
12 35 26 224 15951 
12 35 41 224 15951 
12 35 56 224 15951 
12 36 11 224 15951 
12 36 26 224 15951 
12 36 41 224 15951 
12 36 56 224 15951 
12 37 11 224 15951 
12 37 48 224 15951 
12 38 3 224 15951 
12 38 18 224 15951 
12 38 33 224 15951 
12 38 48 224 15951 
12 39 3 223 15951 
12 39 18 224 15951 
12 39 33 224 15951 
12 39 48 224 15951 
12 40 3 224 15951 
12 40 18 224 15951 
12 40 33 224 15951 
12 40 48 224 15951 
12 41 3 224 15951 
12 41 18 224 15951 
12 41 33 224 15951 
12 41 48 224 15951 
12 42 3 224 15951 
12 42 18 224 15951 
12 42 33 224 15951 
12 42 48 224 15951 
12 43 3 224 15951 
12 43 18 224 15951 
12 43 33 224 15951 
12 43 48 224 15951 
12 44 3 224 15951 
12 44 18 224 15951 
12 44 33 224 15951 
12 44 48 224 15951 
12 45 3 224 15951 
12 45 18 224 15951 
12 45 33 224 15951 
12 45 48 224 15951 
12 46 3 224 15951 
12 46 18 224 15951 
12 46 33 224 15951 
12 46 48 224 15951 
12 47 3 224 15951 
12 47 18 224 15951 
12 47 33 224 15951 
12 47 48 224 15951 
12 48 3 224 15951 
12 48 18 224 15951 
12 48 33 224 15951 
12 48 48 224 15951 
12 49 3 224 15951 
12 49 18 224 15951 
12 49 33 224 15951 
12 49 48 224 15951 
12 50 3 224 15951 
12 50 18 223 15951 
12 50 33 224 15951 
12 50 48 224 15951 
12 51 3 224 15951 
12 51 18 224 15951 
12 51 33 224 15951 
12 51 48 224 15951 
12 52 3 224 15951 
12 52 18 224 15951 
12 53 10 224 15951 
12 53 25 223 15951 
12 53 40 224 15951 
12 53 55 224 15951 
12 54 10 224 15951 
12 54 25 224 15951 
12 54 40 224 15951 
12 54 55 224 15951 
12 55 10 224 15951 
12 55 25 224 15951 
12 55 40 224 15951 
12 55 55 224 15951 
12 56 10 224 15951 
12 56 25 224 15951 
12 56 40 224 15951 
12 56 55 224 15951 
12 57 10 224 15951 
12 57 25 224 15951 
12 57 40 224 15951 
12 57 55 224 15951 
12 58 10 224 15951 
12 58 25 224 15951 
12 58 40 224 15951 
12 58 55 224 15951 
12 59 10 224 15951 
12 59 25 224 15951 
12 59 40 224 15951 
12 59 55 224 15951 
13 0 10 224 15951 
13 0 25 224 15951 
13 0 40 224 15951 
13 0 55 224 15951 
13 1 10 224 15951 
13 1 25 224 15951 
13 1 40 224 15951 
13 1 55 224 15951 
13 2 10 224 15951 
13 2 25 224 15951 
13 2 40 224 15951 
13 2 55 224 15951 
13 3 10 224 15951 
13 3 25 224 15951 
13 3 40 224 15951 
13 3 55 224 15951 
13 4 10 224 15951 
13 4 25 224 15951 
13 4 40 224 15951 
13 4 55 224 15951 
13 5 10 224 15951 
13 5 25 224 15951 
13 5 40 224 15951 
13 5 55 224 15951 
13 6 10 224 15951 
13 6 25 224 15951 
13 6 40 224 15951 
13 6 55 224 15951 
13 7 10 224 15951 
13 7 25 224 15951 
13 8 2 224 15951 
13 8 17 224 15951 
13 8 32 224 15951 
13 8 47 224 15951 
13 9 2 224 15951 
13 9 17 223 15951 
13 9 32 224 15951 
13 9 47 224 15951 
13 10 2 224 15951 
13 10 17 224 15951 
13 10 32 224 15951 
13 10 47 224 15951 
13 11 2 224 15951 
13 11 17 224 15951 
13 11 32 224 15951 
13 11 47 224 15951 
13 12 2 224 15951 
13 12 17 224 15951 
13 12 32 224 15951 
13 12 47 224 15951 
13 13 2 224 15951 
13 13 17 224 15951 
13 13 32 224 15951 
13 13 47 224 15951 
13 14 2 224 15951 
13 14 17 224 15951 
13 14 32 224 15951 
13 14 47 224 15951 
13 15 2 224 15951 
13 15 17 224 15951 
13 15 32 224 15951 
13 15 47 224 15951 
13 16 2 224 15951 
13 16 17 224 15951 
13 16 32 223 15951 
13 16 47 224 15951 
13 17 2 224 15951 
13 17 17 224 15951 
13 17 32 224 15951 
13 17 47 224 15951 
13 18 2 224 15951 
13 18 17 224 15951 
13 18 32 224 15951 
13 18 47 224 15951 
13 19 2 224 15951 
13 19 17 224 15951 
13 19 32 224 15951 
13 19 47 224 15951 
13 20 2 224 15951 
13 20 17 224 15951 
13 20 32 224 15951 
13 20 47 224 15951 
13 21 2 224 15951 
13 21 17 224 15951 
13 21 32 224 15951 
13 21 47 224 15951 
13 22 2 224 15951 
13 22 17 224 15951 
13 22 32 224 15951 
13 23 24 224 15951 
13 23 39 223 15951 
13 23 54 224 15951 
13 24 9 224 15951 
13 24 24 224 15951 
13 24 39 224 15951 
13 24 54 224 15951 
13 25 9 224 15951 
13 25 24 224 15951 
13 25 39 224 15951 
13 25 54 224 15951 
13 26 9 224 15951 
13 26 24 224 15951 
13 26 39 224 15951 
13 26 54 224 15951 
13 27 9 224 15951 
13 27 24 224 15951 
13 27 39 224 15951 
13 27 54 224 15951 
13 28 9 224 15951 
13 28 24 224 15951 
13 28 39 224 15951 
13 28 54 224 15951 
13 29 9 224 15951 
13 29 24 224 15951 
13 29 39 224 15951 
13 29 54 224 15951 
13 30 9 224 15951 
13 30 24 224 15951 
13 30 39 224 15951 
13 30 54 224 15951 
13 31 9 224 15951 
13 31 24 224 15951 
13 31 39 224 15951 
13 31 54 224 15951 
13 32 9 224 15951 
13 32 24 224 15951 
13 32 39 224 15951 
13 32 54 224 15951 
13 33 9 224 15951 
13 33 24 224 15951 
13 33 39 224 15951 
13 33 54 224 15951 
13 34 9 224 15951 
13 34 24 224 15951 
13 34 39 224 15951 
13 34 54 224 15951 
13 35 9 224 15951 
13 35 24 224 15951 
13 35 39 224 15951 
13 35 54 224 15951 
13 36 9 224 15951 
13 36 24 224 15951 
13 36 39 224 15951 
13 36 54 224 15951 
13 37 9 224 15951 
13 37 24 224 15951 
13 37 39 224 15951 
13 38 16 224 15951 
13 38 31 224 15951 
13 38 46 224 15951 
13 39 1 224 15951 
13 39 16 224 15951 
13 39 31 223 15951 
13 39 46 224 15951 
13 40 1 224 15951 
13 40 16 224 15951 
13 40 46 225 15951 
13 41 1 224 15951 
13 41 16 224 15951 
13 41 31 224 15951 
13 41 46 224 15951 
13 42 1 224 15951 
13 42 16 224 15951 
13 42 31 224 15951 
13 42 46 224 15951 
13 43 1 223 15951 
13 43 16 224 15951 
13 43 31 224 15951 
13 43 46 224 15951 
13 44 1 224 15951 
13 44 16 224 15951 
13 44 31 224 15951 
13 44 46 224 15951 
13 45 1 224 15951 
13 45 16 224 15951 
13 45 31 224 15951 
13 45 46 224 15951 
13 46 1 224 15951 
13 46 16 224 15951 
13 46 31 224 15951 
13 46 46 224 15951 
13 47 1 224 15951 
13 47 16 224 15951 
13 47 31 224 15951 
13 47 46 224 15951 
13 48 1 224 15951 
13 48 16 224 15951 
13 48 31 224 15951 
13 48 46 224 15951 
13 49 1 224 15951 
13 49 16 224 15951 
13 49 31 224 15951 
13 49 46 224 15951 
13 50 1 224 15951 
13 50 16 224 15951 
13 50 31 224 15951 
13 50 46 224 15951 
13 51 1 224 15951 
13 51 16 224 15951 
13 51 31 224 15951 
13 51 46 224 15951 
13 52 1 224 15951 
13 52 16 224 15951 
13 52 31 224 15951 
13 52 46 224 15951 
13 53 38 224 15951 
13 53 53 223 15951 
13 54 8 224 15951 
13 54 23 224 15951 
13 54 38 224 15951 
13 54 53 224 15951 
13 55 8 224 15951 
13 55 23 224 15951 
13 55 38 224 15951 
13 55 53 224 15951 
13 56 8 223 15951 
13 56 23 224 15951 
13 56 38 224 15951 
13 56 53 224 15951 
13 57 8 224 15951 
13 57 23 224 15951 
13 57 38 224 15951 
13 57 53 224 15951 
13 58 8 224 15951 
13 58 23 224 15951 
13 58 38 224 15951 
13 58 53 224 15951 
13 59 8 224 15951 
13 59 23 224 15951 
13 59 38 224 15951 
13 59 53 224 15951 
14 0 8 224 15951 
14 0 23 224 15951 
14 0 38 224 15951 
14 0 53 224 15951 
14 1 8 224 15951 
14 1 23 224 15951 
14 1 38 224 15951 
14 1 53 224 15951 
14 2 8 224 15951 
14 2 23 224 15951 
14 2 38 224 15951 
14 2 53 224 15951 
14 3 8 224 15951 
14 3 23 224 15951 
14 3 38 224 15951 
14 3 53 224 15951 
14 4 8 224 15951 
14 4 23 224 15951 
14 4 38 224 15951 
14 4 53 224 15951 
14 5 8 224 15951 
14 5 23 224 15951 
14 5 38 224 15951 
14 5 53 224 15951 
14 6 8 224 15951 
14 6 23 224 15951 
14 6 38 224 15951 
14 6 53 224 15951 
14 7 8 224 15951 
14 7 23 224 15951 
14 7 38 224 15951 
14 7 53 224 15951 
14 8 30 224 15951 
14 8 45 224 15951 
14 9 0 223 15951 
14 9 15 224 15951 
14 9 30 224 15951 
14 9 45 223 15951 
14 10 0 224 15951 
14 10 15 224 15951 
14 10 30 224 15951 
14 10 45 224 15951 
14 11 0 224 15951 
14 11 15 224 15951 
14 11 30 224 15951 
14 11 45 224 15951 
14 12 0 224 15951 
14 12 30 225 15951 
14 12 45 224 15951 
14 13 0 224 15951 
14 13 15 224 15951 
14 13 30 224 15951 
14 13 45 224 15951 
14 14 0 224 15951 
14 14 15 224 15951 
14 14 30 224 15951 
14 14 45 224 15951 
14 15 0 224 15951 
14 15 15 224 15951 
14 15 30 224 15951 
14 15 45 224 15951 
14 16 0 224 15951 
14 16 15 224 15951 
14 16 30 224 15951 
14 16 45 224 15951 
14 17 0 224 15951 
14 17 15 224 15951 
14 17 30 224 15951 
14 17 45 224 15951 
14 18 0 224 15951 
14 18 15 224 15951 
14 18 30 224 15951 
14 18 45 224 15951 
14 19 0 224 15951 
14 19 15 224 15951 
14 19 30 224 15951 
14 19 45 224 15951 
14 20 0 224 15951 
14 20 15 224 15951 
14 20 30 224 15951 
14 20 45 224 15951 
14 21 0 224 15951 
14 21 15 224 15951 
14 21 30 224 15951 
14 21 45 224 15951 
14 22 0 224 15951 
14 22 15 224 15951 
14 22 30 224 15951 
14 22 45 224 15951 
14 23 0 224 15951 
14 23 52 224 15951 
14 24 7 224 15951 
14 24 22 224 15951 
14 24 37 224 15951 
14 24 52 224 15951 
14 25 7 224 15951 
14 25 22 224 15951 
14 25 37 224 15951 
14 25 52 224 15951 
14 26 7 224 15951 
14 26 22 224 15951 
14 26 37 224 15951 
14 26 52 224 15951 
14 27 7 224 15951 
14 27 22 224 15951 
14 27 37 224 15951 
14 27 52 224 15951 
14 28 7 224 15951 
14 28 22 224 15951 
14 28 37 224 15951 
14 28 52 224 15951 
14 29 7 224 15951 
14 29 22 224 15951 
14 29 37 224 15951 
14 29 52 224 15951 
14 30 7 224 15951 
14 30 22 224 15951 
14 30 37 224 15951 
14 30 52 224 15951 
14 31 7 224 15951 
14 31 22 224 15951 
14 31 37 224 15951 
14 31 52 224 15951 
14 32 7 224 15951 
14 32 22 224 15951 
14 32 37 224 15951 
14 32 52 224 15951 
14 33 7 224 15951 
14 33 22 224 15951 
14 33 37 224 15951 
14 33 52 224 15951 
14 34 7 224 15951 
14 34 22 224 15951 
14 34 37 224 15951 
14 34 52 224 15951 
14 35 7 224 15951 
14 35 22 224 15951 
14 35 37 224 15951 
14 35 52 224 15951 
14 36 7 224 15951 
14 36 22 224 15951 
14 36 37 224 15951 
14 36 52 224 15951 
14 37 7 224 15951 
14 37 22 224 15951 
14 37 37 224 15951 
14 37 52 224 15951 
14 38 7 223 15951 
14 38 44 224 15951 
14 38 59 224 15951 
14 39 14 224 15951 
14 39 29 224 15951 
14 39 44 224 15951 
14 39 59 223 15951 
14 40 14 224 15951 
14 40 29 224 15951 
14 40 44 224 15951 
14 40 59 224 15951 
14 41 14 224 15951 
14 41 29 224 15951 
14 41 44 224 15951 
14 41 59 224 15951 
14 42 14 224 15951 
14 42 29 224 15951 
14 42 44 224 15951 
14 42 59 224 15951 
14 43 14 224 15951 
14 43 29 224 15951 
14 43 44 224 15951 
14 43 59 224 15951 
14 44 14 224 15951 
14 44 29 224 15951 
14 44 44 224 15951 
14 44 59 224 15951 
14 45 14 224 15951 
14 45 29 224 15951 
14 45 44 224 15951 
14 45 59 224 15951 
14 46 14 224 15951 
14 46 29 224 15951 
14 46 44 224 15951 
14 46 59 224 15951 
14 47 14 224 15951 
14 47 29 224 15951 
14 47 44 224 15951 
14 47 59 224 15951 
14 48 14 224 15951 
14 48 29 224 15951 
14 48 44 224 15951 
14 48 59 224 15951 
14 49 14 224 15951 
14 49 29 224 15951 
14 49 44 224 15951 
14 49 59 224 15951 
14 50 14 224 15951 
14 50 29 224 15951 
14 50 44 224 15951 
14 50 59 223 15951 
14 51 14 224 15951 
14 51 29 224 15951 
14 51 44 224 15951 
14 51 59 224 15951 
14 52 14 224 15951 
14 52 29 224 15951 
14 52 44 224 15951 
14 52 59 224 15951 
14 53 14 224 15951 
14 54 6 224 15951 
14 54 21 223 15951 
14 54 36 224 15951 
14 54 51 224 15951 
14 55 6 224 15951 
14 55 21 224 15951 
14 55 36 224 15951 
14 55 51 224 15951 
14 56 6 224 15951 
14 56 21 224 15951 
14 56 36 224 15951 
14 56 51 224 15951 
14 57 6 224 15951 
14 57 21 224 15951 
14 57 36 224 15951 
14 57 51 224 15951 
14 58 6 224 15951 
14 58 21 224 15951 
14 58 36 224 15951 
14 58 51 224 15951 
14 59 6 224 15951 
14 59 21 224 15951 
14 59 36 224 15951 
14 59 51 224 15951 
15 0 6 224 15951 
15 0 21 224 15951 
15 0 36 224 15951 
15 0 51 224 15951 
15 1 6 224 15951 
15 1 21 224 15951 
15 1 36 224 15951 
15 1 51 224 15951 
15 2 6 224 15951 
15 2 21 224 15951 
15 2 36 224 15951 
15 2 51 224 15951 
15 3 6 224 15951 
15 3 21 224 15951 
15 3 36 224 15951 
15 3 51 224 15951 
15 4 6 224 15951 
15 4 21 223 15951 
15 4 36 224 15951 
15 4 51 224 15951 
15 5 6 224 15951 
15 5 21 224 15951 
15 5 36 224 15951 
15 5 51 224 15951 
15 6 6 224 15951 
15 6 21 224 15951 
15 6 36 224 15951 
15 6 51 224 15951 
15 7 6 224 15951 
15 7 21 224 15951 
15 7 36 224 15951 
15 7 51 224 15951 
15 8 6 224 15951 
15 8 21 224 15951 
15 8 58 224 15951 
15 9 13 224 15951 
15 9 28 224 15951 
15 9 43 224 15951 
15 9 58 224 15951 
15 10 13 223 15951 
15 10 28 224 15951 
15 10 43 224 15951 
15 10 58 224 15951 
15 11 13 224 15951 
15 11 28 224 15951 
15 11 43 224 15951 
15 11 58 224 15951 
15 12 13 224 15951 
15 12 28 224 15951 
15 12 43 224 15951 
15 12 58 224 15951 
15 13 13 224 15951 
15 13 28 224 15951 
15 13 43 224 15951 
15 13 58 224 15951 
15 14 13 224 15951 
15 14 28 224 15951 
15 14 43 224 15951 
15 14 58 224 15951 
15 15 13 224 15951 
15 15 28 224 15951 
15 15 43 224 15951 
15 15 58 224 15951 
15 16 13 224 15951 
15 16 28 224 15951 
15 16 43 224 15951 
15 16 58 224 15951 
15 17 13 223 15951 
15 17 28 224 15951 
15 17 43 224 15951 
15 17 58 224 15951 
15 18 13 224 15951 
15 18 28 224 15951 
15 18 43 224 15951 
15 18 58 224 15951 
15 19 13 224 15951 
15 19 28 224 15951 
15 19 43 224 15951 
15 19 58 224 15951 
15 20 13 224 15951 
15 20 28 224 15951 
15 20 43 224 15951 
15 20 58 224 15951 
15 21 13 224 15951 
15 21 28 224 15951 
15 21 43 224 15951 
15 21 58 224 15951 
15 22 13 224 15951 
15 22 28 224 15951 
15 22 43 224 15951 
15 22 58 224 15951 
15 23 13 224 15951 
15 23 28 224 15951 
15 24 20 224 15951 
15 24 35 223 15951 
15 24 50 224 15951 
15 25 5 224 15951 
15 25 20 224 15951 
15 25 35 224 15951 
15 25 50 224 15951 
15 26 5 224 15951 
15 26 20 224 15951 
15 26 35 224 15951 
15 26 50 224 15951 
15 27 5 224 15951 
15 27 20 224 15951 
15 27 35 224 15951 
15 27 50 224 15951 
15 28 5 224 15951 
15 28 20 224 15951 
15 28 35 224 15951 
15 28 50 224 15951 
15 29 5 224 15951 
15 29 20 224 15951 
15 29 35 224 15951 
15 29 50 224 15951 
15 30 5 224 15951 
15 30 20 224 15951 
15 30 35 224 15951 
15 30 50 224 15951 
15 31 5 224 15951 
15 31 20 224 15951 
15 31 35 224 15951 
15 31 50 224 15951 
15 32 5 224 15951 
15 32 20 224 15951 
15 32 35 224 15951 
15 32 50 224 15951 
15 33 5 224 15951 
15 33 20 224 15951 
15 33 35 224 15951 
15 33 50 224 15951 
15 34 5 224 15951 
15 34 20 224 15951 
15 34 35 224 15951 
15 34 50 224 15951 
15 35 5 224 15951 
15 35 20 224 15951 
15 35 35 224 15951 
15 35 50 224 15951 
15 36 5 224 15951 
15 36 20 224 15951 
15 36 35 224 15951 
15 36 50 224 15951 
15 37 5 224 15951 
15 37 20 224 15951 
15 37 35 224 15951 
15 37 50 224 15951 
15 38 5 224 15951 
15 38 20 224 15951 
15 38 35 224 15951 
15 39 12 224 15951 
15 39 27 224 15951 
15 39 42 224 15951 
15 39 57 224 15951 
15 40 12 224 15951 
15 40 27 224 15951 
15 40 42 224 15951 
15 40 57 224 15951 
15 41 12 224 15951 
15 41 27 224 15951 
15 41 42 224 15951 
15 41 57 224 15951 
15 42 12 224 15951 
15 42 27 224 15951 
15 42 42 224 15951 
15 42 57 224 15951 
15 43 12 224 15951 
15 43 27 223 15951 
15 43 42 224 15951 
15 43 57 224 15951 
15 44 12 224 15951 
15 44 27 224 15951 
15 44 42 224 15951 
15 44 57 224 15951 
15 45 12 224 15951 
15 45 27 224 15951 
15 45 42 224 15951 
15 45 57 224 15951 
15 46 12 224 15951 
15 46 27 224 15951 
15 46 42 224 15951 
15 46 57 224 15951 
15 47 12 224 15951 
15 47 27 224 15951 
15 47 42 224 15951 
15 47 57 224 15951 
15 48 12 224 15951 
15 48 27 224 15951 
15 48 42 224 15951 
15 48 57 224 15951 
15 49 12 224 15951 
15 49 27 224 15951 
15 49 42 224 15951 
15 49 57 224 15951 
15 50 12 224 15951 
15 50 27 224 15951 
15 50 42 224 15951 
15 50 57 224 15951 
15 51 12 224 15951 
15 51 27 224 15951 
15 51 42 224 15951 
15 51 57 224 15951 
15 52 12 224 15951 
15 52 27 224 15951 
15 52 42 224 15951 
15 52 57 224 15951 
15 53 12 224 15951 
15 53 27 224 15951 
15 53 42 224 15951 
15 54 34 224 15951 
15 54 49 223 15951 
15 55 4 224 15951 
15 55 19 224 15951 
15 55 34 224 15951 
15 55 49 224 15951 
15 56 4 224 15951 
15 56 19 224 15951 
15 56 34 224 15951 
15 56 49 223 15951 
15 57 4 224 15951 
15 57 19 224 15951 
15 57 34 224 15951 
15 57 49 224 15951 
15 58 4 224 15951 
15 58 19 224 15951 
15 58 34 224 15951 
15 58 49 224 15951 
15 59 4 224 15951 
15 59 19 224 15951 
15 59 34 224 15951 
15 59 49 224 15951 
16 0 4 224 15951 
16 0 19 224 15951 
16 0 34 224 15951 
16 0 49 224 15951 
16 1 4 224 15951 

