
/> 
read_ramp 01241121
<CR>Time:2021/01/24 15:39Ramp data first polarity: 
772 773 772 772 772 772 772 772 771 772 772 772 772 771 772 772 771 772 771 771 772 772 771 772 771 773 773 771 771 771 772 772 772 773 773 772 772 772 771 772 772 772 772 772 773 773 771 772 772 772 773 772 772 772 772 772 772 772 772 772 771 772 772 771 770 767 767 764 763 762 759 757 757 754 752 750 749 747 745 744 743 741 740 739 738 737 734 733 732 730 729 728 726 724 724 722 719 718 716 715 714 711 712 709 707 706 705 702 702 700 698 696 696 696 692 691 689 689 687 685 683 682 680 680 677 676 673 673 672 670 668 668 667 666 665 662 661 659 658 658 654 653 652 650 648 646 646 644 642 641 640 638 637 636 634 633 631 630 628 626 626 624 622 621 618 618 618 616 614 612 611 610 608 606 605 604 604 602 599 598 597 595 595 593 592 590 589 587 586 582 582 581 580 579 577 575 575 572 572 570 569 567 565 564 564 562 560 559 557 556 554 553 552 550 548 548 546 545 544 542 542 540 538 537 535 535 535 532 530 529 528 527 525 524 523 521 521 518 517 514 514 513 513 510 510 511 511 509 508 509 5[Warning: Maximal number of bytes per line exceeded! Check the EOL (end-of-line) settings or increase the limit in the advanced terminal settings.]
read 0124
<CR>Time:2021/01/24 15:39
Hours Minutes Seconds  Nb_Samples    Aver. Current 
9 13 44 223 12883 
9 13 59 223 14348 
9 14 14 224 14348 
9 14 29 224 14348 
9 14 44 224 14348 
9 14 59 224 14348 
9 15 14 224 14409 
9 15 29 224 15020 
9 15 44 224 16119 
9 15 59 224 16057 
9 16 14 224 15996 
9 16 29 224 15996 
9 16 44 224 15996 
9 16 59 224 15996 
9 17 14 224 15996 
9 17 29 224 15996 
9 17 44 224 15996 
9 17 59 224 15996 
9 18 14 224 15996 
9 18 29 224 15996 
9 18 44 224 15996 
9 18 59 224 15996 
9 19 14 224 15996 
9 19 29 224 15996 
9 19 44 223 15996 
9 19 59 224 15996 
9 20 37 224 15996 
9 20 52 223 15996 
9 21 7 224 15996 
9 21 22 224 15996 
9 21 37 224 15996 
9 21 52 224 15996 
9 22 7 224 15996 
9 22 22 224 15996 
9 22 37 224 15996 
9 22 52 224 15996 
9 23 7 224 15996 
9 23 22 224 15996 
9 23 37 224 15996 
9 23 52 224 15996 
9 24 7 224 15996 
9 24 22 224 15996 
9 24 37 224 15996 
9 24 52 224 15996 
9 25 7 224 15996 
9 25 22 224 15996 
9 25 37 224 15996 
9 25 52 224 15996 
9 26 7 224 15996 
9 26 22 224 15996 
9 26 37 224 15996 
9 26 52 224 15996 
9 27 7 224 15996 
9 27 22 223 15996 
9 27 37 224 15996 
9 27 52 224 15996 
9 28 7 224 15996 
9 28 22 224 15996 
9 28 37 224 15996 
9 28 52 224 15996 
9 29 7 224 15996 
9 29 22 224 15996 
9 29 37 224 15996 
9 29 52 224 15996 
9 30 7 224 15996 
9 30 22 224 15996 
9 30 37 224 15996 
9 30 52 224 15996 
9 31 7 224 15996 
9 31 22 224 15996 
9 31 37 224 15996 
9 31 52 224 15996 
9 32 7 224 15996 
9 32 22 224 15996 
9 32 37 224 15996 
9 32 52 224 15996 
9 33 7 224 15996 
9 33 22 224 15996 
9 33 37 224 15996 
9 33 52 224 15996 
9 34 7 224 15996 
9 34 22 224 15996 
9 34 37 224 15996 
9 34 52 224 15996 
9 35 7 224 15996 
9 35 44 224 15996 
9 35 59 223 15996 
9 36 14 224 15996 
9 36 29 224 15996 
9 36 44 224 15996 
9 36 59 224 15996 
9 37 14 224 15996 
9 37 29 224 15996 
9 37 44 224 15996 
9 37 59 223 15996 
9 38 14 224 15996 
9 38 29 224 15996 
9 38 44 224 15996 
9 38 59 224 15996 
9 39 14 224 15996 
9 39 29 224 15996 
9 39 44 224 15996 
9 39 59 224 15996 
9 40 14 224 15996 
9 40 29 224 15996 
9 40 44 224 15996 
9 40 59 224 15996 
9 41 14 224 15996 
9 41 29 224 15996 
9 41 44 224 15996 
9 41 59 224 15996 
9 42 14 224 15996 
9 42 29 224 15996 
9 42 44 224 15996 
9 42 59 224 15996 
9 43 14 224 15996 
9 43 29 224 15996 
9 43 44 224 15996 
9 43 59 224 15996 
9 44 14 224 15996 
9 44 29 224 15996 
9 44 44 224 15996 
9 44 59 224 15996 
9 45 14 224 15996 
9 45 29 224 15996 
9 45 44 224 15996 
9 45 59 224 15996 
9 46 14 224 15996 
9 46 29 224 15996 
9 46 44 224 15996 
9 46 59 224 15996 
9 47 14 224 15996 
9 47 29 224 15996 
9 47 44 224 15996 
9 47 59 224 15996 
9 48 14 224 15996 
9 48 29 224 15996 
9 48 44 224 15996 
9 48 59 224 15996 
9 49 14 224 15996 
9 49 29 224 15996 
9 49 44 224 15996 
9 49 59 224 15996 
9 50 14 224 15996 
9 50 51 224 15996 
9 51 6 223 15996 
9 51 21 224 15996 
9 51 36 224 15996 
9 51 51 224 15996 
9 52 6 224 15996 
9 52 21 224 15996 
9 52 36 224 15996 
9 52 51 224 15996 
9 53 6 223 15996 
9 53 21 224 15996 
9 53 36 224 15996 
9 53 51 224 15996 
9 54 6 224 15996 
9 54 21 224 15996 
9 54 36 224 15996 
9 54 51 224 15996 
9 55 6 224 15996 
9 55 21 224 15996 
9 55 36 224 15996 
9 55 51 224 15996 
9 56 6 224 15996 
9 56 21 224 15996 
9 56 36 224 15996 
9 56 51 224 15996 
9 57 6 224 15996 
9 57 21 224 15996 
9 57 36 224 15996 
9 57 51 224 15996 
9 58 6 224 15996 
9 58 21 224 15996 
9 58 36 224 15996 
9 58 51 224 15996 
9 59 6 224 15996 
9 59 21 224 15996 
9 59 36 224 15996 
9 59 51 224 15996 
10 0 6 224 15996 
10 0 21 224 15996 
10 0 36 224 15996 
10 0 51 224 15996 
10 1 6 224 15996 
10 1 21 224 15996 
10 1 36 224 15996 
10 1 51 224 15996 
10 2 6 224 15996 
10 2 21 224 15996 
10 2 36 224 15996 
10 2 51 224 15996 
10 3 6 224 15996 
10 3 21 224 15996 
10 3 36 224 15996 
10 3 51 224 15996 
10 4 6 224 15996 
10 4 21 224 15996 
10 4 36 224 15996 
10 4 51 224 15996 
10 5 6 224 15996 
10 5 21 224 15996 
10 5 58 224 15996 
10 6 13 223 15996 
10 6 28 224 15996 
10 6 43 224 15996 
10 6 58 224 15996 
10 7 13 224 15996 
10 7 28 224 15996 
10 7 43 224 15996 
10 7 58 224 15996 
10 8 13 223 15996 
10 8 28 224 15996 
10 8 43 224 15996 
10 8 58 224 15996 
10 9 13 224 15996 
10 9 28 224 15996 
10 9 43 224 15996 
10 9 58 224 15996 
10 10 13 224 15996 
10 10 28 224 15996 
10 10 43 224 15996 
10 10 58 224 15996 
10 11 13 224 15996 
10 11 28 224 15996 
10 11 43 224 15996 
10 11 58 224 15996 
10 12 13 224 15996 
10 12 28 224 15996 
10 12 43 224 15996 
10 12 58 224 15996 
10 13 13 224 15996 
10 13 28 224 15996 
10 13 43 224 15996 
10 13 58 224 15996 
10 14 13 224 15996 
10 14 28 224 15996 
10 14 43 224 15996 
10 14 58 224 15996 
10 15 13 224 15996 
10 15 28 224 15996 
10 15 43 224 15996 
10 15 58 224 15996 
10 16 13 224 15996 
10 16 28 224 15996 
10 16 43 224 15996 
10 16 58 224 15996 
10 17 13 224 15996 
10 17 28 224 15996 
10 17 43 224 15996 
10 17 58 224 15996 
10 18 13 224 15996 
10 18 28 224 15996 
10 18 43 224 15996 
10 18 58 224 15996 
10 19 13 224 15996 
10 19 28 224 15996 
10 19 43 224 15996 
10 19 58 224 15996 
10 20 13 224 15996 
10 20 28 224 15996 
10 21 5 224 15996 
10 21 20 223 15996 
10 21 35 224 15996 
10 21 50 224 15996 
10 22 5 224 15996 
10 22 20 224 15996 
10 22 35 224 15996 
10 22 50 224 15996 
10 23 5 224 15996 
10 23 20 223 15996 
10 23 35 224 15996 
10 23 50 224 15996 
10 24 5 224 15996 
10 24 20 224 15996 
10 24 35 224 15996 
10 24 50 224 15996 
10 25 5 224 15996 
10 25 20 224 15996 
10 25 35 224 15996 
10 25 50 224 15996 
10 26 5 224 15996 
10 26 20 224 15996 
10 26 35 224 15996 
10 26 50 224 15996 
10 27 5 224 15996 
10 27 20 224 15996 
10 27 35 224 15996 
10 27 50 224 15996 
10 28 5 224 15996 
10 28 20 224 15996 
10 28 35 224 15996 
10 28 50 224 15996 
10 29 5 224 15996 
10 29 20 224 15996 
10 29 35 224 15996 
10 29 50 224 15996 
10 30 5 224 15996 
10 30 20 224 15996 
10 30 35 224 15996 
10 30 50 224 15996 
10 31 5 224 15996 
10 31 20 224 15996 
10 31 35 224 15996 
10 31 50 224 15996 
10 32 5 224 15996 
10 32 20 224 15996 
10 32 35 224 15996 
10 32 50 224 15996 
10 33 5 224 15996 
10 33 20 224 15996 
10 33 35 224 15996 
10 33 50 224 15996 
10 34 5 224 15996 
10 34 20 224 15996 
10 34 35 224 15996 
10 34 50 224 15996 
10 35 5 224 15996 
10 35 20 224 15996 
10 35 35 224 15996 
10 36 12 224 15996 
10 36 27 224 15996 
10 36 42 224 15996 
10 36 57 224 15996 
10 37 12 224 15996 
10 37 27 224 15996 
10 37 42 224 15996 
10 37 57 224 15996 
10 38 12 224 15996 
10 38 27 223 15996 
10 38 42 224 15996 
10 38 57 224 15996 
10 39 12 224 15996 
10 39 27 224 15996 
10 39 42 224 15996 
10 39 57 224 15996 
10 40 12 224 15996 
10 40 27 224 15996 
10 40 42 224 15996 
10 40 57 224 15996 
10 41 12 224 15996 
10 41 27 224 15996 
10 41 42 224 15996 
10 41 57 224 15996 
10 42 12 224 15996 
10 42 27 224 15996 
10 42 42 224 15996 
10 42 57 224 15996 
10 43 12 224 15996 
10 43 27 224 15996 
10 43 42 224 15996 
10 43 57 224 15996 
10 44 12 224 15996 
10 44 27 224 15996 
10 44 42 224 15996 
10 44 57 224 15996 
10 45 12 224 15996 
10 45 27 224 15996 
10 45 42 224 15996 
10 45 57 224 15996 
10 46 12 224 15996 
10 46 27 224 15996 
10 46 42 224 15996 
10 46 57 224 15996 
10 47 12 224 15996 
10 47 27 224 15996 
10 47 42 224 15996 
10 47 57 224 15996 
10 48 12 224 15996 
10 48 27 224 15996 
10 48 42 224 15996 
10 48 57 224 15996 
10 49 12 224 15996 
10 49 27 224 15996 
10 49 42 224 15996 
10 49 57 224 15996 
10 50 12 224 15996 
10 50 27 224 15996 
10 50 42 224 15996 
10 51 19 224 15996 
10 51 34 224 15996 
10 51 49 224 15996 
10 52 4 224 15996 
10 52 19 224 15996 
10 52 34 224 15996 
10 52 49 224 15996 
10 53 4 224 15996 
10 53 19 224 15996 
10 53 34 223 15996 
10 53 49 224 15996 
10 54 4 224 15996 
10 54 19 224 15996 
10 54 34 224 15996 
10 54 49 224 15996 
10 55 4 224 15996 
10 55 19 224 15996 
10 55 34 224 15996 
10 55 49 224 15996 
10 56 4 224 15996 
10 56 19 224 15996 
10 56 34 224 15996 
10 56 49 224 15996 
10 57 4 224 15996 
10 57 19 224 15996 
10 57 34 224 15996 
10 57 49 224 15996 
10 58 4 224 15996 
10 58 19 224 15996 
10 58 34 224 15996 
10 58 49 224 15996 
10 59 4 224 15996 
10 59 19 224 15996 
10 59 34 224 15996 
10 59 49 224 15996 
11 0 4 224 15996 
11 0 19 224 15996 
11 0 34 224 15996 
11 0 49 224 15996 
11 1 4 224 15996 
11 1 19 224 15996 
11 1 34 224 15996 
11 1 49 224 15996 
11 2 4 224 15996 
11 2 19 224 15996 
11 2 34 224 15996 
11 2 49 224 15996 
11 3 4 224 15996 
11 3 19 224 15996 
11 3 34 224 15996 
11 3 49 224 15996 
11 4 4 224 15996 
11 4 19 224 15996 
11 4 34 224 15996 
11 4 49 224 15996 
11 5 4 224 15996 
11 5 19 224 15996 
11 5 34 224 15996 
11 5 49 224 15996 
11 6 26 224 15996 
11 6 41 224 15996 
11 6 56 224 15996 
11 7 11 224 15996 
11 7 26 224 15996 
11 7 41 224 15996 
11 7 56 224 15996 
11 8 11 224 15996 
11 8 26 224 15996 
11 8 41 223 15996 
11 8 56 224 15996 
11 9 11 224 15996 
11 9 26 224 15996 
11 9 41 224 15996 
11 9 56 224 15996 
11 10 11 224 15996 
11 10 26 224 15996 
11 10 41 224 15996 
11 10 56 224 15996 
11 11 11 224 15996 
11 11 26 224 15996 
11 11 41 224 15996 
11 11 56 224 15996 
11 12 11 224 15996 
11 12 26 224 15996 
11 12 41 224 15996 
11 12 56 224 15996 
11 13 11 224 15996 
11 13 26 224 15996 
11 13 41 224 15996 
11 13 56 224 15996 
11 14 11 224 15996 
11 14 26 224 15996 
11 14 41 224 15996 
11 14 56 224 15996 
11 15 11 224 15996 
11 15 26 224 15996 
11 15 41 224 15996 
11 15 56 224 15996 
11 16 11 224 15996 
11 16 26 224 15996 
11 16 41 224 15996 
11 16 56 224 15996 
11 17 11 224 15996 
11 17 26 224 15996 
11 17 41 224 15996 
11 17 56 224 15996 
11 18 11 224 15996 
11 18 26 224 15996 
11 18 41 224 15996 
11 18 56 224 15996 
11 19 11 224 15996 
11 19 26 224 15996 
11 19 41 224 15996 
11 19 56 224 15996 
11 20 11 224 15996 
11 20 26 224 15996 
11 20 41 224 15996 
11 20 56 224 15996 
11 21 33 224 15996 
11 21 48 224 15996 
11 22 3 224 15996 
11 22 18 224 15996 
11 22 33 224 15996 
11 22 48 224 15996 
11 23 3 224 15996 
11 23 18 224 15996 
11 23 33 224 15996 
11 23 48 223 15996 
11 24 3 224 15996 
11 24 18 224 15996 
11 24 33 224 15996 
11 24 48 224 15996 
11 25 3 224 15996 
11 25 18 224 15996 
11 25 33 224 15996 
11 25 48 224 15996 
11 26 3 224 15996 
11 26 18 224 15996 
11 26 33 224 15996 
11 26 48 224 15996 
11 27 3 224 15996 
11 27 18 224 15996 
11 27 33 224 15996 
11 27 48 224 15996 
11 28 3 224 15996 
11 28 18 224 15996 
11 28 33 224 15996 
11 28 48 224 15996 
11 29 3 224 15996 
11 29 18 224 15996 
11 29 33 224 15996 
11 29 48 224 15996 
11 30 3 224 15996 
11 30 18 224 15996 
11 30 33 224 15996 
11 30 48 224 15996 
11 31 3 224 15996 
11 31 18 224 15996 
11 31 33 224 15996 
11 31 48 224 15996 
11 32 3 224 15996 
11 32 18 224 15996 
11 32 33 224 15996 
11 32 48 224 15996 
11 33 3 224 15996 
11 33 18 224 15996 
11 33 33 224 15996 
11 33 48 224 15996 
11 34 3 224 15996 
11 34 18 224 15996 
11 34 33 224 15996 
11 34 48 224 15996 
11 35 3 224 15996 
11 35 18 224 15996 
11 35 33 224 15996 
11 35 48 224 15996 
11 36 3 224 15996 
11 36 40 224 15996 
11 36 55 223 15996 
11 37 10 224 15996 
11 37 25 224 15996 
11 37 40 224 15996 
11 37 55 224 15996 
11 38 10 224 15996 
11 38 25 224 15996 
11 38 40 224 15996 
11 38 55 223 15996 
11 39 10 224 15996 
11 39 25 224 15996 
11 39 40 224 15996 
11 39 55 224 15996 
11 40 10 224 15996 
11 40 25 224 15996 
11 40 40 224 15996 
11 40 55 224 15996 
11 41 10 224 15996 
11 41 25 224 15996 
11 41 40 224 15996 
11 41 55 224 15996 
11 42 10 224 15996 
11 42 25 224 15996 
11 42 40 224 15996 
11 42 55 224 15996 
11 43 10 224 15996 
11 43 25 224 15996 
11 43 40 224 15996 
11 43 55 224 15996 
11 44 10 224 15996 
11 44 25 224 15996 
11 44 40 224 15996 
11 44 55 224 15996 
11 45 10 224 15996 
11 45 25 224 15996 
11 45 40 224 15996 
11 45 55 224 15996 
11 46 10 224 15996 
11 46 25 224 15996 
11 46 40 224 15996 
11 46 55 224 15996 
11 47 10 224 15996 
11 47 25 224 15996 
11 47 40 224 15996 
11 47 55 224 15996 
11 48 10 224 15996 
11 48 25 224 15996 
11 48 40 224 15996 
11 48 55 224 15996 
11 49 10 224 15996 
11 49 25 224 15996 
11 49 40 224 15996 
11 49 55 224 15996 
11 50 10 224 15996 
11 50 25 224 15996 
11 50 40 224 15996 
11 50 55 224 15996 
11 51 10 224 15996 
11 51 47 224 15996 
11 52 2 223 15996 
11 52 17 224 15996 
11 52 32 224 15996 
11 52 47 224 15996 
11 53 2 224 15996 
11 53 17 224 15996 
11 53 32 224 15996 
11 53 47 224 15996 
11 54 2 223 15996 
11 54 17 224 15996 
11 54 32 224 15996 
11 54 47 224 15996 
11 55 2 224 15996 
11 55 17 224 15996 
11 55 32 224 15996 
11 55 47 224 15996 
11 56 2 224 15996 
11 56 17 224 15996 
11 56 32 224 15996 
11 56 47 224 15996 
11 57 2 224 15996 
11 57 17 224 15996 
11 57 32 224 15996 
11 57 47 224 15996 
11 58 2 224 15996 
11 58 17 224 15996 
11 58 32 224 15996 
11 58 47 224 15996 
11 59 2 224 15996 
11 59 17 224 15996 
11 59 32 224 15996 
11 59 47 224 15996 
12 0 2 224 15996 
12 0 17 224 15996 
12 0 32 224 15996 
12 0 47 224 15996 
12 1 2 224 15996 
12 1 17 224 15996 
12 1 32 224 15996 
12 1 47 224 15996 
12 2 2 224 15996 
12 2 17 224 15996 
12 2 32 224 15996 
12 2 47 224 15996 
12 3 2 224 15996 
12 3 17 224 15996 
12 3 32 224 15996 
12 3 47 224 15996 
12 4 2 224 15996 
12 4 17 224 15996 
12 4 32 224 15996 
12 4 47 224 15996 
12 5 2 224 15996 
12 5 17 224 15996 
12 5 32 224 15996 
12 5 47 224 15996 
12 6 2 224 15996 
12 6 17 224 15996 
12 6 54 224 15996 
12 7 9 223 15996 
12 7 24 224 15996 
12 7 39 224 15996 
12 7 54 224 15996 
12 8 9 224 15996 
12 8 24 224 15996 
12 8 39 224 15996 
12 8 54 224 15996 
12 9 9 223 15996 
12 9 24 224 15996 
12 9 39 224 15996 
12 9 54 224 15996 
12 10 9 224 15996 
12 10 24 224 15996 
12 10 39 224 15996 
12 10 54 224 15996 
12 11 9 224 15996 
12 11 24 224 15996 
12 11 39 224 15996 
12 11 54 224 15996 
12 12 9 224 15996 
12 12 24 224 15996 
12 12 39 224 15996 
12 12 54 224 15996 
12 13 9 224 15996 
12 13 24 224 15996 
12 13 39 224 15996 
12 13 54 224 15996 
12 14 9 224 15996 
12 14 24 224 15996 
12 14 39 224 15996 
12 14 54 224 15996 
12 15 9 224 15996 
12 15 24 224 15996 
12 15 39 224 15996 
12 15 54 224 15996 
12 16 9 224 15996 
12 16 24 224 15996 
12 16 39 224 15996 
12 16 54 224 15996 
12 17 9 224 15996 
12 17 24 224 15996 
12 17 39 224 15996 
12 17 54 224 15996 
12 18 9 224 15996 
12 18 24 224 15996 
12 18 39 224 15996 
12 18 54 224 15996 
12 19 9 224 15996 
12 19 24 224 15996 
12 19 39 224 15996 
12 19 54 224 15996 
12 20 9 224 15996 
12 20 24 224 15996 
12 20 39 224 15996 
12 20 54 224 15996 
12 21 9 224 15996 
12 21 24 224 15996 
12 22 1 224 15996 
12 22 16 224 15996 
12 22 31 224 15996 
12 22 46 224 15996 
12 23 1 224 15996 
12 23 16 224 15996 
12 23 31 224 15996 
12 23 46 224 15996 
12 24 1 224 15996 
12 24 16 223 15996 
12 24 31 224 15996 
12 24 46 224 15996 
12 25 1 224 15996 
12 25 16 224 15996 
12 25 31 224 15996 
12 25 46 224 15996 
12 26 1 224 15996 
12 26 16 224 15996 
12 26 31 224 15996 
12 26 46 224 15996 
12 27 1 224 15996 
12 27 16 224 15996 
12 27 31 224 15996 
12 27 46 224 15996 
12 28 1 224 15996 
12 28 16 224 15996 
12 28 31 224 15996 
12 28 46 224 15996 
12 29 1 224 15996 
12 29 16 224 15996 
12 29 31 224 15996 
12 29 46 224 15996 
12 30 1 224 15996 
12 30 16 224 15996 
12 30 31 224 15996 
12 30 46 224 15996 
12 31 1 224 15996 
12 31 16 224 15996 
12 31 31 224 15996 
12 31 46 224 15996 
12 32 1 224 15996 
12 32 16 224 15996 
12 32 31 224 15996 
12 32 46 224 15996 
12 33 1 224 15996 
12 33 16 224 15996 
12 33 31 224 15996 
12 33 46 224 15996 
12 34 1 224 15996 
12 34 16 224 15996 
12 34 31 224 15996 
12 34 46 224 15996 
12 35 1 224 15996 
12 35 16 224 15996 
12 35 31 224 15996 
12 35 46 224 15996 
12 36 1 224 15996 
12 36 16 224 15996 
12 36 31 224 15996 
12 37 8 224 15996 
12 37 23 223 15996 
12 37 38 224 15996 
12 37 53 224 15996 
12 38 8 224 15996 
12 38 23 224 15996 
12 38 38 224 15996 
12 38 53 224 15996 
12 39 8 224 15996 
12 39 23 223 15996 
12 39 38 224 15996 
12 39 53 224 15996 
12 40 8 224 15996 
12 40 23 224 15996 
12 40 38 224 15996 
12 40 53 224 15996 
12 41 8 224 15996 
12 41 23 224 15996 
12 41 38 224 15996 
12 41 53 224 15996 
12 42 8 224 15996 
12 42 23 224 15996 
12 42 38 224 15996 
12 42 53 224 15996 
12 43 8 224 15996 
12 43 23 224 15996 
12 43 38 224 15996 
12 43 53 224 15996 
12 44 8 224 15996 
12 44 23 224 15996 
12 44 38 224 15996 
12 44 53 224 15996 
12 45 8 224 15996 
12 45 23 224 15996 
12 45 38 224 15996 
12 45 53 224 15996 
12 46 8 224 15996 
12 46 23 224 15996 
12 46 38 224 15996 
12 46 53 224 15996 
12 47 8 224 15996 
12 47 23 224 15996 
12 47 38 224 15996 
12 47 53 224 15996 
12 48 8 224 15996 
12 48 23 224 15996 
12 48 38 224 15996 
12 48 53 224 15996 
12 49 8 224 15996 
12 49 23 224 15996 
12 49 38 224 15996 
12 49 53 224 15996 
12 50 8 224 15996 
12 50 23 224 15996 
12 50 38 224 15996 
12 50 53 224 15996 
12 51 8 224 15996 
12 51 23 224 15996 
12 51 38 224 15996 
12 52 15 224 15996 
12 52 30 224 15996 
12 52 45 224 15996 
12 53 0 224 15996 
12 53 15 224 15996 
12 53 30 224 15996 
12 53 45 224 15996 
12 54 0 224 15996 
12 54 15 224 15996 
12 54 30 223 15996 
12 54 45 224 15996 
12 55 0 224 15996 
12 55 15 224 15996 
12 55 30 224 15996 
12 55 45 224 15996 
12 56 0 224 15996 
12 56 15 224 15996 
12 56 30 224 15996 
12 56 45 224 15996 
12 57 0 224 15996 
12 57 15 224 15996 
12 57 30 224 15996 
12 57 45 224 15996 
12 58 0 224 15996 
12 58 15 224 15996 
12 58 30 224 15996 
12 58 45 224 15996 
12 59 0 224 15996 
12 59 15 224 15996 
12 59 30 224 15996 
12 59 45 224 15996 
13 0 0 224 15996 
13 0 15 224 15996 
13 0 30 224 15996 
13 0 45 224 15996 
13 1 0 224 15996 
13 1 15 224 15996 
13 1 30 224 15996 
13 1 45 224 15996 
13 2 0 224 15996 
13 2 15 224 15996 
13 2 30 224 15996 
13 2 45 224 15996 
13 3 0 224 15996 
13 3 15 224 15996 
13 3 30 224 15996 
13 3 45 224 15996 
13 4 0 224 15996 
13 4 15 224 15996 
13 4 30 224 15996 
13 4 45 224 15996 
13 5 0 224 15996 
13 5 15 224 15996 
13 5 30 224 15996 
13 5 45 224 15996 
13 6 0 224 15996 
13 6 15 224 15996 
13 6 30 224 15996 
13 6 45 224 15996 
13 7 22 224 15996 
13 7 37 222 15996 
13 7 52 224 15996 
13 8 7 224 15996 
13 8 23 224 15996 
13 8 38 224 15996 
13 8 53 224 15996 
13 9 8 224 15996 
13 9 23 224 15996 
13 9 38 224 15996 
13 9 53 224 15996 
13 10 8 224 15996 
13 10 23 224 15996 
13 10 38 224 15996 
13 10 53 224 15996 
13 11 8 224 15996 
13 11 23 224 15996 
13 11 38 224 15996 
13 11 53 224 15996 
13 12 8 224 15996 
13 12 23 224 15996 
13 12 38 224 15996 
13 12 53 224 15996 
13 13 8 224 15996 
13 13 23 224 15996 
13 13 38 224 15996 
13 13 53 224 15996 
13 14 8 224 15996 
13 14 23 224 15996 
13 14 38 224 15996 
13 14 53 224 15996 
13 15 8 224 15996 
13 15 23 224 15996 
13 15 38 224 15996 
13 15 53 224 15996 
13 16 8 224 15996 
13 16 23 224 15996 
13 16 38 224 15996 
13 16 53 224 15996 
13 17 8 224 15996 
13 17 23 224 15996 
13 17 38 224 15996 
13 17 53 224 15996 
13 18 8 224 15996 
13 18 23 224 15996 
13 18 38 224 15996 
13 18 53 224 15996 
13 19 8 224 15996 
13 19 23 224 15996 
13 19 38 224 15996 
13 19 53 224 15996 
13 20 8 224 15996 
13 20 23 224 15996 
13 20 38 224 15996 
13 20 53 224 15996 
13 21 8 224 15996 
13 21 23 224 15996 
13 21 38 224 15996 
13 21 53 224 15996 
13 22 30 224 15996 
13 22 45 224 15996 
13 23 0 224 15996 
13 23 15 224 15996 
13 23 30 224 15996 
13 23 45 224 15996 
13 24 0 224 15996 
13 24 15 224 15996 
13 24 30 224 15996 
13 24 45 224 15996 
13 25 0 224 15996 
13 25 15 224 15996 
13 25 30 224 15996 
13 25 45 224 15996 
13 26 0 224 15996 
13 26 15 224 15996 
13 26 30 224 15996 
13 26 45 224 15996 
13 27 0 224 15996 
13 27 15 224 15996 
13 27 30 224 15996 
13 27 45 224 15996 
13 28 0 224 15996 
13 28 15 224 15996 
13 28 30 224 15996 
13 28 45 224 15996 
13 29 0 224 15996 
13 29 15 224 15996 
13 29 30 224 15996 
13 29 45 224 15996 
13 30 0 224 15996 
13 30 15 224 15996 
13 30 30 224 15996 
13 30 45 224 15996 
13 31 0 224 15996 
13 31 15 224 15996 
13 31 30 224 15996 
13 31 45 224 15996 
13 32 0 224 15996 
13 32 15 224 15996 
13 32 30 224 15996 
13 32 45 224 15996 
13 33 0 224 15996 
13 33 15 224 15996 
13 33 30 224 15996 
13 33 45 224 15996 
13 34 0 224 15996 
13 34 15 224 15996 
13 34 30 224 15996 
13 34 45 224 15996 
13 35 0 224 15996 
13 35 15 224 15996 
13 35 30 224 15996 
13 35 45 224 15996 
13 36 0 224 15996 
13 36 15 224 15996 
13 36 30 223 15996 
13 36 45 224 15996 
13 37 0 224 15996 
13 37 37 224 15996 
13 37 52 224 15996 
13 38 7 224 15996 
13 38 22 224 15996 
13 38 37 224 15996 
13 38 52 224 15996 
13 39 7 224 15996 
13 39 22 224 15996 
13 39 37 224 15996 
13 39 52 224 15996 
13 40 7 224 15996 
13 40 22 224 15996 
13 40 37 224 15996 
13 40 52 224 15996 
13 41 7 224 15996 
13 41 22 224 15996 
13 41 37 224 15996 
13 41 52 224 15996 
13 42 7 224 15996 
13 42 22 224 15996 
13 42 37 224 15996 
13 42 52 224 15996 
13 43 7 224 15996 
13 43 22 224 15996 
13 43 37 224 15996 
13 43 52 224 15996 
13 44 7 224 15996 
13 44 22 224 15996 
13 44 37 224 15996 
13 44 52 224 15996 
13 45 7 224 15996 
13 45 22 224 15996 
13 45 37 224 15996 
13 45 52 224 15996 
13 46 7 224 15996 
13 46 22 224 15996 
13 46 37 224 15996 
13 46 52 224 15996 
13 47 7 224 15996 
13 47 22 224 15996 
13 47 37 224 15996 
13 47 52 224 15996 
13 48 7 224 15996 
13 48 22 224 15996 
13 48 37 224 15996 
13 48 52 224 15996 
13 49 7 224 15996 
13 49 22 224 15996 
13 49 37 223 15996 
13 49 52 224 15996 
13 50 7 224 15996 
13 50 22 224 15996 
13 50 37 224 15996 
13 50 52 224 15996 
13 51 7 224 15996 
13 51 22 224 15996 
13 51 37 224 15996 
13 51 52 224 15996 
13 52 7 224 15996 
13 52 44 224 15996 
13 52 59 223 15996 
13 53 14 224 15996 
13 53 29 224 15996 
13 53 44 224 15996 
13 53 59 224 15996 
13 54 14 224 15996 
13 54 29 224 15996 
13 54 44 224 15996 
13 54 59 224 15996 
13 55 14 224 15996 
13 55 29 224 15996 
13 55 44 224 15996 
13 55 59 224 15996 
13 56 14 224 15996 
13 56 29 224 15996 
13 56 44 224 15996 
13 56 59 224 15996 
13 57 14 224 15996 
13 57 29 224 15996 
13 57 44 224 15996 
13 57 59 224 15996 
13 58 14 224 15996 
13 58 29 224 15996 
13 58 44 224 15996 
13 58 59 224 15996 
13 59 14 224 15996 
13 59 29 224 15996 
13 59 44 224 15996 
13 59 59 224 15996 
14 0 14 224 15996 
14 0 29 224 15996 
14 0 44 224 15996 
14 0 59 224 15996 
14 1 14 224 15996 
14 1 29 224 15996 
14 1 44 224 15996 
14 1 59 224 15996 
14 2 14 224 15996 
14 2 29 224 15996 
14 2 44 223 15996 
14 2 59 224 15996 
14 3 14 224 15996 
14 3 29 224 15996 
14 3 44 224 15996 
14 3 59 224 15996 
14 4 14 224 15996 
14 4 29 224 15996 
14 4 44 224 15996 
14 4 59 224 15996 
14 5 14 224 15996 
14 5 29 224 15996 
14 5 44 224 15996 
14 5 59 224 15996 
14 6 14 224 15996 
14 6 29 224 15996 
14 6 44 224 15996 
14 6 59 224 15996 
14 7 14 224 15996 
14 7 51 224 15996 
14 8 6 223 15996 
14 8 21 224 15996 
14 8 36 224 15996 
14 8 51 224 15996 
14 9 6 224 15996 
14 9 21 224 15996 
14 9 36 224 15996 
14 9 51 224 15996 
14 10 6 224 15996 
14 10 21 224 15996 
14 10 36 224 15996 
14 10 51 224 15996 
14 11 6 224 15996 
14 11 21 224 15996 
14 11 36 224 15996 
14 11 51 224 15996 
14 12 6 224 15996 
14 12 21 224 15996 
14 12 36 224 15996 
14 12 51 224 15996 
14 13 6 224 15996 
14 13 21 224 15996 
14 13 36 224 15996 
14 13 51 224 15996 
14 14 6 224 15996 
14 14 21 224 15996 
14 14 36 224 15996 
14 14 51 224 15996 
14 15 6 224 15996 
14 15 21 224 15996 
14 15 36 224 15996 
14 15 51 223 15996 
14 16 6 224 15996 
14 16 21 224 15996 
14 16 36 224 15996 
14 16 51 224 15996 
14 17 6 224 15996 
14 17 21 224 15996 
14 17 36 224 15996 
14 17 51 224 15996 
14 18 6 224 15996 
14 18 21 224 15996 
14 18 36 224 15996 
14 18 51 224 15996 
14 19 6 224 15996 
14 19 21 224 15996 
14 19 36 224 15996 
14 19 51 224 15996 
14 20 6 224 15996 
14 20 21 224 15996 
14 20 36 224 15996 
14 20 51 224 15996 
14 21 6 224 15996 
14 21 21 224 15996 
14 21 36 224 15996 
14 21 51 224 15996 
14 22 6 224 15996 
14 22 21 224 15996 
14 22 58 224 15996 
14 23 13 224 15996 
14 23 28 224 15996 
14 23 43 224 15996 
14 23 58 224 15996 
14 24 13 224 15996 
14 24 28 224 15996 
14 24 43 224 15996 
14 24 58 224 15996 
14 25 13 223 15996 
14 25 28 224 15996 
14 25 43 224 15996 
14 25 58 224 15996 
14 26 13 224 15996 
14 26 28 224 15996 
14 26 43 224 15996 
14 26 58 224 15996 
14 27 13 224 15996 
14 27 28 224 15996 
14 27 43 224 15996 
14 27 58 224 15996 
14 28 13 224 15996 
14 28 28 224 15996 
14 28 43 224 15996 
14 28 58 224 15996 
14 29 13 224 15996 
14 29 28 224 15996 
14 29 43 224 15996 
14 29 58 224 15996 
14 30 13 224 15996 
14 30 28 224 15996 
14 30 43 224 15996 
14 30 58 224 15996 
14 31 13 224 15996 
14 31 28 224 15996 
14 31 43 224 15996 
14 31 58 224 15996 
14 32 13 224 15996 
14 32 28 224 15996 
14 32 43 224 15996 
14 32 58 224 15996 
14 33 13 224 15996 
14 33 28 224 15996 
14 33 43 224 15996 
14 33 58 224 15996 
14 34 13 224 15996 
14 34 28 224 15996 
14 34 43 224 15996 
14 34 58 224 15996 
14 35 13 224 15996 
14 35 28 224 15996 
14 35 43 224 15996 
14 35 58 224 15996 
14 36 13 224 15996 
14 36 28 224 15996 
14 36 43 224 15996 
14 36 58 224 15996 
14 37 13 224 15996 
14 37 28 224 15996 
14 38 5 224 15996 
14 38 20 223 15996 
14 38 35 224 15996 
14 38 50 224 15996 
14 39 5 224 15996 
14 39 20 224 15996 
14 39 35 224 15996 
14 39 50 224 15996 
14 40 5 224 15996 
14 40 20 224 15996 
14 40 35 224 15996 
14 40 50 224 15996 
14 41 5 224 15996 
14 41 20 224 15996 
14 41 35 224 15996 
14 41 50 224 15996 
14 42 5 224 15996 
14 42 20 224 15996 
14 42 35 224 15996 
14 42 50 224 15996 
14 43 5 224 15996 
14 43 20 224 15996 
14 43 35 224 15996 
14 43 50 224 15996 
14 44 5 224 15996 
14 44 20 224 15996 
14 44 35 224 15996 
14 44 50 224 15996 
14 45 5 224 15996 
14 45 20 224 15996 
14 45 35 224 15996 
14 45 50 224 15996 
14 46 5 224 15996 
14 46 20 224 15996 
14 46 35 224 15996 
14 46 50 224 15996 
14 47 5 224 15996 
14 47 20 224 15996 
14 47 35 224 15996 
14 47 50 224 15996 
14 48 5 224 15996 
14 48 20 224 15996 
14 48 35 224 15996 
14 48 50 224 15996 
14 49 5 224 15996 
14 49 20 224 15996 
14 49 35 224 15996 
14 49 50 224 15996 
14 50 5 224 15996 
14 50 20 224 15996 
14 50 35 224 15996 
14 50 50 224 15996 
14 51 5 224 15996 
14 51 20 224 15996 
14 51 35 224 15996 
14 51 50 224 15996 
14 52 5 224 15996 
14 52 20 224 15996 
14 52 35 224 15996 
14 53 12 224 15996 
14 53 27 223 15996 
14 53 42 224 15996 
14 53 57 224 15996 
14 54 12 224 15996 
14 54 27 224 15996 
14 54 42 224 15996 
14 54 57 224 15996 
14 55 12 224 15996 
14 55 27 224 15996 
14 55 42 224 15996 
14 55 57 224 15996 
14 56 12 224 15996 
14 56 27 224 15996 
14 56 42 224 15996 
14 56 57 224 15996 
14 57 12 224 15996 
14 57 27 224 15996 
14 57 42 224 15996 
14 57 57 224 15996 
14 58 12 224 15996 
14 58 27 224 15996 
14 58 42 224 15996 
14 58 57 224 15996 
14 59 12 224 15996 
14 59 27 224 15996 
14 59 42 224 15996 
14 59 57 224 15996 
15 0 12 224 15996 
15 0 27 224 15996 
15 0 42 224 15996 
15 0 57 224 15996 
15 1 12 224 15996 
15 1 27 224 15996 
15 1 42 224 15996 
15 1 57 224 15996 
15 2 12 224 15996 
15 2 27 224 15996 
15 2 42 224 15996 
15 2 57 224 15996 
15 3 12 224 15996 
15 3 27 224 15996 
15 3 42 224 15996 
15 3 57 224 15996 
15 4 12 224 15996 
15 4 27 224 15996 
15 4 42 224 15996 
15 4 57 224 15996 
15 5 12 224 15996 
15 5 27 224 15996 
15 5 42 224 15996 
15 5 57 224 15996 
15 6 12 224 15996 
15 6 27 224 15996 
15 6 42 224 15996 
15 6 57 224 15996 
15 7 12 223 15996 
15 7 27 224 15996 
15 7 42 224 15996 
15 8 25 224 15996 
15 8 40 223 15996 
15 8 55 224 15996 
15 9 10 224 15996 
15 9 25 224 15996 
15 9 40 224 15996 
15 9 55 224 15996 
15 10 10 224 15996 
15 10 25 224 15996 
15 10 40 224 15996 
15 10 55 224 15996 
15 11 10 224 15996 
15 11 25 224 15996 
15 11 40 224 15996 
15 11 55 224 15996 
15 12 10 224 15996 
15 12 25 224 15996 
15 12 40 224 15996 
15 12 55 224 15996 
15 13 10 224 15996 
15 13 25 224 15996 
15 13 40 224 15996 
15 13 55 224 15996 
15 14 10 224 15996 
15 14 25 224 15996 
15 14 40 224 15996 
15 14 55 224 15996 
15 15 10 224 15996 
15 15 25 224 15996 
15 15 40 224 15996 
15 15 55 224 15996 
15 16 10 224 15996 
15 16 25 224 15996 
15 16 40 224 15996 
15 16 55 224 15996 
15 17 10 224 15996 
15 17 25 224 15996 
15 17 40 224 15996 
15 17 55 224 15996 
15 18 10 224 15996 
15 18 25 224 15996 
15 18 40 224 15996 
15 18 55 224 15996 
15 19 10 224 15996 
15 19 25 224 15996 
15 19 40 224 15996 
15 19 55 224 15996 
15 20 10 224 15996 
15 20 25 223 15996 
15 20 40 224 15996 
15 20 55 224 15996 
15 21 10 224 15996 
15 21 25 224 15996 
15 21 40 224 15996 
15 21 55 224 15996 
15 22 10 224 15996 
15 22 25 224 15996 
15 22 40 224 15996 
15 22 55 224 15996 
15 23 38 224 15996 
15 23 53 223 15996 
15 24 8 224 15996 
15 24 23 224 15996 
15 24 38 224 15996 
15 24 53 224 15996 
15 25 8 224 15996 
15 25 23 224 15996 
15 25 38 224 15996 
15 25 53 224 15996 
15 26 8 224 15996 
15 26 23 224 15996 
15 26 38 224 15996 
15 26 53 224 15996 
15 27 8 224 15996 
15 27 23 224 15996 
15 27 38 224 15996 
15 27 53 224 15996 
15 28 8 224 15996 
15 28 23 224 15996 
15 28 38 224 15996 
15 28 53 224 15996 
15 29 8 224 15996 
15 29 23 224 15996 
15 29 38 224 15996 
15 29 53 224 15996 
15 30 8 224 15996 
15 30 23 224 15996 
15 30 38 224 15996 
15 30 53 224 15996 
15 31 8 224 15996 
15 31 23 224 15996 
15 31 38 224 15996 
15 31 53 224 15996 
15 32 8 224 15996 
15 32 23 224 15996 
15 32 38 224 15996 
15 32 53 224 15996 
15 33 8 224 15996 
15 33 23 224 15996 
15 33 38 223 15996 
15 33 53 224 15996 
15 34 8 224 15996 
15 34 23 224 15996 
15 34 38 224 15996 
15 34 53 224 15996 
15 35 8 224 15996 
15 35 23 224 15996 
15 35 38 224 15996 
15 35 53 224 15996 
15 36 8 224 15996 
15 36 23 224 15996 
15 36 38 224 15996 
15 36 53 224 15996 
15 37 8 224 15996 
15 37 23 224 15996 
15 37 38 224 15996 
15 37 53 224 15996 
15 38 8 224 15996 
15 38 51 224 15996 
15 39 6 224 15996 
15 39 21 224 15996 
15 39 36 224 15996 
15 39 51 224 15996 
15 40 6 224 15386 

