
/> 
read_ramp 01271111
<CR>Time:2021/01/27 15:58Ramp data first polarity: 
772 771 771 772 772 771 771 771 771 772 771 771 772 772 772 771 772 772 772 771 772 771 771 771 773 771 771 771 771 772 771 771 772 772 772 772 772 773 771 772 771 772 773 771 772 771 771 771 770 771 771 771 771 772 772 772 773 772 772 770 771 771 772 771 770 769 767 766 765 763 760 758 757 757 754 753 751 750 747 745 744 742 741 739 738 737 735 734 732 731 730 728 727 725 724 723 721 720 720 716 715 713 712 710 709 707 706 704 702 702 699 700 697 695 695 693 691 690 688 686 685 685 683 681 679 677 676 675 674 672 670 668 667 664 664 663 661 660 660 657 655 654 652 651 650 648 647 646 643 643 641 639 638 637 635 634 633 631 630 629 626 625 624 622 622 620 618 617 615 614 612 611 610 608 606 605 604 604 601 600 599 596 595 593 592 592 589 588 586 585 583 583 581 580 577 576 575 573 573 572 570 569 567 565 564 563 561 560 559 557 556 554 553 552 550 549 546 546 545 544 543 541 539 538 537 535 534 532 531 528 528 526 526 525 523 522 520 519 518 517 516 515 512 511 511 510 510 508 509 509 5[Warning: Maximal number of bytes per line exceeded! Check the EOL (end-of-line) settings or increase the limit in the advanced terminal settings.]
read 0127
<CR>Time:2021/01/27 15:58
Hours Minutes Seconds  Nb_Samples    Aver. Current 
8 40 50 224 9769 
8 41 5 218 12699 
8 41 20 224 13066 
8 41 35 224 15447 
8 41 50 224 16057 
8 42 5 224 16057 
8 42 20 224 16057 
8 42 59 224 16057 
8 43 14 224 16057 
8 43 29 224 16057 
8 43 44 224 15935 
8 43 59 224 15935 
8 44 14 224 15935 
8 44 29 224 15935 
8 44 44 224 15935 
8 44 59 224 15935 
8 45 14 224 15935 
8 45 29 224 15935 
8 45 44 224 15935 
8 45 59 224 15935 
8 46 14 224 15935 
8 46 29 224 15996 
8 46 44 224 15996 
8 46 59 224 15996 
8 47 14 224 15996 
8 47 29 224 15996 
8 47 44 224 15996 
8 47 59 224 15996 
8 48 14 224 15996 
8 48 29 224 15996 
8 48 44 224 15996 
8 48 59 224 15996 
8 49 14 224 15996 
8 49 29 224 15996 
8 49 44 224 15996 
8 49 59 224 15996 
8 50 14 224 15996 
8 50 29 224 15996 
8 50 44 224 15996 
8 50 59 224 15996 
8 51 14 224 15996 
8 51 29 224 15996 
8 51 44 223 15996 
8 51 59 224 15996 
8 52 14 224 15996 
8 52 29 224 15996 
8 52 44 224 15996 
8 52 59 224 15996 
8 53 14 224 15996 
8 53 29 224 15996 
8 53 44 224 15996 
8 53 59 224 15996 
8 54 14 224 15996 
8 54 29 224 15996 
8 54 44 224 15996 
8 54 59 224 15996 
8 55 14 224 15996 
8 55 51 224 15996 
8 56 6 224 15996 
8 56 21 224 15996 
8 56 36 224 15996 
8 56 51 224 15996 
8 57 6 224 15996 
8 57 21 224 15996 
8 57 36 224 15996 
8 57 51 224 15996 
8 58 6 224 15996 
8 58 21 224 15996 
8 58 36 224 15996 
8 58 51 224 15996 
8 59 6 224 15996 
8 59 21 224 15996 
8 59 36 224 15996 
8 59 51 224 15996 
9 0 6 224 15996 
9 0 21 224 15996 
9 0 36 224 15996 
9 0 51 224 15996 
9 1 6 224 15996 
9 1 21 224 15996 
9 1 36 224 15996 
9 1 51 224 15996 
9 2 6 224 15996 
9 2 21 224 15996 
9 2 36 224 15996 
9 2 51 224 15996 
9 3 6 224 15996 
9 3 21 224 15996 
9 3 36 224 15996 
9 3 51 224 15996 
9 4 6 224 15996 
9 4 21 224 15996 
9 4 36 224 15996 
9 4 51 224 15996 
9 5 6 224 15996 
9 5 21 224 15996 
9 5 36 224 15996 
9 5 51 224 15996 
9 6 6 224 15996 
9 6 21 224 15996 
9 6 36 223 15996 
9 6 51 224 15996 
9 7 6 224 15996 
9 7 21 224 15996 
9 7 36 224 15996 
9 7 51 224 15996 
9 8 6 224 15996 
9 8 21 224 15996 
9 8 36 224 15996 
9 8 51 224 15996 
9 9 6 224 15996 
9 9 21 224 15996 
9 9 36 224 15996 
9 9 51 224 15996 
9 10 6 224 15996 
9 10 21 224 15996 
9 10 58 224 15996 
9 11 13 223 15996 
9 11 28 224 15996 
9 11 43 224 15996 
9 11 58 224 15996 
9 12 13 224 15996 
9 12 28 224 15996 
9 12 43 224 15996 
9 12 58 224 15996 
9 13 13 223 15996 
9 13 28 224 15996 
9 13 43 224 15996 
9 13 58 224 15996 
9 14 13 224 15996 
9 14 28 224 15996 
9 14 43 224 15996 
9 14 58 224 15996 
9 15 13 224 15996 
9 15 28 224 15996 
9 15 43 224 15996 
9 15 58 224 15996 
9 16 13 224 15996 
9 16 28 224 15996 
9 16 43 224 15996 
9 16 58 224 15996 
9 17 13 224 15996 
9 17 28 224 15996 
9 17 43 224 15996 
9 17 58 224 15996 
9 18 13 224 15996 
9 18 28 224 15996 
9 18 43 224 15996 
9 18 58 224 15996 
9 19 13 224 15996 
9 19 28 224 15996 
9 19 43 224 15996 
9 19 58 224 15996 
9 20 13 224 15996 
9 20 28 224 15996 
9 20 43 224 15996 
9 20 58 224 15996 
9 21 13 224 15996 
9 21 28 224 15996 
9 21 44 224 15996 
9 21 59 224 15996 
9 22 14 224 15996 
9 22 29 224 15996 
9 22 44 224 15996 
9 22 59 224 15996 
9 23 14 224 15996 
9 23 29 224 15996 
9 23 44 224 15996 
9 23 59 224 15996 
9 24 14 224 15996 
9 24 29 224 15996 
9 24 44 224 15996 
9 24 59 224 15996 
9 25 14 224 15996 
9 25 29 224 15996 
9 26 6 224 15996 
9 26 20 223 15996 
9 26 36 224 15996 
9 26 51 224 15996 
9 27 6 224 15996 
9 27 21 224 15996 
9 27 36 224 15996 
9 27 51 224 15996 
9 28 6 224 15996 
9 28 21 223 15996 
9 28 36 224 15996 
9 28 51 224 15996 
9 29 6 224 15996 
9 29 21 224 15996 
9 29 36 224 15996 
9 29 51 224 15996 
9 30 6 224 15996 
9 30 21 224 15996 
9 30 36 224 15996 
9 30 51 224 15996 
9 31 6 224 15996 
9 31 21 224 15996 
9 31 36 224 15996 
9 31 51 224 15996 
9 32 6 224 15996 
9 32 21 224 15996 
9 32 36 224 15996 
9 32 51 224 15996 
9 33 6 224 15996 
9 33 21 224 15996 
9 33 36 224 15996 
9 33 51 224 15996 
9 34 6 224 15996 
9 34 21 224 15996 
9 34 36 224 15996 
9 34 51 224 15996 
9 35 6 224 15996 
9 35 21 224 15996 
9 35 36 224 15996 
9 35 51 224 15996 
9 36 6 224 15996 
9 36 21 224 15996 
9 36 36 224 15996 
9 36 51 224 15996 
9 37 6 224 15996 
9 37 21 224 15996 
9 37 36 224 15996 
9 37 51 224 15996 
9 38 6 224 15996 
9 38 21 224 15996 
9 38 36 224 15996 
9 38 51 224 15996 
9 39 6 224 15996 
9 39 21 224 15996 
9 39 36 224 15996 
9 39 51 224 15996 
9 40 6 224 15996 
9 40 21 224 15996 
9 40 36 224 15996 
9 41 13 224 15996 
9 41 28 223 15996 
9 41 43 224 15996 
9 41 58 224 15996 
9 42 13 224 15996 
9 42 28 224 15996 
9 42 43 224 15996 
9 42 58 224 15996 
9 43 13 224 15996 
9 43 28 223 15996 
9 43 43 224 15996 
9 43 58 224 15996 
9 44 13 224 15996 
9 44 28 224 15996 
9 44 43 224 15996 
9 44 58 224 15996 
9 45 13 224 15996 
9 45 28 224 15996 
9 45 43 224 15996 
9 45 58 224 15996 
9 46 13 224 15996 
9 46 28 224 15996 
9 46 43 224 15996 
9 46 58 224 15996 
9 47 13 224 15996 
9 47 28 224 15996 
9 47 43 224 15996 
9 47 58 224 15996 
9 48 13 224 15996 
9 48 28 224 15996 
9 48 43 224 15996 
9 48 58 224 15996 
9 49 13 224 15996 
9 49 28 224 15996 
9 49 43 224 15996 
9 49 58 224 15996 
9 50 13 224 15996 
9 50 28 224 15996 
9 50 43 224 15996 
9 50 58 224 15996 
9 51 13 224 15996 
9 51 28 224 15996 
9 51 43 224 15996 
9 51 58 224 15996 
9 52 13 224 15996 
9 52 28 224 15996 
9 52 43 224 15996 
9 52 58 224 15996 
9 53 13 224 15996 
9 53 28 224 15996 
9 53 43 224 15996 
9 53 58 224 15996 
9 54 13 224 15996 
9 54 28 224 15996 
9 54 43 224 15996 
9 54 58 224 15996 
9 55 13 224 15996 
9 55 28 224 15996 
9 55 43 224 15996 
9 56 20 224 15996 
9 56 35 224 15996 
9 56 50 224 15996 
9 57 5 224 15996 
9 57 20 224 15996 
9 57 35 224 15996 
9 57 50 224 15996 
9 58 5 224 15996 
9 58 20 224 15996 
9 58 35 223 15996 
9 58 50 224 15996 
9 59 5 224 15996 
9 59 20 224 15996 
9 59 35 224 15996 
9 59 50 224 15996 
10 0 5 224 15996 
10 0 20 224 15996 
10 0 35 224 15996 
10 0 50 224 15996 
10 1 5 224 15996 
10 1 20 224 15996 
10 1 35 224 15996 
10 1 50 224 15996 
10 2 5 224 15996 
10 2 20 224 15996 
10 2 35 224 15996 
10 2 50 224 15996 
10 3 5 224 15996 
10 3 20 224 15996 
10 3 35 224 15996 
10 3 50 224 15996 
10 4 5 224 15996 
10 4 20 224 15996 
10 4 35 224 15996 
10 4 50 224 15996 
10 5 5 224 15996 
10 5 20 224 15996 
10 5 35 224 15996 
10 5 50 224 15996 
10 6 5 224 15996 
10 6 20 224 15996 
10 6 35 224 15996 
10 6 50 224 15996 
10 7 5 224 15996 
10 7 20 224 15996 
10 7 35 224 15996 
10 7 50 224 15996 
10 8 5 224 15996 
10 8 20 224 15996 
10 8 35 224 15996 
10 8 50 224 15996 
10 9 5 224 15996 
10 9 20 224 15996 
10 9 35 224 15996 
10 9 50 224 15996 
10 10 5 224 15996 
10 10 20 224 15996 
10 10 35 224 15996 
10 10 50 224 15996 
10 11 27 224 15996 
10 11 42 223 15996 
10 11 57 224 15996 
10 12 12 224 15996 
10 12 27 224 15996 
10 12 42 224 15996 
10 12 57 224 15996 
10 13 12 224 15996 
10 13 27 224 15996 
10 13 42 223 15996 
10 13 57 224 15996 
10 14 12 224 15996 
10 14 27 224 15996 
10 14 42 224 15996 
10 14 57 224 15996 
10 15 12 224 15996 
10 15 27 224 15996 
10 15 42 224 15996 
10 15 57 224 15996 
10 16 12 224 15996 
10 16 27 224 15996 
10 16 42 224 15996 
10 16 57 224 15996 
10 17 12 224 15996 
10 17 27 224 15996 
10 17 42 224 15996 
10 17 57 224 15996 
10 18 12 224 15996 
10 18 27 224 15996 
10 18 42 224 15996 
10 18 57 224 15996 
10 19 12 224 15996 
10 19 27 224 15996 
10 19 42 224 15996 
10 19 57 224 15996 
10 20 12 224 15996 
10 20 27 224 15996 
10 20 42 224 15996 
10 20 57 224 15996 
10 21 12 224 15996 
10 21 27 224 15996 
10 21 42 224 15996 
10 21 57 224 15996 
10 22 12 224 15996 
10 22 27 224 15996 
10 22 42 224 15996 
10 22 57 224 15996 
10 23 12 224 15996 
10 23 27 224 15996 
10 23 42 224 15996 
10 23 57 224 15996 
10 24 12 224 15996 
10 24 27 224 15996 
10 24 42 224 15996 
10 24 57 224 15996 
10 25 12 224 15996 
10 25 27 224 15996 
10 25 42 224 15996 
10 25 57 224 15996 
10 26 34 224 15996 
10 26 49 223 15996 
10 27 4 224 15996 
10 27 19 224 15996 
10 27 34 224 15996 
10 27 49 224 15996 
10 28 4 224 15996 
10 28 19 224 15996 
10 28 34 224 15996 
10 28 49 223 15996 
10 29 4 224 15996 
10 29 19 224 15996 
10 29 34 224 15996 
10 29 49 224 15996 
10 30 4 224 15996 
10 30 19 224 15996 
10 30 34 224 15996 
10 30 49 224 15996 
10 31 4 224 15996 
10 31 19 224 15996 
10 31 34 224 15996 
10 31 49 224 15996 
10 32 4 224 15996 
10 32 19 224 15996 
10 32 34 224 15996 
10 32 49 224 15996 
10 33 4 224 15996 
10 33 19 224 15996 
10 33 34 224 15996 
10 33 49 224 15996 
10 34 4 224 15996 
10 34 19 224 15996 
10 34 34 224 15996 
10 34 49 224 15996 
10 35 4 224 15996 
10 35 19 224 15996 
10 35 34 224 15996 
10 35 49 224 15996 
10 36 4 224 15996 
10 36 19 224 15996 
10 36 34 224 15996 
10 36 49 224 15996 
10 37 4 224 15996 
10 37 19 224 15996 
10 37 34 224 15996 
10 37 49 224 15996 
10 38 4 224 15996 
10 38 19 224 15996 
10 38 34 224 15996 
10 38 49 224 15996 
10 39 4 224 15996 
10 39 19 224 15996 
10 39 34 224 15996 
10 39 49 224 15996 
10 40 4 224 15996 
10 40 19 224 15996 
10 40 34 224 15996 
10 40 49 224 15996 
10 41 4 224 15996 
10 41 41 224 15996 
10 41 56 224 15996 
10 42 11 224 15996 
10 42 26 224 15996 
10 42 41 224 15996 
10 42 56 224 15996 
10 43 11 224 15996 
10 43 26 224 15996 
10 43 41 224 15996 
10 43 56 223 15996 
10 44 11 224 15996 
10 44 26 224 15996 
10 44 41 224 15996 
10 44 56 224 15996 
10 45 11 224 15996 
10 45 26 224 15996 
10 45 41 224 15996 
10 45 56 224 15996 
10 46 11 224 15996 
10 46 26 224 15996 
10 46 41 224 15996 
10 46 56 224 15996 
10 47 11 224 15996 
10 47 26 224 15996 
10 47 41 224 15996 
10 47 56 224 15996 
10 48 11 224 15996 
10 48 26 224 15996 
10 48 41 224 15996 
10 48 56 224 15996 
10 49 11 224 15996 
10 49 26 224 15996 
10 49 41 224 15996 
10 49 56 224 15996 
10 50 11 224 15996 
10 50 26 224 15996 
10 50 41 224 15996 
10 50 56 224 15996 
10 51 11 224 15996 
10 51 26 224 15996 
10 51 41 224 15996 
10 51 56 224 15996 
10 52 11 224 15996 
10 52 26 224 15996 
10 52 41 224 15996 
10 52 56 224 15996 
10 53 11 224 15996 
10 53 26 224 15996 
10 53 41 224 15996 
10 53 56 224 15996 
10 54 11 224 15996 
10 54 26 224 15996 
10 54 41 224 15996 
10 54 56 224 15996 
10 55 11 224 15996 
10 55 26 224 15996 
10 55 41 224 15996 
10 55 56 224 15996 
10 56 11 224 15996 
10 56 48 224 15996 
10 57 3 223 15996 
10 57 18 224 15996 
10 57 33 224 15996 
10 57 48 224 15996 
10 58 3 224 15996 
10 58 18 224 15996 
10 58 33 224 15996 
10 58 48 224 15996 
10 59 3 223 15996 
10 59 18 224 15996 
10 59 33 224 15996 
10 59 48 224 15996 
11 0 3 224 15996 
11 0 18 224 15996 
11 0 33 224 15996 
11 0 48 224 15996 
11 1 3 224 15996 
11 1 18 224 15996 
11 1 33 224 15996 
11 1 48 224 15996 
11 2 3 224 15996 
11 2 18 224 15996 
11 2 33 224 15996 
11 2 48 224 15996 
11 3 3 224 15996 
11 3 18 224 15996 
11 3 33 224 15996 
11 3 48 224 15996 
11 4 3 224 15996 
11 4 18 224 15996 
11 4 33 224 15996 
11 4 48 224 15996 
11 5 3 224 15996 
11 5 18 224 15996 
11 5 33 224 15996 
11 5 48 224 15996 
11 6 3 224 15996 
11 6 18 224 15996 
11 6 33 224 15996 
11 6 48 224 15996 
11 7 3 224 15996 
11 7 18 224 15996 
11 7 33 224 15996 
11 7 48 224 15996 
11 8 3 224 15996 
11 8 18 224 15996 
11 8 33 224 15996 
11 8 48 224 15996 
11 9 3 224 15996 
11 9 18 224 15996 
11 9 33 224 15996 
11 9 48 224 15996 
11 10 3 224 15996 
11 10 18 224 15996 
11 10 33 224 15996 
11 10 48 224 15996 
11 11 3 224 15996 
11 11 18 224 15996 
11 11 55 224 15996 
11 12 10 223 15996 
11 12 25 224 15996 
11 12 40 224 15996 
11 12 55 224 15996 
11 13 10 224 15996 
11 13 25 224 15996 
11 13 40 224 15996 
11 13 55 224 15996 
11 14 10 223 15996 
11 14 25 224 15996 
11 14 40 224 15996 
11 14 55 224 15996 
11 15 10 224 15996 
11 15 25 224 15996 
11 15 40 224 15996 
11 15 55 224 15996 
11 16 10 224 15996 
11 16 25 224 15996 
11 16 40 224 15996 
11 16 55 224 15996 
11 17 10 224 15996 
11 17 25 224 15996 
11 17 40 224 15996 
11 17 55 224 15996 
11 18 10 224 15996 
11 18 25 224 15996 
11 18 40 224 15996 
11 18 55 224 15996 
11 19 10 224 15996 
11 19 25 224 15996 
11 19 40 224 15996 
11 19 55 224 15996 
11 20 10 224 15996 
11 20 25 224 15996 
11 20 40 224 15996 
11 20 55 224 15996 
11 21 10 224 15996 
11 21 25 224 15996 
11 21 40 224 15996 
11 21 55 224 15996 
11 22 10 224 15996 
11 22 25 224 15996 
11 22 40 224 15996 
11 22 55 224 15996 
11 23 10 224 15996 
11 23 25 224 15996 
11 23 40 224 15996 
11 23 55 224 15996 
11 24 10 224 15996 
11 24 25 224 15996 
11 24 40 224 15996 
11 24 55 224 15996 
11 25 10 224 15996 
11 25 25 224 15996 
11 25 40 224 15996 
11 25 55 224 15996 
11 26 10 224 15996 
11 26 25 224 15996 
11 27 2 224 15996 
11 27 17 223 15996 
11 27 32 224 15996 
11 27 47 224 15996 
11 28 2 224 15996 
11 28 17 224 15996 
11 28 32 224 15996 
11 28 47 224 15996 
11 29 2 224 15996 
11 29 17 223 15996 
11 29 32 224 15996 
11 29 47 224 15996 
11 30 2 224 15996 
11 30 17 224 15996 
11 30 32 224 15996 
11 30 47 224 15996 
11 31 2 224 15996 
11 31 17 224 15996 
11 31 32 224 15996 
11 31 47 224 15996 
11 32 2 224 15996 
11 32 17 224 15996 
11 32 32 224 15996 
11 32 47 224 15996 
11 33 2 224 15996 
11 33 17 224 15996 
11 33 32 224 15996 
11 33 47 224 15996 
11 34 2 224 15996 
11 34 17 224 15996 
11 34 32 224 15996 
11 34 47 224 15996 
11 35 2 224 15996 
11 35 17 224 15996 
11 35 32 224 15996 
11 35 47 224 15996 
11 36 2 224 15996 
11 36 17 224 15996 
11 36 32 224 15996 
11 36 47 224 15996 
11 37 2 224 15996 
11 37 17 224 15996 
11 37 32 224 15996 
11 37 47 224 15996 
11 38 2 224 15996 
11 38 17 224 15996 
11 38 32 224 15996 
11 38 47 224 15996 
11 39 2 224 15996 
11 39 17 224 15996 
11 39 32 224 15996 
11 39 47 224 15996 
11 40 2 224 15996 
11 40 17 224 15996 
11 40 32 224 15996 
11 40 47 224 15996 
11 41 2 224 15996 
11 41 17 224 15996 
11 41 32 224 15996 
11 42 9 224 15996 
11 42 24 223 15996 
11 42 39 224 15996 
11 42 54 224 15996 
11 43 9 224 15996 
11 43 24 224 15996 
11 43 39 224 15996 
11 43 54 224 15996 
11 44 9 224 15996 
11 44 24 223 15996 
11 44 39 224 15996 
11 44 54 224 15996 
11 45 9 224 15996 
11 45 24 224 15996 
11 45 39 224 15996 
11 45 54 224 15996 
11 46 9 224 15996 
11 46 24 224 15996 
11 46 39 224 15996 
11 46 54 224 15996 
11 47 9 224 15996 
11 47 24 224 15996 
11 47 39 224 15996 
11 47 54 224 15996 
11 48 9 224 15996 
11 48 24 224 15996 
11 48 39 224 15996 
11 48 54 224 15996 
11 49 9 224 15996 
11 49 24 224 15996 
11 49 39 224 15996 
11 49 54 224 15996 
11 50 9 224 15996 
11 50 24 224 15996 
11 50 39 224 15996 
11 50 54 224 15996 
11 51 9 224 15996 
11 51 24 224 15996 
11 51 39 224 15996 
11 51 54 224 15996 
11 52 9 224 15996 
11 52 24 224 15996 
11 52 39 224 15996 
11 52 54 224 15996 
11 53 9 224 15996 
11 53 24 224 15996 
11 53 39 224 15996 
11 53 54 224 15996 
11 54 9 224 15996 
11 54 24 224 15996 
11 54 39 224 15996 
11 54 54 224 15996 
11 55 9 224 15996 
11 55 24 224 15996 
11 55 39 224 15996 
11 55 54 224 15996 
11 56 9 224 15996 
11 56 24 224 15996 
11 56 39 224 15996 
11 57 16 224 15996 
11 57 31 223 15996 
11 57 46 224 15996 
11 58 1 224 15996 
11 58 16 224 15996 
11 58 31 224 15996 
11 58 46 224 15996 
11 59 1 224 15996 
11 59 16 224 15996 
11 59 31 223 15996 
11 59 46 224 15996 
12 0 1 224 15996 
12 0 16 224 15996 
12 0 31 224 15996 
12 0 46 224 15996 
12 1 1 224 15996 
12 1 16 224 15996 
12 1 31 224 15996 
12 1 46 224 15996 
12 2 1 224 15996 
12 2 16 224 15996 
12 2 31 224 15996 
12 2 46 224 15996 
12 3 1 224 15996 
12 3 16 224 15996 
12 3 31 224 15996 
12 3 46 224 15996 
12 4 1 224 15996 
12 4 16 224 15996 
12 4 31 224 15996 
12 4 46 224 15996 
12 5 1 224 15996 
12 5 16 224 15996 
12 5 31 224 15996 
12 5 46 224 15996 
12 6 1 224 15996 
12 6 16 224 15996 
12 6 31 224 15996 
12 6 46 224 15996 
12 7 1 224 15996 
12 7 16 224 15996 
12 7 31 224 15996 
12 7 46 224 15996 
12 8 1 224 15996 
12 8 16 224 15996 
12 8 31 224 15996 
12 8 46 224 15996 
12 9 1 224 15996 
12 9 16 224 15996 
12 9 31 224 15996 
12 9 46 224 15996 
12 10 1 224 15996 
12 10 16 224 15996 
12 10 31 224 15996 
12 10 46 224 15996 
12 11 1 224 15996 
12 11 16 224 15996 
12 11 31 224 15996 
12 11 46 224 15996 
12 12 23 224 15996 
12 12 38 223 15996 
12 12 53 224 15996 
12 13 8 224 15996 
12 13 23 224 15996 
12 13 38 224 15996 
12 13 53 224 15996 
12 14 8 224 15996 
12 14 23 224 15996 
12 14 38 223 15996 
12 14 53 224 15996 
12 15 8 224 15996 
12 15 23 224 15996 
12 15 38 224 15996 
12 15 53 224 15996 
12 16 8 224 15996 
12 16 23 224 15996 
12 16 38 224 15996 
12 16 53 224 15996 
12 17 8 224 15996 
12 17 23 224 15996 
12 17 38 224 15996 
12 17 53 224 15996 
12 18 8 224 15996 
12 18 23 224 15996 
12 18 38 224 15996 
12 18 53 224 15996 
12 19 8 224 15996 
12 19 23 224 15996 
12 19 38 224 15996 
12 19 53 224 15996 
12 20 8 224 15996 
12 20 23 224 15996 
12 20 38 224 15996 
12 20 53 224 15996 
12 21 8 224 15996 
12 21 23 224 15996 
12 21 38 224 15996 
12 21 53 224 15996 
12 22 8 224 15996 
12 22 23 224 15996 
12 22 38 224 15996 
12 22 53 224 15996 
12 23 8 224 15996 
12 23 23 224 15996 
12 23 38 224 15996 
12 23 53 224 15996 
12 24 8 224 15996 
12 24 23 224 15996 
12 24 38 224 15996 
12 24 53 224 15996 
12 25 8 224 15996 
12 25 23 224 15996 
12 25 38 224 15996 
12 25 53 224 15996 
12 26 8 224 15996 
12 26 23 224 15996 
12 26 38 224 15996 
12 26 53 224 15996 
12 27 30 224 15996 
12 27 45 223 15996 
12 28 0 224 15996 
12 28 15 224 15996 
12 28 30 224 15996 
12 28 45 224 15996 
12 29 0 224 15996 
12 29 15 224 15996 
12 29 30 224 15996 
12 29 45 224 15996 
12 30 0 224 15996 
12 30 15 224 15996 
12 30 30 224 15996 
12 30 45 224 15996 
12 31 0 224 15996 
12 31 15 224 15996 
12 31 30 224 15996 
12 31 45 224 15996 
12 32 0 224 15996 
12 32 15 224 15996 
12 32 30 224 15996 
12 32 45 224 15996 
12 33 0 224 15996 
12 33 15 224 15996 
12 33 30 224 15996 
12 33 45 224 15996 
12 34 0 224 15996 
12 34 15 224 15996 
12 34 30 224 15996 
12 34 45 224 15996 
12 35 0 224 15996 
12 35 15 224 15996 
12 35 30 224 15996 
12 35 45 224 15996 
12 36 0 224 15996 
12 36 15 224 15996 
12 36 30 224 15996 
12 36 45 224 15996 
12 37 0 224 15996 
12 37 15 224 15996 
12 37 30 224 15996 
12 37 45 224 15996 
12 38 0 224 15996 
12 38 15 224 15996 
12 38 30 224 15996 
12 38 45 224 15996 
12 39 0 224 15996 
12 39 15 224 15996 
12 39 30 224 15996 
12 39 45 224 15996 
12 40 0 224 15996 
12 40 15 224 15996 
12 40 30 224 15996 
12 40 45 224 15996 
12 41 0 224 15996 
12 41 15 224 15996 
12 41 30 224 15996 
12 41 45 224 15996 
12 42 0 224 15996 
12 42 37 224 15996 
12 42 52 223 15996 
12 43 7 224 15996 
12 43 22 224 15996 
12 43 37 224 15996 
12 43 52 224 15996 
12 44 7 224 15996 
12 44 22 224 15996 
12 44 37 224 15996 
12 44 52 223 15996 
12 45 7 224 15996 
12 45 22 224 15996 
12 45 37 224 15996 
12 45 52 224 15996 
12 46 7 224 15996 
12 46 22 224 15996 
12 46 37 224 15996 
12 46 52 224 15996 
12 47 7 224 15996 
12 47 22 224 15996 
12 47 37 224 15996 
12 47 52 224 15996 
12 48 7 224 15996 
12 48 22 224 15996 
12 48 37 224 15996 
12 48 52 224 15996 
12 49 7 224 15996 
12 49 22 224 15996 
12 49 37 224 15996 
12 49 52 224 15996 
12 50 7 224 15996 
12 50 22 224 15996 
12 50 37 224 15996 
12 50 52 224 15996 
12 51 7 224 15996 
12 51 22 224 15996 
12 51 37 224 15996 
12 51 52 224 15996 
12 52 7 224 15996 
12 52 22 224 15996 
12 52 37 224 15996 
12 52 52 224 15996 
12 53 7 224 15996 
12 53 22 224 15996 
12 53 37 224 15996 
12 53 52 224 15996 
12 54 7 224 15996 
12 54 22 224 15996 
12 54 37 224 15996 
12 54 52 224 15996 
12 55 7 224 15996 
12 55 22 224 15996 
12 55 37 224 15996 
12 55 52 224 15996 
12 56 7 224 15996 
12 56 22 224 15996 
12 56 37 224 15996 
12 56 52 224 15996 
12 57 7 224 15996 
12 57 44 224 15996 
12 57 59 224 15996 
12 58 14 224 15996 
12 58 29 224 15996 
12 58 44 224 15996 
12 58 59 224 15996 
12 59 14 224 15996 
12 59 29 224 15996 
12 59 44 224 15996 
12 59 59 223 15996 
13 0 14 224 15996 
13 0 29 224 15996 
13 0 44 224 15996 
13 0 59 224 15996 
13 1 14 224 15996 
13 1 29 224 15996 
13 1 44 224 15996 
13 1 59 224 15996 
13 2 14 224 15996 
13 2 29 224 15996 
13 2 44 224 15996 
13 2 59 224 15996 
13 3 14 224 15996 
13 3 29 224 15996 
13 3 44 224 15996 
13 3 59 224 15996 
13 4 14 224 15996 
13 4 29 224 15996 
13 4 44 224 15996 
13 4 59 224 15996 
13 5 14 224 15996 
13 5 29 224 15996 
13 5 44 224 15996 
13 5 59 224 15996 
13 6 14 224 15996 
13 6 29 224 15996 
13 6 44 224 15996 
13 6 59 224 15996 
13 7 14 224 15996 
13 7 29 224 15996 
13 7 44 224 15996 
13 7 59 224 15996 
13 8 14 224 15996 
13 8 29 224 15996 
13 8 44 224 15996 
13 8 59 224 15996 
13 9 14 224 15996 
13 9 29 224 15996 
13 9 44 224 15996 
13 9 59 224 15996 
13 10 14 224 15996 
13 10 29 224 15996 
13 10 44 224 15996 
13 10 59 224 15996 
13 11 14 224 15996 
13 11 29 224 15996 
13 11 44 224 15996 
13 11 59 224 15996 
13 12 14 224 15996 
13 12 51 224 15996 
13 13 6 224 15996 
13 13 21 224 15996 
13 13 36 224 15996 
13 13 51 224 15996 
13 14 6 224 15996 
13 14 21 224 15996 
13 14 36 224 15996 
13 14 51 224 15996 
13 15 6 223 15996 
13 15 21 224 15996 
13 15 36 224 15996 
13 15 51 224 15996 
13 16 6 224 15996 
13 16 21 224 15996 
13 16 36 224 15996 
13 16 51 224 15996 
13 17 6 224 15996 
13 17 21 224 15996 
13 17 36 224 15996 
13 17 51 224 15996 
13 18 6 224 15996 
13 18 21 224 15996 
13 18 37 224 15996 
13 18 52 224 15996 
13 19 7 224 15996 
13 19 22 224 15996 
13 19 37 224 15996 
13 19 52 224 15996 
13 20 7 224 15996 
13 20 22 224 15996 
13 20 37 224 15996 
13 20 52 224 15996 
13 21 7 224 15996 
13 21 22 224 15996 
13 21 37 224 15996 
13 21 52 224 15996 
13 22 7 224 15996 
13 22 22 224 15996 
13 22 37 224 15996 
13 22 52 224 15996 
13 23 7 224 15996 
13 23 22 224 15996 
13 23 37 224 15996 
13 23 52 224 15996 
13 24 7 224 15996 
13 24 22 224 15996 
13 24 37 224 15996 
13 24 52 224 15996 
13 25 7 224 15996 
13 25 22 224 15996 
13 25 37 224 15996 
13 25 52 224 15996 
13 26 7 224 15996 
13 26 22 224 15996 
13 26 37 224 15996 
13 26 52 224 15996 
13 27 7 224 15996 
13 27 22 224 15996 
13 27 59 224 15996 
13 28 14 223 15996 
13 28 29 224 15996 
13 28 44 224 15996 
13 28 59 224 15996 
13 29 14 224 15996 
13 29 29 224 15996 
13 29 44 224 15996 
13 29 59 224 15996 
13 30 14 223 15996 
13 30 29 224 15996 
13 30 44 224 15996 
13 30 59 224 15996 
13 31 14 224 15996 
13 31 29 224 15996 
13 31 44 224 15996 
13 31 59 224 15996 
13 32 14 224 15996 
13 32 29 224 15996 
13 32 44 224 15996 
13 32 59 224 15996 
13 33 14 224 15996 
13 33 29 224 15996 
13 33 44 224 15996 
13 33 59 224 15996 
13 34 14 224 15996 
13 34 29 224 15996 
13 34 44 224 15996 
13 34 59 224 15996 
13 35 14 224 15996 
13 35 29 224 15996 
13 35 44 224 15996 
13 35 59 224 15996 
13 36 14 224 15996 
13 36 29 224 15996 
13 36 44 224 15996 
13 36 59 224 15996 
13 37 14 224 15996 
13 37 29 224 15996 
13 37 44 224 15996 
13 37 59 224 15996 
13 38 14 224 15996 
13 38 29 224 15996 
13 38 44 224 15996 
13 38 59 224 15996 
13 39 14 224 15996 
13 39 29 224 15996 
13 39 44 224 15996 
13 39 59 224 15996 
13 40 14 224 15996 
13 40 29 224 15996 
13 40 44 224 15996 
13 40 59 224 15996 
13 41 14 224 15996 
13 41 29 224 15996 
13 41 44 224 15996 
13 41 59 224 15996 
13 42 14 224 15996 
13 42 29 224 15996 
13 43 6 224 15996 
13 43 21 223 15996 
13 43 36 224 15996 
13 43 51 224 15996 
13 44 6 224 15996 
13 44 21 224 15996 
13 44 36 224 15996 
13 44 51 224 15996 
13 45 6 224 15996 
13 45 21 223 15996 
13 45 36 224 15996 
13 45 51 224 15996 
13 46 6 224 15996 
13 46 21 224 15996 
13 46 36 224 15996 
13 46 51 224 15996 
13 47 6 224 15996 
13 47 21 224 15996 
13 47 36 224 15996 
13 47 51 224 15996 
13 48 6 224 15996 
13 48 21 224 15996 
13 48 36 224 15996 
13 48 51 224 15996 
13 49 6 224 15996 
13 49 21 224 15996 
13 49 36 224 15996 
13 49 51 224 15996 
13 50 6 224 15996 
13 50 21 224 15996 
13 50 36 224 15996 
13 50 51 224 15996 
13 51 6 224 15996 
13 51 21 224 15996 
13 51 36 224 15996 
13 51 51 224 15996 
13 52 6 224 15996 
13 52 21 224 15996 
13 52 36 224 15996 
13 52 51 224 15996 
13 53 6 224 15996 
13 53 21 224 15996 
13 53 36 224 15996 
13 53 51 224 15996 
13 54 6 224 15996 
13 54 21 224 15996 
13 54 36 224 15996 
13 54 51 224 15996 
13 55 6 224 15996 
13 55 21 224 15996 
13 55 36 224 15996 
13 55 51 224 15996 
13 56 6 224 15996 
13 56 21 224 15996 
13 56 36 224 15996 
13 56 51 224 15996 
13 57 6 224 15996 
13 57 21 224 15996 
13 57 36 224 15996 
13 58 13 224 15996 
13 58 28 224 15996 
13 58 43 224 15996 
13 58 58 224 15996 
13 59 13 224 15996 
13 59 28 224 15996 
13 59 43 224 15996 
13 59 58 224 15996 
14 0 13 224 15996 
14 0 28 223 15996 
14 0 43 224 15996 
14 0 58 224 15996 
14 1 13 224 15996 
14 1 28 224 15996 
14 1 43 224 15996 
14 1 58 224 15996 
14 2 13 224 15996 
14 2 28 224 15996 
14 2 43 224 15996 
14 2 58 224 15996 
14 3 13 224 15996 
14 3 28 224 15996 
14 3 43 224 15996 
14 3 58 224 15996 
14 4 13 224 15996 
14 4 28 224 15996 
14 4 43 224 15996 
14 4 58 224 15996 
14 5 13 224 15996 
14 5 28 224 15996 
14 5 43 224 15996 
14 5 58 224 15996 
14 6 13 224 15996 
14 6 28 224 15996 
14 6 43 224 15996 
14 6 58 224 15996 
14 7 13 224 15996 
14 7 28 224 15996 
14 7 43 224 15996 
14 7 58 224 15996 
14 8 13 224 15996 
14 8 28 224 15996 
14 8 43 224 15996 
14 8 58 224 15996 
14 9 13 224 15996 
14 9 28 224 15996 
14 9 43 224 15996 
14 9 58 224 15996 
14 10 13 224 15996 
14 10 28 224 15996 
14 10 43 224 15996 
14 10 58 224 15996 
14 11 13 224 15996 
14 11 28 224 15996 
14 11 43 224 15996 
14 11 58 224 15996 
14 12 13 224 15996 
14 12 28 224 15996 
14 12 43 224 15996 
14 13 20 224 15996 
14 13 35 223 15996 
14 13 50 224 15996 
14 14 5 224 15996 
14 14 20 224 15996 
14 14 35 224 15996 
14 14 50 224 15996 
14 15 5 224 15996 
14 15 20 224 15996 
14 15 35 223 15996 
14 15 50 224 15996 
14 16 5 224 15996 
14 16 20 224 15996 
14 16 35 224 15996 
14 16 50 224 15996 
14 17 5 224 15996 
14 17 20 224 15996 
14 17 35 224 15996 
14 17 50 224 15996 
14 18 5 224 15996 
14 18 20 224 15996 
14 18 35 224 15996 
14 18 50 224 15996 
14 19 5 224 15996 
14 19 20 224 15996 
14 19 35 224 15996 
14 19 50 224 15996 
14 20 5 224 15996 
14 20 20 224 15996 
14 20 35 224 15996 
14 20 50 224 15996 
14 21 5 224 15996 
14 21 20 224 15996 
14 21 35 224 15996 
14 21 50 224 15996 
14 22 5 224 15996 
14 22 20 224 15996 
14 22 35 224 15996 
14 22 50 224 15996 
14 23 5 224 15996 
14 23 20 224 15996 
14 23 35 224 15996 
14 23 50 224 15996 
14 24 5 224 15996 
14 24 20 224 15996 
14 24 35 224 15996 
14 24 50 224 15996 
14 25 5 224 15996 
14 25 20 224 15996 
14 25 35 224 15996 
14 25 50 224 15996 
14 26 5 224 15996 
14 26 20 224 15996 
14 26 35 224 15996 
14 26 50 224 15996 
14 27 5 224 15996 
14 27 20 224 15996 
14 27 35 224 15996 
14 27 50 224 15996 
14 28 27 224 15996 
14 28 42 224 15996 
14 28 57 224 15996 
14 29 12 224 15996 
14 29 27 224 15996 
14 29 42 224 15996 
14 29 57 224 15996 
14 30 12 224 15996 
14 30 27 224 15996 
14 30 42 223 15996 
14 30 57 224 15996 
14 31 12 224 15996 
14 31 27 224 15996 
14 31 42 224 15996 
14 31 57 224 15996 
14 32 12 224 15996 
14 32 27 224 15996 
14 32 42 224 15996 
14 32 57 224 15996 
14 33 12 224 15996 
14 33 27 224 15996 
14 33 42 224 15996 
14 33 57 224 15996 
14 34 12 224 15996 
14 34 27 224 15996 
14 34 42 224 15996 
14 34 57 224 15996 
14 35 12 224 15996 
14 35 27 224 15996 
14 35 42 224 15996 
14 35 57 224 15996 
14 36 12 224 15996 
14 36 27 224 15996 
14 36 42 224 15996 
14 36 57 224 15996 
14 37 12 224 15996 
14 37 27 224 15996 
14 37 42 224 15996 
14 37 57 224 15996 
14 38 12 224 15996 
14 38 27 224 15996 
14 38 42 224 15996 
14 38 57 224 15996 
14 39 12 224 15996 
14 39 27 224 15996 
14 39 42 224 15996 
14 39 57 224 15996 
14 40 12 224 15996 
14 40 27 224 15996 
14 40 42 224 15996 
14 40 57 224 15996 
14 41 12 224 15996 
14 41 27 224 15996 
14 41 42 224 15996 
14 41 57 224 15996 
14 42 12 224 15996 
14 42 27 224 15996 
14 42 42 224 15996 
14 42 57 224 15996 
14 43 34 224 15996 
14 43 49 223 15996 
14 44 4 224 15996 
14 44 19 224 15996 
14 44 34 224 15996 
14 44 49 224 15996 
14 45 4 224 15996 
14 45 19 224 15996 
14 45 34 224 15996 
14 45 49 223 15996 
14 46 4 224 15996 
14 46 19 224 15996 
14 46 34 224 15996 
14 46 49 224 15996 
14 47 4 224 15996 
14 47 19 224 15996 
14 47 34 224 15996 
14 47 49 224 15996 
14 48 4 224 15996 
14 48 19 224 15996 
14 48 34 224 15996 
14 48 49 224 15996 
14 49 4 224 15996 
14 49 19 224 15996 
14 49 34 224 15996 
14 49 49 224 15996 
14 50 4 224 15996 
14 50 19 224 15996 
14 50 34 224 15996 
14 50 49 224 15996 
14 51 4 224 15996 
14 51 19 224 15996 
14 51 34 224 15996 
14 51 49 224 15996 
14 52 4 224 15996 
14 52 19 224 15996 
14 52 34 224 15996 
14 52 49 224 15996 
14 53 4 224 15996 
14 53 19 224 15996 
14 53 34 224 15996 
14 53 49 224 15996 
14 54 4 224 15996 
14 54 19 224 15996 
14 54 34 224 15996 
14 54 49 224 15996 
14 55 4 224 15996 
14 55 19 224 15996 
14 55 34 224 15996 
14 55 49 224 15996 
14 56 4 224 15996 
14 56 19 224 15996 
14 56 34 224 15996 
14 56 49 224 15996 
14 57 4 224 15996 
14 57 19 224 15996 
14 57 34 224 15996 
14 57 49 224 15996 
14 58 4 224 15996 
14 58 41 224 15996 
14 58 56 224 15996 
14 59 11 224 15996 
14 59 26 224 15996 
14 59 41 224 15996 
14 59 56 224 15996 
15 0 11 224 15996 
15 0 26 224 15996 
15 0 41 224 15996 
15 0 56 223 15996 
15 1 11 224 15996 
15 1 26 224 15996 
15 1 41 224 15996 
15 1 56 224 15996 
15 2 11 224 15996 
15 2 26 224 15996 
15 2 41 224 15996 
15 2 56 224 15996 
15 3 11 224 15996 
15 3 26 224 15996 
15 3 41 224 15996 
15 3 56 224 15996 
15 4 11 224 15996 
15 4 26 224 15996 
15 4 41 224 15996 
15 4 56 224 15996 
15 5 11 224 15996 
15 5 26 224 15996 
15 5 41 224 15996 
15 5 56 224 15996 
15 6 11 224 15996 
15 6 26 224 15996 
15 6 41 224 15996 
15 6 56 224 15996 
15 7 11 224 15996 
15 7 26 224 15996 
15 7 41 224 15996 
15 7 56 224 15996 
15 8 11 224 15996 
15 8 26 224 15996 
15 8 41 224 15996 
15 8 56 224 15996 
15 9 11 224 15996 
15 9 26 224 15996 
15 9 41 224 15996 
15 9 56 224 15996 
15 10 11 224 15996 
15 10 26 224 15996 
15 10 41 224 15996 
15 10 56 224 15996 
15 11 11 224 15996 
15 11 26 224 15996 
15 11 41 224 15996 
15 11 56 224 15996 
15 12 11 224 15996 
15 12 26 224 15996 
15 12 41 224 15996 
15 12 56 224 15996 
15 13 11 224 15996 
15 13 48 224 15996 
15 14 3 223 15996 
15 14 18 224 15996 
15 14 33 224 15996 
15 14 48 224 15996 
15 15 3 224 15996 
15 15 18 224 15996 
15 15 33 224 15996 
15 15 48 224 15996 
15 16 3 223 15996 
15 16 18 224 15996 
15 16 33 224 15996 
15 16 48 224 15996 
15 17 3 224 15996 
15 17 18 224 15996 
15 17 33 224 15996 
15 17 48 224 15996 
15 18 3 224 15996 
15 18 18 224 15996 
15 18 33 224 15996 
15 18 48 224 15996 
15 19 3 224 15996 
15 19 18 224 15996 
15 19 33 224 15996 
15 19 48 224 15996 
15 20 3 224 15996 
15 20 18 224 15996 
15 20 33 224 15996 
15 20 48 224 15996 
15 21 3 224 15996 
15 21 18 224 15996 
15 21 33 224 15996 
15 21 48 224 15996 
15 22 3 224 15996 
15 22 18 224 15996 
15 22 33 224 15996 
15 22 48 224 15996 
15 23 3 224 15996 
15 23 18 224 15996 
15 23 33 224 15996 
15 23 48 224 15996 
15 24 3 224 15996 
15 24 18 224 15996 
15 24 33 224 15996 
15 24 48 224 15996 
15 25 3 224 15996 
15 25 18 224 15996 
15 25 33 224 15996 
15 25 48 224 15996 
15 26 3 224 15996 
15 26 18 224 15996 
15 26 33 224 15996 
15 26 48 224 15996 
15 27 3 224 15996 
15 27 18 224 15996 
15 27 33 224 15996 
15 27 48 224 15996 
15 28 3 224 15996 
15 28 18 224 15996 
15 28 55 224 15996 
15 29 10 224 15996 
15 29 25 224 15996 
15 29 40 224 15996 
15 29 55 224 15996 
15 30 10 224 15996 
15 30 25 224 15996 
15 30 40 224 15996 
15 30 55 224 15996 
15 31 10 223 15996 
15 31 25 224 15996 
15 31 40 224 15996 
15 31 55 224 15996 
15 32 10 224 15996 
15 32 25 224 15996 
15 32 40 224 15996 
15 32 55 224 15996 
15 33 10 224 15996 
15 33 25 224 15996 
15 33 40 224 15996 
15 33 55 224 15996 
15 34 10 224 15996 
15 34 25 224 15996 
15 34 40 224 15996 
15 34 55 224 15996 
15 35 10 224 15996 
15 35 25 224 15996 
15 35 40 224 15996 
15 35 55 224 15996 
15 36 10 224 15996 
15 36 25 224 15996 
15 36 40 224 15996 
15 36 55 224 15996 
15 37 10 224 15996 
15 37 25 224 15996 
15 37 40 224 15996 
15 37 55 224 15996 
15 38 10 224 15996 
15 38 25 224 15996 
15 38 40 224 15996 
15 38 55 224 15996 
15 39 10 224 15996 
15 39 25 224 15996 
15 39 40 224 15996 
15 39 55 224 15996 
15 40 10 224 15996 
15 40 25 224 15996 
15 40 40 224 15996 
15 40 55 224 15996 
15 41 10 224 15996 
15 41 25 224 15996 
15 41 40 224 15996 
15 41 55 224 15996 
15 42 10 224 15996 
15 42 25 224 15996 
15 42 40 224 15996 
15 42 55 224 15996 
15 43 10 224 15996 
15 43 25 224 15996 
15 44 2 224 15996 
15 44 17 223 15996 
15 44 32 224 15996 
15 44 47 224 15996 
15 45 2 224 15996 
15 45 17 224 15996 
15 45 32 224 15996 
15 45 47 224 15996 
15 46 2 224 15996 
15 46 17 223 15996 
15 46 32 224 15996 
15 46 47 224 15996 
15 47 2 224 15996 
15 47 17 224 15996 
15 47 32 224 15996 
15 47 47 224 15996 
15 48 2 224 15996 
15 48 17 224 15996 
15 48 32 224 15996 
15 48 47 224 15996 
15 49 2 224 15996 
15 49 17 224 15996 
15 49 32 224 15996 
15 49 47 224 15996 
15 50 2 224 15996 
15 50 17 224 15996 
15 50 32 224 15996 
15 50 47 224 15996 
15 51 2 224 15996 
15 51 17 224 15996 
15 51 32 224 15996 
15 51 47 224 15996 
15 52 2 224 15996 
15 52 17 224 15996 
15 52 32 224 15996 
15 52 47 224 15996 
15 53 2 224 15996 
15 53 17 224 15996 
15 53 32 224 15996 
15 53 47 224 15996 
15 54 2 224 15996 
15 54 17 224 15996 
15 54 32 224 15996 
15 54 47 224 15996 
15 55 2 224 15996 
15 55 17 224 15996 
15 55 32 224 15996 
15 55 47 224 15996 
15 56 2 224 15996 
15 56 17 224 15996 
15 56 32 224 15996 
15 56 47 224 15996 
15 57 2 224 15996 
15 57 17 224 15996 
15 57 32 224 15996 
15 57 47 224 15996 
15 58 2 224 15996 
15 58 17 224 15996 
15 58 32 224 15996 
15 59 9 224 15996 
15 59 24 223 15996 
15 59 39 224 15996 
15 59 54 224 15996 
16 0 9 224 15996 
16 0 24 224 15996 
16 0 39 224 15996 
16 0 54 224 15996 
16 1 9 224 15996 
16 1 24 223 15996 
16 1 39 224 15996 
16 1 54 224 15996 
16 2 9 224 15996 
16 2 24 224 15996 
16 2 39 224 15996 
16 2 54 224 15996 
16 3 9 224 15996 

