
/> 
read_ramp 01281121
<CR>Time:2021/01/28 14:53Ramp data first polarity: 
772 774 773 773 773 773 773 771 773 773 773 773 773 772 772 772 773 773 773 775 773 773 774 773 775 773 772 774 772 773 772 773 774 773 773 773 772 773 774 773 773 773 773 773 772 773 774 773 773 773 773 773 772 772 773 773 773 773 773 772 773 773 774 773 772 772 770 767 767 763 762 761 759 757 755 754 752 749 749 747 745 743 743 740 740 738 737 737 733 732 731 729 727 725 725 724 723 721 720 717 716 715 713 712 710 708 706 706 704 703 703 700 698 696 695 693 692 691 689 687 685 684 682 682 680 678 677 675 675 672 671 669 669 667 667 664 663 662 660 658 657 655 653 652 650 649 648 646 645 644 643 641 639 637 636 634 634 631 631 628 627 626 624 623 621 620 618 618 615 614 613 612 611 610 608 606 605 604 602 599 599 597 596 595 593 590 590 589 587 586 585 584 582 580 579 577 576 574 573 571 570 569 567 565 564 563 562 560 560 559 557 556 554 552 551 550 549 547 545 544 542 541 540 538 537 537 534 533 532 530 530 527 526 525 523 522 520 519 518 517 515 514 513 512 511 511 512 510 511 510 5[Warning: Maximal number of bytes per line exceeded! Check the EOL (end-of-line) settings or increase the limit in the advanced terminal settings.]
read 0128
<CR>Time:2021/01/28 14:53
Hours Minutes Seconds  Nb_Samples    Aver. Current 
9 2 27 224 12516 
9 2 42 217 15142 
9 2 57 224 16057 
9 3 47 224 16057 
9 4 2 223 16057 
9 4 17 224 16057 
9 4 32 223 16057 
9 4 47 224 16057 
9 5 2 223 16057 
9 5 17 224 16057 
9 5 32 223 16057 
9 6 10 224 16057 
9 6 25 224 16057 
9 6 40 223 16057 
9 6 55 224 16057 
9 7 10 223 16057 
9 7 25 224 16057 
9 7 40 223 16057 
9 7 55 224 16057 
9 8 10 223 16057 
9 8 25 224 16057 
9 8 40 223 16057 
9 8 55 224 16057 
9 9 10 223 16057 
9 9 25 224 16057 
9 9 40 223 16057 
9 9 55 224 16057 
9 10 10 223 16057 
9 10 25 224 16057 
9 10 40 223 16057 
9 10 55 224 16057 
9 11 10 223 16057 
9 11 25 224 16057 
9 11 40 223 16057 
9 11 55 224 16057 
9 12 10 223 16057 
9 12 25 224 16057 
9 12 40 223 16057 
9 12 55 224 16057 
9 13 10 223 16057 
9 13 25 224 16057 
9 13 40 223 16057 
9 13 55 224 16057 
9 14 10 223 16057 
9 14 25 224 16057 
9 14 40 223 16057 
9 14 55 224 16057 
9 15 10 223 16057 
9 15 25 224 16057 
9 15 40 223 16057 
9 15 55 223 16057 
9 16 10 224 16057 
9 16 25 223 16057 
9 16 40 224 16057 
9 16 55 223 16057 
9 17 10 223 16057 
9 17 25 224 16057 
9 17 40 223 16057 
9 17 55 224 16057 
9 18 10 223 16057 
9 18 25 224 16057 
9 18 40 223 16057 
9 18 55 224 16057 
9 19 10 223 16057 
9 19 25 224 16057 
9 19 40 223 16057 
9 19 55 224 16057 
9 20 10 223 16057 
9 20 25 224 16057 
9 20 40 223 16057 
9 21 17 224 16057 
9 21 32 223 16057 
9 21 47 223 16057 
9 22 2 224 16057 
9 22 17 223 16057 
9 22 32 224 16057 
9 22 47 223 16057 
9 23 2 224 16057 
9 23 17 223 16057 
9 23 32 224 16057 
9 23 47 223 16057 
9 24 2 224 16057 
9 24 17 223 16057 
9 24 32 224 16057 
9 24 47 223 16057 
9 25 2 224 16057 
9 25 17 223 16057 
9 25 32 224 16057 
9 25 47 223 16057 
9 26 2 224 16057 
9 26 17 223 16057 
9 26 32 224 16057 
9 26 47 223 16057 
9 27 2 224 16057 
9 27 17 223 16057 
9 27 32 224 16057 
9 27 47 223 16057 
9 28 2 224 16057 
9 28 17 223 16057 
9 28 32 224 16057 
9 28 47 223 16057 
9 29 2 224 16057 
9 29 17 223 16057 
9 29 32 224 16057 
9 29 47 223 16057 
9 30 2 224 16057 
9 30 17 223 16057 
9 30 32 223 16057 
9 30 47 224 16057 
9 31 2 223 16057 
9 31 17 224 16057 
9 31 32 223 16057 
9 31 47 224 16057 
9 32 2 223 16057 
9 32 17 224 16057 
9 32 32 223 16057 
9 32 47 224 16057 
9 33 2 223 16057 
9 33 17 224 16057 
9 33 32 223 16057 
9 33 47 224 16057 
9 34 2 223 16057 
9 34 17 224 16057 
9 34 32 223 16057 
9 34 47 224 16057 
9 35 2 223 16057 
9 35 17 224 16057 
9 35 32 223 16057 
9 35 47 224 16057 
9 36 24 224 16057 
9 36 39 223 16057 
9 36 54 223 16057 
9 37 9 224 16057 
9 37 24 223 16057 
9 37 39 224 16057 
9 37 54 223 16057 
9 38 9 224 16057 
9 38 24 223 16057 
9 38 39 224 16057 
9 38 54 223 16057 
9 39 9 224 16057 
9 39 24 223 16057 
9 39 39 224 16057 
9 39 54 223 16057 
9 40 9 224 16057 
9 40 24 223 16057 
9 40 39 224 16057 
9 40 54 223 16057 
9 41 9 224 16057 
9 41 24 223 16057 
9 41 39 224 16057 
9 41 54 223 16057 
9 42 9 224 16057 
9 42 24 223 16057 
9 42 39 224 16057 
9 42 54 223 16057 
9 43 9 224 16057 
9 43 24 223 16057 
9 43 39 224 16057 
9 43 54 223 16057 
9 44 9 224 16057 
9 44 24 223 16057 
9 44 39 224 16057 
9 44 54 223 16057 
9 45 9 224 16057 
9 45 24 223 16057 
9 45 39 223 16057 
9 45 54 224 16057 
9 46 9 223 16057 
9 46 24 224 16057 
9 46 39 223 16057 
9 46 54 224 16057 
9 47 9 223 16057 
9 47 24 224 16057 
9 47 39 223 16057 
9 47 54 224 16057 
9 48 9 223 16057 
9 48 24 224 16057 
9 48 39 223 16057 
9 48 54 224 16057 
9 49 9 223 16057 
9 49 24 224 16057 
9 49 39 223 16057 
9 49 54 224 16057 
9 50 9 223 16057 
9 50 24 224 16057 
9 50 39 223 16057 
9 50 54 224 16057 
9 51 31 224 16057 
9 51 46 223 16057 
9 52 1 224 16057 
9 52 16 223 16057 
9 52 31 224 16057 
9 52 46 223 16057 
9 53 1 224 16057 
9 53 16 223 16057 
9 53 31 224 16057 
9 53 46 223 16057 
9 54 1 224 16057 
9 54 16 223 16057 
9 54 31 224 16057 
9 54 46 223 16057 
9 55 1 224 16057 
9 55 16 223 16057 
9 55 31 224 16057 
9 55 46 223 16057 
9 56 1 224 16057 
9 56 16 223 16057 
9 56 31 224 16057 
9 56 46 223 16057 
9 57 1 224 16057 
9 57 16 223 16057 
9 57 31 224 16057 
9 57 46 223 16057 
9 58 1 224 16057 
9 58 16 223 16057 
9 58 31 224 16057 
9 58 46 223 16057 
9 59 1 224 16057 
9 59 16 223 16057 
9 59 31 224 16057 
9 59 46 223 16057 
10 0 1 224 16057 
10 0 16 223 16057 
10 0 31 224 16057 
10 0 46 223 16057 
10 1 1 223 16057 
10 1 16 224 16057 
10 1 31 223 16057 
10 1 46 224 16057 
10 2 1 223 16057 
10 2 16 224 16057 
10 2 31 223 16057 
10 2 46 224 16057 
10 3 1 223 16057 
10 3 16 224 16057 
10 3 31 223 16057 
10 3 46 224 16057 
10 4 1 223 16057 
10 4 16 224 16057 
10 4 31 223 16057 
10 4 46 224 16057 
10 5 1 223 16057 
10 5 16 224 16057 
10 5 31 223 16057 
10 5 46 224 16057 
10 6 1 223 16057 
10 6 38 224 16057 
10 6 53 223 16057 
10 7 8 224 16057 
10 7 23 223 16057 
10 7 38 224 16057 
10 7 53 223 16057 
10 8 8 224 16057 
10 8 23 223 16057 
10 8 38 224 16057 
10 8 53 223 16057 
10 9 8 224 16057 
10 9 23 223 16057 
10 9 38 224 16057 
10 9 53 223 16057 
10 10 8 224 16057 
10 10 23 223 16057 
10 10 38 224 16057 
10 10 53 223 16057 
10 11 8 224 16057 
10 11 23 223 16057 
10 11 38 224 16057 
10 11 53 223 16057 
10 12 8 224 16057 
10 12 23 223 16057 
10 12 38 224 16057 
10 12 53 223 16057 
10 13 8 224 16057 
10 13 23 223 16057 
10 13 38 224 16057 
10 13 53 223 16057 
10 14 8 224 16057 
10 14 23 223 16057 
10 14 38 224 16057 
10 14 53 223 16057 
10 15 8 224 16057 
10 15 23 223 16057 
10 15 38 224 16057 
10 15 53 223 16057 
10 16 8 224 16057 
10 16 23 223 16057 
10 16 38 224 16057 
10 16 53 223 16057 
10 17 8 224 16057 
10 17 23 223 16057 
10 17 38 224 16057 
10 17 53 223 16057 
10 18 8 224 16057 
10 18 23 223 16057 
10 18 38 224 16057 
10 18 53 223 16057 
10 19 8 224 16057 
10 19 23 223 16057 
10 19 38 224 16057 
10 19 53 223 16057 
10 20 8 224 16057 
10 20 23 223 16057 
10 20 38 224 16057 
10 20 53 223 16057 
10 21 8 224 16057 
10 21 45 224 16057 
10 22 0 223 16057 
10 22 15 224 16057 
10 22 30 223 16057 
10 22 45 224 16057 
10 23 0 223 16057 
10 23 15 224 16057 
10 23 30 223 16057 
10 23 45 224 16057 
10 24 0 223 16057 
10 24 15 224 16057 
10 24 30 223 16057 
10 24 45 224 16057 
10 25 0 223 16057 
10 25 15 224 16057 
10 25 30 223 16057 
10 25 45 224 16057 
10 26 0 223 16057 
10 26 15 224 16057 
10 26 30 223 16057 
10 26 45 224 16057 
10 27 0 223 16057 
10 27 15 224 16057 
10 27 30 223 16057 
10 27 45 224 16057 
10 28 0 223 16057 
10 28 15 224 16057 
10 28 30 223 16057 
10 28 45 224 16057 
10 29 0 223 16057 
10 29 15 224 16057 
10 29 30 223 16057 
10 29 45 224 16057 
10 30 0 223 16057 
10 30 15 224 16057 
10 30 30 223 16057 
10 30 45 224 16057 
10 31 0 223 16057 
10 31 15 223 16057 
10 31 30 224 16057 
10 31 45 223 16057 
10 32 0 224 16057 
10 32 15 223 16057 
10 32 30 224 16057 
10 32 45 223 16057 
10 33 0 224 16057 
10 33 15 223 16057 
10 33 30 224 16057 
10 33 45 223 16057 
10 34 0 224 16057 
10 34 15 223 16057 
10 34 30 224 16057 
10 34 45 223 16057 
10 35 0 224 16057 
10 35 15 223 16057 
10 35 30 224 16057 
10 35 45 223 16057 
10 36 0 224 16057 
10 36 15 223 16057 
10 36 52 224 16057 
10 37 7 223 16057 
10 37 22 224 16057 
10 37 37 223 16057 
10 37 52 224 16057 
10 38 7 223 16057 
10 38 22 224 16057 
10 38 37 223 16057 
10 38 52 224 16057 
10 39 7 223 16057 
10 39 22 224 16057 
10 39 37 223 16057 
10 39 52 224 16057 
10 40 7 223 16057 
10 40 22 224 16057 
10 40 37 223 16057 
10 40 52 224 16057 
10 41 7 223 16057 
10 41 22 224 16057 
10 41 37 223 16057 
10 41 52 224 16057 
10 42 7 223 16057 
10 42 22 224 16057 
10 42 37 223 16057 
10 42 52 224 16057 
10 43 7 223 16057 
10 43 22 224 16057 
10 43 37 223 16057 
10 43 52 224 16057 
10 44 7 223 16057 
10 44 22 224 16057 
10 44 37 223 16057 
10 44 52 224 16057 
10 45 7 223 16057 
10 45 22 224 16057 
10 45 37 223 16057 
10 45 52 224 16057 
10 46 7 223 16057 
10 46 22 224 16057 
10 46 37 223 16057 
10 46 52 224 16057 
10 47 7 223 16057 
10 47 22 224 16057 
10 47 37 223 16057 
10 47 52 224 16057 
10 48 7 223 16057 
10 48 22 224 16057 
10 48 37 223 16057 
10 48 52 224 16057 
10 49 7 223 16057 
10 49 22 224 16057 
10 49 37 223 16057 
10 49 52 224 16057 
10 50 7 223 16057 
10 50 22 224 16057 
10 50 37 223 16057 
10 50 52 224 16057 
10 51 7 223 16057 
10 51 22 224 16057 
10 51 59 224 16057 
10 52 14 223 16057 
10 52 29 224 16057 
10 52 44 223 16057 
10 52 59 224 16057 
10 53 14 223 16057 
10 53 29 224 16057 
10 53 44 223 16057 
10 53 59 224 16057 
10 54 14 223 16057 
10 54 29 224 16057 
10 54 44 223 16057 
10 54 59 224 16057 
10 55 14 223 16057 
10 55 29 224 16057 
10 55 44 223 16057 
10 55 59 224 16057 
10 56 14 223 16057 
10 56 29 224 16057 
10 56 44 223 16057 
10 57 0 224 16057 
10 57 14 223 16057 
10 57 30 224 16057 
10 57 44 223 16057 
10 58 0 224 16057 
10 58 14 223 16057 
10 58 30 224 16057 
10 58 44 223 16057 
10 59 0 224 16057 
10 59 14 223 16057 
10 59 30 224 16057 
10 59 44 223 16057 
11 0 0 224 16057 
11 0 14 223 16057 
11 0 30 224 16057 
11 0 44 223 16057 
11 1 0 224 16057 
11 1 14 223 16057 
11 1 30 224 16057 
11 1 44 223 16057 
11 2 0 224 16057 
11 2 14 223 16057 
11 2 30 224 16057 
11 2 44 223 16057 
11 3 0 224 16057 
11 3 15 223 16057 
11 3 30 224 16057 
11 3 45 223 16057 
11 4 0 224 16057 
11 4 15 223 16057 
11 4 30 224 16057 
11 4 45 223 16057 
11 5 0 224 16057 
11 5 15 223 16057 
11 5 30 224 16057 
11 5 45 223 16057 
11 6 0 224 16057 
11 6 15 223 16057 
11 6 30 224 16057 
11 7 7 224 16057 
11 7 22 223 16057 
11 7 37 224 16057 
11 7 52 223 16057 
11 8 7 224 16057 
11 8 22 223 16057 
11 8 37 224 16057 
11 8 52 223 16057 
11 9 7 224 16057 
11 9 22 223 16057 
11 9 37 224 16057 
11 9 52 223 16057 
11 10 7 224 16057 
11 10 22 223 16057 
11 10 37 224 16057 
11 10 52 223 16057 
11 11 7 224 16057 
11 11 22 223 16057 
11 11 37 224 16057 
11 11 52 223 16057 
11 12 7 224 16057 
11 12 22 223 16057 
11 12 37 224 16057 
11 12 52 223 16057 
11 13 7 224 16057 
11 13 22 223 16057 
11 13 37 224 16057 
11 13 52 223 16057 
11 14 7 224 16057 
11 14 22 223 16057 
11 14 37 224 16057 
11 14 52 223 16057 
11 15 7 224 16057 
11 15 22 223 16057 
11 15 37 224 16057 
11 15 52 223 16057 
11 16 7 224 16057 
11 16 22 223 16057 
11 16 37 224 16057 
11 16 52 223 16057 
11 17 7 224 16057 
11 17 22 223 16057 
11 17 37 224 16057 
11 17 52 223 16057 
11 18 7 224 16057 
11 18 22 223 16057 
11 18 37 224 16057 
11 18 52 223 16057 
11 19 7 224 16057 
11 19 22 223 16057 
11 19 37 224 16057 
11 19 52 223 16057 
11 20 7 224 16057 
11 20 22 223 16057 
11 20 37 224 16057 
11 20 52 223 16057 
11 21 7 224 16057 
11 21 22 223 16057 
11 21 37 224 16057 
11 22 14 224 16057 
11 22 29 223 16057 
11 22 44 224 16057 
11 22 59 223 16057 
11 23 14 224 16057 
11 23 29 223 16057 
11 23 44 224 16057 
11 23 59 223 16057 
11 24 14 224 16057 
11 24 29 223 16057 
11 24 44 224 16057 
11 24 59 223 16057 
11 25 14 224 16057 
11 25 29 223 16057 
11 25 44 224 16057 
11 25 59 223 16057 
11 26 14 224 16057 
11 26 29 223 16057 
11 26 44 224 16057 
11 26 59 223 16057 
11 27 14 224 16057 
11 27 29 223 16057 
11 27 44 224 16057 
11 27 59 223 16057 
11 28 14 224 16057 
11 28 29 223 16057 
11 28 44 224 16057 
11 28 59 223 16057 
11 29 14 224 16057 
11 29 29 223 16057 
11 29 44 224 16057 
11 29 59 223 16057 
11 30 14 224 16057 
11 30 29 223 16057 
11 30 44 224 16057 
11 30 59 223 16057 
11 31 14 224 16057 
11 31 29 223 16057 
11 31 44 223 16057 
11 31 59 224 16057 
11 32 14 223 16057 
11 32 29 224 16057 
11 32 44 223 16057 
11 32 59 224 16057 
11 33 14 223 16057 
11 33 29 224 16057 
11 33 44 223 16057 
11 33 59 224 16057 
11 34 14 223 16057 
11 34 29 224 16057 
11 34 44 223 16057 
11 34 59 224 16057 
11 35 14 223 16057 
11 35 29 224 16057 
11 35 44 223 16057 
11 35 59 224 16057 
11 36 14 223 16057 
11 36 29 224 16057 
11 36 44 223 16057 
11 37 21 224 16057 
11 37 36 223 16057 
11 37 51 223 16057 
11 38 6 224 16057 
11 38 21 223 16057 
11 38 36 224 16057 
11 38 51 223 16057 
11 39 6 224 16057 
11 39 21 223 16057 
11 39 36 224 16057 
11 39 51 223 16057 
11 40 6 224 16057 
11 40 21 223 16057 
11 40 36 224 16057 
11 40 51 223 16057 
11 41 6 224 16057 
11 41 21 223 16057 
11 41 36 224 16057 
11 41 51 223 16057 
11 42 6 224 16057 
11 42 21 223 16057 
11 42 36 224 16057 
11 42 51 223 16057 
11 43 6 224 16057 
11 43 21 223 16057 
11 43 36 224 16057 
11 43 51 223 16057 
11 44 6 224 16057 
11 44 21 223 16057 
11 44 36 224 16057 
11 44 51 223 16057 
11 45 6 224 16057 
11 45 21 223 16057 
11 45 36 224 16057 
11 45 51 223 16057 
11 46 6 224 16057 
11 46 21 223 16057 
11 46 36 223 16057 
11 46 51 224 16057 
11 47 6 223 16057 
11 47 21 224 16057 
11 47 36 223 16057 
11 47 51 224 16057 
11 48 6 223 16057 
11 48 21 224 16057 
11 48 36 223 16057 
11 48 51 224 16057 
11 49 6 223 16057 
11 49 21 224 16057 
11 49 36 223 16057 
11 49 51 224 16057 
11 50 6 223 16057 
11 50 21 224 16057 
11 50 36 223 16057 
11 50 51 224 16057 
11 51 6 223 16057 
11 51 21 224 16057 
11 51 36 223 16057 
11 51 51 224 16057 
11 52 28 224 16057 
11 52 43 223 16057 
11 52 58 224 16057 
11 53 13 223 16057 
11 53 28 224 16057 
11 53 43 223 16057 
11 53 58 224 16057 
11 54 13 223 16057 
11 54 28 224 16057 
11 54 43 223 16057 
11 54 58 224 16057 
11 55 13 223 16057 
11 55 28 224 16057 
11 55 43 223 16057 
11 55 58 224 16057 
11 56 13 223 16057 
11 56 28 224 16057 
11 56 43 223 16057 
11 56 58 224 16057 
11 57 13 223 16057 
11 57 28 224 16057 
11 57 43 223 16057 
11 57 58 224 16057 
11 58 13 223 16057 
11 58 28 224 16057 
11 58 43 223 16057 
11 58 58 224 16057 
11 59 13 223 16057 
11 59 28 224 16057 
11 59 43 223 16057 
11 59 58 224 16057 
12 0 13 223 16057 
12 0 28 224 16057 
12 0 43 223 16057 
12 0 58 224 16057 
12 1 13 223 16057 
12 1 28 224 16057 
12 1 43 223 16057 
12 1 58 223 16057 
12 2 13 224 16057 
12 2 28 223 16057 
12 2 43 224 16057 
12 2 58 223 16057 
12 3 13 224 16057 
12 3 28 223 16057 
12 3 43 224 16057 
12 3 58 223 16057 
12 4 13 224 16057 
12 4 28 223 16057 
12 4 43 224 16057 
12 4 58 223 16057 
12 5 13 224 16057 
12 5 28 223 16057 
12 5 43 224 16057 
12 5 58 223 16057 
12 6 13 224 16057 
12 6 28 223 16057 
12 6 43 224 16057 
12 6 58 223 16057 
12 7 35 224 16057 
12 7 50 223 16057 
12 8 5 224 16057 
12 8 20 223 16057 
12 8 35 224 16057 
12 8 50 223 16057 
12 9 5 224 16057 
12 9 20 223 16057 
12 9 35 224 16057 
12 9 50 223 16057 
12 10 5 224 16057 
12 10 20 223 16057 
12 10 35 224 16057 
12 10 50 223 16057 
12 11 5 224 16057 
12 11 20 223 16057 
12 11 35 224 16057 
12 11 50 223 16057 
12 12 5 224 16057 
12 12 20 223 16057 
12 12 35 224 16057 
12 12 50 223 16057 
12 13 5 224 16057 
12 13 20 223 16057 
12 13 35 224 16057 
12 13 50 223 16057 
12 14 5 224 16057 
12 14 20 223 16057 
12 14 35 224 16057 
12 14 50 223 16057 
12 15 5 224 16057 
12 15 20 223 16057 
12 15 35 224 16057 
12 15 50 223 16057 
12 16 5 224 16057 
12 16 20 223 16057 
12 16 35 224 16057 
12 16 50 223 16057 
12 17 5 224 16057 
12 17 20 223 16057 
12 17 35 224 16057 
12 17 50 223 16057 
12 18 5 224 16057 
12 18 20 223 16057 
12 18 35 224 16057 
12 18 50 223 16057 
12 19 5 224 16057 
12 19 20 223 16057 
12 19 35 224 16057 
12 19 50 223 16057 
12 20 5 224 16057 
12 20 20 223 16057 
12 20 35 224 16057 
12 20 50 223 16057 
12 21 5 224 16057 
12 21 20 223 16057 
12 21 35 224 16057 
12 21 50 223 16057 
12 22 5 224 16057 
12 22 42 224 16057 
12 22 57 223 16057 
12 23 12 224 16057 
12 23 27 223 16057 
12 23 42 224 16057 
12 23 57 223 16057 
12 24 12 224 16057 
12 24 27 223 16057 
12 24 42 224 16057 
12 24 57 223 16057 
12 25 12 224 16057 
12 25 27 223 16057 
12 25 42 224 16057 
12 25 57 223 16057 
12 26 12 224 16057 
12 26 27 223 16057 
12 26 42 224 16057 
12 26 57 223 16057 
12 27 12 224 16057 
12 27 27 223 16057 
12 27 42 224 16057 
12 27 57 223 16057 
12 28 12 224 16057 
12 28 27 223 16057 
12 28 42 224 16057 
12 28 57 223 16057 
12 29 12 224 16057 
12 29 27 223 16057 
12 29 42 224 16057 
12 29 57 223 16057 
12 30 12 224 16057 
12 30 27 223 16057 
12 30 42 224 16057 
12 30 57 223 16057 
12 31 12 224 16057 
12 31 27 223 16057 
12 31 42 224 16057 
12 31 57 223 16057 
12 32 12 223 16057 
12 32 27 224 16057 
12 32 42 223 16057 
12 32 57 224 16057 
12 33 12 223 16057 
12 33 27 224 16057 
12 33 42 223 16057 
12 33 57 224 16057 
12 34 12 223 16057 
12 34 27 224 16057 
12 34 42 223 16057 
12 34 57 224 16057 
12 35 12 223 16057 
12 35 27 224 16057 
12 35 42 223 16057 
12 35 57 224 16057 
12 36 12 223 16057 
12 36 27 224 16057 
12 36 42 223 16057 
12 36 57 224 16057 
12 37 12 223 16057 
12 37 49 224 16057 
12 38 4 223 16057 
12 38 19 223 16057 
12 38 34 224 16057 
12 38 49 223 16057 
12 39 4 224 16057 
12 39 19 223 16057 
12 39 34 224 16057 
12 39 49 223 16057 
12 40 4 224 16057 
12 40 19 223 16057 
12 40 34 224 16057 
12 40 49 223 16057 
12 41 4 224 16057 
12 41 19 223 16057 
12 41 34 224 16057 
12 41 49 223 16057 
12 42 4 224 16057 
12 42 19 223 16057 
12 42 34 224 16057 
12 42 49 223 16057 
12 43 4 224 16057 
12 43 19 223 16057 
12 43 34 224 16057 
12 43 49 223 16057 
12 44 4 224 16057 
12 44 19 223 16057 
12 44 34 224 16057 
12 44 49 223 16057 
12 45 4 224 16057 
12 45 19 223 16057 
12 45 34 224 16057 
12 45 49 223 16057 
12 46 4 224 16057 
12 46 19 223 16057 
12 46 34 224 16057 
12 46 49 223 16057 
12 47 4 223 16057 
12 47 19 224 16057 
12 47 34 223 16057 
12 47 49 224 16057 
12 48 4 223 16057 
12 48 19 224 16057 
12 48 34 223 16057 
12 48 49 224 16057 
12 49 4 223 16057 
12 49 19 224 16057 
12 49 34 223 16057 
12 49 49 224 16057 
12 50 4 223 16057 
12 50 19 224 16057 
12 50 34 223 16057 
12 50 49 224 16057 
12 51 4 223 16057 
12 51 19 224 16057 
12 51 34 223 16057 
12 51 49 224 16057 
12 52 4 223 16057 
12 52 19 224 16057 
12 52 56 224 16057 
12 53 11 223 16057 
12 53 26 224 16057 
12 53 41 223 16057 
12 53 56 224 16057 
12 54 11 223 16057 
12 54 26 224 16057 
12 54 41 223 16057 
12 54 56 224 16057 
12 55 11 223 16057 
12 55 26 224 16057 
12 55 41 223 16057 
12 55 56 224 16057 
12 56 11 223 16057 
12 56 26 224 16057 
12 56 41 223 16057 
12 56 56 224 16057 
12 57 11 223 16057 
12 57 26 224 16057 
12 57 41 223 16057 
12 57 56 224 16057 
12 58 11 223 16057 
12 58 26 224 16057 
12 58 41 223 16057 
12 58 56 224 16057 
12 59 11 223 16057 
12 59 26 224 16057 
12 59 41 223 16057 
12 59 56 224 16057 
13 0 11 223 16057 
13 0 26 224 16057 
13 0 41 223 16057 
13 0 56 224 16057 
13 1 11 223 16057 
13 1 26 224 16057 
13 1 41 223 16057 
13 1 56 224 16057 
13 2 11 223 16057 
13 2 26 224 16057 
13 2 41 223 16057 
13 2 56 224 16057 
13 3 11 223 16057 
13 3 26 224 16057 
13 3 41 223 16057 
13 3 56 224 16057 
13 4 11 223 16057 
13 4 26 224 16057 
13 4 41 223 16057 
13 4 56 224 16057 
13 5 11 223 16057 
13 5 26 224 16057 
13 5 41 223 16057 
13 5 56 224 16057 
13 6 11 223 16057 
13 6 26 224 16057 
13 6 41 223 16057 
13 6 56 224 16057 
13 7 11 223 16057 
13 7 26 224 16057 
13 8 3 224 16057 
13 8 18 223 16057 
13 8 33 224 16057 
13 8 48 223 16057 
13 9 3 224 16057 
13 9 18 223 16057 
13 9 33 224 16057 
13 9 48 223 16057 
13 10 3 224 16057 
13 10 18 223 16057 
13 10 33 224 16057 
13 10 48 223 16057 
13 11 3 224 16057 
13 11 18 223 16057 
13 11 33 224 16057 
13 11 48 223 16057 
13 12 3 224 16057 
13 12 18 223 16057 
13 12 33 224 16057 
13 12 48 223 16057 
13 13 3 224 16057 
13 13 18 223 16057 
13 13 33 224 16057 
13 13 48 223 16057 
13 14 3 224 16057 
13 14 18 223 16057 
13 14 33 224 16057 
13 14 48 223 16057 
13 15 3 224 16057 
13 15 18 223 16057 
13 15 33 224 16057 
13 15 48 223 16057 
13 16 3 224 16057 
13 16 18 223 16057 
13 16 33 224 16057 
13 16 48 223 16057 
13 17 3 224 16057 
13 17 18 223 16057 
13 17 33 224 16057 
13 17 48 223 16057 
13 18 3 224 16057 
13 18 18 223 16057 
13 18 33 224 16057 
13 18 48 223 16057 
13 19 3 224 16057 
13 19 18 223 16057 
13 19 33 224 16057 
13 19 48 223 16057 
13 20 3 224 16057 
13 20 18 223 16057 
13 20 33 224 16057 
13 20 48 223 16057 
13 21 3 224 16057 
13 21 18 223 16057 
13 21 33 224 16057 
13 21 48 223 16057 
13 22 3 224 16057 
13 22 18 223 16057 
13 22 33 224 16057 
13 23 10 224 16057 
13 23 25 223 16057 
13 23 40 224 16057 
13 23 55 223 16057 
13 24 10 224 16057 
13 24 25 223 16057 
13 24 40 224 16057 
13 24 55 223 16057 
13 25 10 224 16057 
13 25 25 223 16057 
13 25 40 224 16057 
13 25 55 223 16057 
13 26 10 224 16057 
13 26 25 223 16057 
13 26 40 224 16057 
13 26 55 223 16057 
13 27 10 224 16057 
13 27 25 223 16057 
13 27 40 224 16057 
13 27 55 223 16057 
13 28 10 224 16057 
13 28 25 223 16057 
13 28 40 224 16057 
13 28 55 223 16057 
13 29 10 224 16057 
13 29 25 223 16057 
13 29 40 224 16057 
13 29 55 223 16057 
13 30 10 224 16057 
13 30 25 223 16057 
13 30 40 224 16057 
13 30 55 223 16057 
13 31 10 224 16057 
13 31 25 223 16057 
13 31 40 224 16057 
13 31 55 223 16057 
13 32 10 224 16057 
13 32 25 223 16057 
13 32 40 223 16057 
13 32 55 224 16057 
13 33 10 223 16057 
13 33 25 224 16057 
13 33 40 223 16057 
13 33 55 224 16057 
13 34 10 223 16057 
13 34 25 224 16057 
13 34 40 223 16057 
13 34 55 224 16057 
13 35 10 223 16057 
13 35 25 224 16057 
13 35 40 223 16057 
13 35 55 224 16057 
13 36 10 223 16057 
13 36 25 224 16057 
13 36 40 223 16057 
13 36 55 224 16057 
13 37 10 223 16057 
13 37 25 224 16057 
13 37 40 223 16057 
13 38 17 224 16057 
13 38 32 223 16057 
13 38 47 223 16057 
13 39 2 224 16057 
13 39 17 223 16057 
13 39 32 224 16057 
13 39 47 223 16057 
13 40 2 224 16057 
13 40 17 223 16057 
13 40 32 224 16057 
13 40 47 223 16057 
13 41 2 224 16057 
13 41 17 223 16057 
13 41 32 224 16057 
13 41 47 223 16057 
13 42 2 224 16057 
13 42 17 223 16057 
13 42 32 224 16057 
13 42 47 223 16057 
13 43 2 224 16057 
13 43 17 223 16057 
13 43 32 224 16057 
13 43 47 223 16057 
13 44 2 224 16057 
13 44 17 223 16057 
13 44 32 224 16057 
13 44 47 223 16057 
13 45 2 224 16057 
13 45 17 223 16057 
13 45 32 224 16057 
13 45 47 223 16057 
13 46 2 224 16057 
13 46 17 223 16057 
13 46 32 224 16057 
13 46 47 223 16057 
13 47 2 224 16057 
13 47 17 223 16057 
13 47 32 223 16057 
13 47 47 224 16057 
13 48 2 223 16057 
13 48 17 224 16057 
13 48 32 223 16057 
13 48 47 224 16057 
13 49 2 223 16057 
13 49 17 224 16057 
13 49 32 223 16057 
13 49 47 224 16057 
13 50 2 223 16057 
13 50 17 224 16057 
13 50 32 223 16057 
13 50 47 224 16057 
13 51 2 223 16057 
13 51 17 224 16057 
13 51 32 223 16057 
13 51 47 224 16057 
13 52 2 223 16057 
13 52 17 224 16057 
13 52 32 223 16057 
13 52 47 224 16057 
13 53 24 224 16057 
13 53 39 223 16057 
13 53 54 224 16057 
13 54 9 223 16057 
13 54 24 224 16057 
13 54 39 223 16057 
13 54 54 224 16057 
13 55 9 223 16057 
13 55 24 224 16057 
13 55 39 223 16057 
13 55 54 224 16057 
13 56 9 223 16057 
13 56 24 224 16057 
13 56 39 223 16057 
13 56 54 224 16057 
13 57 9 223 16057 
13 57 24 224 16057 
13 57 39 223 16057 
13 57 54 224 16057 
13 58 9 223 16057 
13 58 24 224 16057 
13 58 39 223 16057 
13 58 54 224 16057 
13 59 9 223 16057 
13 59 24 224 16057 
13 59 39 223 16057 
13 59 54 224 16057 
14 0 9 223 16057 
14 0 24 224 16057 
14 0 39 223 16057 
14 0 54 224 16057 
14 1 9 223 16057 
14 1 24 224 16057 
14 1 39 223 16057 
14 1 54 224 16057 
14 2 9 223 16057 
14 2 24 224 16057 
14 2 39 223 16057 
14 2 54 223 16057 
14 3 9 224 16057 
14 3 24 223 16057 
14 3 39 224 16057 
14 3 54 223 16057 
14 4 9 224 16057 
14 4 24 223 16057 
14 4 39 224 16057 
14 4 54 223 16057 
14 5 9 224 16057 
14 5 24 223 16057 
14 5 39 224 16057 
14 5 54 223 16057 
14 6 9 224 16057 
14 6 24 223 16057 
14 6 39 224 16057 
14 6 54 223 16057 
14 7 9 224 16057 
14 7 24 223 16057 
14 7 39 224 16057 
14 7 54 223 16057 
14 8 31 224 16057 
14 8 46 223 16057 
14 9 1 224 16057 
14 9 16 223 16057 
14 9 31 224 16057 
14 9 46 223 16057 
14 10 1 224 16057 
14 10 16 223 16057 
14 10 31 224 16057 
14 10 46 223 16057 
14 11 1 224 16057 
14 11 16 223 16057 
14 11 31 224 16057 
14 11 46 223 16057 
14 12 1 224 16057 
14 12 16 223 16057 
14 12 31 224 16057 
14 12 46 223 16057 
14 13 1 224 16057 
14 13 16 223 16057 
14 13 31 224 16057 
14 13 46 223 16057 
14 14 1 224 16057 
14 14 16 223 16057 
14 14 31 224 16057 
14 14 46 223 16057 
14 15 1 224 16057 
14 15 16 223 16057 
14 15 31 224 16057 
14 15 46 223 16057 
14 16 1 224 16057 
14 16 16 223 16057 
14 16 31 224 16057 
14 16 46 223 16057 
14 17 1 224 16057 
14 17 16 223 16057 
14 17 31 224 16057 
14 17 46 223 16057 
14 18 1 224 16057 
14 18 16 223 16057 
14 18 31 224 16057 
14 18 46 223 16057 
14 19 1 224 16057 
14 19 16 223 16057 
14 19 31 224 16057 
14 19 46 223 16057 
14 20 1 224 16057 
14 20 16 223 16057 
14 20 31 224 16057 
14 20 46 223 16057 
14 21 1 224 16057 
14 21 16 223 16057 
14 21 31 224 16057 
14 21 46 223 16057 
14 22 1 224 16057 
14 22 16 223 16057 
14 22 31 224 16057 
14 22 46 223 16057 
14 23 1 224 16057 
14 23 38 224 16057 
14 23 53 223 16057 
14 24 8 224 16057 
14 24 23 223 16057 
14 24 38 224 16057 
14 24 53 223 16057 
14 25 8 224 16057 
14 25 23 223 16057 
14 25 38 224 16057 
14 25 53 223 16057 
14 26 8 224 16057 
14 26 23 223 16057 
14 26 38 224 16057 
14 26 53 223 16057 
14 27 8 224 16057 
14 27 23 223 16057 
14 27 38 224 16057 
14 27 53 223 16057 
14 28 8 224 16057 
14 28 23 223 16057 
14 28 38 224 16057 
14 28 53 223 16057 
14 29 8 224 16057 
14 29 23 223 16057 
14 29 38 224 16057 
14 29 53 223 16057 
14 30 8 224 16057 
14 30 23 223 16057 
14 30 38 224 16057 
14 30 53 223 16057 
14 31 8 224 16057 
14 31 23 223 16057 
14 31 38 224 16057 
14 31 53 223 16057 
14 32 8 224 16057 
14 32 23 223 16057 
14 32 38 224 16057 
14 32 53 223 16057 
14 33 8 223 16057 
14 33 23 224 16057 
14 33 38 223 16057 
14 33 53 224 16057 
14 34 8 223 16057 
14 34 23 224 16057 
14 34 38 223 16057 
14 34 53 224 16057 
14 35 8 223 16057 
14 35 23 224 16057 
14 35 38 223 16057 
14 35 53 224 16057 
14 36 8 223 16057 
14 36 23 224 16057 
14 36 38 223 16057 
14 36 53 224 16057 
14 37 8 223 16057 
14 37 23 224 16057 
14 37 38 223 16057 
14 37 53 224 16057 
14 38 8 223 16057 
14 38 45 224 16057 
14 39 0 223 16057 
14 39 15 223 16057 
14 39 30 224 16057 
14 39 45 223 16057 
14 40 0 224 16057 
14 40 15 223 16057 
14 40 30 224 16057 
14 40 45 223 16057 
14 41 0 224 16057 
14 41 15 223 16057 
14 41 30 224 16057 
14 41 45 223 16057 
14 42 0 224 16057 
14 42 15 223 16057 
14 42 30 224 16057 
14 42 45 223 16057 
14 43 0 224 16057 
14 43 15 223 16057 
14 43 30 224 16057 
14 43 45 223 16057 
14 44 0 224 16057 
14 44 15 223 16057 
14 44 30 224 16057 
14 44 45 223 16057 
14 45 0 224 16057 
14 45 15 223 16057 
14 45 30 224 16057 
14 45 45 223 16057 
14 46 0 224 16057 
14 46 15 223 16057 
14 46 30 224 16057 
14 46 45 223 16057 
14 47 0 224 16057 
14 47 15 223 16057 
14 47 30 224 16057 
14 47 45 223 16057 
14 48 0 223 16057 
14 48 15 224 16057 
14 48 30 223 16057 
14 48 45 224 16057 
14 49 0 223 16057 
14 49 15 224 16057 
14 49 30 223 16057 
14 49 45 224 16057 
14 50 0 223 16057 
14 50 15 224 16057 
14 50 30 223 16057 
14 50 45 224 16057 
14 51 0 223 16057 
14 51 15 224 16057 
14 51 30 223 16057 
14 51 45 224 16057 
14 52 0 223 16057 
14 52 15 224 16057 
14 52 30 223 16057 
14 52 45 224 16057 
14 53 0 223 16057 
14 53 15 224 16057 
14 53 52 224 16057 
14 54 7 223 16057 
14 54 22 224 16057 
14 54 37 223 16057 
14 54 52 224 16057 
14 55 7 223 16057 
14 55 22 224 16057 
14 55 37 223 16057 
14 55 52 224 16057 
14 56 7 223 16057 
14 56 22 224 16057 
14 56 37 223 16057 
14 56 52 224 16057 
14 57 7 223 16057 
14 57 22 224 16057 
14 57 37 223 16057 
14 57 52 224 16057 
14 58 7 223 16057 
14 58 22 224 16057 
14 58 37 223 16057 
14 58 52 224 16057 
14 59 7 223 16057 
14 59 22 224 16057 
14 59 37 223 16057 
14 59 52 224 16057 
15 0 7 223 16057 
15 0 22 224 16057 
15 0 37 223 16057 
15 0 52 224 16057 
15 1 7 223 16057 
15 1 22 224 16057 
15 1 37 223 16057 
15 1 52 224 16057 
15 2 7 223 16057 
15 2 22 224 16057 
15 2 37 223 16057 
15 2 52 224 16057 
15 3 7 223 16057 
15 3 22 223 16057 
15 3 37 224 16057 
15 3 52 223 16057 
15 4 7 224 16057 
15 4 22 223 16057 
15 4 37 224 16057 
15 4 52 223 16057 
15 5 7 224 16057 
15 5 22 223 16057 
15 5 37 224 16057 
15 5 52 223 16057 
15 6 7 224 16057 
15 6 22 223 16057 
15 6 37 224 16057 
15 6 52 223 16057 
15 7 7 224 16057 
15 7 22 223 16057 
15 7 37 224 16057 
15 8 3 90 13371 

