396278.023 1564523.547 1121.791 0  0n
396265.508 1564542.108 1117.285 0  25n
396260.144 1564568.784 1119.120 0  50n
396249.474 1564594.061 1122.595 0  75n
396237.740 1564638.966 1124.456 0  125n
396229.688 1564662.112 1126.310 0  150n
396221.981 1564687.233 1127.736 0  175n
396212.318 1564709.472 1130.159 0  200n
396202.272 1564733.919 1136.244 0  225n
396195.610 1564757.804 1141.922 0  250n
396188.346 1564780.559 1137.929 0  275n
396181.528 1564805.384 1134.244 0  300n
396171.594 1564826.067 1130.919 0  325n
396163.665 1564850.989 1128.900 0  350n
396155.071 1564875.471 1130.927 0  375n
396146.317 1564898.037 1130.979 0  400n
396140.441 1564922.776 1131.815 0  425n
396133.729 1564941.912 1134.115 0  450n
396125.372 1564969.435 1137.064 0  475n
396114.127 1564987.808 1137.562 0  500n
396110.428 1565014.601 1143.181 0  525n
396101.113 1565038.956 1158.937 0  550n
396095.302 1565062.996 1158.590 0  575n
396085.913 1565089.565 1158.819 0  600n
396078.277 1565111.325 1159.703 0  625n
396069.348 1565136.305 1162.106 0  650n
396062.531 1565158.932 1163.450 0  675n
