397133.451 1564809.211 1131.616 0  0n
397121.738 1564828.470 1133.983 0  25n
397114.397 1564852.046 1134.313 0  50n
397106.332 1564877.177 1135.997 0  75n
397090.868 1564902.112 1138.035 0  100n
397084.172 1564923.882 1138.505 0  125n
397082.720 1564947.495 1135.912 0  150n
397071.501 1564973.517 1138.567 0  175n
397063.295 1564993.631 1138.537 0  200n
397060.555 1565016.088 1138.092 0  225n
397052.771 1565039.371 1137.791 0  250n
397043.557 1565063.249 1139.385 0  275n
397035.106 1565087.270 1139.184 0  300n
397025.684 1565110.892 1140.642 0  325n
397019.221 1565137.644 1140.837 0  350n
397012.012 1565157.114 1139.295 0  375n
397003.015 1565180.071 1142.492 0  400n
396994.398 1565207.454 1144.351 0  425n
396984.954 1565230.527 1145.617 0  450
396980.790 1565252.520 1146.112 0  475n
396974.709 1565276.299 1149.922 0  500n
396968.418 1565295.729 1150.519 0  525n
396955.966 1565323.760 1155.887 0  550n
396948.574 1565346.299 1160.626 0  575n
396940.091 1565369.659 1168.134 0  600n
396928.774 1565390.702 1170.639 0  625n
396927.380 1565410.801 1178.664 0  650n
396917.954 1565440.879 1186.128 0  675n
