396158.527 1565194.711 1172.531 0  675n
396169.207 1565173.986 1169.219 0  650n
396176.211 1565142.651 1167.820 0  625n
396180.938 1565128.068 1160.385 0  600n
396189.969 1565100.688 1158.003 0  575n
396198.536 1565076.573 1156.724 0  550n
396205.436 1565048.785 1152.756 0  525n
396213.121 1565030.654 1151.019 0  500n
396221.086 1565007.811 1144.948 0  475n
396232.079 1564983.548 1140.586 0  450n
396238.600 1564956.947 1139.019 0  425n
396245.183 1564934.053 1136.829 0  400n
396254.719 1564910.955 1132.409 0  375
396261.397 1564889.019 1139.889 0  350n
396270.024 1564861.873 1152.258 0  325n
396276.716 1564836.325 1166.468 0  300n
396284.539 1564813.472 1178.193 0  275n
396294.050 1564788.684 1173.254 0  250n
396300.673 1564766.950 1161.433 0  225n
396308.276 1564744.148 1151.491 0  200n
396317.303 1564719.191 1138.692 0  175n
