396439.267 1565288.210 1169.465 0  675n
396451.316 1565263.603 1169.340 0  650n
396453.161 1565239.397 1173.560 0  625n
396466.125 1565218.038 1171.589 0  600n
396475.603 1565191.004 1171.035 0  575n
396483.627 1565167.482 1177.438 0  550n
396491.574 1565145.431 1173.077 0  525n
396500.985 1565122.587 1169.301 0  500n
396505.527 1565099.989 1165.892 0  475n
396514.597 1565073.515 1164.329 0  450n
396521.735 1565050.340 1164.678 0  425n
396530.292 1565027.782 1163.198 0  400n
396538.972 1565003.979 1161.463 0  375n
396544.887 1564983.212 1165.372 0  350n
396556.269 1564956.639 1169.755 0  325n
396561.737 1564932.285 1172.646 0  300n
396571.839 1564908.630 1167.323 0  275n
396577.695 1564889.743 1159.963 0  250n
396590.076 1564863.035 1152.429 0  225n
396594.476 1564840.189 1145.607 0  200n
396599.787 1564814.890 1143.857 0  175n
396609.004 1564789.900 1140.490 0  150n
396615.875 1564765.655 1138.658 0  125n
396624.601 1564744.352 1137.440 0  100n
