396742.520 1564685.363 1145.342 0  0n
396741.125 1564702.464 1141.263 0  25n
396733.550 1564725.360 1137.594 0  50n
396725.643 1564750.611 1139.290 0  75n
396716.584 1564773.648 1140.788 0  100n
396708.430 1564795.419 1141.233 0  125n
396700.533 1564819.657 1137.818 0  150n
396691.915 1564842.908 1141.164 0  175n
396684.662 1564869.166 1140.695 0  200n
396675.998 1564891.439 1145.818 0  225n
396669.493 1564915.479 1150.760 0  250n
396661.848 1564937.768 1152.375 0  275n
396653.846 1564963.535 1151.632 0  300n
396645.937 1564985.981 1150.877 0  325n
396637.029 1565011.561 1154.058 0  350n
396629.010 1565032.601 1152.763 0  375n
396622.083 1565059.814 1155.681 0  400n
396616.208 1565081.136 1158.005 0  425n
396607.606 1565105.973 1158.330 0  450n
396599.217 1565128.361 1164.694 0  475n
396592.633 1565150.685 1168.767 0  500n
396583.787 1565174.130 1175.720 0  525n
396575.741 1565199.077 1174.227 0  550n
396562.666 1565223.600 1177.842 0  575n
396553.771 1565244.676 1178.343 0  600n
396554.500 1565268.085 1183.086 0  625n
396546.123 1565290.718 1183.072 0  650n
396537.061 1565318.001 1178.336 0  675n
