396633.421 1565352.116 1190.922 0  675n
396639.720 1565324.474 1187.321 0  650n
396648.616 1565303.792 1185.885 0  625n
396657.185 1565281.807 1180.670 0  600n
396662.352 1565258.946 1181.946 0  575n
396672.616 1565233.272 1180.501 0  550n
396680.457 1565208.010 1178.587 0  525n
396688.803 1565187.430 1177.884 0  500n
396697.039 1565162.832 1172.515 0  475n
396706.715 1565141.233 1170.494 0  450n
396713.343 1565112.475 1170.804 0  425n
396721.018 1565094.755 1169.379 0  400n
396739.207 1565047.690 1170.801 0  350n
396724.386 1565066.567 1169.610 0  375n
396745.141 1565021.013 1164.674 0  325n
396751.081 1564997.184 1159.512 0  300n
