396822.555 1565411.007 1170.225 0  675n
396829.336 1565390.885 1163.093 0  650n
396838.827 1565371.303 1153.194 0  625
396848.869 1565345.826 1142.901 0  600n
396857.366 1565318.990 1144.921 0  575n
396862.881 1565295.846 1142.579 0  550n
396871.275 1565265.448 1142.000 0  525n
396880.156 1565249.249 1141.026 0  500n
396888.375 1565222.396 1144.481 0  475n
396895.630 1565201.229 1143.863 0  450n
396906.708 1565178.844 1139.754 0  425n
396916.491 1565154.330 1146.793 0  400n
396917.655 1565130.255 1147.183 0  375n
396925.354 1565111.712 1145.226 0  350n
396932.181 1565083.479 1146.984 0  327n
396938.793 1565059.728 1150.779 0  300n
396948.049 1565034.575 1146.610 0  275n
396958.069 1565010.356 1144.665 0  250n
396965.146 1564986.310 1143.492 0  225n
396972.978 1564962.788 1140.343 0  200n
396980.762 1564941.219 1140.176 0  175n
396987.326 1564919.549 1138.367 0  150n
396996.917 1564894.291 1138.114 0  125n
397003.848 1564873.409 1136.780 0  100n
397009.381 1564848.335 1136.599 0  75n
397018.199 1564823.619 1136.109 0  50n
397029.576 1564800.627 1135.816 0  25n
397035.104 1564779.770 1136.344 0  0n
