396189.785 1564623.682 1124.860 0  
396158.772 1564720.823 1131.559 0  
396146.919 1564751.847 1133.564 0  
396129.060 1564788.539 1126.910 0  
396110.597 1564824.636 1129.732 0  
396110.358 1564849.127 1132.982 0  
396105.144 1564880.999 1134.323 0  
396088.853 1564920.983 1135.983 0  
396072.183 1564972.856 1138.757 0  
396066.142 1564994.213 1139.613 0  
396046.327 1565024.194 1146.307 0  
396042.448 1565061.763 1158.226 0  
396029.611 1565089.497 1159.676 0  
396020.378 1565118.168 1163.721 0  
396010.270 1565154.852 1170.855 0  
395997.445 1565190.182 1166.938 0  
396044.977 1565209.434 1167.238 0  
396088.559 1565221.722 1168.980 0  
396141.064 1565236.942 1171.365 0  
396170.875 1565243.501 1174.584 0  
396195.393 1565258.689 1172.333 0  
396229.597 1565272.517 1181.839 0  
396290.353 1565290.099 1178.244 0  
396340.165 1565308.887 1178.514 0  
396386.370 1565322.643 1173.485 0  
396415.168 1565330.577 1175.895 0  
396444.577 1565344.714 1179.775 0  
396497.032 1565358.223 1175.308 0  
396529.409 1565364.133 1177.876 0  
396561.773 1565380.231 1187.246 0  
396585.194 1565390.391 1191.119 0  
396616.034 1565396.338 1197.669 0  
396638.268 1565406.163 1189.388 0  
396661.246 1565416.759 1180.063 0  
396691.242 1565426.146 1164.137 0  
396702.798 1565432.744 1156.966 0  
396728.475 1565442.208 1162.220 0  
396751.150 1565445.530 1176.816 0  
396771.336 1565452.160 1184.901 0  
396807.509 1565454.953 1190.371 0  
396836.625 1565469.652 1193.180 0  
396861.628 1565477.141 1193.419 0  
396886.235 1565481.614 1204.794 0  
396914.782 1565490.977 1204.231 0  
396943.495 1565502.659 1214.566 0  
396953.389 1565478.801 1212.613 0  
396968.644 1565454.585 1200.884 0  
396976.975 1565428.586 1196.302 0  
396990.877 1565399.397 1187.854 0  
396993.041 1565370.880 1176.077 0  
396973.727 1565353.355 1168.542 0  
396982.013 1565332.828 1159.174 0  
397009.641 1565309.261 1160.590 0  
397021.423 1565280.037 1156.804 0  
397025.977 1565255.975 1153.656 0  
397039.671 1565233.790 1149.644 0  
397048.180 1565204.088 1147.604 0  
397058.901 1565173.087 1143.418 0  
397066.101 1565152.060 1138.770 0  
397077.476 1565116.820 1138.104 0  
397097.852 1565067.907 1137.060 0  
397108.923 1565021.325 1134.854 0  
397138.733 1564916.786 1132.729 0  
397161.547 1564870.540 1130.241 0  
397170.072 1564840.585 1130.186 0  
397183.386 1564806.113 1128.338 0  
397188.685 1564765.137 1127.026 0  
397142.738 1564758.149 1129.165 0  
397107.206 1564744.625 1133.579 0  
397071.814 1564732.013 1137.414 0  
397030.861 1564718.421 1136.286 0  
397002.023 1564708.911 1135.648 0  
396971.991 1564698.192 1133.386 0  
396944.869 1564690.721 1131.364 0  
396923.053 1564678.946 1128.587 0  
396892.450 1564671.697 1129.983 0  
396866.287 1564665.732 1125.939 0  
396845.576 1564655.869 1128.701 0  
396817.836 1564648.466 1132.474 0  
396793.375 1564644.522 1138.300 0  
396759.405 1564629.926 1144.522 0  
396722.126 1564614.118 1142.314 0  
396690.505 1564607.230 1141.794 0  
396645.391 1564584.294 1140.276 0  
396602.929 1564572.461 1138.493 0  
396560.589 1564557.788 1133.727 0  
396537.453 1564553.727 1131.674 0  
396510.686 1564543.978 1129.339 0  
396487.003 1564531.086 1127.582 0  
396444.565 1564521.261 1128.359 0  
396420.285 1564515.768 1130.720 0  
396397.639 1564503.747 1133.092 0  
396352.497 1564496.775 1130.856 0  
396315.138 1564477.443 1129.447 0  
396293.228 1564467.537 1127.718 0  
396268.126 1564458.620 1124.792 0  
396250.835 1564451.548 1122.786 0  
396236.617 1564469.897 1122.990 0  
396224.616 1564497.912 1122.735 0  
396218.062 1564523.263 1122.997 0  
396212.014 1564546.217 1119.195 0  
396203.325 1564566.152 1120.068 0  
396194.801 1564598.473 1122.451 0  
396192.918 1564621.046 1122.861 0  
