ls
ls
<CR>
         TIME          Size       File name 
----A 2021/10/23 11:11       744  1023
----A 2021/10/24 14:33      7464  1024
----A 2021/10/24 10:53    128000  10241037
----A 2021/10/24 11:10    128000  10241054
----A 2021/10/24 11:27    128000  10241111
----A 2021/10/24 11:44    128000  10241129
----A 2021/10/24 12:01    128000  10241146
----A 2021/10/24 12:18    128000  10241203
----A 2021/10/24 12:35    128000  10241220
----A 2021/10/24 12:52    128000  10241237
----A 2021/10/24 13:09    128000  10241254
----A 2021/10/24 13:26    128000  10241311
----A 2021/10/24 13:43    128000  10241328
----A 2021/10/24 14:00    128000  10241345
----A 2021/10/24 14:17    128000  10241402
----A 2021/10/24 14:19      2560  10241419

  16 File(s),   1674768 bytes total
   0 Dir(s),     998864K bytes free

/> 
read 1024
read 1024
<CR>Time:2021/10/24 14:19
Hours Minutes Seconds  Nb_Samples    Aver. Current 
9 18 16 7 12957 
9 18 32 8 15720 
9 18 46 7 17010 
9 19 2 8 17010 
9 19 16 7 16948 
9 19 32 8 16948 
9 19 46 7 16948 
9 20 2 8 16948 
9 20 16 7 16948 
9 20 32 8 16948 
9 20 46 7 16948 
9 21 2 8 16948 
9 21 16 7 16948 
9 21 32 8 16948 
9 21 46 7 16948 
9 22 2 8 16948 
9 22 16 7 16948 
9 22 32 8 16948 
9 22 46 7 16948 
9 23 2 8 16948 
9 23 16 7 16948 
9 23 32 8 16948 
9 23 46 7 16948 
9 24 2 8 16948 
9 24 16 7 16948 
9 24 32 8 16948 
9 24 46 7 16948 
9 25 2 8 16948 
9 25 16 7 16948 
9 25 32 8 16948 
9 25 46 7 16948 
9 26 2 8 16948 
9 26 16 7 16948 
9 26 32 8 16948 
9 26 46 7 16948 
9 27 2 8 16948 
9 27 16 7 17010 
9 27 32 8 17071 
9 27 46 7 17071 
9 28 2 8 17071 
9 28 16 7 17071 
9 28 32 8 17071 
9 28 46 7 17071 
9 29 2 8 17071 
9 29 16 7 17071 
9 29 32 8 17071 
9 29 46 7 17071 
9 30 2 8 17071 
9 30 16 7 17071 
9 30 32 8 17071 
9 30 46 7 17071 
9 31 2 8 17071 
9 31 16 7 17071 
9 31 32 8 17071 
9 31 46 7 17010 
9 32 2 8 17071 
9 32 16 7 17010 
10 21 58 13 16027 
10 22 13 12 17624 
10 22 28 13 18361 
10 22 43 12 19098 
10 22 58 13 19036 
10 23 13 12 19098 
10 23 28 13 19098 
10 23 43 12 19098 
10 23 58 13 19098 
10 24 13 12 19098 
10 24 28 13 19098 
10 24 43 12 19098 
10 24 58 13 19098 
10 25 13 12 19098 
10 25 28 13 19098 
10 25 43 12 19098 
10 25 58 13 19098 
10 26 13 12 19098 
10 26 28 13 19098 
10 26 43 12 19098 
10 26 58 13 19098 
10 27 13 12 19098 
10 27 28 13 19098 
10 27 43 12 19098 
10 27 58 13 19098 
10 28 13 12 19098 
10 28 28 13 19098 
10 28 43 12 19098 
10 28 58 13 19098 
10 29 13 12 19098 
10 29 28 13 19098 
10 29 43 12 19098 
10 29 58 13 19098 
10 30 13 12 19098 
10 30 28 13 19098 
10 30 43 12 19036 
10 30 58 13 19098 
10 31 13 12 19036 
10 31 28 13 19098 
10 31 43 12 19036 
10 31 58 13 19098 
10 32 13 12 19098 
10 32 28 13 19036 
10 32 43 12 19036 
10 32 58 13 19098 
10 33 13 12 19036 
10 33 28 13 19036 
10 33 43 12 19098 
10 33 58 13 19036 
10 34 13 12 19036 
10 34 28 13 19036 
10 34 43 12 19036 
10 34 58 13 19098 
10 35 13 12 19036 
10 35 28 13 19036 
10 35 43 12 19036 
10 35 58 13 19036 
10 38 31 13 19036 
10 38 45 12 19036 
10 39 1 13 19036 
10 39 15 12 19036 
10 39 31 13 19036 
10 39 45 12 19036 
10 40 1 13 19036 
10 40 15 12 19036 
10 40 31 13 19036 
10 40 45 12 19036 
10 41 1 13 19036 
10 41 15 12 19036 
10 41 31 13 19036 
10 41 45 12 19036 
10 42 1 13 19036 
10 42 15 12 19036 
10 42 31 13 19036 
10 42 45 12 19036 
10 43 1 13 19036 
10 43 15 12 19036 
10 43 31 13 19036 
10 43 45 12 19036 
10 44 1 13 19036 
10 44 15 12 19036 
10 44 31 13 19036 
10 44 45 12 19036 
10 45 1 13 19036 
10 45 15 12 19036 
10 45 31 13 19036 
10 45 45 12 19036 
10 46 1 13 19036 
10 46 15 12 19036 
10 46 31 13 19036 
10 46 45 12 19036 
10 47 1 13 19036 
10 47 15 12 19036 
10 47 31 13 19036 
10 47 45 12 19036 
10 48 1 13 19036 
10 48 15 12 19036 
10 48 31 13 19036 
10 48 45 12 19036 
10 49 1 13 19036 
10 49 15 12 19036 
10 49 31 13 19036 
10 49 45 12 19036 
10 50 1 13 19036 
10 50 15 12 19036 
10 50 31 13 19036 
10 50 45 12 19036 
10 51 1 13 19036 
10 51 15 12 19036 
10 51 31 13 19036 
10 51 45 12 19036 
10 52 1 13 19036 
10 52 15 12 19036 
10 52 31 13 19036 
10 52 45 12 19036 
10 53 1 13 19036 
10 55 31 13 19036 
10 55 45 12 19036 
10 56 1 13 19036 
10 56 15 12 19036 
10 56 31 13 19036 
10 56 45 12 19036 
10 57 1 13 19036 
10 57 15 12 19036 
10 57 31 13 19036 
10 57 45 12 19036 
10 58 1 13 19036 
10 58 15 12 19036 
10 58 31 13 19036 
10 58 45 12 19036 
10 59 1 13 19036 
10 59 15 12 19036 
10 59 31 13 19036 
10 59 45 12 19036 
11 0 1 13 19036 
11 0 15 12 19036 
11 0 31 13 19036 
11 0 45 12 19036 
11 1 1 13 19036 
11 1 15 12 19036 
11 1 31 13 19036 
11 1 45 12 19036 
11 2 1 13 19036 
11 2 15 12 19036 
11 2 31 13 19036 
11 2 45 12 19036 
11 3 1 13 19036 
11 3 15 12 19036 
11 3 31 13 19036 
11 3 45 12 19036 
11 4 1 13 19036 
11 4 15 12 19036 
11 4 31 13 19036 
11 4 45 12 19036 
11 5 1 13 19036 
11 5 15 12 19036 
11 5 31 13 19036 
11 5 45 12 19036 
11 6 1 13 19036 
11 6 15 12 19036 
11 6 31 13 19036 
11 6 45 12 19036 
11 7 1 13 19036 
11 7 15 12 19036 
11 7 31 13 19036 
11 7 45 12 19036 
11 8 1 13 19036 
11 8 15 12 19036 
11 8 31 13 19036 
11 8 45 12 19036 
11 9 1 13 19036 
11 9 15 12 19036 
11 9 31 13 19036 
11 9 45 12 19036 
11 10 1 13 19036 
11 12 32 13 19036 
11 12 46 12 19036 
11 13 2 13 19036 
11 13 16 12 19036 
11 13 32 13 19036 
11 13 46 12 19036 
11 14 2 13 19036 
11 14 16 12 19036 
11 14 32 13 19036 
11 14 46 12 19036 
11 15 2 13 19036 
11 15 16 12 19036 
11 15 32 13 19036 
11 15 46 12 19036 
11 16 2 13 19036 
11 16 16 12 19036 
11 16 32 13 19036 
11 16 46 12 19036 
11 17 2 13 19036 
11 17 16 12 19036 
11 17 32 13 19036 
11 17 46 12 19036 
11 18 2 13 19036 
11 18 16 12 19036 
11 18 32 13 19036 
11 18 46 12 19036 
11 19 2 13 19036 
11 19 16 12 19036 
11 19 32 13 19036 
11 19 46 12 19036 
11 20 2 13 19036 
11 20 16 12 19036 
11 20 32 13 19036 
11 20 46 12 19036 
11 21 2 13 19036 
11 21 16 12 19036 
11 21 32 13 19036 
11 21 46 12 19036 
11 22 2 13 19036 
11 22 16 12 19036 
11 22 32 13 19036 
11 22 46 12 19036 
11 23 2 13 19036 
11 23 16 12 19036 
11 23 32 13 19036 
11 23 46 12 19036 
11 24 2 13 19036 
11 24 16 12 19036 
11 24 32 13 19036 
11 24 46 12 19036 
11 25 2 13 19036 
11 25 16 12 19036 
11 25 32 13 19036 
11 25 46 12 19036 
11 26 2 13 19036 
11 26 16 12 19036 
11 26 32 13 19036 
11 26 46 12 19036 
11 27 2 13 19036 
11 29 32 13 19036 
11 29 46 12 19036 
11 30 2 13 19036 
11 30 16 12 19036 
11 30 32 13 19036 
11 30 46 12 19036 
11 31 2 13 19036 
11 31 16 12 19036 
11 31 32 13 19036 
11 31 46 12 19036 
11 32 2 13 19036 
11 32 16 12 19036 
11 32 32 13 19036 
11 32 46 12 19036 
11 33 2 13 19036 
11 33 16 12 19036 
11 33 32 13 19036 
11 33 46 12 19036 
11 34 2 13 19036 
11 34 16 12 19036 
11 34 32 13 19036 
11 34 46 12 19036 
11 35 2 13 19036 
11 35 16 12 19036 
11 35 32 13 19036 
11 35 46 12 19036 
11 36 2 13 19036 
11 36 16 12 19036 
11 36 32 13 19036 
11 36 46 12 19036 
11 37 2 13 19036 
11 37 16 12 19036 
11 37 32 13 19036 
11 37 46 12 19036 
11 38 2 13 19036 
11 38 16 12 19036 
11 38 32 13 19036 
11 38 46 12 19036 
11 39 2 13 19036 
11 39 16 12 19036 
11 39 32 13 19036 
11 39 46 12 19036 
11 40 2 13 19036 
11 40 16 12 19036 
11 40 32 13 19036 
11 40 46 12 19036 
11 41 2 13 19036 
11 41 16 12 19036 
11 41 32 13 19036 
11 41 46 12 19036 
11 42 2 13 19036 
11 42 16 12 19036 
11 42 32 13 19036 
11 42 46 12 19036 
11 43 2 13 19036 
11 43 16 12 19036 
11 43 32 13 19036 
11 43 46 12 19036 
11 44 2 13 19036 
11 46 33 13 19036 
11 46 47 12 19036 
11 47 3 13 19036 
11 47 17 12 19036 
11 47 33 13 19036 
11 47 47 12 19036 
11 48 3 13 19036 
11 48 17 12 19036 
11 48 33 13 19036 
11 48 47 12 19036 
11 49 3 13 19036 
11 49 17 12 19036 
11 49 33 13 19036 
11 49 47 12 19036 
11 50 3 13 19036 
11 50 17 12 19036 
11 50 33 13 19036 
11 50 47 12 19036 
11 51 3 13 19036 
11 51 17 12 19036 
11 51 33 13 19036 
11 51 47 12 19036 
11 52 3 13 19036 
11 52 17 12 19036 
11 52 33 13 19036 
11 52 47 12 19036 
11 53 3 13 19036 
11 53 17 12 19036 
11 53 33 13 19036 
11 53 47 12 19036 
11 54 3 13 19036 
11 54 17 12 19036 
11 54 33 13 19036 
11 54 47 12 19036 
11 55 3 13 19036 
11 55 17 12 19036 
11 55 33 13 19036 
11 55 47 12 19036 
11 56 3 13 19036 
11 56 17 12 19036 
11 56 33 13 19036 
11 56 47 12 19036 
11 57 3 13 19036 
11 57 17 12 19036 
11 57 33 13 19036 
11 57 47 12 19036 
11 58 3 13 19036 
11 58 17 12 19036 
11 58 33 13 19036 
11 58 47 12 19036 
11 59 3 13 19036 
11 59 17 12 19036 
11 59 33 13 19036 
11 59 47 12 19036 
12 0 3 13 19036 
12 0 17 12 19036 
12 0 33 13 19036 
12 0 47 12 19036 
12 1 3 13 19036 
12 3 33 13 19036 
12 3 47 12 19036 
12 4 3 13 19036 
12 4 17 12 19036 
12 4 33 13 19036 
12 4 47 12 19036 
12 5 3 13 19036 
12 5 17 12 19036 
12 5 33 13 19036 
12 5 47 12 19036 
12 6 3 13 19036 
12 6 17 12 19036 
12 6 33 13 19036 
12 6 47 12 19036 
12 7 3 13 19036 
12 7 17 12 19036 
12 7 33 13 19036 
12 7 47 12 19036 
12 8 3 13 19036 
12 8 17 12 19036 
12 8 33 13 19036 
12 8 47 12 19036 
12 9 3 13 19036 
12 9 17 12 19036 
12 9 33 13 19036 
12 9 47 12 19036 
12 10 3 13 19036 
12 10 17 12 19036 
12 10 33 13 19036 
12 10 47 12 19036 
12 11 3 13 19036 
12 11 17 12 19036 
12 11 33 13 19036 
12 11 47 12 19036 
12 12 3 13 19036 
12 12 17 12 19036 
12 12 33 13 19036 
12 12 47 12 19036 
12 13 3 13 19036 
12 13 17 12 19036 
12 13 33 13 19036 
12 13 47 12 19036 
12 14 3 13 19036 
12 14 17 12 19036 
12 14 33 13 19036 
12 14 47 12 19036 
12 15 3 13 19036 
12 15 17 12 19036 
12 15 33 13 19036 
12 15 47 12 19036 
12 16 3 13 19036 
12 16 17 12 19036 
12 16 33 13 19036 
12 16 47 12 19036 
12 17 3 13 19036 
12 17 17 12 19036 
12 17 33 13 19036 
12 17 47 12 19036 
12 18 3 13 19036 
12 20 33 13 19036 
12 20 47 12 19036 
12 21 3 13 19036 
12 21 17 12 19036 
12 21 33 13 19036 
12 21 47 12 19036 
12 22 3 13 19036 
12 22 17 12 19036 
12 22 33 13 19036 
12 22 47 12 19036 
12 23 3 13 19036 
12 23 17 12 19036 
12 23 33 13 19036 
12 23 47 12 19036 
12 24 3 13 19036 
12 24 17 12 19036 
12 24 33 13 19036 
12 24 47 12 19036 
12 25 3 13 19036 
12 25 17 12 19036 
12 25 33 13 19036 
12 25 47 12 19036 
12 26 3 13 19036 
12 26 17 12 19036 
12 26 33 13 19036 
12 26 47 12 19036 
12 27 3 13 19036 
12 27 17 12 19036 
12 27 33 13 19036 
12 27 47 12 19036 
12 28 3 13 19036 
12 28 17 12 19036 
12 28 33 13 19036 
12 28 47 12 19036 
12 29 3 13 19036 
12 29 17 12 19036 
12 29 33 13 19036 
12 29 47 12 19036 
12 30 3 13 19036 
12 30 17 12 19036 
12 30 33 13 19036 
12 30 47 12 19036 
12 31 3 13 19036 
12 31 17 12 19036 
12 31 33 13 19036 
12 31 47 12 19036 
12 32 3 13 19036 
12 32 17 12 19036 
12 32 33 13 19036 
12 32 47 12 19036 
12 33 3 13 19036 
12 33 17 12 19036 
12 33 33 13 19036 
12 33 48 12 19036 
12 34 3 13 19036 
12 34 18 12 19036 
12 34 33 13 19036 
12 34 48 12 19036 
12 35 3 13 19036 
12 37 34 13 19036 
12 37 49 12 19036 
12 38 4 13 19036 
12 38 19 12 19036 
12 38 34 13 19036 
12 38 49 12 19036 
12 39 4 13 19036 
12 39 19 12 19036 
12 39 34 13 19036 
12 39 49 12 19036 
12 40 4 13 18975 
12 40 19 12 19036 
12 40 34 13 19036 
12 40 49 12 19036 
12 41 4 13 19036 
12 41 19 12 19036 
12 41 34 13 19036 
12 41 49 12 19036 
12 42 4 13 19036 
12 42 19 12 19036 
12 42 34 13 19036 
12 42 49 12 19036 
12 43 4 13 19036 
12 43 19 12 19036 
12 43 34 13 19036 
12 43 49 12 19036 
12 44 4 13 19036 
12 44 19 12 19036 
12 44 34 13 19036 
12 44 49 12 19036 
12 45 4 13 19036 
12 45 19 12 19036 
12 45 34 13 19036 
12 45 49 12 19036 
12 46 4 13 19036 
12 46 19 12 19036 
12 46 34 13 19036 
12 46 49 12 19036 
12 47 4 13 19036 
12 47 19 12 19036 
12 47 34 13 19036 
12 47 49 12 19036 
12 48 4 13 19036 
12 48 19 12 19036 
12 48 34 13 19036 
12 48 49 12 19036 
12 49 4 13 19036 
12 49 19 12 19036 
12 49 34 13 19036 
12 49 49 12 19036 
12 50 4 13 19036 
12 50 19 12 19036 
12 50 34 13 19036 
12 50 49 12 19036 
12 51 4 13 19036 
12 51 19 12 19036 
12 51 34 13 19036 
12 51 49 12 19036 
12 52 4 13 19036 
12 54 34 13 19036 
12 54 49 12 19036 
12 55 4 13 19036 
12 55 19 12 19036 
12 55 34 13 19036 
12 55 49 12 19036 
12 56 4 13 19036 
12 56 19 12 19036 
12 56 34 13 19036 
12 56 49 12 19036 
12 57 4 13 19036 
12 57 19 12 19036 
12 57 34 13 19036 
12 57 49 12 19036 
12 58 4 13 19036 
12 58 19 12 19036 
12 58 34 13 19036 
12 58 49 12 19036 
12 59 4 13 19036 
12 59 19 12 19036 
12 59 34 13 19036 
12 59 49 12 19036 
13 0 4 13 19036 
13 0 19 12 19036 
13 0 34 13 19036 
13 0 49 12 19036 
13 1 4 13 19036 
13 1 19 12 19036 
13 1 34 13 19036 
13 1 49 12 19036 
13 2 4 13 19036 
13 2 19 12 19036 
13 2 34 13 19036 
13 2 49 12 19036 
13 3 4 13 19036 
13 3 19 12 19036 
13 3 34 13 19036 
13 3 49 12 19036 
13 4 4 13 19036 
13 4 19 12 19036 
13 4 34 13 19036 
13 4 49 12 19036 
13 5 4 13 19036 
13 5 19 12 19036 
13 5 34 13 19036 
13 5 49 12 19036 
13 6 4 13 19036 
13 6 19 12 19036 
13 6 34 13 19036 
13 6 49 12 19036 
13 7 4 13 19036 
13 7 19 12 19036 
13 7 34 13 19036 
13 7 49 12 19036 
13 8 4 13 19036 
13 8 19 12 19036 
13 8 34 13 19036 
13 8 49 12 19036 
13 9 4 13 19036 
13 11 34 13 19036 
13 11 49 12 19036 
13 12 4 13 19036 
13 12 19 12 19036 
13 12 34 13 19036 
13 12 49 12 19036 
13 13 4 13 19036 
13 13 19 12 19036 
13 13 34 13 19036 
13 13 49 12 19036 
13 14 4 13 19036 
13 14 19 12 19036 
13 14 34 13 19036 
13 14 49 12 19036 
13 15 4 13 19036 
13 15 19 12 19036 
13 15 34 13 19036 
13 15 49 12 19036 
13 16 4 13 19036 
13 16 19 12 19036 
13 16 34 13 19036 
13 16 49 12 19036 
13 17 4 13 19036 
13 17 19 12 19036 
13 17 34 13 19036 
13 17 49 12 19036 
13 18 4 13 19036 
13 18 19 12 19036 
13 18 34 13 19036 
13 18 49 12 19036 
13 19 4 13 19036 
13 19 19 12 19036 
13 19 34 13 19036 
13 19 49 12 19036 
13 20 4 13 19036 
13 20 19 12 19036 
13 20 34 13 19036 
13 20 49 12 19036 
13 21 4 13 19036 
13 21 19 12 19036 
13 21 34 13 19036 
13 21 49 12 19036 
13 22 4 13 19036 
13 22 19 12 19036 
13 22 34 13 19036 
13 22 49 12 19036 
13 23 4 13 19036 
13 23 19 12 19036 
13 23 34 13 19036 
13 23 49 12 19036 
13 24 4 13 19036 
13 24 19 12 19036 
13 24 34 13 19036 
13 24 49 12 19036 
13 25 4 13 19036 
13 25 19 12 19036 
13 25 34 13 19036 
13 25 49 12 19036 
13 26 4 13 19036 
13 28 36 13 19036 
13 28 50 12 19036 
13 29 6 13 19036 
13 29 20 12 19036 
13 29 36 13 19036 
13 29 50 12 19036 
13 30 6 13 19036 
13 30 20 12 19036 
13 30 36 13 19036 
13 30 50 12 19036 
13 31 6 13 19036 
13 31 20 12 19036 
13 31 36 13 19036 
13 31 50 12 19036 
13 32 6 13 19036 
13 32 20 12 19036 
13 32 36 13 19036 
13 32 50 12 18975 
13 33 6 13 19036 
13 33 20 12 19036 
13 33 36 13 19036 
13 33 50 12 19036 
13 34 6 13 19036 
13 34 20 12 19036 
13 34 36 13 19036 
13 34 50 12 19036 
13 35 6 13 19036 
13 35 20 12 19036 
13 35 36 13 19036 
13 35 50 12 19036 
13 36 6 13 19036 
13 36 20 12 19036 
13 36 36 13 19036 
13 36 50 12 19036 
13 37 6 13 19036 
13 37 20 12 19036 
13 37 36 13 19036 
13 37 50 12 19036 
13 38 6 13 19036 
13 38 20 12 19036 
13 38 36 13 19036 
13 38 50 12 19036 
13 39 6 13 19036 
13 39 20 12 19036 
13 39 36 13 19036 
13 39 50 12 19036 
13 40 6 13 19036 
13 40 20 12 19036 
13 40 36 13 19036 
13 40 50 12 19036 
13 41 6 13 19036 
13 41 20 12 19036 
13 41 36 13 19036 
13 41 50 12 19036 
13 42 6 13 19036 
13 42 20 12 19036 
13 42 36 13 19036 
13 42 50 12 19036 
13 43 6 13 19036 
13 45 36 13 19036 
13 45 50 12 19036 
13 46 6 13 19036 
13 46 20 12 19036 
13 46 36 13 19036 
13 46 50 12 19036 
13 47 6 13 19036 
13 47 20 12 19036 
13 47 36 13 19036 
13 47 50 12 19036 
13 48 6 13 19036 
13 48 20 12 19036 
13 48 36 13 19036 
13 48 50 12 19036 
13 49 6 13 19036 
13 49 20 12 19036 
13 49 36 13 19036 
13 49 50 12 19036 
13 50 6 13 19036 
13 50 20 12 19036 
13 50 36 13 19036 
13 50 50 12 19036 
13 51 6 13 19036 
13 51 20 12 19036 
13 51 36 13 19036 
13 51 50 12 19036 
13 52 6 13 19036 
13 52 20 12 19036 
13 52 36 13 19036 
13 52 50 12 19036 
13 53 6 13 19036 
13 53 20 12 19036 
13 53 36 13 19036 
13 53 50 12 19036 
13 54 6 13 19036 
13 54 20 12 19036 
13 54 36 13 19036 
13 54 50 12 19036 
13 55 6 13 19036 
13 55 20 12 19036 
13 55 36 13 19036 
13 55 50 12 19036 
13 56 6 13 19036 
13 56 20 12 19036 
13 56 36 13 19036 
13 56 50 12 19036 
13 57 6 13 19036 
13 57 20 12 19036 
13 57 36 13 19036 
13 57 50 12 19036 
13 58 6 13 19036 
13 58 20 12 19036 
13 58 36 13 19036 
13 58 50 12 19036 
13 59 6 13 19036 
13 59 20 12 19036 
13 59 36 13 19036 
13 59 50 12 19036 
14 0 6 13 19036 
14 2 36 13 19036 
14 2 50 12 19036 
14 3 6 13 19036 
14 3 20 12 19036 
14 3 36 13 19036 
14 3 50 12 19036 
14 4 6 13 19036 
14 4 20 12 19036 
14 4 36 13 19036 
14 4 50 12 19036 
14 5 6 13 19036 
14 5 20 12 19036 
14 5 36 13 19036 
14 5 50 12 19036 
14 6 6 13 19036 
14 6 20 12 19036 
14 6 36 13 19036 
14 6 50 12 19036 
14 7 6 13 19036 
14 7 20 12 19036 
14 7 36 13 19036 
14 7 50 12 19036 
14 8 6 13 19036 
14 8 20 12 19036 
14 8 36 13 19036 
14 8 50 12 19036 
14 9 6 13 19036 
14 9 20 12 19036 
14 9 36 13 19036 
14 9 50 12 19036 
14 10 6 13 19036 
14 10 20 12 19036 
14 10 36 13 19036 
14 10 50 12 19036 
14 11 6 13 19036 
14 11 20 12 19036 
14 11 36 13 19036 
14 11 50 12 19036 
14 12 6 13 19036 
14 12 20 12 19036 
14 12 36 13 19036 
14 12 50 12 19036 
14 13 6 13 19036 
14 13 20 12 19036 
14 13 36 13 19036 
14 13 50 12 19036 
14 14 6 13 19036 
14 14 20 12 19036 
14 14 36 13 19036 
14 14 50 12 19036 
14 15 6 13 19036 
14 15 20 12 19036 
14 15 36 13 19036 
14 15 50 12 19036 
14 16 6 13 19036 
14 16 20 12 19036 
14 16 36 13 19036 
14 16 50 12 19036 
14 17 6 13 19036 
14 19 37 13 19036 
14 19 51 12 19036 
14 20 7 13 19036 
14 20 21 12 19036 
14 20 37 13 19036 
14 20 51 12 19036 
14 21 7 13 19036 
14 21 21 12 19036 
14 21 37 13 19036 
14 21 51 12 19036 
14 22 7 13 19036 
14 22 21 12 19036 
14 22 37 13 19036 
14 22 51 12 19036 
14 23 7 13 19036 
14 23 21 12 19036 
14 23 37 13 19036 
14 23 51 12 19036 
14 24 7 13 19036 
14 24 21 12 19036 
14 24 37 13 19036 
14 24 51 12 19036 
14 25 7 13 19036 
14 25 21 12 19036 
14 25 37 13 19036 
14 25 51 12 19036 
14 26 7 13 19036 
14 26 21 12 19036 
14 26 37 13 19036 
14 26 51 12 19036 
14 27 7 13 19036 
14 27 21 12 19036 
14 27 37 13 19036 
14 27 51 12 19036 
14 28 7 13 19036 
14 28 21 12 19036 
14 28 37 13 19036 
14 28 51 12 19036 
14 29 7 13 19036 
14 29 21 12 19036 
14 29 37 13 19036 
14 29 51 12 19036 
14 30 7 13 19036 
14 30 21 12 19036 
14 30 37 13 19036 
14 30 51 12 19036 
14 31 7 13 19036 
14 31 21 12 19036 
14 31 37 13 19036 
14 31 51 12 19036 
14 32 7 13 19036 
14 32 21 12 19036 

/> 
read_ramp 10241311
read_ramp 10241311
<CR>Time:2021/10/24 14:19Ramp data first polarity: 
196 196 196 196 196 195 196 196 196 197 195 196 196 196 195 196 195 197 197 196 196 196 195 196 196 196 196 195 196 196 195 195 196 196 197 197 196 196 196 197 196 196 197 197 196 196 196 196 196 196 196 196 196 196 196 196 196 196 196 197 197 196 195 195 196 197 200 201 204 207 208 212 218 219 222 225 227 228 229 231 233 234 237 239 240 242 243 245 247 249 251 253 254 257 258 259 262 263 265 267 269 272 273 274 276 278 280 281 283 285 287 288 290 292 293 297 298 299 302 303 305 306 308 309 311 313 317 318 319 320 322 325 326 328 330 332 333 335 336 338 340 342 344 346 347 349 350 353 354 356 358 360 362 363 364 367 368 369 371 373 375 376 378 381 382 384 385 387 389 390 392 393 396 397 399 401 403 404 405 408 409 410 412 414 416 418 419 420 422 424 425 428 429 431 431 434 436 437 438 441 441 444 446 446 448 450 451 454 455 457 459 460 462 464 464 466 467 470 472 473 474 475 477 479 481 482 485 486 487 489 490 493 493 495 497 499 499 501 502 504 505 506 507 508 508 507 507 507 507 507 509 508 509 507 507 508 507 507 507 508 508 507 507 507 507 507 507 508 508 508 507 506 508 507 507 507 507 507 508 507 507 506 507 508 508 508 508 507 507 507 507 507 507 507 508 507 507 508 507 507 507 507 508 508 507 508 507 507 507 507 508 507 507 507 507 508 507 507 507 508 
ramp data second polarity
816 816 816 816 817 817 817 816 816 816 817 817 817 816 817 817 816 816 816 816 816 816 817 816 816 817 816 817 817 817 816 817 817 815 816 816 816 817 816 817 817 816 816 815 816 816 817 817 817 816 816 816 816 816 817 816 817 817 816 816 816 816 815 816 806 813 811 806 802 801 797 794 791 788 786 783 781 781 779 777 776 774 773 771 767 767 765 763 761 760 758 757 754 753 750 750 747 745 743 742 740 738 737 734 733 731 730 727 726 724 722 721 718 716 715 714 712 710 708 706 705 702 700 700 697 696 694 691 690 688 687 685 683 682 680 678 676 674 672 671 669 668 667 663 661 660 658 657 656 653 653 650 648 647 644 643 642 639 638 637 634 633 630 629 628 626 624 623 620 619 617 615 613 612 611 609 607 605 604 601 600 598 597 596 594 592 590 588 588 586 584 582 581 578 578 576 574 572 570 570 568 566 564 562 560 559 557 556 554 553 551 550 548 546 544 544 542 540 538 537 535 533 532 530 529 526 526 524 522 521 519 517 517 515 513 511 510 508 507 506 505 504 505 505 505 505 505 504 505 504 506 506 505 505 505 505 504 505 505 506 505 505 505 505 504 505 505 506 505 505 505 504 505 505 505 505 505 506 505 504 505 505 505 505 505 505 505 505 505 505 505 505 505 506 504 504 505 505 506 505 505 506 505 505 505 505 505 505 505 506 505 505 504 505 505 504 505 505 506 506 
Oscillation data first polarity :
812 811 807 803 801 797 794 792 788 788 785 782 781 780 779 776 774 772 771 769 767 765 763 761 760 759 757 755 752 751 749 747 746 745 742 742 738 737 735 733 732 730 727 727 725 722 721 719 718 715 714 713 711 708 706 705 703 701 699 698 697 695 692 691 688 687 685 684 682 681 678 676 674 673 671 670 667 666 665 662 660 659 656 655 654 652 651 648 646 646 643 642 640 638 637 635 633 631 629 628 626 625 623 622 620 618 616 615 612 611 610 609 606 605 603 601 600 598 597 594 593 592 589 587 586 584 583 581 580 578 576 573 573 571 569 568 566 566 564 561 559 558 556 555 553 552 550 548 547 546 543 542 541 538 538 536 533 532 530 530 528 526 525 523 521 520 518 516 514 513 511 510 510 507 506 505 505 505 504 505 505 505 505 503 505 505 505 505 506 505 505 504 505 505 505 505 505 506 505 505 505 505 505 506 506 506 504 505 505 505 505 505 504 506 506 505 505 504 504 505 505 506 505 504 505 505 505 505 505 505 505 505 505 505 505 504 505 505 505 505 505 505 504 505 505 505 505 506 506 505 504 505 505 505 505 506 505 504 505 505 505 505 504 505 505 505 505 505 505 505 505 505 505 506 505 505 505 505 505 505 506 506 505 505 505 505 506 505 504 506 506 505 505 505 505 505 505 505 506 505 505 505 505 505 506 505 505 505 505 505 505 505 505 505 506 505 505 506 505 505 
Oscillation data second polarity :
200 201 205 209 213 215 218 222 224 226 228 229 231 233 234 237 237 240 242 242 245 247 248 251 252 254 257 257 259 261 263 264 266 268 270 272 273 276 277 279 281 283 285 287 288 290 291 293 295 297 299 301 303 304 306 307 310 311 313 315 317 319 320 321 323 325 328 329 331 332 334 336 338 340 341 343 346 347 348 350 352 354 355 357 359 361 363 363 366 367 369 371 372 375 377 378 379 381 382 385 388 388 390 392 393 395 397 399 400 402 404 406 406 408 410 411 413 415 417 419 419 422 423 425 427 428 430 433 434 435 436 438 440 442 443 445 447 447 450 451 453 454 456 458 460 461 462 464 466 468 469 470 473 474 475 477 478 480 481 484 485 487 489 489 491 493 494 496 498 500 501 502 503 505 506 506 507 508 508 507 507 508 507 507 507 507 508 509 507 507 507 507 507 507 508 508 507 509 507 507 507 507 507 507 507 507 507 507 508 507 508 507 508 507 507 507 507 507 507 507 508 508 507 507 507 507 507 507 508 508 507 507 507 507 507 508 507 507 508 507 507 507 507 507 507 507 508 508 507 507 507 508 507 507 508 507 507 508 508 507 507 508 507 508 507 507 507 507 508 508 507 507 507 507 507 507 507 507 507 508 507 508 507 507 508 507 507 507 506 508 508 507 507 507 507 507 507 508 508 507 507 507 507 507 507 507 509 508 507 507 507 508 508 507 508 508 507 508 506 507 
/> 