ls
ls
<CR>
         TIME          Size       File name 
----A 2021/10/23 14:31      6288  1023
----A 2021/10/23 11:38    128000  10231123
----A 2021/10/23 11:55    128000  10231140
----A 2021/10/23 12:14    128000  10231157
----A 2021/10/23 12:31    128000  10231214
----A 2021/10/23 12:46    128000  10231231
----A 2021/10/23 13:03    128000  10231248
----A 2021/10/23 13:22    128000  10231305
----A 2021/10/23 13:39    128000  10231322
----A 2021/10/23 13:54    128000  10231339
----A 2021/10/23 14:11    128000  10231356
----A 2021/10/23 14:30    128000  10231413
----A 2021/10/23 14:30      2560  10231430
----A 2021/10/24 14:32      7472  1024
----A 2021/10/24 10:54    128000  10241037
----A 2021/10/24 11:11    128000  10241054
----A 2021/10/24 11:26    128000  10241111
----A 2021/10/24 11:43    128000  10241128
----A 2021/10/24 12:02    128000  10241145
----A 2021/10/24 12:19    128000  10241202
----A 2021/10/24 12:35    128000  10241219
----A 2021/10/24 12:51    128000  10241236
----A 2021/10/24 13:11    128000  10241253
----A 2021/10/24 13:27    128000  10241310
----A 2021/10/24 13:43    128000  10241327
----A 2021/10/24 13:59    128000  10241344
----A 2021/10/24 14:19    128000  10241401
----A 2021/10/24 14:19      2560  10241418
----A 2021/10/25 14:55      8432  1025
----A 2021/10/25 10:27    128000  10251011
----A 2021/10/25 10:43    128000  10251028
----A 2021/10/25 11:03    128000  10251045
----A 2021/10/25 11:19    128000  10251102
----A 2021/10/25 11:35    128000  10251119
----A 2021/10/25 11:51    128000  10251136
----A 2021/10/25 12:11    128000  10251153
----A 2021/10/25 12:27    128000  10251210
----A 2021/10/25 12:43    128000  10251227
----A 2021/10/25 12:59    128000  10251244
----A 2021/10/25 13:19    119040  10251301
----A 2021/10/25 14:07    128000  10251349
----A 2021/10/25 14:23    128000  10251406
----A 2021/10/25 14:39    128000  10251423
----A 2021/10/25 14:43      2560  10251440
----A 2021/10/26 14:43      8960  1026
----A 2021/10/26 09:55    128000  10260939
----A 2021/10/26 10:11    128000  10260956
----A 2021/10/26 10:29    128000  10261013
----A 2021/10/26 10:45    128000  10261030
----A 2021/10/26 11:03    128000  10261047
----A 2021/10/26 11:19    128000  10261104
----A 2021/10/26 11:37    128000  10261121
----A 2021/10/26 11:53    128000  10261138
----A 2021/10/26 12:11    128000  10261155
----A 2021/10/26 12:27    128000  10261212
----A 2021/10/26 12:45    128000  10261229
----A 2021/10/26 13:01    128000  10261246
----A 2021/10/26 13:19    128000  10261303
----A 2021/10/26 13:35    128000  10261320
----A 2021/10/26 13:53    128000  10261337
----A 2021/10/26 14:09    128000  10261354
----A 2021/10/26 14:27    128000  10261411
----A 2021/10/26 14:43    128000  10261428
----A 2021/10/26 14:45      2560  10261445

  64 File(s),   7200432 bytes total
   0 Dir(s),     993280K bytes free

/> 
read 1026
read 1026
<CR>Time:2021/10/26 14:45
Hours Minutes Seconds  Nb_Samples    Aver. Current 
9 23 3 12 13411 
9 23 18 13 16371 
9 23 33 12 17096 
9 23 48 13 17157 
9 24 3 12 17036 
9 24 18 13 17096 
9 24 33 12 17036 
9 24 48 13 17096 
9 25 3 12 17036 
9 25 18 13 17036 
9 25 33 12 17036 
9 25 48 13 17036 
9 26 3 12 17036 
9 26 18 13 17036 
9 26 33 12 17036 
9 26 48 13 17036 
9 27 3 12 17096 
9 27 18 13 17036 
9 27 33 12 17036 
9 27 48 13 17036 
9 28 3 12 17036 
9 28 18 13 17036 
9 28 33 12 17036 
9 28 48 13 17036 
9 29 3 12 17036 
9 29 18 13 17036 
9 29 33 12 17036 
9 29 48 13 17036 
9 30 3 12 17036 
9 30 18 13 17036 
9 30 33 12 17036 
9 30 48 13 17036 
9 31 3 12 17036 
9 31 18 13 17036 
9 31 33 12 17036 
9 31 48 13 17036 
9 32 3 12 17036 
9 32 18 13 17036 
9 32 33 12 17036 
9 32 48 13 17036 
9 33 3 12 17036 
9 33 18 13 17036 
9 33 33 12 17036 
9 33 48 13 17036 
9 34 3 12 17036 
9 34 18 13 17036 
9 34 33 12 17036 
9 34 48 13 17036 
9 35 3 12 17036 
9 35 18 13 17036 
9 35 33 12 17036 
9 35 48 13 17036 
9 36 3 12 17036 
9 36 18 13 17036 
9 36 33 12 17036 
9 36 48 13 17036 
9 37 3 12 17036 
9 37 18 13 17036 
9 39 49 12 17036 
9 40 5 13 17036 
9 40 19 12 17036 
9 40 35 13 17036 
9 40 49 12 17036 
9 41 5 13 17036 
9 41 19 12 17036 
9 41 35 13 17036 
9 41 49 12 17036 
9 42 5 13 17036 
9 42 19 12 17036 
9 42 35 13 17036 
9 42 49 12 17036 
9 43 5 13 17036 
9 43 19 12 17036 
9 43 35 13 17036 
9 43 49 12 17036 
9 44 5 13 17036 
9 44 19 12 17036 
9 44 35 13 17036 
9 44 49 12 17036 
9 45 5 13 17036 
9 45 19 12 17036 
9 45 35 13 17036 
9 45 49 12 17036 
9 46 5 13 17036 
9 46 19 12 17036 
9 46 35 13 17036 
9 46 49 12 17036 
9 47 5 13 17036 
9 47 19 12 17036 
9 47 35 13 17036 
9 47 49 12 17036 
9 48 5 13 17036 
9 48 19 12 17036 
9 48 35 13 17036 
9 48 49 12 17036 
9 49 5 13 17036 
9 49 19 12 17036 
9 49 35 13 17036 
9 49 49 12 17036 
9 50 5 13 17036 
9 50 19 12 17036 
9 50 35 13 17036 
9 50 49 12 17036 
9 51 5 13 17036 
9 51 19 12 17036 
9 51 35 13 17036 
9 51 49 12 17036 
9 52 5 13 17036 
9 52 19 12 17036 
9 52 35 13 17036 
9 52 49 12 17036 
9 53 5 13 17036 
9 53 19 12 17036 
9 53 35 13 17036 
9 53 49 12 17036 
9 54 5 13 17036 
9 54 19 12 17036 
9 56 49 12 17036 
9 57 5 13 17036 
9 57 19 12 17036 
9 57 35 13 17036 
9 57 49 12 17036 
9 58 5 13 17036 
9 58 19 12 17036 
9 58 35 13 17036 
9 58 49 12 17036 
9 59 5 13 17036 
9 59 19 12 17036 
9 59 35 13 17036 
9 59 49 12 17036 
10 0 5 13 17036 
10 0 19 12 17036 
10 0 35 13 17036 
10 0 49 12 17036 
10 1 5 13 17036 
10 1 19 12 17036 
10 1 35 13 17036 
10 1 49 12 17036 
10 2 5 13 17036 
10 2 19 12 17036 
10 2 35 13 17036 
10 2 49 12 17036 
10 3 5 13 17036 
10 3 19 12 17036 
10 3 35 13 17036 
10 3 49 12 17036 
10 4 5 13 17036 
10 4 19 12 17036 
10 4 35 13 17036 
10 4 49 12 17036 
10 5 5 13 17036 
10 5 19 12 17036 
10 5 35 13 17036 
10 5 49 12 17036 
10 6 5 13 17036 
10 6 19 12 17036 
10 6 35 13 16975 
10 6 49 12 17036 
10 7 5 13 17036 
10 7 19 12 17036 
10 7 35 13 17036 
10 7 49 12 17036 
10 8 5 13 17036 
10 8 19 12 17036 
10 8 35 13 16975 
10 8 49 12 17036 
10 9 5 13 17036 
10 9 19 12 16975 
10 9 35 13 16975 
10 9 49 12 17036 
10 10 5 13 16975 
10 10 19 12 17036 
10 10 35 13 17036 
10 10 49 12 17036 
10 11 5 13 16975 
10 11 19 12 16975 
10 13 49 12 17036 
10 14 5 13 16975 
10 14 19 12 16975 
10 14 35 13 17036 
10 14 49 12 17036 
10 15 5 13 17036 
10 15 19 12 17036 
10 15 35 13 16975 
10 15 49 12 17036 
10 16 5 13 16975 
10 16 19 12 16975 
10 16 35 13 16975 
10 16 49 12 16975 
10 17 5 13 17036 
10 17 19 12 16975 
10 17 35 13 16975 
10 17 49 12 17036 
10 18 5 13 17036 
10 18 19 12 17036 
10 18 35 13 16975 
10 18 49 12 16975 
10 19 5 13 16975 
10 19 19 12 16975 
10 19 35 13 16975 
10 19 49 12 16975 
10 20 5 13 16975 
10 20 19 12 17036 
10 20 35 13 16975 
10 20 49 12 16975 
10 21 5 13 16975 
10 21 19 12 17036 
10 21 35 13 16975 
10 21 49 12 16975 
10 22 5 13 16975 
10 22 19 12 16975 
10 22 35 13 16975 
10 22 49 12 16975 
10 23 5 13 17036 
10 23 19 12 16975 
10 23 35 13 16975 
10 23 49 12 17036 
10 24 5 13 17036 
10 24 19 12 16975 
10 24 35 13 17036 
10 24 49 12 17036 
10 25 5 13 16975 
10 25 19 12 16975 
10 25 35 13 17036 
10 25 49 12 16975 
10 26 5 13 16975 
10 26 19 12 16975 
10 26 35 13 16975 
10 26 49 12 16975 
10 27 5 13 16975 
10 27 19 12 17036 
10 27 35 13 16975 
10 27 49 12 16975 
10 28 5 13 16975 
10 28 19 12 16975 
10 30 49 12 16975 
10 31 5 13 17036 
10 31 19 12 17036 
10 31 35 13 16975 
10 31 49 12 16975 
10 32 5 13 16975 
10 32 19 12 17036 
10 32 35 13 17036 
10 32 49 12 16975 
10 33 5 13 16975 
10 33 19 12 16975 
10 33 35 13 16975 
10 33 49 12 16975 
10 34 5 13 16975 
10 34 19 12 16975 
10 34 35 13 17036 
10 34 49 12 16975 
10 35 5 13 17036 
10 35 19 12 17036 
10 35 35 13 17036 
10 35 49 12 16975 
10 36 5 13 16975 
10 36 19 12 17036 
10 36 35 13 17036 
10 36 49 12 16975 
10 37 5 13 16975 
10 37 19 12 16975 
10 37 35 13 16975 
10 37 49 12 16975 
10 38 5 13 17036 
10 38 19 12 16975 
10 38 35 13 16975 
10 38 49 12 17036 
10 39 5 13 16975 
10 39 19 12 16975 
10 39 35 13 17036 
10 39 49 12 17036 
10 40 5 13 16975 
10 40 20 13 17036 
10 40 35 12 17036 
10 40 50 13 17036 
10 41 5 12 17036 
10 41 20 13 17036 
10 41 35 12 16975 
10 41 50 13 17036 
10 42 5 12 16975 
10 42 20 13 17036 
10 42 35 12 17036 
10 42 50 13 17036 
10 43 5 12 17036 
10 43 20 13 17036 
10 43 35 12 16975 
10 43 50 13 17036 
10 44 5 12 17036 
10 44 20 13 17036 
10 44 35 12 17036 
10 44 50 13 16975 
10 45 5 12 17036 
10 45 20 13 17036 
10 47 50 13 16975 
10 48 5 12 16975 
10 48 20 13 16975 
10 48 35 12 16975 
10 48 50 13 16975 
10 49 5 12 16975 
10 49 20 13 16975 
10 49 35 12 16975 
10 49 50 13 16975 
10 50 5 12 16975 
10 50 20 13 16975 
10 50 35 12 16975 
10 50 50 13 16975 
10 51 5 12 16975 
10 51 20 13 17036 
10 51 35 12 17036 
10 51 50 13 17036 
10 52 5 12 16975 
10 52 20 13 16975 
10 52 35 12 17036 
10 52 50 13 16975 
10 53 5 12 17036 
10 53 20 13 17036 
10 53 35 12 17036 
10 53 50 13 16975 
10 54 5 12 16975 
10 54 20 13 16975 
10 54 35 12 17036 
10 54 50 13 17036 
10 55 5 12 17036 
10 55 20 13 16975 
10 55 35 12 17036 
10 55 50 13 17036 
10 56 5 12 17036 
10 56 20 13 17036 
10 56 35 12 17036 
10 56 50 13 16975 
10 57 5 12 17036 
10 57 20 13 17036 
10 57 35 12 17036 
10 57 50 13 17036 
10 58 5 12 16975 
10 58 20 13 16975 
10 58 35 12 17036 
10 58 50 13 16975 
10 59 5 12 17036 
10 59 20 13 17036 
10 59 35 12 16975 
10 59 50 13 16975 
11 0 5 12 16975 
11 0 20 13 17036 
11 0 35 12 16975 
11 0 50 13 17036 
11 1 5 12 17036 
11 1 20 13 17036 
11 1 35 12 17036 
11 1 50 13 16975 
11 2 5 12 16975 
11 2 20 13 17036 
11 4 50 13 16975 
11 5 5 12 17036 
11 5 20 13 17036 
11 5 35 12 17036 
11 5 50 13 17036 
11 6 5 12 17036 
11 6 20 13 17036 
11 6 35 12 17036 
11 6 50 13 17036 
11 7 5 12 17036 
11 7 20 13 17036 
11 7 35 12 17036 
11 7 50 13 17036 
11 8 5 12 16975 
11 8 20 13 17036 
11 8 35 12 17036 
11 8 50 13 17036 
11 9 5 12 17036 
11 9 20 13 17036 
11 9 35 12 17036 
11 9 50 13 17036 
11 10 5 12 17036 
11 10 20 13 17036 
11 10 35 12 17036 
11 10 50 13 17036 
11 11 5 12 17036 
11 11 20 13 16975 
11 11 35 12 17036 
11 11 50 13 17036 
11 12 5 12 17036 
11 12 20 13 17036 
11 12 35 12 17036 
11 12 50 13 17036 
11 13 5 12 17036 
11 13 20 13 17036 
11 13 35 12 17036 
11 13 50 13 17036 
11 14 5 12 17036 
11 14 20 13 17036 
11 14 35 12 17036 
11 14 50 13 17036 
11 15 5 12 17036 
11 15 20 13 17036 
11 15 35 12 17036 
11 15 50 13 17036 
11 16 5 12 17036 
11 16 20 13 17036 
11 16 35 12 17036 
11 16 50 13 17036 
11 17 5 12 17036 
11 17 20 13 16975 
11 17 35 12 17036 
11 17 50 13 17036 
11 18 5 12 17036 
11 18 20 13 17036 
11 18 35 12 17036 
11 18 50 13 17036 
11 19 5 12 17036 
11 19 20 13 17036 
11 21 50 13 16975 
11 22 5 12 17036 
11 22 20 13 17036 
11 22 35 12 17036 
11 22 50 13 17036 
11 23 5 12 16975 
11 23 20 13 16975 
11 23 35 12 17036 
11 23 50 13 17036 
11 24 5 12 17036 
11 24 20 13 17036 
11 24 35 12 17036 
11 24 50 13 17036 
11 25 5 12 17036 
11 25 20 13 17036 
11 25 35 12 17036 
11 25 50 13 17036 
11 26 5 12 17036 
11 26 20 13 16975 
11 26 35 12 17036 
11 26 50 13 16975 
11 27 5 12 17036 
11 27 20 13 16975 
11 27 35 12 17036 
11 27 50 13 17036 
11 28 5 12 16975 
11 28 20 13 17036 
11 28 35 12 16975 
11 28 50 13 16975 
11 29 5 12 17036 
11 29 20 13 17036 
11 29 35 12 16975 
11 29 50 13 17036 
11 30 5 12 17036 
11 30 20 13 16975 
11 30 35 12 17036 
11 30 50 13 16975 
11 31 5 12 16975 
11 31 20 13 17036 
11 31 35 12 17036 
11 31 50 13 17036 
11 32 5 12 16975 
11 32 20 13 16975 
11 32 35 12 17036 
11 32 50 13 17036 
11 33 5 12 16975 
11 33 20 13 17036 
11 33 35 12 17036 
11 33 50 13 17036 
11 34 5 12 16975 
11 34 20 13 16975 
11 34 35 12 17036 
11 34 50 13 17036 
11 35 5 12 17036 
11 35 20 13 17036 
11 35 35 12 17036 
11 35 50 13 17036 
11 36 5 12 16975 
11 36 20 13 17036 
11 38 50 13 17036 
11 39 5 12 16975 
11 39 20 13 17036 
11 39 35 12 17036 
11 39 50 13 17036 
11 40 5 12 17036 
11 40 20 13 16975 
11 40 35 12 16975 
11 40 50 13 16975 
11 41 5 12 17036 
11 41 20 13 16975 
11 41 35 12 17036 
11 41 50 13 17036 
11 42 5 12 16975 
11 42 20 13 17036 
11 42 35 12 17036 
11 42 50 13 17036 
11 43 5 12 17036 
11 43 20 13 17036 
11 43 35 12 16975 
11 43 50 13 17036 
11 44 5 12 17036 
11 44 20 13 17036 
11 44 35 12 17036 
11 44 50 13 17036 
11 45 5 12 17036 
11 45 20 13 16975 
11 45 35 12 17036 
11 45 50 13 16975 
11 46 5 12 16975 
11 46 20 13 16975 
11 46 35 12 17036 
11 46 50 13 16975 
11 47 5 12 17036 
11 47 20 13 17036 
11 47 35 12 16975 
11 47 50 13 17036 
11 48 5 12 16975 
11 48 20 13 17036 
11 48 35 12 16975 
11 48 50 13 16975 
11 49 5 12 17036 
11 49 20 13 17036 
11 49 35 12 17036 
11 49 50 13 17036 
11 50 5 12 17036 
11 50 20 13 16975 
11 50 35 12 16975 
11 50 50 13 16975 
11 51 5 12 16975 
11 51 20 13 17036 
11 51 35 12 16975 
11 51 50 13 17036 
11 52 5 12 17036 
11 52 20 13 17036 
11 52 35 12 17036 
11 52 50 13 16975 
11 53 5 12 16975 
11 53 20 13 16975 
11 55 50 13 16975 
11 56 5 12 17036 
11 56 20 13 16975 
11 56 35 12 16975 
11 56 50 13 17036 
11 57 5 12 17036 
11 57 20 13 17036 
11 57 35 12 17036 
11 57 50 13 16975 
11 58 5 12 17036 
11 58 20 13 16975 
11 58 35 12 17036 
11 58 50 13 17036 
11 59 5 12 17036 
11 59 20 13 17036 
11 59 35 12 16975 
11 59 50 13 16975 
12 0 5 12 17036 
12 0 20 13 16975 
12 0 35 12 16975 
12 0 50 13 17036 
12 1 5 12 17036 
12 1 20 13 17036 
12 1 35 12 17036 
12 1 50 13 17036 
12 2 5 12 17036 
12 2 20 13 16975 
12 2 35 12 17036 
12 2 50 13 16975 
12 3 5 12 16975 
12 3 20 13 16975 
12 3 35 12 17036 
12 3 50 13 16975 
12 4 5 12 16975 
12 4 20 13 17036 
12 4 35 12 17036 
12 4 50 13 16975 
12 5 5 12 16975 
12 5 20 13 16975 
12 5 35 12 17036 
12 5 50 13 16975 
12 6 5 12 16975 
12 6 20 13 17036 
12 6 35 12 16975 
12 6 50 13 16975 
12 7 5 12 16975 
12 7 20 13 16975 
12 7 35 12 16975 
12 7 50 13 16975 
12 8 5 12 16975 
12 8 20 13 16975 
12 8 35 12 17036 
12 8 50 13 17036 
12 9 5 12 16975 
12 9 20 13 16975 
12 9 35 12 17036 
12 9 50 13 17036 
12 10 5 12 16975 
12 10 20 13 17036 
12 12 51 13 17036 
12 13 6 12 16975 
12 13 21 13 16975 
12 13 36 12 17036 
12 13 51 13 16975 
12 14 6 12 17036 
12 14 21 13 17036 
12 14 36 12 16975 
12 14 51 13 17036 
12 15 6 12 17036 
12 15 21 13 17036 
12 15 36 12 16975 
12 15 51 13 17036 
12 16 6 12 17036 
12 16 21 13 17036 
12 16 36 12 16975 
12 16 51 13 16975 
12 17 6 12 17036 
12 17 21 13 17036 
12 17 36 12 16975 
12 17 51 13 16975 
12 18 6 12 17036 
12 18 21 13 16975 
12 18 36 12 16975 
12 18 51 13 16975 
12 19 6 12 16975 
12 19 21 13 16975 
12 19 36 12 16975 
12 19 51 13 16975 
12 20 6 12 16975 
12 20 21 13 16975 
12 20 36 12 16975 
12 20 51 13 16975 
12 21 6 12 16975 
12 21 21 13 17036 
12 21 36 12 16975 
12 21 51 13 16975 
12 22 6 12 17036 
12 22 21 13 17036 
12 22 36 12 16975 
12 22 51 13 16975 
12 23 6 12 16975 
12 23 21 13 16975 
12 23 36 12 17036 
12 23 51 13 16975 
12 24 6 12 16975 
12 24 21 13 17036 
12 24 36 12 17036 
12 24 51 13 17036 
12 25 6 12 17036 
12 25 21 13 16975 
12 25 36 12 17036 
12 25 51 13 16975 
12 26 6 12 16975 
12 26 21 13 17036 
12 26 36 12 16975 
12 26 51 13 16975 
12 27 6 12 17036 
12 27 21 13 16975 
12 29 51 13 17036 
12 30 6 12 16975 
12 30 21 13 16975 
12 30 36 12 17036 
12 30 51 13 16975 
12 31 6 12 16975 
12 31 21 13 16975 
12 31 36 12 17036 
12 31 51 13 16975 
12 32 6 12 17036 
12 32 21 13 17036 
12 32 36 12 16975 
12 32 51 13 17036 
12 33 6 12 16975 
12 33 21 13 16975 
12 33 36 12 16975 
12 33 51 13 17036 
12 34 6 12 16975 
12 34 21 13 17036 
12 34 36 12 16975 
12 34 51 13 17036 
12 35 6 12 16975 
12 35 21 13 17036 
12 35 36 12 16975 
12 35 51 13 17036 
12 36 6 12 16975 
12 36 21 13 16975 
12 36 36 12 16975 
12 36 51 13 16975 
12 37 6 12 16975 
12 37 21 13 16975 
12 37 36 12 16975 
12 37 51 13 16975 
12 38 6 12 16975 
12 38 21 13 16975 
12 38 36 12 17036 
12 38 51 13 17036 
12 39 6 12 17036 
12 39 21 13 16975 
12 39 36 12 16975 
12 39 51 13 16975 
12 40 6 12 16975 
12 40 21 13 16975 
12 40 36 12 16975 
12 40 51 13 16975 
12 41 6 12 17036 
12 41 21 13 17036 
12 41 36 12 17036 
12 41 51 13 16975 
12 42 6 12 16975 
12 42 21 13 16975 
12 42 36 12 16975 
12 42 51 13 17036 
12 43 6 12 17036 
12 43 21 13 16975 
12 43 36 12 16975 
12 43 51 13 16975 
12 44 6 12 17036 
12 44 21 13 17036 
12 46 51 13 16975 
12 47 6 12 16975 
12 47 21 13 16975 
12 47 36 12 16975 
12 47 51 13 16975 
12 48 6 12 16975 
12 48 21 13 16975 
12 48 36 12 16975 
12 48 51 13 16975 
12 49 6 12 16975 
12 49 21 13 16975 
12 49 36 12 17036 
12 49 51 13 16975 
12 50 6 12 16975 
12 50 21 13 16975 
12 50 36 12 16975 
12 50 51 13 16975 
12 51 6 12 16975 
12 51 21 13 16975 
12 51 36 12 16975 
12 51 51 13 16975 
12 52 6 12 16975 
12 52 21 13 16975 
12 52 36 12 16975 
12 52 51 13 16975 
12 53 6 12 16975 
12 53 21 13 16975 
12 53 36 12 16975 
12 53 51 13 16975 
12 54 6 12 16975 
12 54 21 13 16975 
12 54 36 12 16975 
12 54 51 13 16975 
12 55 6 12 16975 
12 55 21 13 16975 
12 55 36 12 16975 
12 55 51 13 16975 
12 56 6 12 16975 
12 56 21 13 16975 
12 56 36 12 16975 
12 56 51 13 16975 
12 57 6 12 16975 
12 57 21 13 16975 
12 57 36 12 16975 
12 57 51 13 16975 
12 58 6 12 16975 
12 58 21 13 16975 
12 58 36 12 16975 
12 58 51 13 16975 
12 59 6 12 16975 
12 59 21 13 16975 
12 59 36 12 16975 
12 59 51 13 16975 
13 0 6 12 16975 
13 0 21 13 16975 
13 0 36 12 16975 
13 0 51 13 16975 
13 1 6 12 16975 
13 1 21 13 16975 
13 3 53 13 16975 
13 4 7 12 16975 
13 4 23 13 16975 
13 4 37 12 16975 
13 4 53 13 17036 
13 5 7 12 16975 
13 5 23 13 16975 
13 5 37 12 16975 
13 5 53 13 16975 
13 6 7 12 16975 
13 6 23 13 16975 
13 6 37 12 16975 
13 6 53 13 16975 
13 7 7 12 16975 
13 7 23 13 16975 
13 7 37 12 16975 
13 7 53 13 16975 
13 8 7 12 16975 
13 8 23 13 16975 
13 8 37 12 16975 
13 8 53 13 16975 
13 9 7 12 16975 
13 9 23 13 17036 
13 9 37 12 16975 
13 9 53 13 16975 
13 10 7 12 16975 
13 10 23 13 16975 
13 10 37 12 16975 
13 10 53 13 16975 
13 11 7 12 16975 
13 11 23 13 16975 
13 11 37 12 16975 
13 11 53 13 16975 
13 12 7 12 16975 
13 12 23 13 16975 
13 12 37 12 16975 
13 12 53 13 16975 
13 13 7 12 16975 
13 13 23 13 16975 
13 13 37 12 16975 
13 13 53 13 16975 
13 14 7 12 16975 
13 14 23 13 17036 
13 14 37 12 16975 
13 14 53 13 16975 
13 15 7 12 16975 
13 15 23 13 16975 
13 15 37 12 16975 
13 15 53 13 16975 
13 16 7 12 16975 
13 16 23 13 16975 
13 16 37 12 16975 
13 16 53 13 16975 
13 17 7 12 16975 
13 17 23 13 16975 
13 17 37 12 16975 
13 17 53 13 16975 
13 18 7 12 16975 
13 18 23 13 16975 
13 20 53 13 16975 
13 21 7 12 17036 
13 21 23 13 16975 
13 21 37 12 16975 
13 21 53 13 16975 
13 22 7 12 16975 
13 22 23 13 16975 
13 22 37 12 16975 
13 22 53 13 16975 
13 23 7 12 16975 
13 23 23 13 16975 
13 23 37 12 16975 
13 23 53 13 16975 
13 24 7 12 16975 
13 24 23 13 16975 
13 24 37 12 16975 
13 24 53 13 16975 
13 25 7 12 16975 
13 25 23 13 16975 
13 25 37 12 16975 
13 25 53 13 16975 
13 26 7 12 16975 
13 26 23 13 16975 
13 26 37 12 16975 
13 26 53 13 16975 
13 27 7 12 16975 
13 27 23 13 16975 
13 27 37 12 17036 
13 27 53 13 16975 
13 28 7 12 16975 
13 28 23 13 16975 
13 28 37 12 16975 
13 28 53 13 16975 
13 29 7 12 16975 
13 29 23 13 16975 
13 29 37 12 16975 
13 29 53 13 16975 
13 30 7 12 16975 
13 30 23 13 16975 
13 30 37 12 16975 
13 30 53 13 16975 
13 31 7 12 16975 
13 31 23 13 16975 
13 31 37 12 16975 
13 31 53 13 16975 
13 32 7 12 16975 
13 32 23 13 16975 
13 32 37 12 17036 
13 32 53 13 16975 
13 33 7 12 16975 
13 33 23 13 16975 
13 33 37 12 16975 
13 33 53 13 16975 
13 34 7 12 16975 
13 34 23 13 16975 
13 34 37 12 16975 
13 34 53 13 16975 
13 35 7 12 16975 
13 35 23 13 16975 
13 37 53 13 16975 
13 38 7 12 16975 
13 38 23 13 16975 
13 38 37 12 16975 
13 38 53 13 16975 
13 39 7 12 16975 
13 39 23 13 16975 
13 39 37 12 16975 
13 39 53 13 16975 
13 40 7 12 16975 
13 40 23 13 16975 
13 40 37 12 16975 
13 40 53 13 16975 
13 41 7 12 16975 
13 41 23 13 16975 
13 41 37 12 16975 
13 41 53 13 16975 
13 42 7 12 16975 
13 42 23 13 16975 
13 42 37 12 16975 
13 42 53 13 16975 
13 43 7 12 16975 
13 43 23 13 16975 
13 43 37 12 16975 
13 43 53 13 16975 
13 44 7 12 16975 
13 44 23 13 16975 
13 44 37 12 16975 
13 44 53 13 16975 
13 45 7 12 16975 
13 45 23 13 16975 
13 45 37 12 16975 
13 45 53 13 16975 
13 46 7 12 16975 
13 46 23 13 16975 
13 46 37 12 16975 
13 46 53 13 16975 
13 47 7 12 16975 
13 47 23 13 16975 
13 47 37 12 16975 
13 47 53 13 16975 
13 48 7 12 16975 
13 48 23 13 16975 
13 48 37 12 16975 
13 48 53 13 16975 
13 49 7 12 16975 
13 49 23 13 16975 
13 49 37 12 16975 
13 49 53 13 16975 
13 50 7 12 16975 
13 50 23 13 16975 
13 50 37 12 16975 
13 50 53 13 16975 
13 51 7 12 16975 
13 51 23 13 16975 
13 51 37 12 16975 
13 51 53 13 16975 
13 52 7 12 16975 
13 52 23 13 16975 
13 54 54 13 16975 
13 55 8 12 16975 
13 55 24 13 16975 
13 55 38 12 16975 
13 55 54 13 16975 
13 56 8 12 16975 
13 56 24 13 16975 
13 56 38 12 16975 
13 56 54 13 16975 
13 57 8 12 16975 
13 57 24 13 16975 
13 57 38 12 16975 
13 57 54 13 16975 
13 58 8 12 16975 
13 58 24 13 16975 
13 58 38 12 16975 
13 58 54 13 16975 
13 59 8 12 16975 
13 59 24 13 16975 
13 59 38 12 16975 
13 59 54 13 16975 
14 0 8 12 16975 
14 0 24 13 16975 
14 0 38 12 16975 
14 0 54 13 16975 
14 1 8 12 16975 
14 1 24 13 16975 
14 1 38 12 16975 
14 1 54 13 16975 
14 2 8 12 16975 
14 2 24 13 16975 
14 2 38 12 16975 
14 2 54 13 16975 
14 3 8 12 16975 
14 3 24 13 16975 
14 3 38 12 16975 
14 3 54 13 16975 
14 4 8 12 16975 
14 4 24 13 16975 
14 4 38 12 16975 
14 4 54 13 16975 
14 5 8 12 16975 
14 5 24 13 16975 
14 5 38 12 16975 
14 5 54 13 16975 
14 6 8 12 16975 
14 6 24 13 16975 
14 6 38 12 16975 
14 6 54 13 16975 
14 7 8 12 16975 
14 7 24 13 16975 
14 7 38 12 16975 
14 7 54 13 16975 
14 8 8 12 16975 
14 8 24 13 16975 
14 8 38 12 16975 
14 8 54 13 16975 
14 9 8 12 16975 
14 9 24 13 16975 
14 11 54 13 16975 
14 12 8 12 16975 
14 12 24 13 16975 
14 12 38 12 16975 
14 12 54 13 16975 
14 13 8 12 16975 
14 13 24 13 16975 
14 13 38 12 16975 
14 13 54 13 16975 
14 14 8 12 16975 
14 14 24 13 16975 
14 14 38 12 16975 
14 14 54 13 16975 
14 15 8 12 16975 
14 15 24 13 16975 
14 15 38 12 16975 
14 15 54 13 16975 
14 16 8 12 16975 
14 16 24 13 16975 
14 16 38 12 16975 
14 16 54 13 16975 
14 17 8 12 16975 
14 17 24 13 16975 
14 17 38 12 16975 
14 17 54 13 16975 
14 18 8 12 16975 
14 18 24 13 16975 
14 18 38 12 16975 
14 18 54 13 16975 
14 19 8 12 16975 
14 19 24 13 16975 
14 19 38 12 16975 
14 19 54 13 16975 
14 20 8 12 16975 
14 20 24 13 16975 
14 20 38 12 16975 
14 20 54 13 16975 
14 21 8 12 16975 
14 21 24 13 16975 
14 21 38 12 16975 
14 21 54 13 16975 
14 22 8 12 16975 
14 22 24 13 16975 
14 22 38 12 16975 
14 22 54 13 16975 
14 23 8 12 16975 
14 23 24 13 16975 
14 23 38 12 16975 
14 23 54 13 16975 
14 24 8 12 16975 
14 24 24 13 16975 
14 24 38 12 16975 
14 24 54 13 16975 
14 25 8 12 16975 
14 25 24 13 16975 
14 25 38 12 16975 
14 25 54 13 16975 
14 26 8 12 16975 
14 26 24 13 16975 
14 28 54 13 16975 
14 29 8 12 16975 
14 29 24 13 16975 
14 29 38 12 16975 
14 29 54 13 16975 
14 30 8 12 16975 
14 30 24 13 16975 
14 30 38 12 16975 
14 30 54 13 16975 
14 31 8 12 16975 
14 31 24 13 16975 
14 31 38 12 16975 
14 31 54 13 16975 
14 32 8 12 16975 
14 32 24 13 16975 
14 32 38 12 16975 
14 32 54 13 16975 
14 33 8 12 16975 
14 33 24 13 16975 
14 33 38 12 16975 
14 33 54 13 16975 
14 34 8 12 16975 
14 34 24 13 16975 
14 34 38 12 16975 
14 34 54 13 16975 
14 35 8 12 16975 
14 35 24 13 16975 
14 35 38 12 16975 
14 35 54 13 16975 
14 36 8 12 16975 
14 36 24 13 16975 
14 36 38 12 16975 
14 36 54 13 16975 
14 37 8 12 16975 
14 37 24 13 16975 
14 37 38 12 16975 
14 37 54 13 16975 
14 38 8 12 16975 
14 38 24 13 16975 
14 38 38 12 16975 
14 38 54 13 17036 
14 39 8 12 16975 
14 39 24 13 17036 
14 39 38 12 16975 
14 39 54 13 16975 
14 40 8 12 16975 
14 40 24 13 16975 
14 40 38 12 16975 
14 40 54 13 16975 
14 41 8 12 16975 
14 41 24 13 16975 
14 41 38 12 16975 
14 41 54 13 16975 
14 42 8 12 16975 
14 42 24 13 16975 
14 42 38 12 16975 
14 42 54 13 16975 
14 43 8 12 16975 
14 43 24 13 16975 

/> 
read_ramp 10261303
read_ramp 10261303
<CR>Time:2021/10/26 14:45Ramp data first polarity: 
229 229 228 229 229 229 229 229 228 229 229 229 229 229 229 229 230 230 229 229 229 229 229 230 229 229 230 229 229 229 229 229 228 229 228 229 230 229 230 230 230 230 229 229 229 228 229 229 229 229 229 229 229 229 229 230 230 229 229 229 230 230 231 237 232 235 237 240 244 247 250 252 255 256 258 260 261 262 264 265 267 269 270 272 274 275 278 279 281 283 284 284 287 289 289 292 293 294 296 298 299 301 302 304 306 307 308 311 312 315 316 318 320 321 322 325 326 328 330 331 332 334 335 337 340 340 342 345 345 346 349 350 351 353 355 356 358 360 361 362 364 367 367 369 370 371 373 375 377 378 379 381 383 384 386 387 389 391 393 394 396 398 399 400 402 403 405 406 408 409 411 413 414 415 417 418 420 422 423 424 425 428 430 430 433 434 436 436 438 440 441 442 442 445 447 448 450 451 453 454 456 458 459 461 462 464 466 468 468 469 471 471 474 475 476 478 479 481 482 484 485 487 488 489 491 492 493 495 496 499 500 501 503 504 505 506 508 509 510 511 511 512 511 512 512 512 511 513 511 511 512 511 512 513 513 513 512 512 512 512 513 512 512 511 511 512 512 511 512 512 511 512 512 512 512 510 512 513 512 512 513 510 511 511 511 512 512 512 511 511 511 512 511 511 511 511 511 511 511 513 512 513 514 513 512 512 511 512 513 512 512 512 511 511 511 511 511 511 511 511 
ramp data second polarity
793 791 792 792 793 793 792 791 792 790 792 793 793 792 792 792 792 792 792 792 793 792 794 794 794 793 792 793 793 792 793 792 792 793 792 792 794 792 792 792 792 792 792 793 793 793 793 793 794 793 792 792 792 793 793 793 792 793 793 792 792 792 792 792 792 793 787 787 784 780 779 776 772 770 767 765 763 762 761 759 757 756 755 753 751 749 748 747 745 743 741 740 738 736 735 735 733 731 729 727 726 725 723 721 719 717 715 714 712 711 709 707 706 705 703 701 699 698 697 695 694 692 691 688 687 685 684 681 681 678 677 676 674 672 671 669 668 666 664 662 661 659 658 656 655 654 652 650 648 647 646 645 642 641 639 638 636 634 633 631 630 628 626 625 623 622 621 619 618 617 615 613 611 610 609 606 605 603 601 600 598 597 596 594 592 591 590 587 587 585 584 582 581 579 578 576 573 572 571 570 569 567 565 564 562 562 560 558 557 555 553 552 551 549 548 546 545 545 542 541 539 538 537 536 534 532 530 529 527 526 524 523 522 520 519 517 516 514 513 513 511 511 510 510 509 509 509 510 508 507 508 509 509 509 509 509 509 510 509 509 509 509 509 509 509 510 510 509 509 508 509 509 509 508 509 509 509 509 509 509 509 509 509 509 509 508 509 509 508 509 509 510 510 509 510 510 509 509 509 509 509 509 509 510 509 508 510 509 509 510 509 508 510 510 510 510 510 510 509 510 
Oscillation data first polarity :
788 785 783 780 778 774 770 769 766 765 764 763 762 759 757 756 753 753 751 750 747 746 744 743 741 740 738 737 735 734 731 731 728 726 727 725 723 721 719 717 716 714 713 711 709 707 705 703 702 701 699 697 695 694 692 691 689 687 687 685 684 681 681 678 676 676 673 672 670 669 668 665 664 663 661 659 657 656 654 653 651 649 648 646 645 643 642 641 638 637 635 634 632 631 629 628 626 624 622 620 620 618 617 614 614 612 610 609 608 607 605 603 602 600 597 597 596 594 592 590 589 588 586 584 583 581 580 578 577 576 574 572 572 570 569 567 566 564 562 561 560 558 557 555 554 552 551 549 547 546 544 543 541 540 539 537 535 534 533 532 529 529 527 526 524 523 522 520 519 517 515 514 513 512 511 510 510 509 509 509 510 509 509 509 510 511 510 509 509 509 510 509 510 509 509 509 510 509 509 509 509 509 510 509 509 509 509 509 510 509 510 510 510 509 510 510 509 510 509 509 510 511 510 509 509 510 509 510 509 509 509 509 510 510 510 509 510 509 509 510 509 509 509 509 509 509 509 509 510 509 510 509 509 510 509 509 510 510 509 510 509 509 509 509 509 509 510 509 509 509 509 510 510 510 510 509 510 510 509 509 509 510 510 510 510 510 509 510 510 509 509 510 509 510 510 509 510 509 509 509 509 509 509 509 509 510 510 510 510 510 510 509 509 509 510 509 509 509 509 510 
Oscillation data second polarity :
233 234 238 242 245 248 251 253 255 257 259 260 262 264 265 266 268 269 271 272 274 276 278 279 281 283 283 285 288 289 291 292 293 295 297 298 299 301 303 305 306 308 310 312 314 316 317 318 320 322 323 324 326 328 329 331 333 335 336 337 339 341 342 344 346 347 348 350 352 354 356 357 358 360 362 363 365 367 368 369 371 371 374 376 377 379 380 381 383 385 386 387 389 392 394 395 396 398 399 400 402 404 405 407 408 410 411 413 414 416 417 419 420 421 423 425 426 429 430 432 433 434 435 437 439 440 441 443 444 445 447 449 450 452 454 455 456 458 459 460 462 464 466 467 468 470 471 472 473 476 477 478 479 482 483 484 486 487 488 490 491 492 494 495 495 498 500 502 503 504 505 507 508 509 510 510 511 512 512 511 512 511 513 510 511 512 511 512 513 512 513 514 513 512 513 512 511 512 511 512 511 512 512 511 511 512 511 511 511 511 511 511 511 511 512 512 512 512 512 511 511 512 512 512 512 513 512 511 512 512 512 512 512 511 511 511 511 511 512 512 513 512 512 511 511 511 513 512 511 511 511 511 511 510 511 512 511 512 511 511 511 511 511 513 513 511 512 511 511 512 511 511 512 512 511 511 512 512 511 511 511 511 511 511 511 511 513 512 511 513 511 511 512 512 511 512 511 511 512 511 512 512 511 512 511 511 511 510 511 511 512 511 512 512 511 512 512 512 512 511 
/> 