230 0 229 230 14062 
229 0 229 229 14062 
228 0 229 229 14062 
230 0 230 230 14308 
235 0 239 242 15106 
249 0 252 254 15659 
1 1 3 260 16027 
8 1 9 267 16457 
13 1 15 272 16825 
20 1 21 280 17194 
27 1 29 285 17624 
32 1 34 292 17992 
39 1 41 299 18422 
45 1 47 305 18852 
52 1 54 311 19220 
59 1 60 317 19589 
64 1 67 325 19957 
72 1 73 330 20449 
77 1 79 337 20756 
84 1 85 344 21124 
90 1 91 349 21554 
97 1 98 356 21984 
103 1 104 362 22352 
109 1 110 368 22659 
116 1 117 374 23028 
121 1 123 381 23458 
127 1 129 388 23826 
133 1 136 392 24195 
140 1 142 399 24686 
146 1 148 405 24931 
151 1 153 411 25300 
158 1 160 417 25668 
163 1 166 423 26098 
170 1 171 430 26405 
175 1 177 435 26774 
181 1 183 441 27204 
188 1 189 446 27572 
193 1 195 452 27879 
200 1 201 458 28186 
205 1 207 464 28555 
211 1 212 471 28984 
216 1 218 475 29291 
222 1 223 481 29660 
229 1 230 487 29906 
233 1 235 492 30274 
239 1 242 498 30642 
244 1 246 503 30949 
250 1 251 507 31195 
252 1 252 508 31134 
251 1 248 508 31134 
252 1 252 508 31195 
251 1 251 508 31195 
252 1 250 508 31134 
251 1 251 507 31134 
251 1 251 508 31134 
252 1 252 506 31134 
251 1 250 507 31134 
251 1 252 508 31134 
251 1 251 507 31134 
253 1 251 507 31195 
251 1 251 507 31134 
252 1 251 507 31134 
251 1 252 508 31134 
251 1 251 508 31134 
251 1 251 508 31257 
251 1 251 507 31134 
251 1 251 507 31134 
16 3 17 784 48082 
15 3 16 784 48082 
16 3 15 785 48205 
16 3 16 784 48082 
16 3 16 784 48082 
17 3 16 783 48144 
15 3 15 784 48205 
15 3 16 784 48144 
15 3 16 784 48144 
17 3 15 783 48205 
16 3 16 783 48082 
16 3 15 784 48144 
15 3 17 784 48144 
16 3 16 783 48144 
16 3 16 784 48144 
15 3 16 784 48082 
14 3 14 779 47775 
7 3 4 768 46854 
250 2 247 758 46424 
242 2 242 752 46056 
235 2 235 746 45626 
230 2 229 738 45319 
225 2 222 733 44889 
218 2 216 727 44521 
210 2 210 721 44091 
204 2 203 714 43722 
198 2 197 708 43415 
191 2 190 700 42924 
186 2 184 695 42556 
180 2 178 688 42126 
173 2 171 682 41757 
167 2 165 676 41389 
160 2 159 670 40959 
154 2 153 662 40652 
148 2 146 657 40222 
142 2 140 651 39915 
134 2 135 644 39424 
129 2 127 638 39117 
123 2 122 632 38687 
117 2 115 625 38319 
110 2 109 621 37950 
105 2 103 613 37520 
98 2 97 607 37152 
92 2 92 602 36845 
86 2 85 595 36415 
80 2 79 589 36169 
74 2 73 583 35678 
68 2 67 577 35371 
63 2 62 572 35002 
56 2 55 566 34634 
50 2 49 560 34327 
45 2 43 554 33959 
39 2 37 548 33529 
34 2 33 542 33222 
28 2 26 536 32853 
22 2 21 531 32546 
16 2 14 524 32116 
10 2 10 519 31871 
5 2 3 514 31441 
254 1 254 508 31134 
251 1 251 505 31011 
249 1 249 505 31011 
250 1 250 506 31072 
248 1 249 505 31072 
249 1 248 505 31072 
250 1 249 505 31011 
249 1 250 505 31072 
249 1 250 506 31011 
249 1 249 505 31011 
249 1 249 506 31072 
250 1 249 505 31011 
249 1 249 505 31011 
249 1 250 505 31011 
249 1 249 506 31011 
249 1 249 506 31011 
249 1 249 505 31072 
249 1 249 506 31011 
249 1 249 506 31011 
249 1 249 505 31011 
249 1 249 506 31072 
229 0 229 229 14062 
229 0 229 229 14001 
229 0 229 229 14062 
230 0 229 229 14062 
229 0 229 229 14062 
229 0 229 229 14001 
229 0 229 229 14062 
229 0 229 229 14062 
229 0 229 229 14062 
229 0 229 229 14123 
229 0 228 228 14062 
229 0 229 228 14062 
230 0 229 229 14062 
229 0 229 229 14062 
229 0 228 230 14123 
229 0 228 230 14123 
227 0 232 233 14615 
241 0 245 247 15413 
253 0 255 256 15843 
4 1 5 264 16211 
9 1 12 269 16641 
16 1 18 275 17010 
23 1 24 282 17378 
29 1 30 288 17747 
35 1 37 295 18176 
42 1 43 301 18606 
48 1 49 308 18975 
54 1 56 313 19343 
61 1 63 320 19712 
68 1 69 326 20142 
73 1 75 333 20510 
81 1 83 340 20878 
86 1 89 346 21308 
92 1 95 352 21738 
99 1 100 358 22107 
105 1 107 365 22475 
113 1 114 370 22844 
117 1 119 376 23212 
124 1 126 383 23580 
130 1 132 388 24010 
136 1 138 395 24379 
143 1 144 401 24747 
148 1 150 407 25116 
155 1 157 414 25484 
160 1 162 418 25853 
166 1 167 426 26221 
172 1 174 431 26589 
178 1 180 437 26896 
185 1 186 442 27326 
190 1 192 449 27695 
196 1 198 455 28002 
202 1 203 460 28370 
208 1 208 467 28739 
214 1 214 472 29107 
219 1 221 478 29414 
226 1 227 483 29783 
230 1 232 489 30151 
236 1 238 495 30520 
241 1 243 500 30827 
247 1 248 506 31072 
252 1 251 508 31257 
251 1 253 508 31195 
251 1 252 509 31195 
251 1 251 507 31195 
251 1 251 508 31195 
251 1 252 507 31195 
252 1 251 508 31134 
252 1 252 507 31134 
251 1 251 508 31195 
251 1 252 508 31134 
251 1 252 507 31134 
251 1 252 509 31195 
253 1 251 507 31195 
251 1 251 508 31134 
252 1 252 507 31134 
251 1 252 507 31134 
251 1 251 508 31195 
251 1 251 507 31134 
251 1 251 507 31195 
252 1 251 507 31134 
15 3 17 784 48082 
15 3 16 784 48144 
16 3 15 784 48144 
16 3 16 784 48144 
16 3 15 783 48144 
16 3 16 783 48144 
16 3 15 784 48144 
16 3 16 784 48144 
15 3 16 783 48082 
15 3 16 784 48144 
16 3 16 784 48144 
15 3 15 784 48144 
16 3 16 784 48082 
15 3 16 784 48082 
15 3 15 784 48144 
16 3 16 784 48021 
15 3 11 777 47530 
5 3 255 765 46854 
247 2 245 756 46363 
241 2 239 751 45995 
235 2 233 743 45565 
229 2 227 738 45196 
223 2 221 731 44766 
216 2 214 725 44398 
209 2 208 719 44030 
203 2 202 712 43600 
197 2 195 705 43231 
191 2 189 699 42863 
184 2 182 693 42433 
177 2 177 687 42064 
171 2 169 680 41635 
165 2 163 674 41328 
159 2 157 667 40898 
152 2 151 662 40468 
147 2 145 655 40161 
140 2 139 649 39731 
134 2 132 643 39362 
127 2 126 636 38994 
121 2 119 631 38626 
116 2 114 624 38257 
109 2 108 618 37889 
104 2 102 612 37520 
96 2 95 606 37090 
91 2 90 601 36783 
86 2 85 593 36353 
79 2 77 588 35985 
73 2 72 582 35617 
66 2 65 576 35248 
61 2 59 570 35002 
55 2 53 564 34573 
49 2 47 558 34204 
44 2 43 553 33836 
37 2 36 547 33467 
32 2 30 541 33160 
26 2 24 535 32730 
20 2 19 530 32423 
15 2 14 524 32055 
9 2 7 519 31748 
3 2 2 514 31379 
253 1 252 507 31072 
250 1 249 505 31011 
249 1 249 505 31011 
248 1 249 505 31011 
248 1 250 506 30949 
249 1 249 505 31011 
249 1 250 505 31072 
249 1 249 505 31011 
249 1 249 505 31072 
249 1 250 505 31011 
250 1 249 505 31011 
249 1 250 506 31011 
249 1 249 506 31011 
249 1 250 505 31072 
250 1 249 505 31011 
249 1 249 505 31011 
250 1 250 505 31011 
249 1 249 506 31011 
249 1 250 505 31072 
249 1 248 505 31011 
250 1 250 505 31072 
229 0 229 229 14001 
229 0 229 229 14062 
229 0 229 229 14062 
228 0 228 229 14001 
229 0 228 229 14001 
229 0 230 229 14001 
229 0 228 228 14062 
229 0 229 229 14062 
229 0 228 228 14062 
228 0 229 228 14123 
229 0 228 228 14062 
228 0 229 229 14001 
229 0 230 228 14062 
228 0 229 229 14062 
229 0 229 229 14062 
228 0 228 229 14062 
229 0 231 232 14369 
239 0 243 245 15290 
251 0 253 255 15843 
3 1 5 262 16150 
8 1 10 268 16518 
15 1 17 274 16948 
21 1 23 281 17317 
27 1 29 287 17747 
34 1 36 293 18054 
41 1 42 299 18484 
47 1 49 306 18975 
53 1 54 313 19282 
60 1 61 319 19712 
67 1 68 325 20080 
73 1 74 332 20449 
79 1 81 338 20756 
85 1 86 344 21247 
92 1 93 351 21677 
98 1 99 357 21984 
105 1 106 363 22475 
111 1 112 369 22782 
116 1 118 376 23212 
122 1 125 382 23519 
129 1 131 388 23887 
135 1 136 395 24317 
141 1 143 400 24686 
147 1 148 406 25054 
154 1 155 412 25361 
159 1 160 418 25791 
165 1 168 424 26098 
171 1 173 431 26467 
177 1 179 436 26896 
183 1 184 442 27204 
189 1 190 447 27572 
194 1 197 453 27940 
200 1 202 460 28309 
207 1 208 466 28677 
213 1 213 470 28984 
218 1 219 476 29353 
223 1 225 482 29660 
229 1 230 488 30090 
235 1 237 494 30397 
240 1 242 500 30704 
246 1 248 505 31072 
251 1 251 508 31195 
253 1 252 507 31195 
250 1 253 507 31195 
251 1 252 507 31134 
251 1 253 508 31134 
251 1 251 508 31134 
251 1 251 507 31195 
252 1 251 507 31134 
251 1 251 508 31134 
252 1 252 506 31134 
251 1 251 508 31134 
251 1 251 507 31257 
251 1 251 507 31072 
251 1 251 507 31195 
251 1 251 507 31134 
251 1 251 507 31134 
252 1 251 508 31134 
251 1 250 507 31134 
251 1 251 508 31195 
251 1 251 508 31134 
16 3 15 784 48082 
16 3 16 784 48144 
15 3 16 784 48144 
16 3 17 785 48082 
16 3 16 784 48082 
16 3 16 784 48144 
16 3 16 784 48144 
15 3 15 784 48144 
16 3 16 784 48082 
15 3 15 783 48082 
16 3 18 785 48144 
15 3 15 784 48144 
14 3 15 783 48205 
17 3 15 783 48144 
15 3 16 784 48082 
16 3 16 783 48082 
18 3 13 778 47591 
5 3 1 765 46916 
249 2 246 755 46363 
241 2 240 751 46056 
236 2 233 744 45688 
229 2 227 738 45258 
223 2 222 732 44828 
216 2 215 724 44459 
211 2 209 719 44091 
204 2 202 713 43722 
197 2 196 706 43293 
192 2 190 700 42863 
185 2 183 693 42494 
178 2 177 688 42064 
172 2 170 681 41696 
165 2 164 675 41389 
159 2 157 668 40959 
153 2 151 662 40529 
147 2 145 655 40099 
140 2 139 650 39792 
135 2 133 644 39424 
128 2 126 636 38994 
122 2 121 630 38687 
116 2 113 625 38257 
109 2 108 618 37950 
103 2 102 613 37520 
97 2 96 606 37152 
92 2 90 601 36783 
85 2 84 594 36415 
80 2 78 588 36046 
74 2 73 582 35678 
68 2 66 577 35309 
61 2 60 571 34941 
55 2 53 565 34634 
49 2 48 558 34266 
45 2 42 553 33836 
38 2 37 547 33467 
32 2 32 542 33099 
26 2 25 537 32792 
21 2 19 530 32485 
15 2 14 524 32055 
9 2 8 518 31748 
5 2 3 513 31379 
254 1 252 507 31134 
251 1 249 505 31072 
250 1 249 504 31011 
248 1 249 505 31072 
250 1 249 505 31011 
249 1 249 505 31011 
249 1 250 506 31011 
249 1 250 505 31011 
249 1 250 505 31072 
250 1 249 505 31011 
249 1 249 505 31011 
250 1 250 506 31011 
249 1 249 505 31011 
249 1 249 506 31072 
249 1 249 505 31011 
249 1 250 506 31011 
251 1 249 505 30949 
249 1 250 505 31011 
249 1 249 506 31011 
249 1 249 505 31072 
250 1 249 505 31072 
228 0 228 229 14062 
229 0 228 229 14062 
229 0 228 229 14062 
228 0 229 229 14062 
229 0 229 230 14001 
228 0 229 228 14062 
228 0 228 229 14062 
228 0 229 228 14062 
229 0 228 229 14062 
229 0 230 229 14001 
229 0 228 229 14062 
228 0 229 229 14062 
229 0 228 228 14062 
229 0 229 229 14123 
229 0 229 229 14001 
229 0 228 230 14123 
230 0 233 234 14615 
241 0 243 246 15352 
253 0 0 257 15843 
4 1 5 263 16211 
10 1 12 269 16703 
17 1 17 275 16948 
22 1 24 282 17378 
30 1 31 287 17685 
35 1 36 294 18176 
42 1 43 301 18606 
48 1 50 307 18913 
54 1 56 313 19405 
61 1 62 320 19712 
68 1 68 327 20142 
74 1 76 332 20510 
80 1 82 339 20940 
87 1 88 346 21308 
92 1 94 351 21677 
99 1 101 358 22168 
105 1 106 364 22475 
111 1 113 371 22844 
118 1 120 376 23212 
124 1 126 383 23580 
130 1 131 390 24010 
136 1 137 396 24317 
142 1 144 401 24809 
149 1 150 407 25116 
154 1 155 413 25484 
160 1 163 419 25853 
166 1 168 425 26221 
173 1 174 431 26589 
178 1 179 437 26896 
184 1 185 443 27326 
190 1 192 448 27633 
196 1 197 455 28002 
202 1 204 461 28370 
207 1 209 466 28739 
213 1 215 472 29107 
219 1 220 478 29414 
225 1 225 484 29783 
230 1 233 490 30090 
236 1 237 495 30397 
241 1 243 500 30827 
246 1 248 505 31072 
251 1 251 507 31195 
252 1 252 507 31134 
250 1 251 508 31134 
251 1 252 508 31134 
251 1 251 507 31134 
251 1 252 508 31195 
251 1 251 507 31072 
251 1 251 507 31195 
251 1 252 508 31134 
251 1 251 507 31134 
251 1 251 507 31134 
251 1 251 508 31134 
251 1 252 507 31134 
251 1 251 507 31134 
252 1 251 507 31134 
251 1 252 508 31134 
251 1 251 508 31134 
251 1 251 507 31134 
253 1 251 508 31134 
251 1 252 507 31134 
16 3 16 784 48144 
16 3 14 784 48144 
16 3 16 784 48082 
17 3 16 784 48082 
16 3 16 783 48144 
16 3 16 785 48144 
16 3 16 784 48144 
15 3 15 783 48205 
17 3 15 783 48144 
15 3 16 783 48082 
16 3 16 785 48082 
16 3 16 783 48144 
16 3 15 785 48205 
15 3 16 784 48144 
16 3 15 784 48144 
17 3 15 783 47468 
12 3 11 774 47346 
1 3 252 762 46609 
246 2 244 754 46240 
239 2 239 750 45933 
234 2 232 742 45503 
227 2 226 736 45135 
222 2 220 730 44766 
215 2 213 723 44275 
207 2 208 718 43907 
202 2 201 711 43538 
196 2 194 704 43231 
189 2 187 699 42740 
183 2 182 692 42371 
178 2 175 686 42003 
170 2 169 679 41635 
164 2 162 673 41143 
156 2 156 667 40775 
151 2 150 660 40468 
145 2 143 654 40038 
138 2 137 648 39670 
134 2 132 641 39301 
126 2 125 635 38871 
120 2 118 630 38564 
114 2 112 623 38196 
107 2 106 617 37827 
103 2 99 611 37397 
96 2 94 605 37029 
90 2 89 599 36660 
83 2 82 592 36292 
77 2 75 587 35985 
72 2 70 580 35555 
66 2 64 574 35248 
60 2 59 569 34818 
54 2 52 563 34511 
48 2 47 558 34081 
42 2 41 551 33774 
36 2 35 546 33467 
31 2 30 540 33099 
25 2 23 534 32730 
20 2 18 528 32300 
13 2 11 522 31993 
8 2 7 518 31625 
2 2 0 511 31318 
252 1 252 506 31134 
250 1 248 505 31011 
250 1 250 505 31072 
250 1 250 505 31011 
249 1 249 505 31011 
249 1 249 506 31072 
249 1 249 505 31072 
249 1 250 505 31072 
250 1 249 505 31011 
249 1 249 505 31011 
249 1 250 506 31011 
249 1 249 505 31011 
249 1 250 506 31072 
249 1 249 506 31011 
249 1 249 505 31072 
250 1 250 505 31011 
249 1 250 506 31011 
249 1 250 506 31011 
249 1 249 506 31011 
249 1 249 506 31072 
250 1 249 505 31011 
229 0 229 229 14062 
229 0 229 230 14123 
229 0 229 230 14062 
229 0 230 229 14123 
230 0 229 228 14123 
229 0 229 229 14062 
230 0 230 229 14062 
229 0 229 229 14062 
229 0 229 230 14123 
229 0 229 229 14123 
229 0 229 229 14062 
230 0 229 229 14001 
229 0 229 229 14062 
229 0 229 229 14062 
229 0 228 229 14062 
228 0 229 231 14553 
232 0 235 237 14676 
241 0 246 249 15474 
255 0 1 258 15966 
4 1 6 264 16334 
11 1 13 271 16703 
17 1 19 277 17071 
23 1 25 283 17501 
31 1 31 289 17869 
36 1 38 295 18238 
44 1 45 302 18606 
49 1 51 308 19036 
55 1 58 316 19405 
62 1 63 322 19835 
69 1 70 329 20264 
75 1 76 334 20633 
81 1 83 341 21001 
89 1 89 348 21370 
93 1 95 353 21800 
100 1 102 360 22107 
107 1 108 366 22536 
112 1 114 372 22905 
118 1 119 378 23335 
125 1 127 383 23703 
132 1 133 390 24010 
137 1 139 396 24440 
143 1 146 403 24747 
149 1 150 409 25177 
155 1 157 414 25607 
162 1 163 420 25853 
166 1 169 426 26221 
174 1 175 432 26589 
179 1 180 437 27019 
185 1 187 445 27326 
191 1 192 449 27756 
197 1 199 456 28125 
203 1 203 461 28432 
208 1 210 467 28800 
214 1 217 473 29169 
220 1 221 479 29476 
226 1 227 486 29844 
231 1 232 490 30151 
237 1 238 495 30581 
244 1 245 501 30888 
248 1 250 506 31072 
252 1 252 509 31195 
251 1 253 508 31257 
252 1 252 508 31195 
253 1 251 507 31134 
251 1 252 508 31195 
252 1 252 507 31134 
251 1 251 507 31134 
252 1 251 508 31195 
251 1 251 507 31134 
251 1 251 507 31134 
252 1 251 507 31134 
251 1 252 507 31134 
251 1 251 508 31134 
251 1 251 506 31134 
251 1 251 508 31134 
251 1 251 507 31195 
251 1 251 509 31134 
252 1 251 507 31134 
251 1 251 507 31134 
251 1 251 508 31134 
16 3 15 784 48144 
16 3 15 784 48082 
16 3 16 784 48144 
16 3 17 784 48144 
16 3 15 784 48144 
16 3 16 784 48144 
16 3 15 784 48144 
16 3 17 784 48205 
17 3 16 784 48144 
16 3 15 784 48144 
16 3 17 783 48144 
16 3 16 784 48144 
16 3 16 784 48144 
16 3 15 784 48082 
16 3 16 783 48144 
17 3 16 783 48082 
16 3 15 791 48021 
9 3 9 773 47223 
255 2 251 760 46547 
245 2 243 755 46302 
238 2 237 748 45810 
232 2 231 741 45442 
227 2 226 735 45073 
220 2 218 729 44644 
213 2 213 723 44275 
207 2 206 716 43845 
201 2 200 710 43538 
195 2 193 703 43108 
188 2 186 697 42679 
182 2 181 690 42310 
176 2 174 685 41942 
170 2 168 679 41573 
163 2 160 671 41143 
157 2 156 665 40836 
151 2 149 658 40345 
144 2 142 653 40038 
138 2 137 647 39608 
131 2 130 640 39240 
126 2 124 634 38933 
119 2 117 628 38441 
114 2 112 623 38134 
107 2 106 616 37704 
101 2 99 610 37397 
94 2 93 604 36968 
89 2 87 599 36599 
83 2 82 592 36292 
77 2 75 586 35862 
70 2 69 580 35555 
65 2 64 574 35187 
59 2 57 568 34757 
53 2 52 562 34450 
47 2 45 556 34081 
41 2 40 551 33774 
36 2 34 545 33344 
29 2 28 539 33037 
24 2 23 534 32669 
18 2 16 528 32300 
12 2 11 522 31993 
7 2 5 517 31625 
1 2 0 510 31257 
252 1 252 506 31011 
249 1 249 505 31011 
250 1 250 504 31072 
249 1 249 505 31011 
248 1 250 505 31072 
250 1 249 505 31072 
249 1 249 505 31072 
250 1 250 505 31011 
250 1 249 506 31011 
249 1 250 506 31072 
249 1 249 505 31011 
249 1 249 506 31072 
250 1 249 505 31011 
249 1 250 505 31011 
250 1 250 506 31011 
249 1 249 505 31011 
250 1 250 506 31072 
249 1 249 505 31011 
249 1 249 505 31072 
250 1 249 505 31011 
229 0 229 228 14123 
229 0 228 229 14062 
229 0 229 229 14062 
229 0 229 229 14062 
229 0 229 229 14062 
229 0 229 229 14123 
228 0 229 229 14062 
229 0 229 229 14062 
229 0 229 228 14062 
228 0 228 229 14062 
229 0 229 230 14062 
230 0 229 229 14062 
229 0 229 229 14123 
229 0 229 229 14062 
229 0 229 230 14062 
230 0 229 228 14123 
230 0 229 231 14246 
232 0 237 241 15045 
246 0 250 253 15659 
1 1 2 260 16089 
8 1 9 265 16396 
13 1 15 272 16825 
21 1 21 279 17255 
26 1 27 284 17562 
32 1 33 292 18054 
38 1 40 297 18361 
45 1 47 304 18791 
52 1 53 310 19159 
57 1 59 316 19589 
64 1 66 324 19957 
70 1 72 329 20326 
77 1 78 336 20756 
84 1 85 342 21124 
89 1 91 349 21493 
97 1 98 354 21922 
101 1 103 361 22291 
108 1 110 368 22659 
114 1 116 374 23028 
120 1 122 379 23458 
127 1 128 385 23826 
132 1 134 392 24195 
139 1 141 398 24563 
145 1 147 404 24870 
152 1 152 411 25361 
157 1 158 416 25668 
163 1 165 422 26037 
170 1 172 428 26405 
175 1 177 434 26774 
181 1 183 440 27142 
186 1 188 445 27449 
193 1 194 452 27879 
199 1 201 457 28186 
204 1 206 464 28555 
211 1 212 469 28923 
216 1 217 475 29230 
222 1 223 481 29660 
227 1 229 486 29967 
233 1 234 492 30335 
239 1 240 497 30642 
245 1 245 503 30949 
249 1 251 507 31134 
252 1 252 509 31195 
252 1 252 509 31257 
251 1 252 507 31134 
251 1 251 507 31195 
252 1 251 507 31134 
251 1 251 507 31134 
252 1 251 508 31195 
251 1 251 507 31134 
252 1 251 508 31195 
251 1 252 508 31134 
252 1 251 507 31195 
252 1 251 507 31134 
251 1 251 507 31134 
252 1 252 508 31134 
251 1 251 508 31134 
252 1 252 509 31195 
251 1 251 507 31195 
252 1 251 507 31134 
252 1 251 507 31134 
17 3 16 784 48144 
15 3 15 784 48082 
16 3 15 784 48144 
16 3 16 783 48082 
16 3 15 783 48144 
15 3 17 785 48144 
15 3 15 784 48082 
15 3 15 783 48144 
16 3 15 784 48082 
16 3 15 783 48082 
15 3 17 784 48082 
15 3 15 784 48082 
15 3 15 784 48144 
16 3 15 783 48082 
15 3 15 783 48144 
16 3 16 785 48082 
15 3 14 780 47960 
8 3 5 770 46977 
251 2 249 759 46424 
242 2 242 753 46117 
238 2 236 747 45688 
231 2 230 741 45319 
225 2 223 734 44951 
219 2 217 728 44582 
211 2 211 722 44152 
206 2 204 715 43784 
199 2 198 707 43415 
193 2 191 702 42986 
186 2 185 695 42617 
180 2 180 690 42187 
174 2 172 683 41880 
167 2 166 676 41512 
161 2 160 670 41021 
155 2 154 665 40652 
149 2 147 658 40222 
142 2 141 652 39915 
136 2 136 646 39485 
130 2 128 639 39117 
123 2 123 633 38748 
118 2 116 627 38319 
111 2 110 621 38011 
106 2 105 614 37582 
99 2 98 608 37275 
93 2 92 603 36906 
87 2 85 596 36538 
81 2 80 589 36231 
75 2 73 584 35739 
69 2 68 578 35432 
63 2 62 573 35002 
57 2 56 566 34695 
52 2 50 561 34388 
45 2 44 555 33959 
40 2 38 549 33590 
34 2 33 543 33222 
28 2 27 537 32915 
22 2 21 532 32546 
16 2 15 525 32178 
10 2 10 520 31871 
6 2 4 514 31564 
255 1 254 509 31195 
251 1 250 505 31011 
249 1 249 504 31011 
249 1 249 506 31011 
249 1 249 505 31011 
249 1 249 505 31011 
250 1 249 504 30949 
249 1 249 505 31011 
249 1 249 506 31011 
249 1 249 505 31011 
249 1 250 505 31072 
250 1 249 505 31011 
249 1 249 505 31011 
249 1 250 506 30949 
249 1 249 505 31011 
249 1 249 506 31011 
249 1 249 504 31011 
249 1 249 506 31011 
249 1 249 505 31011 
249 1 249 506 31072 
249 1 249 505 31011 
229 0 229 229 14123 
229 0 228 228 14062 
228 0 229 228 14062 
230 0 229 228 14062 
229 0 228 228 14001 
229 0 228 229 14123 
228 0 229 228 14062 
229 0 229 229 14062 
230 0 228 228 14062 
228 0 229 229 14062 
229 0 229 230 14001 
229 0 229 229 14062 
229 0 228 230 14123 
229 0 229 229 14123 
229 0 229 229 14123 
229 0 229 229 14492 
230 0 234 237 14738 
242 0 246 250 15474 
254 0 0 257 15904 
4 1 6 264 16334 
11 1 12 270 16641 
17 1 18 276 17071 
24 1 26 282 17440 
30 1 32 289 17808 
36 1 38 296 18238 
42 1 44 302 18606 
49 1 51 308 19036 
56 1 57 314 19405 
62 1 64 321 19773 
68 1 70 328 20142 
75 1 75 334 20571 
81 1 84 340 21001 
88 1 89 346 21431 
93 1 95 352 21800 
101 1 102 360 22168 
106 1 108 365 22536 
113 1 114 373 22966 
119 1 120 378 23335 
125 1 126 384 23703 
131 1 132 390 24072 
137 1 139 396 24440 
143 1 146 403 24809 
150 1 150 408 25177 
155 1 157 415 25546 
162 1 162 420 25914 
166 1 169 427 26221 
174 1 175 432 26651 
179 1 180 438 26958 
185 1 187 445 27388 
191 1 192 450 27695 
196 1 198 456 28125 
203 1 204 461 28370 
208 1 210 467 28800 
215 1 217 474 29169 
220 1 221 478 29476 
225 1 226 485 29844 
232 1 231 490 30151 
237 1 239 495 30520 
243 1 244 501 30888 
248 1 249 506 31134 
252 1 252 508 31195 
251 1 252 508 31195 
251 1 252 508 31134 
252 1 252 508 31195 
251 1 251 507 31134 
252 1 252 509 31195 
251 1 251 507 31134 
251 1 252 507 31195 
252 1 251 507 31195 
251 1 251 507 31134 
252 1 252 508 31134 
251 1 251 507 31134 
251 1 251 508 31195 
252 1 251 507 31195 
252 1 251 508 31134 
252 1 251 507 31134 
251 1 251 507 31134 
251 1 251 508 31257 
251 1 252 507 31134 
251 1 251 507 31257 
16 3 15 784 48144 
16 3 15 784 48205 
16 3 16 784 48144 
15 3 15 783 48144 
16 3 15 785 48205 
15 3 15 784 48144 
16 3 15 784 48144 
17 3 16 785 48144 
15 3 15 783 48144 
15 3 16 784 48144 
15 3 16 784 48144 
15 3 16 784 48205 
16 3 16 784 48144 
15 3 16 784 48144 
16 3 16 783 48144 
16 3 16 784 48144 
16 3 16 783 47960 
13 3 8 773 47223 
254 2 251 762 46609 
245 2 243 754 46179 
239 2 237 748 45872 
233 2 232 742 45442 
226 2 225 735 45012 
220 2 219 730 44766 
214 2 212 723 44337 
207 2 206 717 43907 
202 2 200 710 43477 
195 2 193 703 43108 
188 2 187 699 42740 
182 2 180 691 42371 
176 2 175 685 41942 
171 2 168 678 41512 
163 2 162 672 41205 
157 2 155 666 40713 
150 2 149 659 40406 
143 2 142 654 40038 
138 2 136 647 39608 
131 2 131 641 39240 
126 2 124 635 38871 
119 2 118 628 38503 
113 2 112 623 38134 
107 2 106 616 37766 
101 2 99 611 37397 
95 2 93 604 37029 
89 2 86 597 36660 
84 2 82 592 36231 
77 2 75 586 35924 
71 2 71 581 35494 
65 2 63 574 35248 
59 2 57 569 34818 
53 2 52 562 34450 
47 2 46 557 34143 
42 2 40 551 33713 
36 2 34 545 33406 
30 2 29 540 33037 
24 2 23 533 32669 
17 2 17 528 32300 
11 2 11 523 31993 
7 2 6 516 31625 
2 2 1 511 31257 
252 1 251 506 31072 
250 1 250 505 31011 
249 1 247 505 30949 
249 1 249 505 31072 
250 1 249 505 31072 
249 1 250 506 31072 
250 1 249 505 31072 
248 1 250 505 31072 
250 1 250 506 31011 
250 1 249 505 31011 
249 1 249 505 31072 
249 1 249 505 31011 
249 1 249 504 31072 
250 1 249 505 30949 
249 1 249 504 31011 
249 1 250 506 31011 
250 1 249 505 31072 
249 1 250 506 31072 
249 1 249 505 31011 
249 1 250 505 31072 
229 0 229 229 14062 
229 0 228 228 14062 
228 0 229 229 14062 
229 0 229 230 14062 
228 0 229 228 14001 
229 0 228 230 14062 
228 0 229 229 14062 
229 0 228 228 14062 
230 0 229 228 14062 
229 0 229 229 14123 
229 0 229 229 14062 
228 0 228 228 14062 
229 0 228 229 14062 
229 0 229 228 14062 
229 0 229 229 14062 
230 0 229 228 14062 
236 0 231 234 14553 
239 0 242 246 15290 
252 0 254 256 15782 
3 1 4 263 16211 
10 1 10 268 16580 
15 1 16 274 16948 
22 1 24 281 17317 
27 1 30 287 17747 
34 1 36 294 18176 
41 1 43 300 18545 
47 1 48 306 18913 
55 1 55 312 19282 
59 1 62 319 19712 
66 1 68 326 20080 
72 1 74 332 20510 
80 1 81 338 20878 
85 1 86 344 21247 
91 1 94 352 21677 
98 1 101 357 22045 
104 1 106 363 22414 
111 1 111 371 22844 
117 1 118 376 23151 
123 1 124 382 23519 
130 1 131 388 23887 
135 1 136 394 24317 
141 1 143 401 24686 
147 1 149 406 25054 
153 1 155 413 25423 
160 1 161 418 25791 
165 1 167 424 26160 
172 1 173 430 26467 
177 1 179 436 26835 
183 1 184 443 27265 
189 1 190 447 27633 
195 1 196 454 27940 
201 1 203 459 28370 
206 1 208 465 28677 
212 1 214 471 29107 
218 1 219 477 29414 
223 1 225 482 29721 
230 1 230 488 30090 
235 1 236 494 30397 
240 1 242 500 30704 
246 1 247 504 31072 
251 1 251 508 31257 
252 1 252 507 31195 
250 1 252 508 31134 
252 1 252 507 31134 
252 1 251 507 31134 
252 1 251 509 31195 
251 1 252 507 31134 
251 1 250 507 31134 
252 1 251 506 31134 
251 1 251 507 31195 
251 1 252 508 31134 
251 1 251 507 31134 
251 1 251 508 31195 
251 1 251 507 31195 
251 1 251 507 31134 
252 1 253 507 31195 
250 1 251 508 31134 
251 1 252 508 31134 
251 1 251 507 31134 
251 1 251 507 31195 
16 3 16 784 48144 
15 3 15 783 48082 
16 3 15 784 48144 
17 3 16 783 48205 
15 3 15 783 48082 
15 3 16 784 48021 
15 3 15 783 48082 
15 3 16 784 48144 
16 3 15 784 48082 
15 3 15 783 48082 
15 3 16 785 48082 
15 3 15 784 48082 
16 3 16 783 48205 
16 3 16 784 48082 
15 3 15 783 48144 
16 3 16 784 48021 
12 3 11 777 47468 
2 3 254 765 46854 
246 2 244 755 46302 
241 2 239 749 45933 
234 2 233 743 45503 
228 2 226 737 45135 
221 2 221 732 44828 
216 2 213 725 44337 
209 2 207 718 44030 
203 2 202 712 43600 
196 2 194 705 43170 
190 2 188 699 42863 
183 2 181 692 42371 
177 2 176 686 42064 
171 2 169 680 41573 
165 2 163 673 41328 
158 2 157 668 40836 
152 2 149 661 40468 
145 2 145 655 40161 
140 2 138 649 39731 
134 2 132 642 39424 
127 2 126 636 38933 
121 2 119 630 38564 
114 2 114 625 38196 
108 2 107 618 37889 
102 2 101 612 37459 
98 2 95 606 37090 
90 2 90 599 36722 
85 2 83 594 36353 
78 2 77 587 35985 
73 2 71 582 35678 
68 2 65 575 35248 
61 2 59 569 34941 
54 2 53 565 34511 
49 2 47 558 34204 
43 2 42 552 33836 
38 2 36 545 33529 
32 2 31 541 33099 
26 2 25 535 32792 
20 2 18 529 32423 
14 2 12 524 32055 
9 2 7 517 31686 
2 2 2 512 31318 
254 1 253 507 31072 
248 1 249 505 31011 
250 1 248 506 31072 
247 1 249 504 30949 
249 1 249 506 31011 
250 1 250 505 31011 
249 1 249 505 31011 
249 1 250 505 31011 
249 1 249 505 31011 
249 1 249 505 31072 
251 1 249 505 31072 
249 1 249 505 31011 
249 1 250 505 31011 
249 1 249 505 30949 
249 1 249 506 31072 
249 1 249 505 31011 
249 1 249 505 31011 
250 1 250 505 31011 
249 1 249 505 30949 
249 1 249 505 31072 
248 1 249 505 31011 
230 0 228 228 14062 
229 0 228 229 14062 
229 0 229 229 14062 
229 0 228 229 14001 
229 0 229 229 14062 
228 0 228 229 14062 
229 0 229 229 14062 
229 0 229 228 14001 
228 0 229 229 14062 
229 0 229 228 14062 
228 0 229 228 14001 
228 0 228 229 14123 
228 0 228 228 14001 
228 0 228 229 14001 
229 0 229 228 14001 
228 0 229 229 14062 
228 0 232 233 14492 
240 0 244 245 15352 
253 0 255 256 15843 
4 1 4 262 16150 
10 1 11 269 16580 
16 1 18 274 16948 
21 1 23 281 17378 
29 1 30 288 17808 
35 1 36 294 18115 
41 1 42 300 18606 
48 1 49 307 18975 
54 1 56 313 19282 
61 1 63 319 19712 
66 1 68 326 20142 
73 1 75 334 20571 
79 1 81 339 20878 
85 1 88 345 21308 
93 1 93 351 21677 
98 1 100 358 22045 
106 1 107 364 22414 
111 1 113 371 22844 
118 1 120 377 23212 
123 1 125 382 23580 
130 1 131 388 23949 
136 1 137 395 24379 
142 1 144 401 24686 
149 1 150 407 25054 
154 1 156 413 25484 
160 1 161 420 25853 
166 1 167 425 26221 
172 1 173 431 26528 
179 1 179 437 26958 
183 1 186 443 27204 
191 1 191 449 27695 
195 1 197 454 28063 
202 1 203 461 28370 
207 1 208 466 28677 
212 1 214 472 29107 
219 1 219 478 29414 
223 1 226 483 29783 
230 1 232 490 30090 
235 1 237 494 30397 
241 1 242 501 30765 
247 1 248 505 31072 
250 1 251 507 31195 
253 1 251 507 31195 
251 1 252 508 31195 
252 1 252 509 31195 
251 1 251 507 31134 
251 1 251 509 31195 
251 1 251 507 31134 
251 1 251 508 31134 
252 1 251 507 31134 
251 1 251 507 31134 
251 1 251 508 31072 
251 1 251 507 31134 
251 1 251 508 31134 
252 1 250 507 31134 
251 1 251 507 31134 
252 1 251 507 31072 
250 1 251 506 31134 
251 1 251 508 31195 
251 1 251 507 31134 
250 1 251 508 31134 
16 3 16 784 48144 
16 3 15 784 48144 
15 3 16 783 48144 
16 3 16 783 48082 
16 3 15 783 48144 
16 3 15 784 48144 
15 3 15 784 48144 
15 3 16 783 48144 
16 3 16 783 48082 
16 3 16 783 48144 
15 3 16 785 48082 
15 3 15 784 48082 
15 3 15 784 48144 
16 3 15 783 48144 
16 3 15 784 48144 
16 3 17 783 48021 
15 3 12 778 47591 
4 3 1 766 46916 
249 2 245 757 46302 
242 2 239 750 45933 
236 2 234 744 45565 
229 2 227 738 45196 
223 2 221 732 44889 
216 2 215 725 44459 
210 2 209 719 44030 
204 2 202 713 43661 
197 2 196 706 43231 
191 2 190 700 42863 
185 2 183 693 42494 
178 2 177 687 42126 
172 2 170 681 41696 
165 2 164 674 41328 
159 2 159 669 40898 
154 2 151 662 40529 
146 2 145 656 40161 
141 2 139 650 39731 
134 2 132 644 39424 
129 2 126 637 38994 
122 2 120 630 38626 
115 2 114 625 38257 
109 2 107 619 37889 
103 2 102 613 37520 
98 2 96 606 37090 
91 2 89 600 36783 
85 2 84 596 36476 
79 2 78 588 36046 
73 2 71 582 35678 
68 2 67 576 35309 
61 2 60 570 34880 
55 2 54 565 34573 
49 2 47 559 34266 
43 2 42 553 33897 
38 2 36 547 33529 
32 2 31 541 33160 
27 2 25 536 32792 
20 2 20 530 32485 
15 2 13 524 32116 
9 2 8 518 31748 
4 2 2 513 31379 
255 1 253 507 31134 
250 1 249 505 31011 
249 1 249 506 31011 
250 1 248 505 31011 
249 1 249 505 31072 
250 1 249 505 31011 
249 1 249 505 31011 
250 1 250 505 31011 
248 1 249 506 31011 
249 1 248 506 31011 
249 1 249 504 31011 
249 1 249 505 31011 
250 1 250 504 31011 
249 1 249 505 31011 
249 1 250 506 31011 
249 1 249 505 31011 
250 1 249 506 31072 
249 1 249 505 31011 
249 1 249 506 31011 
250 1 250 505 31072 
250 1 249 507 31011 
228 0 229 229 14062 
229 0 229 229 14001 
229 0 229 229 14123 
229 0 229 229 14062 
229 0 229 229 14062 
229 0 229 229 14062 
228 0 228 229 14062 
229 0 229 229 14062 
229 0 229 229 14062 
229 0 229 229 14062 
229 0 229 229 14062 
229 0 229 229 14062 
230 0 230 229 14062 
229 0 229 229 14001 
229 0 229 229 14001 
228 0 228 229 14123 
228 0 230 233 14308 
235 0 239 242 14983 
249 0 250 254 15659 
2 1 3 260 16027 
7 1 8 267 16457 
14 1 15 273 16825 
19 1 21 278 17255 
26 1 28 286 17624 
33 1 35 291 18054 
38 1 40 298 18422 
46 1 47 305 18791 
50 1 53 310 19098 
58 1 59 317 19589 
65 1 66 324 19957 
71 1 72 330 20449 
77 1 79 337 20694 
84 1 85 343 21124 
90 1 92 350 21554 
96 1 98 356 21922 
102 1 104 363 22352 
109 1 111 367 22659 
116 1 115 374 23028 
121 1 123 381 23519 
127 1 129 387 23826 
133 1 135 393 24256 
140 1 141 399 24563 
146 1 147 405 24993 
151 1 154 411 25300 
158 1 159 417 25668 
163 1 165 423 26098 
171 1 171 428 26405 
176 1 177 434 26774 
182 1 184 442 27142 
187 1 188 446 27449 
193 1 194 452 27879 
198 1 200 458 28186 
205 1 207 463 28555 
211 1 213 470 28923 
216 1 218 475 29291 
222 1 223 482 29660 
228 1 229 487 29967 
233 1 235 493 30335 
239 1 241 498 30642 
244 1 246 503 31011 
249 1 251 508 31195 
252 1 252 507 31134 
252 1 253 508 31257 
252 1 251 508 31195 
251 1 251 507 31195 
252 1 252 509 31134 
251 1 252 507 31195 
252 1 251 508 31195 
252 1 251 507 31134 
252 1 251 508 31195 
252 1 252 507 31134 
252 1 252 507 31134 
251 1 251 508 31195 
252 1 251 507 31134 
251 1 251 507 31134 
252 1 252 507 31134 
251 1 251 507 31134 
252 1 251 508 31195 
251 1 251 507 31134 
251 1 251 507 31134 
15 3 15 784 48082 
15 3 15 783 48205 
16 3 15 784 48082 
15 3 15 783 48144 
16 3 16 784 48082 
16 3 15 784 48205 
16 3 15 784 48144 
16 3 15 783 48144 
15 3 16 783 48082 
16 3 15 784 48082 
15 3 15 783 48144 
15 3 15 784 48082 
15 3 15 783 48082 
16 3 16 784 48082 
17 3 15 784 48082 
16 3 16 784 48144 
15 3 15 779 47898 
8 3 4 768 47039 
250 2 249 759 46486 
242 2 241 752 46117 
237 2 236 746 45688 
232 2 230 739 45319 
225 2 223 733 44951 
218 2 217 728 44582 
212 2 210 722 44152 
206 2 205 715 43784 
200 2 198 708 43354 
193 2 191 702 43047 
186 2 186 697 42617 
180 2 178 689 42187 
174 2 172 683 41819 
168 2 165 676 41450 
161 2 159 670 41082 
155 2 154 665 40652 
149 2 147 658 40284 
142 2 141 652 39915 
136 2 134 645 39485 
129 2 129 640 39117 
124 2 123 633 38810 
118 2 116 626 38380 
111 2 111 621 38011 
105 2 104 615 37643 
99 2 98 608 37275 
93 2 92 602 36906 
87 2 86 596 36538 
82 2 80 590 36169 
75 2 74 585 35801 
69 2 69 579 35494 
63 2 62 572 35064 
57 2 56 566 34757 
52 2 49 562 34327 
45 2 44 555 34020 
40 2 39 550 33590 
34 2 33 544 33283 
29 2 26 538 32976 
22 2 21 531 32485 
16 2 15 526 32239 
12 2 10 521 31809 
5 2 4 514 31502 
0 2 254 510 31195 
251 1 250 506 31011 
248 1 249 506 31072 
249 1 249 505 30949 
248 1 249 505 31011 
249 1 250 506 31011 
249 1 249 505 31011 
249 1 249 506 31072 
249 1 249 505 31011 
249 1 249 505 31011 
250 1 249 505 31011 
249 1 249 505 31011 
250 1 250 506 31011 
249 1 249 505 31011 
249 1 250 505 31011 
250 1 249 505 31011 
249 1 249 505 31011 
249 1 250 506 31011 
248 1 249 506 30949 
249 1 249 506 31011 
249 1 249 505 31011 
228 0 229 229 14062 
229 0 229 228 14062 
229 0 229 228 14001 
229 0 229 229 14001 
229 0 229 230 14062 
228 0 228 229 14062 
228 0 229 229 14062 
229 0 229 229 14001 
229 0 229 229 14062 
228 0 229 229 14062 
229 0 228 229 14062 
229 0 228 229 14062 
229 0 229 228 14001 
229 0 229 228 14062 
228 0 229 229 14001 
228 0 229 228 14062 
236 0 233 234 14553 
241 0 242 245 15167 
251 0 254 255 15843 
3 1 5 263 16211 
9 1 11 268 16580 
15 1 17 275 16948 
22 1 23 281 17317 
29 1 30 287 17747 
35 1 36 294 18115 
41 1 43 300 18545 
47 1 49 307 18913 
53 1 55 313 19282 
60 1 62 319 19773 
67 1 68 326 20080 
73 1 74 331 20510 
81 1 81 339 20878 
85 1 87 345 21247 
92 1 93 352 21677 
99 1 100 357 22045 
105 1 106 365 22475 
111 1 113 369 22782 
117 1 119 375 23151 
123 1 125 383 23519 
129 1 131 388 23949 
136 1 137 395 24379 
142 1 143 401 24686 
147 1 149 407 25054 
154 1 155 413 25423 
159 1 161 418 25791 
166 1 167 425 26098 
171 1 173 431 26528 
177 1 178 436 26896 
184 1 184 443 27265 
189 1 191 447 27633 
196 1 196 453 27940 
200 1 203 459 28309 
207 1 209 466 28677 
212 1 213 470 29046 
219 1 220 477 29414 
225 1 225 482 29721 
229 1 231 489 30028 
236 1 237 494 30397 
240 1 243 499 30765 
247 1 247 505 31072 
250 1 251 507 31195 
251 1 252 509 31134 
252 1 252 507 31195 
251 1 251 507 31134 
251 1 251 508 31195 
251 1 251 507 31134 
251 1 251 507 31195 
252 1 251 507 31134 
251 1 251 507 31134 
252 1 252 508 31134 
251 1 252 507 31134 
251 1 250 509 31195 
251 1 251 507 31134 
251 1 251 507 31134 
252 1 252 507 31134 
251 1 251 507 31134 
251 1 251 508 31134 
251 1 250 506 31134 
251 1 251 507 31195 
251 1 251 507 31134 
16 3 15 783 48144 
15 3 16 784 48144 
16 3 15 784 48082 
15 3 16 783 48082 
16 3 16 783 48144 
16 3 16 783 48082 
16 3 17 785 48144 
15 3 15 784 48144 
15 3 16 783 48144 
16 3 15 784 48082 
16 3 16 783 48144 
16 3 17 783 48082 
16 3 16 784 48144 
15 3 16 784 48205 
16 3 15 783 48082 
16 3 15 783 48205 
16 3 14 784 47775 
9 3 6 772 47100 
253 2 249 758 46486 
245 2 242 753 46117 
238 2 236 747 45749 
231 2 230 740 45319 
225 2 224 734 45012 
220 2 218 727 44521 
212 2 212 721 44214 
206 2 206 715 43784 
199 2 198 708 43354 
193 2 192 703 43047 
187 2 185 696 42617 
180 2 179 690 42249 
175 2 173 682 41819 
169 2 166 678 41512 
161 2 161 671 41143 
156 2 154 665 40713 
149 2 148 658 40284 
143 2 141 653 39915 
137 2 135 646 39547 
132 2 129 639 39178 
125 2 123 634 38748 
118 2 118 628 38380 
111 2 110 621 38011 
106 2 105 615 37766 
100 2 98 608 37275 
94 2 92 603 36906 
89 2 87 597 36538 
81 2 80 590 36169 
76 2 74 585 35862 
70 2 69 578 35432 
64 2 62 573 35125 
58 2 56 566 34695 
51 2 50 561 34388 
46 2 46 555 34020 
40 2 39 549 33651 
35 2 33 545 33344 
28 2 27 538 32915 
23 2 21 532 32608 
18 2 16 526 32239 
11 2 10 521 31871 
6 2 6 516 31564 
255 1 255 510 31195 
251 1 251 505 31134 
249 1 249 505 31011 
251 1 249 505 31072 
249 1 250 506 30949 
249 1 249 505 31072 
250 1 249 506 31072 
249 1 249 505 31011 
249 1 249 505 31072 
250 1 249 505 31011 
249 1 249 505 31072 
249 1 250 506 31072 
249 1 249 506 31011 
249 1 249 506 31072 
250 1 249 505 31011 
250 1 249 505 31011 
250 1 250 505 31011 
249 1 249 505 31011 
249 1 250 506 31072 
249 1 249 505 31011 
250 1 249 505 31072 
229 0 229 228 14001 
229 0 229 229 14062 
228 0 228 229 14062 
229 0 228 229 14062 
229 0 229 229 14001 
229 0 229 229 14062 
228 0 229 230 14062 
228 0 229 229 14001 
228 0 228 228 14123 
229 0 228 228 14062 
229 0 228 229 14062 
229 0 230 229 14001 
228 0 228 229 14062 
228 0 228 229 14062 
229 0 228 229 14001 
228 0 229 229 14123 
231 0 233 234 14615 
243 0 245 249 15474 
254 0 1 257 15843 
4 1 6 263 16273 
10 1 12 269 16703 
17 1 18 276 17010 
22 1 24 282 17378 
30 1 32 288 17808 
36 1 37 295 18238 
43 1 44 302 18606 
48 1 50 307 18975 
55 1 57 314 19405 
62 1 63 321 19773 
68 1 69 327 20203 
74 1 77 334 20571 
81 1 82 340 21001 
87 1 89 347 21431 
93 1 94 353 21677 
100 1 101 359 22107 
106 1 108 365 22475 
112 1 114 371 22905 
118 1 121 378 23273 
124 1 125 383 23642 
130 1 133 390 24072 
138 1 138 396 24379 
143 1 144 402 24809 
149 1 151 408 25116 
155 1 156 414 25484 
161 1 162 421 25853 
167 1 168 426 26221 
172 1 174 432 26651 
179 1 181 437 26958 
185 1 187 444 27326 
190 1 192 450 27695 
196 1 198 455 28063 
202 1 204 461 28432 
209 1 209 467 28800 
214 1 215 473 29107 
220 1 222 479 29414 
225 1 227 484 29844 
231 1 232 490 30213 
236 1 238 495 30458 
242 1 243 501 30827 
248 1 250 506 31072 
251 1 251 508 31257 
251 1 252 508 31011 
251 1 251 507 31134 
251 1 252 508 31195 
251 1 251 507 31195 
251 1 252 507 31134 
252 1 252 507 31134 
251 1 251 507 31195 
251 1 252 508 31134 
251 1 251 508 31134 
251 1 251 508 31195 
252 1 251 507 31134 
250 1 251 507 31134 
251 1 252 507 31134 
251 1 251 507 31134 
251 1 251 507 31134 
251 1 250 507 31134 
251 1 251 507 31257 
251 1 251 507 31134 
251 1 251 507 31134 
16 3 15 784 48144 
16 3 16 784 48082 
15 3 16 785 48144 
15 3 16 784 48082 
16 3 15 783 48144 
17 3 16 783 48144 
16 3 16 783 48082 
16 3 15 784 48144 
16 3 16 783 48144 
16 3 15 783 48082 
17 3 15 784 48144 
16 3 15 784 48082 
15 3 16 785 48144 
17 3 16 783 48082 
15 3 15 783 48082 
15 3 17 784 48082 
4 3 12 778 47530 
2 3 0 764 46793 
248 2 246 755 46302 
241 2 239 750 45995 
235 2 234 745 45565 
229 2 227 738 45196 
223 2 221 732 44889 
216 2 214 725 44398 
210 2 209 720 44030 
204 2 203 712 43661 
196 2 195 707 43231 
191 2 189 699 42924 
185 2 183 694 42433 
178 2 177 687 42126 
172 2 170 681 41696 
165 2 163 674 41328 
159 2 157 669 40898 
153 2 151 661 40529 
147 2 145 656 40161 
141 2 139 649 39792 
134 2 132 643 39424 
128 2 127 637 38994 
122 2 120 631 38626 
116 2 114 625 38319 
109 2 107 619 37889 
104 2 102 613 37582 
98 2 97 606 37152 
91 2 89 601 36722 
84 2 85 595 36415 
79 2 77 588 36046 
73 2 72 582 35739 
69 2 66 576 35248 
61 2 60 570 35002 
55 2 54 565 34573 
50 2 47 559 34204 
44 2 42 553 33897 
38 2 36 546 33529 
32 2 31 542 33160 
27 2 25 536 32792 
20 2 18 530 32485 
15 2 14 524 32116 
10 2 8 518 31748 
3 2 3 513 31441 
255 1 252 507 31072 
249 1 249 505 31011 
249 1 249 505 31011 
248 1 248 505 31011 
249 1 249 505 31072 
249 1 248 505 31011 
249 1 249 505 31011 
250 1 249 505 31011 
249 1 249 505 31011 
249 1 249 506 30949 
249 1 249 505 31072 
249 1 249 505 31072 
250 1 248 505 31011 
249 1 249 506 31011 
249 1 250 505 31011 
249 1 249 505 31072 
250 1 249 506 31072 
250 1 250 505 31011 
248 1 249 505 31011 
250 1 249 505 31011 
248 1 248 505 31072 
229 0 229 228 14062 
229 0 229 229 14062 
229 0 229 229 14062 
229 0 228 229 14001 
229 0 230 228 14001 
229 0 229 229 14062 
230 0 229 229 14062 
229 0 229 229 14062 
229 0 229 229 14123 
230 0 228 228 14062 
229 0 229 229 14123 
229 0 229 229 14001 
228 0 229 229 14062 
229 0 229 229 14123 
228 0 229 229 14001 
229 0 229 228 14123 
230 0 229 232 14308 
238 0 241 244 15167 
250 0 254 255 15843 
2 1 4 262 16150 
9 1 10 267 16580 
15 1 15 274 16887 
20 1 22 281 17317 
27 1 30 287 17685 
33 1 35 293 18054 
40 1 42 300 18545 
46 1 48 306 18852 
52 1 54 312 19282 
60 1 61 318 19650 
66 1 68 325 20019 
72 1 74 332 20449 
78 1 80 338 20817 
85 1 87 344 21247 
92 1 92 350 21554 
98 1 99 356 22045 
104 1 106 364 22352 
110 1 111 369 22782 
116 1 118 375 23212 
123 1 123 381 23519 
128 1 131 388 23887 
135 1 137 394 24256 
141 1 142 399 24624 
147 1 149 406 25054 
153 1 154 411 25361 
158 1 160 418 25730 
166 1 167 424 26098 
171 1 172 430 26467 
176 1 179 437 26774 
183 1 184 442 27204 
188 1 190 447 27633 
195 1 196 453 27940 
200 1 202 459 28309 
206 1 208 466 28616 
212 1 213 471 29046 
217 1 219 477 29353 
223 1 224 482 29721 
229 1 230 488 30028 
235 1 237 493 30397 
240 1 242 498 30704 
246 1 247 505 31072 
250 1 251 507 31195 
251 1 252 508 31134 
252 1 251 507 31134 
251 1 251 507 31195 
251 1 251 509 31195 
251 1 252 507 31134 
251 1 251 509 31195 
251 1 251 507 31134 
251 1 251 507 31134 
252 1 252 507 31134 
251 1 251 507 31134 
251 1 251 508 31134 
251 1 251 507 31134 
251 1 251 508 31195 
252 1 251 507 31195 
251 1 251 507 31134 
252 1 252 507 31134 
251 1 251 507 31134 
252 1 251 507 31195 
251 1 251 507 31134 

/> 
read_ramp 10261303
read_ramp 10261303
<CR>Time:2021/10/26 14:47Ramp data first polarity: Ramp data first polarity: 
228 229 229 229 229 229 230 230 228 228 229 228 229 229 229 228 229 230 229 229 229 229 229 229 229 229 229 229 228 229 228 229 229 229 229 229 229 229 229 229 229 229 229 229 229 230 229 229 229 229 229 228 230 229 229 229 228 229 228 229 229 229 230 230 229 234 232 233 237 240 243 245 249 253 255 256 258 259 261 262 265 266 267 269 270 272 273 275 277 278 279 281 283 285 286 287 289 290 292 295 295 298 299 301 301 303 305 307 308 310 311 314 315 317 318 319 321 322 325 326 328 330 331 333 335 335 337 338 341 342 344 346 346 348 350 351 353 355 356 358 360 362 362 364 366 366 369 370 372 375 375 376 378 379 381 383 384 386 387 390 391 391 394 394 397 398 400 401 403 404 404 407 409 410 412 413 415 415 418 420 420 422 423 425 426 428 429 432 433 433 435 437 438 439 442 443 444 446 447 449 450 450 453 454 456 457 459 461 461 463 465 466 467 469 471 472 474 475 475 477 478 479 482 483 485 486 488 489 490 492 493 494 495 497 499 501 502 502 504 505 506 507 507 507 508 509 509 508 508 509 508 507 507 508 508 509 508 507 507 508 507 507 507 507 507 508 507 507 507 507 507 507 508 507 508 508 507 507 508 508 508 507 507 508 508 507 507 507 507 507 507 507 507 508 508 507 507 507 507 508 508 507 507 508 508 507 507 507 507 507 507 507 508 508 507 507 507 507 507 507 
ramp data second polarity
784 783 784 784 782 783 783 783 784 783 783 784 784 783 783 784 783 783 783 785 784 785 785 784 784 784 784 784 784 783 784 785 783 784 783 783 783 783 784 783 784 785 784 784 783 783 784 784 784 784 784 784 783 783 784 784 783 783 783 784 784 783 784 783 790 779 778 776 772 769 767 763 759 758 757 755 754 752 752 750 747 746 745 743 741 740 738 737 736 734 732 730 729 727 725 724 723 722 720 718 716 714 713 712 710 708 706 705 703 703 700 698 697 695 694 692 691 689 687 686 685 682 681 679 678 676 675 673 671 669 668 666 665 663 662 662 660 658 655 654 653 651 650 649 647 646 643 642 640 638 638 636 634 632 632 630 628 626 625 623 622 620 618 618 617 614 613 611 609 608 607 605 604 602 602 599 597 596 595 593 592 590 589 588 586 585 582 582 580 579 578 575 574 573 571 570 568 567 565 563 562 561 560 558 556 555 553 553 550 549 548 547 546 542 541 541 538 538 535 534 533 533 531 529 528 526 523 522 522 520 519 518 516 515 513 512 511 509 507 506 506 506 505 505 505 505 505 506 504 505 506 506 505 505 505 505 505 505 505 505 505 505 505 505 505 505 505 505 505 507 505 505 505 505 505 505 506 505 506 506 505 506 505 505 505 505 506 505 505 506 505 505 505 505 506 505 506 506 506 505 505 505 505 505 506 505 506 506 505 505 505 505 505 505 506 504 506 506 505 505 
Oscillation data first polarity :
779 778 774 770 768 764 761 759 759 756 755 753 751 750 748 747 745 743 742 741 738 737 735 734 733 731 730 728 726 725 723 721 719 719 717 715 714 712 711 708 707 705 704 703 701 700 698 695 694 693 691 690 688 686 685 683 682 680 678 676 675 673 672 670 670 669 665 663 663 660 660 658 656 655 655 652 650 649 647 646 645 643 641 640 638 636 634 633 631 630 629 626 626 624 622 621 619 618 617 615 613 612 611 609 606 605 604 602 601 599 598 598 596 594 592 591 589 588 586 585 585 583 580 579 577 576 574 572 571 570 570 568 565 564 562 561 559 558 556 556 554 552 551 549 548 547 545 544 542 541 540 537 536 534 533 532 531 529 529 526 524 524 522 520 519 518 517 516 514 511 510 509 507 507 506 506 506 506 505 505 504 505 505 504 505 505 505 506 505 505 505 505 505 505 505 505 506 505 505 505 505 506 506 505 506 505 505 505 504 505 505 505 505 505 506 505 505 505 505 505 505 505 506 506 505 505 505 505 504 505 505 505 506 506 505 504 504 505 505 505 505 505 506 505 505 505 505 506 505 506 505 506 506 505 505 505 505 505 506 505 506 506 505 505 505 506 505 505 505 505 506 505 505 505 505 505 505 506 506 506 506 505 505 505 505 505 505 505 506 506 505 505 505 506 505 506 505 505 506 505 504 504 505 506 505 505 505 505 506 504 505 505 505 505 506 505 506 506 505 505 
Oscillation data second polarity :
231 232 238 240 244 246 250 253 255 257 257 259 261 263 264 266 267 269 271 272 273 275 277 278 280 282 284 285 286 288 289 290 292 294 296 297 299 301 302 304 306 306 309 310 312 314 316 315 319 320 321 323 324 327 328 330 331 332 334 335 337 339 340 342 344 346 346 349 349 352 353 354 357 358 360 361 363 365 366 367 368 370 371 374 376 376 378 380 381 382 384 385 388 390 391 392 393 395 397 398 399 401 403 404 405 406 408 410 411 413 414 416 418 419 420 421 423 425 426 429 429 431 433 434 435 438 438 439 441 443 445 446 447 449 450 452 453 454 456 458 459 461 462 463 465 466 467 469 470 472 474 475 476 478 479 480 481 484 485 487 488 488 490 491 493 494 495 497 498 501 502 502 504 505 506 507 507 508 509 509 507 507 508 507 507 508 507 507 508 508 507 507 507 507 507 508 507 508 508 507 507 507 506 507 506 507 507 508 507 506 506 507 507 507 507 507 507 507 507 507 506 507 507 508 507 507 508 507 507 507 507 507 507 507 507 508 509 508 507 507 507 508 507 507 508 508 508 506 506 507 507 507 507 507 507 508 508 507 507 507 507 507 507 507 507 507 507 507 507 507 507 507 507 507 508 507 507 507 506 508 507 507 507 507 508 508 507 507 507 507 507 507 507 507 508 507 507 507 507 507 507 507 507 508 507 507 507 507 507 507 507 507 509 508 507 507 506 507 507 507 
/> 