ls
ls

<CR>
         TIME          Size       File name 
----A 2021/10/30 14:51      8672  1030
----A 2021/10/30 10:09    128000  10300954
----A 2021/10/30 10:27    128000  10301011
----A 2021/10/30 10:43    128000  10301028
----A 2021/10/30 11:01    128000  10301045
----A 2021/10/30 11:17    128000  10301102
----A 2021/10/30 11:35    128000  10301119
----A 2021/10/30 11:51    128000  10301136
----A 2021/10/30 12:09    128000  10301153
----A 2021/10/30 12:25    128000  10301210
----A 2021/10/30 12:43    128000  10301227
----A 2021/10/30 12:59    128000  10301244
----A 2021/10/30 13:17    128000  10301301
----A 2021/10/30 13:33    128000  10301318
----A 2021/10/30 13:51    128000  10301335
----A 2021/10/30 14:07    128000  10301352
----A 2021/10/30 14:25    128000  10301409
----A 2021/10/30 14:41    128000  10301426
----A 2021/10/30 14:43      2560  10301443
----A 2021/10/31 14:41      8480  1031
----A 2021/10/31 10:11    128000  10310953
----A 2021/10/31 10:27    128000  10311010
----A 2021/10/31 10:43    128000  10311027
----A 2021/10/31 11:00    128000  10311044
----A 2021/10/31 11:17    128000  10311101
----A 2021/10/31 11:34    128000  10311118
----A 2021/10/31 11:51    128000  10311136
----A 2021/10/31 12:08    128000  10311153
----A 2021/10/31 12:25    128000  10311210
----A 2021/10/31 12:42    128000  10311227
----A 2021/10/31 12:59    128000  10311244
----A 2021/10/31 13:16    128000  10311301
----A 2021/10/31 13:33    128000  10311318
----A 2021/10/31 13:50    128000  10311335
----A 2021/10/31 14:07    128000  10311352
----A 2021/10/31 14:24    128000  10311409
----A 2021/10/31 14:41    128000  10311426
----A 2021/10/31 14:43      2560  10311443
----A 2021/11/01 15:00      9648  1101
----A 2021/11/01 09:46    128000  11010929
----A 2021/11/01 10:03    128000  11010946
----A 2021/11/01 10:18    128000  11011003
----A 2021/11/01 10:35    128000  11011020
----A 2021/11/01 10:54    128000  11011037
----A 2021/11/01 11:11    128000  11011054
----A 2021/11/01 11:26    128000  11011111
----A 2021/11/01 11:43    128000  11011128
----A 2021/11/01 12:03    128000  11011145
----A 2021/11/01 12:19    128000  11011202
----A 2021/11/01 12:35    128000  11011219
----A 2021/11/01 12:51    128000  11011236
----A 2021/11/01 13:11    128000  11011253
----A 2021/11/01 13:27    128000  11011310
----A 2021/11/01 13:43    128000  11011327
----A 2021/11/01 13:59    128000  11011344
----A 2021/11/01 14:19    128000  11011401
----A 2021/11/01 14:35    128000  11011418
----A 2021/11/01 14:51    128000  11011435
----A 2021/11/01 14:55      2560  11011452
----A 2021/11/02 13:31      6888  1102
----A 2021/11/02 09:55    128000  11020940
----A 2021/11/02 10:14    128000  11020957
----A 2021/11/02 10:31    128000  11021014
----A 2021/11/02 10:46    128000  11021031
----A 2021/11/02 11:03    128000  11021048
----A 2021/11/02 11:22    128000  11021105
----A 2021/11/02 11:39    128000  11021122
----A 2021/11/02 11:54    128000  11021139
----A 2021/11/02 12:11    128000  11021156
----A 2021/11/02 12:30    128000  11021213
----A 2021/11/02 12:47    128000  11021230
----A 2021/11/02 13:02    128000  11021247
----A 2021/11/02 13:19    128000  11021304
----A 2021/11/02 13:23      2560  11021321

  74 File(s),   8491928 bytes total
   0 Dir(s),     992000K bytes free

/> 
read 1102
read 1102
<CR>Time:2021/11/02 13:23 13:23
Hours Minutes Seconds  Nb_Samples    Aver. Current 
9 24 40 13 16580 
9 24 54 12 17010 
9 25 10 13 17071 
9 25 24 12 17071 
9 25 40 13 17071 
9 25 54 12 17071 
9 26 10 13 17071 
9 26 24 12 17071 
9 26 40 13 17071 
9 26 54 12 17071 
9 27 10 13 17071 
9 27 24 12 17071 
9 27 40 13 17071 
9 27 54 12 17071 
9 28 10 13 17071 
9 28 24 12 17071 
9 28 40 13 17071 
9 28 54 12 17071 
9 29 10 13 17071 
9 29 24 12 17071 
9 29 40 13 17071 
9 29 54 12 17071 
9 30 10 13 17071 
9 30 24 12 17071 
9 30 40 13 17071 
9 30 54 12 17071 
9 31 10 13 17071 
9 31 24 12 17071 
9 31 40 13 17071 
9 31 54 12 17071 
9 32 10 13 17071 
9 32 24 12 17071 
9 32 40 13 17071 
9 32 54 12 17071 
9 33 10 13 17071 
9 33 24 12 17071 
9 33 40 13 17071 
9 33 54 12 17071 
9 34 10 13 17071 
9 34 24 12 17071 
9 34 40 13 17071 
9 34 54 12 17071 
9 35 10 13 17071 
9 35 24 12 17071 
9 35 40 13 17071 
9 35 54 12 17071 
9 36 10 13 17071 
9 36 24 12 17071 
9 36 40 13 17071 
9 36 54 12 17071 
9 37 10 13 17071 
9 37 24 12 17071 
9 37 40 13 17071 
9 37 54 12 17071 
9 38 10 13 17071 
9 38 24 12 17071 
9 38 40 13 17071 
9 41 11 12 17071 
9 41 26 13 17071 
9 41 41 12 17071 
9 41 56 13 17071 
9 42 11 12 17071 
9 42 26 13 17071 
9 42 41 12 17071 
9 42 56 13 17071 
9 43 11 12 17071 
9 43 26 13 17071 
9 43 41 12 17071 
9 43 56 13 17071 
9 44 11 12 17071 
9 44 26 13 17071 
9 44 41 12 17071 
9 44 56 13 17071 
9 45 11 12 17071 
9 45 26 13 17071 
9 45 41 12 17071 
9 45 56 13 17071 
9 46 11 12 17071 
9 46 26 13 17071 
9 46 41 12 17071 
9 46 56 13 17071 
9 47 11 12 17071 
9 47 26 13 17071 
9 47 41 12 17071 
9 47 56 13 17071 
9 48 11 12 17071 
9 48 26 13 17071 
9 48 41 12 17071 
9 48 56 13 17071 
9 49 11 12 17071 
9 49 26 13 17071 
9 49 41 12 17071 
9 49 56 13 17071 
9 50 11 12 17071 
9 50 26 13 17071 
9 50 42 13 17071 
9 50 56 12 17071 
9 51 12 13 17071 
9 51 26 12 17071 
9 51 42 13 17071 
9 51 56 12 17071 
9 52 12 13 17071 
9 52 26 12 17071 
9 52 42 13 17010 
9 52 56 12 17071 
9 53 12 13 17071 
9 53 26 12 17071 
9 53 42 13 17071 
9 53 56 12 17071 
9 54 12 13 17071 
9 54 26 12 17071 
9 54 42 13 17071 
9 54 56 12 17071 
9 55 12 13 17071 
9 55 26 12 17071 
9 55 42 13 17071 
9 58 12 13 17071 
9 58 26 12 17071 
9 58 42 13 17071 
9 58 56 12 17071 
9 59 12 13 17071 
9 59 26 12 17071 
9 59 42 13 17071 
9 59 56 12 17071 
10 0 12 13 17071 
10 0 26 12 17071 
10 0 42 13 17071 
10 0 56 12 17071 
10 1 12 13 17071 
10 1 26 12 17071 
10 1 42 13 17071 
10 1 56 12 17071 
10 2 12 13 17071 
10 2 26 12 17071 
10 2 42 13 17071 
10 2 56 12 17071 
10 3 12 13 17071 
10 3 26 12 17071 
10 3 42 13 17071 
10 3 56 12 17071 
10 4 12 13 17071 
10 4 26 12 17071 
10 4 42 13 17071 
10 4 56 12 17071 
10 5 12 13 17071 
10 5 26 12 17071 
10 5 42 13 17071 
10 5 56 12 17071 
10 6 12 13 17071 
10 6 26 12 17071 
10 6 42 13 17071 
10 6 56 12 17071 
10 7 12 13 17071 
10 7 26 12 17071 
10 7 42 13 17071 
10 7 56 12 17071 
10 8 12 13 17071 
10 8 26 12 17071 
10 8 42 13 17071 
10 8 56 12 17071 
10 9 12 13 17071 
10 9 26 12 17071 
10 9 42 13 17071 
10 9 56 12 17071 
10 10 12 13 17071 
10 10 26 12 17071 
10 10 42 13 17071 
10 10 56 12 17071 
10 11 12 13 17071 
10 11 26 12 17071 
10 11 42 13 17071 
10 11 56 12 17071 
10 12 12 13 17071 
10 12 26 12 17010 
10 12 42 13 17071 
10 15 12 13 17071 
10 15 26 12 17071 
10 15 42 13 17071 
10 15 56 12 17071 
10 16 12 13 17010 
10 16 26 12 17071 
10 16 42 13 17071 
10 16 56 12 17071 
10 17 12 13 17071 
10 17 26 12 17071 
10 17 42 13 17071 
10 17 56 12 17071 
10 18 12 13 17071 
10 18 26 12 17071 
10 18 42 13 17071 
10 18 56 12 17071 
10 19 12 13 17010 
10 19 26 12 17071 
10 19 42 13 17071 
10 19 56 12 17071 
10 20 12 13 17071 
10 20 26 12 17071 
10 20 42 13 17071 
10 20 56 12 17071 
10 21 12 13 17071 
10 21 26 12 17071 
10 21 42 13 17071 
10 21 56 12 17071 
10 22 12 13 17071 
10 22 26 12 17071 
10 22 42 13 17071 
10 22 56 12 17071 
10 23 12 13 17071 
10 23 26 12 17071 
10 23 42 13 17071 
10 23 56 12 17010 
10 24 12 13 17071 
10 24 26 12 17071 
10 24 42 13 17071 
10 24 56 12 17071 
10 25 12 13 17071 
10 25 26 12 17071 
10 25 42 13 17010 
10 25 56 12 17071 
10 26 12 13 17010 
10 26 26 12 17071 
10 26 42 13 17071 
10 26 56 12 17071 
10 27 12 13 17071 
10 27 26 12 17071 
10 27 42 13 17071 
10 27 56 12 17071 
10 28 12 13 17071 
10 28 26 12 17071 
10 28 42 13 17071 
10 28 56 12 17071 
10 29 12 13 17071 
10 29 26 12 17071 
10 29 42 13 17071 
10 32 12 13 17071 
10 32 26 12 17071 
10 32 42 13 17071 
10 32 56 12 17071 
10 33 12 13 17071 
10 33 26 12 17010 
10 33 42 13 17010 
10 33 56 12 17071 
10 34 12 13 17071 
10 34 26 12 17071 
10 34 42 13 17071 
10 34 56 12 17071 
10 35 12 13 17071 
10 35 26 12 17071 
10 35 42 13 17071 
10 35 56 12 17071 
10 36 12 13 17071 
10 36 26 12 17071 
10 36 42 13 17010 
10 36 56 12 17071 
10 37 12 13 17071 
10 37 26 12 17010 
10 37 42 13 17071 
10 37 56 12 17071 
10 38 12 13 17071 
10 38 26 12 17071 
10 38 42 13 17071 
10 38 56 12 17010 
10 39 12 13 17071 
10 39 26 12 17071 
10 39 42 13 17071 
10 39 56 12 17071 
10 40 12 13 17071 
10 40 26 12 17071 
10 40 42 13 17071 
10 40 56 12 17071 
10 41 12 13 17071 
10 41 26 12 17071 
10 41 42 13 17071 
10 41 56 12 17071 
10 42 12 13 17010 
10 42 26 12 17071 
10 42 42 13 17071 
10 42 56 12 17071 
10 43 12 13 17071 
10 43 26 12 17071 
10 43 42 13 17071 
10 43 56 12 17071 
10 44 12 13 17071 
10 44 26 12 17071 
10 44 42 13 17071 
10 44 56 12 17071 
10 45 12 13 17071 
10 45 26 12 17071 
10 45 42 13 17071 
10 45 56 12 17071 
10 46 12 13 17071 
10 46 26 12 17071 
10 46 42 13 17071 
10 49 12 13 17010 
10 49 26 12 17071 
10 49 42 13 17071 
10 49 56 12 17071 
10 50 12 13 17010 
10 50 26 12 17010 
10 50 42 13 17071 
10 50 56 12 17071 
10 51 12 13 17071 
10 51 26 12 17071 
10 51 42 13 17071 
10 51 56 12 17071 
10 52 12 13 17010 
10 52 26 12 17071 
10 52 42 13 17071 
10 52 56 12 17071 
10 53 12 13 17071 
10 53 26 12 17071 
10 53 42 13 17071 
10 53 56 12 17071 
10 54 12 13 17071 
10 54 26 12 17071 
10 54 42 13 17071 
10 54 56 12 17071 
10 55 12 13 17071 
10 55 26 12 17010 
10 55 42 13 17071 
10 55 56 12 17071 
10 56 12 13 17071 
10 56 26 12 17071 
10 56 42 13 17071 
10 56 56 12 17071 
10 57 12 13 17071 
10 57 26 12 17071 
10 57 42 13 17071 
10 57 56 12 17071 
10 58 12 13 17071 
10 58 26 12 17071 
10 58 42 13 17071 
10 58 56 12 17010 
10 59 12 13 17071 
10 59 26 12 17071 
10 59 42 13 17071 
10 59 56 12 17071 
11 0 12 13 17010 
11 0 26 12 17010 
11 0 42 13 17071 
11 0 56 12 17010 
11 1 12 13 17071 
11 1 26 12 17071 
11 1 42 13 17071 
11 1 56 12 17071 
11 2 12 13 17071 
11 2 26 12 17071 
11 2 42 13 17071 
11 2 56 12 17071 
11 3 12 13 17071 
11 3 26 12 17010 
11 3 42 13 17010 
11 6 13 13 17010 
11 6 28 12 17071 
11 6 43 13 17071 
11 6 58 12 17071 
11 7 13 13 17010 
11 7 28 12 17010 
11 7 43 13 17071 
11 7 58 12 17071 
11 8 13 13 17010 
11 8 28 12 17071 
11 8 43 13 17010 
11 8 58 12 17071 
11 9 13 13 17071 
11 9 28 12 17071 
11 9 43 13 17071 
11 9 58 12 17010 
11 10 13 13 17010 
11 10 28 12 17071 
11 10 43 13 17010 
11 10 58 12 17071 
11 11 13 13 17010 
11 11 28 12 17010 
11 11 43 13 17010 
11 11 58 12 17071 
11 12 13 13 17010 
11 12 28 12 17071 
11 12 43 13 17010 
11 12 58 12 17010 
11 13 13 13 17010 
11 13 28 12 17071 
11 13 43 13 17010 
11 13 58 12 17071 
11 14 13 13 17071 
11 14 28 12 17071 
11 14 43 13 17010 
11 14 58 12 17071 
11 15 13 13 17010 
11 15 28 12 17010 
11 15 43 13 17010 
11 15 58 12 17010 
11 16 13 13 17071 
11 16 28 12 17010 
11 16 43 13 17071 
11 16 58 12 17071 
11 17 13 13 17071 
11 17 28 12 17010 
11 17 43 13 17010 
11 17 58 12 17071 
11 18 13 13 17010 
11 18 28 12 17010 
11 18 43 13 17010 
11 18 58 12 17010 
11 19 13 13 17010 
11 19 28 12 17071 
11 19 43 13 17010 
11 19 58 12 17010 
11 20 13 13 17010 
11 20 28 12 17010 
11 20 43 13 17071 
11 23 13 13 17010 
11 23 28 12 17010 
11 23 43 13 17010 
11 23 58 12 17010 
11 24 13 13 17010 
11 24 28 12 17010 
11 24 43 13 17010 
11 24 58 12 17010 
11 25 13 13 17010 
11 25 28 12 17071 
11 25 43 13 17010 
11 25 58 12 17010 
11 26 13 13 17010 
11 26 28 12 17010 
11 26 43 13 17010 
11 26 58 12 17071 
11 27 13 13 17010 
11 27 28 12 17010 
11 27 43 13 17010 
11 27 58 12 17010 
11 28 13 13 17010 
11 28 28 12 17071 
11 28 43 13 17071 
11 28 58 12 17010 
11 29 13 13 17010 
11 29 28 12 17071 
11 29 43 13 17010 
11 29 58 12 17010 
11 30 13 13 17010 
11 30 28 12 17010 
11 30 43 13 17010 
11 30 58 12 17071 
11 31 13 13 17010 
11 31 28 12 17010 
11 31 43 13 17010 
11 31 58 12 17010 
11 32 13 13 17010 
11 32 28 12 17010 
11 32 43 13 17071 
11 32 58 12 17010 
11 33 13 13 17010 
11 33 28 12 17010 
11 33 43 13 17010 
11 33 58 12 17010 
11 34 13 13 17010 
11 34 28 12 17010 
11 34 43 13 17010 
11 34 58 12 17010 
11 35 13 13 17010 
11 35 28 12 17010 
11 35 43 13 17010 
11 35 58 12 17010 
11 36 13 13 17010 
11 36 28 12 17010 
11 36 43 13 17010 
11 36 58 12 17010 
11 37 13 13 17010 
11 37 28 12 17071 
11 37 43 13 17071 
11 40 13 13 17071 
11 40 28 12 17010 
11 40 43 13 17010 
11 40 58 12 17010 
11 41 13 13 17010 
11 41 28 12 17010 
11 41 43 13 17010 
11 41 58 12 17071 
11 42 13 13 17010 
11 42 28 12 17010 
11 42 43 13 17010 
11 42 58 12 17010 
11 43 13 13 17010 
11 43 28 12 17010 
11 43 43 13 17010 
11 43 58 12 17010 
11 44 13 13 17010 
11 44 28 12 17010 
11 44 43 13 17010 
11 44 58 12 17010 
11 45 13 13 17010 
11 45 28 12 17010 
11 45 43 13 17010 
11 45 58 12 17010 
11 46 13 13 17010 
11 46 28 12 17071 
11 46 43 13 17010 
11 46 58 12 17010 
11 47 13 13 17071 
11 47 28 12 17010 
11 47 43 13 17010 
11 47 58 12 17010 
11 48 13 13 17071 
11 48 28 12 17010 
11 48 43 13 17010 
11 48 58 12 17010 
11 49 13 13 17010 
11 49 28 12 17010 
11 49 43 13 17071 
11 49 58 12 17010 
11 50 13 13 17010 
11 50 28 12 17010 
11 50 43 13 17010 
11 50 58 12 17010 
11 51 13 13 17071 
11 51 28 12 17010 
11 51 43 13 17010 
11 51 58 12 17010 
11 52 13 13 17010 
11 52 28 12 17010 
11 52 43 13 17010 
11 52 58 12 17010 
11 53 13 13 17010 
11 53 28 12 17010 
11 53 43 13 17010 
11 53 58 12 17010 
11 54 13 13 17010 
11 54 28 12 17071 
11 54 43 13 17010 
11 57 14 13 17010 
11 57 29 12 17071 
11 57 44 13 17010 
11 57 59 12 17071 
11 58 14 13 17010 
11 58 29 12 17010 
11 58 44 13 17071 
11 58 59 12 17010 
11 59 14 13 17010 
11 59 29 12 17010 
11 59 44 13 17010 
11 59 59 12 17010 
12 0 14 13 17010 
12 0 29 12 17010 
12 0 44 13 17071 
12 0 59 12 17010 
12 1 14 13 17010 
12 1 29 12 17010 
12 1 44 13 17071 
12 1 59 12 17010 
12 2 14 13 17071 
12 2 29 12 17010 
12 2 44 13 17071 
12 2 59 12 17071 
12 3 14 13 17010 
12 3 29 12 17071 
12 3 44 13 17010 
12 3 59 12 17010 
12 4 14 13 17010 
12 4 29 12 17071 
12 4 44 13 17071 
12 4 59 12 17010 
12 5 14 13 17071 
12 5 29 12 17071 
12 5 44 13 17071 
12 5 59 12 17071 
12 6 14 13 17071 
12 6 29 12 17071 
12 6 44 13 17010 
12 6 59 12 17010 
12 7 14 13 17010 
12 7 29 12 17071 
12 7 44 13 17010 
12 7 59 12 17071 
12 8 14 13 17071 
12 8 29 12 17071 
12 8 44 13 17010 
12 8 59 12 17010 
12 9 14 13 17010 
12 9 29 12 17071 
12 9 44 13 17071 
12 9 59 12 17010 
12 10 14 13 17071 
12 10 29 12 17010 
12 10 44 13 17071 
12 10 59 12 17071 
12 11 14 13 17071 
12 11 29 12 17010 
12 11 44 13 17010 
12 14 14 13 17010 
12 14 29 12 17010 
12 14 44 13 17010 
12 14 59 12 17010 
12 15 15 13 17010 
12 15 29 12 17010 
12 15 44 13 17010 
12 15 59 12 17010 
12 16 14 13 17010 
12 16 29 12 17071 
12 16 44 13 17010 
12 16 59 12 17010 
12 17 14 13 17010 
12 17 29 12 17010 
12 17 44 13 17010 
12 17 59 12 17010 
12 18 14 13 17010 
12 18 29 12 17010 
12 18 44 13 17010 
12 18 59 12 17010 
12 19 14 13 17010 
12 19 29 12 17010 
12 19 44 13 17010 
12 19 59 12 17010 
12 20 14 13 17010 
12 20 29 12 17010 
12 20 44 13 17071 
12 20 59 12 17010 
12 21 14 13 17010 
12 21 29 12 17010 
12 21 44 13 17010 
12 21 59 12 17010 
12 22 14 13 17010 
12 22 29 12 17010 
12 22 44 13 17010 
12 22 59 12 17071 
12 23 14 13 17071 
12 23 29 12 17010 
12 23 44 13 17010 
12 23 59 12 17010 
12 24 14 13 17010 
12 24 29 12 17010 
12 24 44 13 17010 
12 24 59 12 17010 
12 25 14 13 17010 
12 25 29 12 17010 
12 25 44 13 17010 
12 25 59 12 17010 
12 26 14 13 17010 
12 26 29 12 17010 
12 26 44 13 17010 
12 26 59 12 17010 
12 27 15 13 17010 
12 27 29 12 17010 
12 27 45 13 17010 
12 27 59 12 17010 
12 28 15 13 17010 
12 28 29 12 17010 
12 28 45 13 17010 
12 31 15 13 17010 
12 31 29 12 17010 
12 31 45 13 17010 
12 31 59 12 17010 
12 32 15 13 17010 
12 32 29 12 17010 
12 32 45 13 17010 
12 32 59 12 17010 
12 33 15 13 17010 
12 33 29 12 17010 
12 33 45 13 17010 
12 33 59 12 17010 
12 34 15 13 17010 
12 34 29 12 17010 
12 34 45 13 17010 
12 34 59 12 17010 
12 35 15 13 17010 
12 35 29 12 17010 
12 35 45 13 17010 
12 35 59 12 17010 
12 36 15 13 17010 
12 36 29 12 17010 
12 36 45 13 17010 
12 36 59 12 17010 
12 37 15 13 17010 
12 37 29 12 17010 
12 37 45 13 17010 
12 37 59 12 17010 
12 38 15 13 17010 
12 38 29 12 17010 
12 38 45 13 17010 
12 38 59 12 17010 
12 39 15 13 17010 
12 39 29 12 17010 
12 39 45 13 17010 
12 39 59 12 17010 
12 40 15 13 17010 
12 40 29 12 17010 
12 40 45 13 17010 
12 40 59 12 17010 
12 41 15 13 17010 
12 41 29 12 17010 
12 41 45 13 17010 
12 41 59 12 17010 
12 42 15 13 17010 
12 42 29 12 17010 
12 42 45 13 17010 
12 42 59 12 17010 
12 43 15 13 17010 
12 43 29 12 17010 
12 43 45 13 17010 
12 43 59 12 17010 
12 44 15 13 17010 
12 44 29 12 17010 
12 44 45 13 17010 
12 44 59 12 17010 
12 45 15 13 17010 
12 45 29 12 17010 
12 45 45 13 17010 
12 48 16 13 17010 
12 48 30 12 17010 
12 48 46 13 17010 
12 49 0 12 17010 
12 49 16 13 17010 
12 49 30 12 17010 
12 49 46 13 17010 
12 50 0 12 17010 
12 50 16 13 17010 
12 50 30 12 17010 
12 50 46 13 17010 
12 51 0 12 17010 
12 51 16 13 17010 
12 51 30 12 17010 
12 51 46 13 17010 
12 52 0 12 17010 
12 52 16 13 17010 
12 52 30 12 17010 
12 52 46 13 17010 
12 53 0 12 17010 
12 53 16 13 17010 
12 53 30 12 17010 
12 53 46 13 17010 
12 54 0 12 17010 
12 54 16 13 17010 
12 54 30 12 17010 
12 54 46 13 17010 
12 55 0 12 17010 
12 55 16 13 17010 
12 55 30 12 17010 
12 55 46 13 17010 
12 56 0 12 17010 
12 56 16 13 17010 
12 56 30 12 17010 
12 56 46 13 17010 
12 57 0 12 17010 
12 57 16 13 17010 
12 57 30 12 17010 
12 57 46 13 17010 
12 58 0 12 17010 
12 58 16 13 17010 
12 58 30 12 17010 
12 58 46 13 17010 
12 59 0 12 17010 
12 59 16 13 17010 
12 59 30 12 17010 
12 59 46 13 17010 
13 0 0 12 17010 
13 0 16 13 17010 
13 0 30 12 17010 
13 0 46 13 17010 
13 1 0 12 17010 
13 1 16 13 17010 
13 1 30 12 17010 
13 1 46 13 17010 
13 2 0 12 17010 
13 2 16 13 17010 
13 2 30 12 17010 
13 2 46 13 17010 
13 5 16 13 17010 
13 5 30 12 17010 
13 5 46 13 17010 
13 6 0 12 17010 
13 6 16 13 17010 
13 6 30 12 17010 
13 6 46 13 17010 
13 7 0 12 17010 
13 7 16 13 17010 
13 7 30 12 17010 
13 7 46 13 17010 
13 8 0 12 17010 
13 8 16 13 17010 
13 8 30 12 17010 
13 8 46 13 17010 
13 9 0 12 17010 
13 9 16 13 17010 
13 9 30 12 17010 
13 9 46 13 17010 
13 10 0 12 17010 
13 10 16 13 17010 
13 10 30 12 17010 
13 10 46 13 17010 
13 11 0 12 17010 
13 11 16 13 17010 
13 11 30 12 17010 
13 11 46 13 17010 
13 12 0 12 17010 
13 12 16 13 17010 
13 12 30 12 17010 
13 12 46 13 17010 
13 13 0 12 17010 
13 13 16 13 17010 
13 13 30 12 17010 
13 13 46 13 17010 
13 14 0 12 17010 
13 14 16 13 17010 
13 14 30 12 17010 
13 14 46 13 17010 
13 15 0 12 17010 
13 15 16 13 17010 
13 15 30 12 17010 
13 15 46 13 17010 
13 16 0 12 17010 
13 16 16 13 17010 
13 16 30 12 17010 
13 16 46 13 17010 
13 17 0 12 17010 
13 17 16 13 17010 
13 17 30 12 17010 
13 17 46 13 17010 
13 18 0 12 17010 
13 18 16 13 17010 
13 18 30 12 17010 
13 18 46 13 17010 
13 19 0 12 17010 
13 19 16 13 17010 
13 19 30 12 17010 
13 19 46 13 17010 
13 22 16 13 17010 
13 22 30 12 17010 
13 22 46 13 17010 
13 23 0 12 17010 
13 23 16 13 17010 
13 23 30 12 17010 
13 23 46 13 17010 
13 24 0 12 17010 
13 24 16 13 17010 
13 24 30 12 17010 
13 24 46 13 17010 
13 25 0 12 17010 
13 25 16 13 17010 
13 25 30 12 17010 
13 25 46 13 17010 
13 26 0 12 17010 
13 26 16 13 17010 
13 26 30 12 17010 
13 26 46 13 17010 
13 27 0 12 17010 
13 27 16 13 17010 
13 27 30 12 17010 
13 27 46 13 17010 
13 28 0 12 17010 
13 28 16 13 17010 
13 28 30 12 17010 
13 28 46 13 17010 
13 29 0 12 17010 
13 29 16 13 17010 
13 29 30 12 17010 
13 29 46 13 17010 
13 30 0 12 17010 
13 30 16 13 17010 
13 30 30 12 17010 
13 30 46 13 17010 
13 31 0 12 17010 
13 31 16 13 17010 

/> 
read_ramp 11021213
read_ramp 11021213
<CR>Time:2021/11/02 13:23Ramp data first polarity: 
229 228 229 229 228 228 228 228 228 229 229 229 229 229 229 228 228 228 227 229 229 228 228 229 229 229 228 228 228 229 228 228 228 229 229 228 228 228 228 228 228 228 228 229 229 228 228 228 228 229 228 228 228 229 229 229 228 228 228 228 228 229 228 229 229 229 235 233 234 235 240 243 246 247 253 255 255 257 259 261 262 263 265 266 269 270 271 272 274 276 277 279 281 283 284 286 287 288 290 291 293 295 296 299 300 302 304 304 306 308 309 312 313 314 316 318 320 320 322 324 325 326 328 330 332 333 336 337 338 340 341 343 344 346 348 349 351 354 354 355 357 358 361 362 364 365 367 369 370 371 373 374 375 378 379 381 381 383 387 387 388 390 390 393 394 396 397 399 401 402 404 405 406 408 410 411 411 414 416 418 419 420 421 423 424 426 427 429 431 431 434 435 436 438 439 441 442 443 445 446 449 450 450 452 454 455 457 458 460 461 463 465 466 467 468 469 471 473 474 476 477 479 480 481 482 484 486 487 488 490 492 492 494 496 497 498 499 501 502 503 505 506 507 508 508 508 508 508 508 506 504 508 507 508 508 507 507 507 508 507 507 507 507 508 508 508 507 507 507 507 507 507 508 507 508 508 507 507 507 507 507 507 507 508 507 508 508 507 507 507 507 508 508 508 507 508 507 507 507 507 507 506 508 507 507 508 508 508 507 507 507 507 507 508 507 508 508 508 507 507 
ramp data second polarity
784 784 784 784 784 785 785 785 784 784 784 784 785 784 784 783 784 785 784 784 784 784 784 784 785 784 785 785 785 784 783 784 785 784 784 785 784 785 785 784 784 784 785 784 784 784 784 784 784 784 784 783 784 784 784 784 784 784 785 785 783 784 784 784 783 775 781 779 775 772 768 764 762 760 758 756 755 754 752 751 749 747 746 744 743 741 739 738 736 735 734 732 730 728 727 725 724 723 720 720 718 716 714 713 711 709 709 706 705 704 702 700 699 697 695 693 692 690 689 687 686 685 682 681 679 678 676 674 673 671 670 669 667 665 664 661 660 659 657 655 654 653 651 649 647 646 645 643 642 640 638 637 636 634 631 630 630 627 626 625 623 622 621 619 617 614 614 612 610 609 608 607 605 604 603 600 599 597 596 594 593 592 590 589 587 585 584 582 581 579 577 576 574 574 573 570 569 568 566 564 563 561 560 559 558 557 554 553 552 550 548 547 546 544 544 542 540 538 538 535 534 533 532 530 529 528 526 524 522 521 520 518 517 516 514 514 511 510 509 507 507 506 506 505 505 506 506 504 506 506 505 505 505 505 505 506 505 505 505 505 505 505 506 505 505 506 506 505 505 505 505 505 505 505 506 505 506 506 505 505 505 505 505 505 505 506 506 506 506 505 505 505 505 505 506 506 506 506 505 505 505 505 505 505 506 506 506 506 506 505 505 505 505 505 506 506 505 506 505 784 
Oscillation data first polarity :
778 778 774 771 769 764 761 761 759 757 755 754 751 751 749 747 746 745 743 741 739 738 737 735 733 731 730 729 727 726 724 722 721 719 718 716 715 713 711 710 708 706 705 703 701 699 699 696 696 693 691 690 688 687 685 684 682 681 679 677 676 674 672 671 669 668 667 665 664 662 661 659 656 656 654 653 651 650 648 646 645 643 641 640 637 637 635 634 632 631 630 628 625 625 623 622 620 618 618 616 615 613 610 609 607 606 605 603 602 601 600 598 595 594 592 591 590 588 587 586 585 583 581 579 578 577 574 573 572 570 569 568 566 564 563 561 560 559 557 556 556 554 552 550 549 547 546 544 542 541 540 539 537 535 534 533 531 530 528 526 526 525 523 521 519 519 518 515 514 513 511 510 509 507 506 506 506 505 505 505 505 505 506 507 503 505 505 505 505 505 505 505 506 506 504 505 505 505 505 505 506 505 505 506 505 505 505 505 505 505 505 504 506 506 505 505 505 505 505 505 506 505 506 506 505 505 505 504 505 505 505 505 505 506 506 505 505 505 505 505 505 506 505 505 506 505 505 505 504 506 505 505 506 506 506 506 505 506 505 505 506 505 506 505 506 507 504 506 505 506 505 505 506 505 506 506 505 505 505 505 505 505 506 505 506 506 506 505 505 505 505 505 505 505 506 506 505 505 505 505 505 505 506 505 506 506 505 505 505 505 505 505 505 505 506 506 505 505 505 505 
Oscillation data second polarity :
232 232 236 240 242 246 249 252 254 256 258 258 260 263 263 265 266 269 270 272 274 274 276 278 279 280 282 284 286 288 289 291 292 293 296 297 298 301 302 303 306 307 308 310 311 312 314 316 318 319 322 323 325 325 327 329 330 332 333 336 337 339 341 341 342 345 346 348 350 351 353 355 357 358 358 360 362 364 365 367 368 369 372 374 374 376 377 379 381 382 384 385 387 389 390 392 393 395 396 398 400 401 402 404 406 406 409 410 411 413 414 417 417 419 421 421 423 426 426 428 429 430 431 434 436 436 438 439 441 442 443 446 447 449 450 452 453 454 455 457 459 461 462 463 465 466 467 469 470 472 473 474 476 477 479 480 481 483 484 485 487 489 490 491 493 495 496 497 498 500 501 503 504 505 506 507 507 508 507 507 507 507 509 509 507 508 508 507 507 507 507 507 507 508 507 509 508 507 506 507 507 507 507 507 507 507 508 507 507 506 507 507 507 507 507 507 508 508 506 506 507 507 507 507 507 507 508 507 507 507 507 507 507 507 508 506 508 507 508 507 507 507 507 507 507 507 508 508 507 507 507 507 507 507 507 507 507 508 507 507 507 507 507 507 507 508 508 507 508 507 507 507 507 507 507 507 507 508 507 507 507 507 506 507 507 507 508 507 507 508 507 507 507 507 507 507 508 507 508 507 507 508 507 506 506 507 507 507 507 508 507 507 507 507 507 507 507 507 508 508 
/> 