570876.126 3521069.276 412.976 0  0e
570919.703 3521064.456 419.181 0  50e
570973.239 3521058.809 422.202 0  100e
571026.450 3521059.882 425.661 0  150e
571069.258 3521053.342 427.669 0  200e
571118.505 3521050.362 438.606 0  250e
571166.298 3521049.120 445.658 0  300e
571221.192 3521049.959 450.545 0  350e
571270.154 3521052.193 452.531 0  400e
571320.760 3521036.751 455.884 0  450e
571366.575 3521038.357 474.145 0  500e
571429.117 3521020.520 491.827 0  550e
571471.009 3521042.861 486.031 0  600e
571522.333 3521040.137 469.548 0  650e
571572.791 3521030.771 458.052 0  700e
571623.066 3521032.717 452.347 0  750e
