570894.552 3522065.872 434.907 0  0e
570944.352 3522068.281 437.693 0  50e
570998.164 3522062.841 437.916 0  100e
571048.263 3522055.848 437.959 0  150e
571095.073 3522052.221 436.929 0  200e
571145.715 3522051.780 436.038 0  250e
571194.352 3522048.494 436.033 0  300e
571245.767 3522048.114 435.617 0  350e
571294.856 3522046.046 435.052 0  400e
571344.904 3522042.379 433.476 0  
571395.696 3522042.360 427.084 0  450e
571447.251 3522040.854 431.111 0  550e
571496.023 3522035.654 434.265 0  
571545.420 3522032.493 435.929 0  650e
571594.814 3522031.921 434.614 0  700e
571644.443 3522026.178 437.919 0  750e
571745.176 3522031.118 457.893 0  850e
571794.952 3522015.890 453.356 0  900e
571845.300 3522021.706 452.252 0  950e
571897.733 3522021.435 456.220 0  1000e
571895.617 3522013.135 454.163 0  1000eredo
571942.912 3522016.004 461.262 0  1050e
571989.756 3522012.831 472.656 0  1100e
572041.337 3522008.611 481.421 0  1150e
572088.443 3522007.934 476.958 0  1200e
572142.087 3522010.535 458.811 0  1250e
572190.301 3522003.527 448.195 0  1300e
572238.126 3522004.572 443.734 0  1350e
572291.420 3522005.302 440.262 0  1400e
572341.846 3521993.887 436.876 0  1450e
572389.772 3521990.439 433.552 0  1500e
572441.399 3521995.041 429.551 0  1550e
