571634.341 3521243.536 473.906 0  750e
571730.808 3521231.473 457.968 0  850e
571782.727 3521219.418 455.487 0  900e
571572.473 3521248.324 492.365 0  700e
571532.354 3521238.582 510.946 0  650e
571487.549 3521240.818 518.686 0  600e
571423.276 3521263.718 487.209 0  550e
571377.714 3521283.121 475.725 0  500e
571328.277 3521274.085 474.281 0  450e
571283.421 3521256.020 467.791 0  400e
571231.854 3521255.009 451.745 0  350e
571184.798 3521252.578 441.182 0  300e
571133.015 3521243.497 433.334 0  250e
571081.476 3521246.143 426.952 0  200e
571032.352 3521252.706 423.087 0  150e
570980.197 3521261.421 419.221 0  100e
570931.411 3521283.215 419.275 0  50e
570879.007 3521285.425 421.237 0  0e
571828.313 3521233.355 459.293 0  950e
571880.887 3521232.116 475.122 0  1000e
571930.697 3521232.826 464.668 0  1050e
571977.708 3521225.511 448.739 0  1100e
572028.230 3521226.681 435.191 0  1150e
572075.937 3521218.959 437.908 0  1200e
572128.225 3521213.808 448.138 0  1250e
572177.948 3521211.554 450.929 0  1300e
572230.634 3521215.847 434.333 0  1350e
572274.710 3521217.556 426.266 0  1400e
572322.981 3521215.506 426.193 0  1450e
572375.394 3521199.014 431.907 0  1550e
572432.083 3521203.907 429.256 0  1550e
