572434.448 3521398.862 462.400 0  1550e
572384.821 3521404.217 450.661 0  1500e
572332.642 3521402.307 440.089 0  1450e
572281.221 3521399.894 435.954 0  1400e
572229.891 3521405.259 433.618 0  1350e
572178.276 3521411.433 432.025 0  1300e
572129.632 3521411.383 436.394 0  1250e
572077.635 3521406.872 439.989 0  1200e
572029.728 3521410.799 447.916 0  1150e
571979.166 3521410.820 459.712 0  1100e
571930.285 3521420.275 471.773 0  1050e
571883.642 3521416.562 479.577 0  1000e
571838.914 3521417.066 485.873 0  950e
571782.635 3521424.831 460.905 0  900e
571735.628 3521425.649 446.550 0  850e
570887.266 3521465.229 429.847 0  0e
570932.954 3521459.882 427.196 0  50e
570982.065 3521466.366 421.865 0  100e
571032.493 3521458.155 425.872 0  150e
571084.940 3521452.988 420.696 0  200e
571130.474 3521447.551 423.941 0  250e
571181.851 3521448.972 425.118 0  300e
571232.075 3521445.531 439.680 0  350e
571292.195 3521442.436 453.450 0  400e
571337.120 3521440.364 449.887 0  450e
571386.667 3521440.649 456.085 0  500e
571437.782 3521439.728 468.652 0  550e
571483.051 3521428.428 479.827 0  600e
571536.812 3521426.247 473.940 0  650e
571578.881 3521415.595 472.000 0  700e
571632.363 3521414.597 459.976 0  750e
