572434.448 3521398.862 462.400 0  1550e
572384.821 3521404.217 450.661 0  1500e
572332.642 3521402.307 440.089 0  1450e
572281.221 3521399.894 435.954 0  1400e
572229.891 3521405.259 433.618 0  1350e
572178.276 3521411.433 432.025 0  1300e
572129.632 3521411.383 436.394 0  1250e
572077.635 3521406.872 439.989 0  1200e
572029.728 3521410.799 447.916 0  1150e
571979.166 3521410.820 459.712 0  1100e
571930.285 3521420.275 471.773 0  1050e
571883.642 3521416.562 479.577 0  1000e
571838.914 3521417.066 485.873 0  950e
571782.635 3521424.831 460.905 0  900e
571735.628 3521425.649 446.550 0  850e
