570900.726 3521663.024 432.914 0  0e
570944.231 3521654.424 426.805 0  50e
570994.137 3521660.216 431.523 0  100e
571045.275 3521654.560 431.930 0  150e
572982.208 3521572.422 409.853 0  2100e
572935.718 3521579.217 413.225 0  2050e
572889.008 3521586.142 413.576 0  2000e
572837.557 3521581.338 411.469 0  1950e
572791.856 3521576.433 413.460 0  1900e
572733.662 3521592.328 416.707 0  1850e
572688.409 3521591.775 418.717 0  1800e
572638.666 3521589.311 420.101 0  1750e
572590.259 3521592.890 420.991 0  1700e
572540.396 3521595.789 424.076 0  1650e
571042.549 3521659.663 431.163 0  150eredo
571088.852 3521658.443 430.746 0  200e
571139.652 3521657.480 431.684 0  250e
571187.338 3521655.049 426.511 0  300e
571240.581 3521651.803 425.637 0  350e
571286.889 3521643.103 424.714 0  400e
571344.162 3521646.405 430.492 0  450e
571388.095 3521640.854 433.793 0  500e
571491.655 3521634.255 442.297 0  600e
571442.305 3521643.516 440.566 0  550e
571538.689 3521634.495 445.833 0  650e
571589.299 3521635.407 443.912 0  700e
571643.402 3521633.478 437.259 0  750e
571734.150 3521624.805 437.845 0  850e
571790.503 3521629.673 442.361 0  900e
571839.069 3521622.395 449.348 0  950e
571885.308 3521615.112 457.203 0  1000e
571935.578 3521617.810 474.863 0  1050e
571996.239 3521616.097 480.587 0  1100e
572047.806 3521612.307 478.803 0  1150e
572088.856 3521609.307 472.618 0  1200e
572145.807 3521603.647 454.268 0  1250e
572189.319 3521608.201 443.956 0  1300e
572235.857 3521601.664 436.918 0  1350e
