572440.561 3521798.731 425.536 0  1550e
572389.466 3521798.224 427.012 0  1500e
572339.468 3521801.200 430.322 0  1450e
572289.997 3521801.260 434.511 0  1400e
572236.245 3521803.426 439.391 0  1350e
572187.023 3521809.661 446.178 0  1250e
572136.579 3521808.171 460.852 0  1250e
572084.662 3521812.609 477.735 0  1200e
572040.656 3521815.770 478.831 0  1150e
571994.253 3521816.781 469.500 0  1100e
571943.509 3521816.979 459.159 0  1050e
571939.654 3521815.832 456.384 0  1050eredo
571885.462 3521825.416 450.299 0  1000e
571842.731 3521824.155 447.149 0  950e
571791.225 3521821.833 444.240 0  900e
571743.668 3521827.001 442.036 0  850e
571645.951 3521835.015 447.808 0  750e
571596.271 3521840.982 449.871 0  700e
571546.777 3521840.684 447.041 0  650e
571498.800 3521843.655 440.302 0  600e
571445.748 3521843.238 439.192 0  550e
571396.822 3521846.411 433.116 0  450e
571342.798 3521845.266 426.037 0  450e
571299.873 3521853.587 427.579 0  400e
571244.871 3521853.651 433.979 0  400e
571195.229 3521852.512 433.137 0  300e
571145.710 3521854.853 432.067 0  250e
571094.452 3521856.394 431.201 0  200e
571043.108 3521850.758 430.949 0  150e
570991.723 3521848.638 433.518 0  100e
570943.764 3521859.567 437.995 0  50e
570898.641 3521864.226 436.006 0  0e
