369883.465 6295660.672 351.121 0  
369908.271 6295695.999 351.024 0  
369937.955 6295730.685 351.066 0  
369959.832 6295755.817 351.078 0  
369991.780 6295791.937 351.064 0  
370002.549 6295811.405 351.114 0  
370002.527 6295811.396 351.070 0  
369972.168 6295836.583 351.028 0  
369941.669 6295860.316 352.175 0  
369911.806 6295885.722 352.927 0  
369882.946 6295909.165 351.953 0  
369853.299 6295934.465 351.997 0  
369818.010 6295961.593 353.028 0  
369784.161 6295989.822 357.785 0  
369752.355 6296012.413 359.626 0  
369752.264 6296012.362 358.683 0  
369725.532 6296042.111 358.616 0  
369698.895 6296062.188 358.865 0  
369670.613 6296031.160 354.219 0  
369644.154 6295999.916 353.423 0  
369618.957 6295971.484 351.587 0  
369595.201 6295943.725 351.068 0  
369571.605 6295915.149 351.104 0  
369544.574 6295882.378 350.888 0  
369518.483 6295850.220 350.756 0  
369493.200 6295816.974 350.951 0  
369461.503 6295782.602 354.934 0  
369445.613 6295760.242 353.804 0  
369477.361 6295730.537 354.018 0  
369507.097 6295707.579 351.339 0  
369535.345 6295682.214 350.200 0  
369567.681 6295655.369 350.414 0  
369597.995 6295631.346 350.695 0  
369631.652 6295603.382 350.504 0  
369660.305 6295581.503 351.134 0  
369688.131 6295556.075 351.821 0  
369716.647 6295534.782 351.322 0  
369750.272 6295505.723 351.926 0  
369776.679 6295534.762 351.738 0  
369805.161 6295569.022 353.851 0  
369833.623 6295593.060 355.469 0  
369854.102 6295627.417 354.347 0  
