<P> 544524.970 1370660.670 298.355 0  200
<P> 544557.591 1370623.268 298.988 0  250
<P> 544599.898 1370593.439 299.374 0  300
<P> 544629.724 1370552.420 298.182 0  350
<P> 544667.015 1370520.878 299.270 0  400
<P> 544699.761 1370483.655 299.609 0  450
<P> 544738.221 1370447.708 298.949 0  500
<P> 544773.775 1370413.219 298.130 0  550
<P> 544804.976 1370376.961 298.825 0  600
<P> 544842.668 1370340.802 297.951 0  650
<P> 544876.146 1370306.217 298.129 0  700
<P> 544912.071 1370271.889 298.451 0  750
<P> 544948.912 1370236.255 298.829 0  800
<P> 544984.042 1370202.528 296.285 0  850
<P> 545018.074 1370166.413 298.390 0  900
<P> 545052.173 1370129.986 299.242 0  950
<P> 545089.202 1370092.193 298.939 0  1000
<P> 545124.251 1370059.117 300.162 0  1050
<P> 545156.014 1370021.975 300.795 0  1100
<P> 545195.435 1369988.455 299.178 0  1150
<P> 545225.682 1369953.068 297.775 0  1200
<P> 545266.739 1369919.418 298.369 0  1250
<P> 545301.908 1369886.503 298.815 0  1300
<P> 545337.140 1369849.444 296.628 0  1350
<P> 545370.544 1369811.249 297.968 0  1400
<P> 545406.063 1369778.288 297.685 0  1450
<P> 545442.660 1369744.167 297.060 0  1500
<P> 545476.292 1369707.654 298.683 0  1550
<P> 545512.131 1369673.709 298.053 0  1600
<P> 545549.448 1369639.179 297.993 0  1650
<P> 545581.865 1369602.031 299.213 0  1700
<P> 545616.846 1369570.392 298.544 0  1750
<P> 545652.689 1369533.297 298.779 0  1800
<P> 545685.743 1369498.021 298.997 0  1850
<P> 545718.152 1369462.175 299.015 0  1900
<P> 545762.053 1369419.101 300.957 0  1950
<P> 545801.582 1369384.841 299.824 0  2000
