<P00> 544557.963 1370911.070 294.859 0  50
<P01> 544593.449 1370873.913 298.067 0  100
<P02> 544628.937 1370836.986 298.387 0  150
<P03> 544662.989 1370804.565 300.891 0  200
<P04> 544697.023 1370765.019 300.941 0  250
<P05> 544734.848 1370730.851 300.046 0  300
<P06> 544769.017 1370697.658 299.063 0  350
<P07> 544804.395 1370663.543 297.804 0  400
<P08> 544847.216 1370617.674 300.348 0  450
<P09> 544875.267 1370590.005 300.868 0  500
<P10> 544912.368 1370555.169 299.045 0  550
<P11> 544946.598 1370519.307 298.185 0  600
<P12> 544980.277 1370482.096 300.787 0  650
<P13> 545015.469 1370450.351 300.952 0  700
<P14> 545049.986 1370414.202 301.872 0  750
<P15> 545085.974 1370378.500 300.890 0  800
<P16> 545121.770 1370343.524 301.857 0  850
<P17> 545157.613 1370309.691 303.279 0  900
<P18> 545190.859 1370273.531 303.901 0  950
<P19> 545226.188 1370238.684 303.545 0  1000
<P20> 545259.594 1370205.796 300.840 0  1050
<P21> 545294.529 1370170.283 301.221 0  1100
<P22> 545331.514 1370133.428 300.670 0  1150
<P23> 545364.898 1370099.973 300.149 0  1200
<P24> 545400.646 1370064.751 299.770 0  1250
<P25> 545436.916 1370029.181 298.962 0  1300
<P26> 545473.269 1369994.744 299.018 0  1350
<P27> 545507.090 1369961.017 298.557 0  1400
<P28> 545541.608 1369924.922 300.397 0  1450
<P29> 545576.786 1369890.352 298.619 0  1500
<P30> 545611.488 1369854.420 302.062 0  1550
<P31> 545647.228 1369819.623 300.783 0  1600
<P32> 545683.064 1369783.807 302.318 0  1650
<P33> 545718.596 1369749.595 301.151 0  1700
<P34> 545754.440 1369713.045 300.213 0  1750
<P35> 545789.701 1369678.248 300.945 0  1800
<P36> 545825.432 1369642.947 300.975 0  1850
<P37> 545861.200 1369609.044 298.085 0  1900
<P38> 545895.722 1369573.230 299.547 0  1950
<P39> 545930.297 1369537.516 297.295 0  2000
<P40> 545970.849 1369496.741 297.100 0  2050
