<P00> 546405.209 1369910.925 301.043 0  2050
<P01> 546351.784 1369953.215 294.645 0  2000
<P02> 546330.615 1369982.908 297.185 0  1950
<P03> 546296.143 1370019.036 298.392 0  1900
<P04> 546260.504 1370054.355 300.992 0  1850
<P05> 546224.500 1370090.322 300.513 0  1800
<P06> 546189.507 1370126.094 301.898 0  1750
<P07> 546153.475 1370161.982 300.307 0  1700
<P08> 546118.148 1370197.284 300.107 0  1650
<P09> 546083.196 1370232.531 298.861 0  1600
<P10> 546048.022 1370265.633 297.333 0  1550
<P11> 546012.484 1370300.319 298.127 0  1500
<P12> 545979.849 1370331.040 297.480 0  1450
<P13> 545944.059 1370370.367 300.086 0  1400
<P14> 545907.608 1370406.208 300.874 0  1350
<P15> 545871.862 1370439.782 301.682 0  1300
<P16> 545837.719 1370475.712 301.421 0  1250
<P17> 545802.387 1370509.052 301.805 0  1200
<P18> 545769.378 1370543.498 301.727 0  1150
<P19> 545733.614 1370580.216 301.302 0  1100
<P20> 545699.446 1370613.211 302.602 0  1050
<P21> 545664.425 1370647.054 303.134 0  1000
<P22> 545628.889 1370682.038 303.503 0  950
<P23> 545592.888 1370718.063 304.192 0  900
<P24> 545557.795 1370752.234 304.090 0  850
<P25> 545522.381 1370787.925 304.830 0  800
<P26> 545488.017 1370822.205 307.281 0  750
<P27> 545452.212 1370857.429 308.002 0  700
<P28> 545416.948 1370891.787 308.009 0  650
<P29> 545380.726 1370928.097 309.246 0  600
<P30> 545345.953 1370963.243 309.525 0  550
<P31> 545310.351 1370997.480 310.824 0  500
<P32> 545274.320 1371033.378 310.428 0  450
<P33> 545239.424 1371067.355 311.608 0  400
<P34> 545204.293 1371102.468 309.173 0  350
<P35> 545168.795 1371137.323 307.369 0  300
<P36> 545131.348 1371172.888 308.942 0  250
<P37> 545097.354 1371208.880 305.318 0  200
<P38> 545062.654 1371244.481 302.421 0  150
<P39> 545028.371 1371278.700 302.079 0  100
<P40> 544992.704 1371313.828 300.300 0  50
