<P00> 546648.869 1370223.418 310.973 0  2000
<P01> 546615.174 1370258.057 309.164 0  1950
<P02> 546578.153 1370294.006 309.089 0  1900
<P03> 546544.689 1370327.459 307.965 0  1850
<P04> 546509.642 1370364.300 307.352 0  1800
<P05> 546473.227 1370399.172 307.703 0  1750
<P06> 546439.242 1370435.044 306.474 0  1700
<P07> 546405.444 1370468.532 306.409 0  1650
<P08> 546368.413 1370504.636 307.157 0  1600
<P09> 546335.606 1370538.735 307.397 0  1550
<P10> 546298.030 1370575.311 306.838 0  1500
<P11> 546265.020 1370607.895 306.924 0  1450
<P12> 546226.714 1370646.857 308.341 0  1400
<P13> 546193.738 1370681.326 307.882 0  1350
<P14> 546157.978 1370716.098 309.541 0  1300
<P15> 546121.452 1370752.480 308.575 0  1250
<P16> 546086.916 1370787.024 308.968 0  1200
<P17> 546051.424 1370822.814 320.685 0  1150
<P18> 546014.331 1370859.240 319.300 0  1100
<P19> 545981.479 1370893.620 311.602 0  1050
<P20> 545949.834 1370924.250 311.450 0  1000
<P21> 545913.216 1370960.689 311.833 0  950
<P22> 545877.247 1370996.526 315.469 0  900
<P23> 545843.703 1371031.666 313.407 0  850
<P24> 545808.534 1371067.392 310.190 0  800
<P25> 545772.550 1371103.166 310.030 0  750
<P26> 545737.843 1371138.185 309.387 0  700
<P27> 545703.262 1371172.690 305.728 0  650
<P28> 545667.396 1371209.274 306.092 0  600
<P29> 545631.980 1371243.985 305.872 0  550
<P30> 545597.130 1371279.868 306.055 0  500
<P31> 545561.357 1371315.388 305.866 0  450
<P32> 545527.728 1371350.156 305.199 0  400
<P33> 545491.760 1371385.284 306.767 0  350
<P34> 545455.995 1371421.058 306.405 0  300
<P35> 545421.586 1371456.662 304.254 0  250
<P36> 545385.583 1371492.502 303.258 0  200
<P37> 545349.423 1371527.114 302.298 0  150
<P38> 545315.369 1371562.197 301.022 0  100
<P39> 545280.471 1371597.379 300.303 0  50
