<P00> 545418.653 1371731.258 297.474 0  50
<P01> 545453.814 1371696.584 297.992 0  100
<P02> 545490.464 1371661.137 298.107 0  150
<P03> 545524.455 1371626.876 298.286 0  200
<P04> 545560.196 1371591.493 298.237 0  250
<P05> 545596.408 1371556.505 299.711 0  300
<P06> 545631.554 1371521.291 300.625 0  350
<P07> 545666.616 1371485.731 301.421 0  400
<P08> 545702.732 1371451.356 301.268 0  450
<P09> 545737.113 1371415.887 302.760 0  500
<P10> 545773.959 1371381.125 301.556 0  550
<P11> 545809.001 1371345.267 300.752 0  600
<P12> 545844.722 1371310.959 300.842 0  650
<P13> 545879.474 1371275.431 301.070 0  700
<P14> 545916.344 1371240.466 303.566 0  750
<P15> 545951.438 1371204.703 304.304 0  800
<P16> 545987.404 1371170.284 306.262 0  850
<P17> 546023.571 1371136.325 306.917 0  900
<P18> 546057.916 1371100.040 306.939 0  950
<P19> 546094.140 1371064.851 307.951 0  1000
<P20> 546125.418 1371032.802 308.340 0  1050
<P21> 546161.157 1370997.287 309.098 0  1100
<P22> 546197.236 1370961.914 308.879 0  1150
<P23> 546232.991 1370926.662 308.668 0  1200
<P24> 546269.664 1370891.989 308.136 0  1250
<P25> 546303.937 1370858.150 306.881 0  1300
<P26> 546339.775 1370822.030 305.681 0  1350
<P27> 546375.205 1370787.159 305.128 0  1400
<P28> 546411.264 1370751.792 305.250 0  1450
<P29> 546446.952 1370716.688 305.157 0  1500
<P30> 546481.024 1370684.091 305.509 0  1550
<P31> 546517.079 1370647.745 305.919 0  1600
<P32> 546551.510 1370613.028 305.864 0  1650
<P33> 546588.761 1370576.896 306.532 0  1700
<P34> 546623.549 1370541.371 307.485 0  1750
<P35> 546657.660 1370508.584 308.499 0  1800
<P36> 546693.893 1370473.483 310.165 0  1850
<P37> 546729.687 1370439.155 311.536 0  1900
<P38> 546767.733 1370402.675 314.906 0  1950
<P39> 546804.512 1370364.466 316.309 0  2000
