<L00> 332510.85 8765758.70 4819.87 0
<L01> 332478.63 8765763.06 4825.48 0
<L02> 332438.29 8765771.03 4837.19 0
<L03> 332395.64 8765770.24 4846.58 0
<L04> 332357.73 8765775.41 4864.36 0
<L05> 332320.33 8765777.42 4886.95 0
<L06> 332279.82 8765783.10 4914.73 0
<L07> 332241.55 8765786.12 4940.44 0
<L08> 332207.56 8765791.30 4961.75 0
<L09> 332163.41 8765792.16 4975.91 0
<L10> 332121.82 8765797.23 4972.16 0
<L11> 332084.55 8765815.68 4970.79 0
<L12> 332043.05 8765808.41 4958.87 0
<L13> 332003.39 8765800.70 4935.64 0
<L14> 331966.24 8765796.63 4913.61 0
<L15> 331929.30 8765795.95 4896.73 0
<L16> 331895.30 8765796.90 4881.51 0
<L17> 331861.08 8765795.01 4865.23 0
<L18> 331823.40 8765798.38 4847.86 0
<L19> 331783.98 8765801.02 4837.18 0
<L20> 331742.24 8765802.66 4835.35 0
<L21> 331698.77 8765806.97 4832.71 0
<L22> 331699.38 8765771.19 4836.77 0
<L23> 331692.60 8765726.53 4826.14 0
<L24> 331687.28 8765681.19 4819.37 0
<L25> 331682.65 8765637.49 4827.13 0
<L26> 331684.03 8765592.34 4824.48 0
<L27> 331684.51 8765543.47 4838.02 0
<L28> 331683.40 8765492.86 4843.29 0
<L29> 331681.28 8765442.07 4855.85 0
<L30> 331676.04 8765398.76 4881.33 0
<L31> 331670.32 8765359.11 4932.99 0
<L32> 331670.91 8765327.58 4947.28 0
<L33> 331669.65 8765285.16 4924.06 0
<L34> 331665.35 8765241.07 4894.28 0
<L35> 331664.60 8765195.79 4861.31 0
<L36> 331656.21 8765148.87 4836.61 0
<L37> 331655.30 8765105.48 4818.01 0
<L38> 331654.24 8765056.88 4800.95 0
<L39> 331651.82 8765008.61 4776.09 0
<L40> 331689.65 8764996.90 4783.81 0
<L41> 331740.53 8764984.19 4796.20 0
<L42> 331787.69 8764965.78 4799.92 0
<L43> 331833.77 8764948.15 4800.49 0
<L44> 331879.05 8764930.95 4784.37 0
<L45> 331929.51 8764915.97 4769.05 0
<L46> 331976.38 8764901.29 4753.51 0
<L47> 332022.83 8764887.88 4748.40 0
<L48> 332077.54 8764873.63 4741.52 0
<L49> 332125.91 8764856.04 4746.42 0
<L50> 332172.97 8764861.22 4750.19 0
<L51> 332216.09 8764883.96 4736.41 0
<L52> 332262.14 8764901.74 4728.11 0
<L53> 332306.96 8764921.21 4724.46 0
<L54> 332358.87 8764931.77 4721.81 0
<L55> 332403.04 8764945.39 4709.78 0
<L56> 332445.98 8764940.48 4693.22 0
<L57> 332455.24 8764999.43 4679.17 0
<L58> 332458.73 8765044.33 4672.92 0
<L59> 332466.45 8765153.62 4674.81 0
<L60> 332471.34 8765263.88 4687.17 0
<L61> 332475.19 8765324.65 4704.74 0
<L62> 332481.74 8765382.83 4727.02 0
<L63> 332484.64 8765428.82 4739.21 0
<L64> 332493.88 8765494.21 4745.79 0
<L65> 332502.24 8765556.29 4750.06 0
<L66> 332506.49 8765607.94 4763.77 0
<L67> 332505.03 8765656.26 4784.07 0
<L68> 332506.35 8765706.26 4805.22 0
<L69> 332511.65 8765766.33 4822.61 0