<P> 334779.634 8762693.580 4694.016 0  1
<P> 334796.841 8762673.244 4694.351 0  
<P> 334801.257 8762655.562 4690.818 0  
<P> 334806.569 8762634.795 4689.412 0  
<P> 334817.271 8762618.697 4689.572 0  
<P> 334831.446 8762603.180 4682.771 0  
<P> 334821.147 8762596.490 4681.407 0  
<P> 334791.497 8762577.830 4694.026 0  
<P> 334770.872 8762568.271 4680.158 0  
<P> 334752.928 8762559.913 4674.177 0  
<P> 334736.093 8762552.552 4677.496 0  
<P> 334716.184 8762546.444 4676.688 0  
<P> 334696.704 8762538.006 4673.168 0  
<P> 334666.161 8762513.115 4660.050 0  
<P> 334646.120 8762502.699 4648.616 0  
<P> 334631.966 8762495.075 4638.954 0  
<P> 334611.596 8762486.111 4627.907 0  
<P> 334593.798 8762476.135 4611.086 0  
<P> 334576.554 8762467.252 4607.706 0  
<P> 334558.322 8762456.912 4601.116 0  
<P> 334540.733 8762448.985 4594.128 0  
<P> 334515.372 8762441.778 4579.045 0  
<P> 334499.260 8762441.974 4563.342 0  
<P> 334481.604 8762437.228 4551.942 0  
<P> 334453.162 8762402.370 4535.481 0  
<P> 334432.493 8762387.827 4524.710 0  
<P> 334417.352 8762374.840 4518.329 0  
<P> 334387.083 8762362.895 4511.878 0  
<P> 334374.616 8762354.718 4509.913 0  
<P> 334359.402 8762342.119 4510.750 0  
<P> 334341.517 8762340.872 4500.286 0  
<P> 334326.079 8762327.640 4501.464 0  
<P> 334301.523 8762312.033 4500.196 0  
<P> 334297.756 8762311.260 4498.468 0  
<P> 334285.698 8762325.684 4493.134 0  
<P> 334278.913 8762351.678 4489.312 0  
<P> 334269.222 8762364.149 4494.684 0  
<P> 334258.521 8762378.749 4497.726 0  
<P> 334257.494 8762385.002 4495.632 0  
