<L00> 332994.619 8762703.188 4654.623 0  
<L01> 333040.584 8762727.630 4649.722 0  
<L02> 333084.463 8762750.111 4648.004 0  
<L03> 333126.656 8762774.841 4649.837 0  
<L04> 333168.840 8762802.896 4648.507 0  
<L05> 333212.772 8762828.117 4643.121 0  
<L06> 333255.818 8762852.758 4629.833 0  
<L07> 333301.283 8762877.947 4618.002 0  
<L08> 333341.107 8762902.151 4607.623 0  
<L09> 333386.891 8762927.591 4589.932 0  
<L10> 333427.527 8762949.960 4579.384 0  
<L11> 333472.507 8762975.471 4560.358 0  
<L12> 333517.071 8763001.796 4542.431 0  
<L13> 333559.997 8763023.522 4529.367 0  
<L14> 333604.540 8763047.141 4527.466 0  
<L15> 333637.085 8763068.804 4526.908 0  
<L16> 333662.546 8763017.058 4523.994 0  
<L17> 333681.186 8762975.335 4524.864 0  
<L18> 333708.238 8762936.356 4526.244 0  
<L19> 333740.912 8762896.542 4532.031 0  
<L20> 333763.668 8762853.443 4532.749 0  
<L21> 333792.085 8762809.561 4527.697 0  
<L22> 333805.159 8762768.118 4509.330 0  
<L23> 333837.023 8762723.240 4479.805 0  
<L24> 333872.793 8762687.795 4474.566 0  
<L25> 333900.083 8762642.438 4474.583 0  
<L26> 333920.554 8762605.636 4473.400 0  
<L27> 333951.590 8762558.097 4472.914 0  
<L28> 333971.438 8762516.192 4476.893 0  
<L29> 333997.114 8762469.923 4489.872 0  
<L30> 334005.123 8762417.904 4490.276 0  
<L31> 334043.683 8762377.499 4493.792 0  
<L32> 333999.079 8762357.578 4494.676 0  
<L33> 333948.865 8762340.231 4491.090 0  
<L34> 333920.739 8762282.100 4483.918 0  
<L35> 333772.176 8762221.302 4505.094 0  
<L36> 333785.043 8762234.200 4499.574 0  
<L37> 333830.140 8762259.270 4481.850 0  
<L38> 333851.343 8762314.128 4483.081 0  
<L39> 333913.963 8762281.236 4484.516 0  
<L40> 333024.248 8762649.483 4654.298 0  
<L41> 333051.171 8762607.595 4650.520 0  
<L42> 333074.659 8762561.606 4648.558 0  
<L43> 333103.470 8762522.511 4646.196 0  
<L44> 333127.450 8762479.508 4642.898 0  
<L45> 333154.234 8762435.550 4639.216 0  
<L46> 333178.426 8762391.674 4635.892 0  
<L47> 333202.982 8762350.935 4631.787 0  
<L48> 333227.727 8762308.687 4630.485 0  
<L49> 333250.502 8762264.624 4628.483 0  
<L50> 333276.076 8762220.668 4627.103 0  
<L51> 333302.041 8762176.485 4626.494 0  
<L52> 333326.562 8762133.291 4624.369 0  
<L53> 333348.856 8762088.238 4618.450 0  
<L54> 333376.252 8762039.969 4606.584 0  
<L55> 333391.534 8761992.280 4598.316 0  
<L56> 333436.719 8762020.357 4586.745 0  
<L57> 333479.877 8762047.580 4591.666 0  
<L58> 333532.821 8762076.739 4575.252 0  
<L59> 333581.875 8762103.494 4563.215 0  
<L60> 333632.221 8762138.397 4552.424 0  
<L61> 333679.784 8762158.154 4532.948 0  
<L62> 333727.703 8762183.167 4517.353 0  
<L63> 333761.439 8762214.469 4508.184 0  
