333980.268 8763782.423 4725.368 0  esquina 1
334000.981 8763738.528 4708.761 0  
334029.092 8763692.929 4693.121 0  
334054.598 8763648.396 4689.478 0  
334043.923 8763603.782 4654.508 0  
334077.608 8763565.774 4625.847 0  
334108.413 8763513.509 4618.850 0  
334135.257 8763426.365 4615.187 0  
334188.562 8763376.867 4643.818 0  
334223.256 8763328.137 4684.981 0  
334252.659 8763269.020 4671.306 0  
334287.274 8763203.223 4643.422 0  
334304.711 8763141.619 4610.598 0  
334299.105 8763078.281 4561.507 0  
334294.751 8763024.841 4536.115 0  
334300.826 8762984.311 4528.385 0  esquina 2
334250.406 8762953.486 4507.775 0  
334196.434 8762919.876 4496.273 0  
334129.734 8762879.556 4474.686 0  
334064.654 8762842.865 4471.840 0  
334003.423 8762808.482 4478.962 0  
333921.676 8762760.489 4475.147 0  
333862.522 8762720.622 4484.298 0  esquina 3
333919.928 8763756.263 4695.634 0  
333872.203 8763725.301 4673.795 0  
333833.373 8763685.937 4664.200 0  
333777.768 8763639.843 4643.188 0  
333735.777 8763612.337 4633.188 0  
333680.315 8763571.757 4598.880 0  
333636.929 8763537.085 4625.693 0  
333576.992 8763469.217 4589.792 0  
333455.127 8763418.046 4549.895 0  esquina 4
333494.806 8763360.548 4544.580 0  
333532.310 8763297.100 4540.491 0  
333569.163 8763228.259 4541.179 0  
333609.002 8763149.956 4538.885 0  
333650.737 8763072.319 4540.362 0  
333693.771 8762994.802 4542.616 0  
333733.229 8762925.849 4537.381 0  
333773.216 8762848.794 4535.982 0  
333816.564 8762778.802 4513.003 0  
