333048.605 8762498.534 4656.216 0  
333074.972 8762453.710 4657.883 0  
333104.891 8762414.263 4655.046 0  
333129.182 8762370.656 4652.418 0  
333149.738 8762326.040 4649.234 0  
333173.522 8762282.465 4650.775 0  
333201.330 8762241.313 4647.562 0  
333224.400 8762195.243 4647.257 0  
333249.322 8762151.918 4645.360 0  
333273.401 8762109.375 4639.309 0  
333297.684 8762067.659 4639.055 0  
333323.006 8762021.693 4622.013 0  
333348.900 8761980.056 4605.195 0  
333371.289 8761934.917 4588.335 0  
333395.615 8761891.728 4583.222 0  
333421.224 8761848.832 4576.247 0  
333445.572 8761804.325 4565.726 0  
333483.251 8761827.497 4565.643 0  
333531.122 8761848.626 4562.332 0  
333572.728 8761874.069 4550.209 0  
333622.976 8761898.258 4535.601 0  
333659.181 8761923.353 4518.893 0  
333705.280 8761947.930 4508.877 0  
333742.773 8761977.874 4498.279 0  
333789.380 8762001.808 4488.842 0  
333834.316 8762024.665 4480.626 0  
333834.326 8762117.789 4478.549 0  
333842.990 8762149.629 4474.957 0  
333883.567 8762203.069 4471.425 0  
333940.484 8762235.852 4474.892 0  
333992.139 8762228.038 4479.113 0  
334041.390 8762228.377 4481.893 0  
334091.636 8762220.301 4481.333 0  
334130.997 8762215.889 4480.566 0  
334109.031 8762245.790 4480.608 0  
334089.195 8762290.292 4493.790 0  
334060.299 8762330.857 4508.227 0  
334039.027 8762376.977 4495.970 0  
334010.632 8762416.465 4496.784 0  
333992.858 8762462.892 4491.255 0  
333972.012 8762510.525 4479.100 0  
333936.569 8762545.551 4475.230 0  
333914.410 8762589.965 4475.873 0  
333889.660 8762634.368 4472.076 0  
333856.192 8762698.953 4473.484 0  
333834.708 8762724.214 4481.330 0  
333807.716 8762771.817 4513.960 0  
333787.085 8762806.035 4527.201 0  
333766.004 8762849.722 4532.416 0  
333741.205 8762894.076 4531.101 0  
333699.413 8762868.109 4512.030 0  
333652.666 8762845.937 4516.875 0  
333607.281 8762819.539 4525.801 0  
333095.667 8762527.014 4648.374 0  
333137.488 8762553.013 4644.360 0  
333181.771 8762574.654 4642.546 0  
333226.376 8762598.070 4636.279 0  
333289.158 8762632.433 4630.991 0  
333311.609 8762648.508 4632.018 0  
333353.898 8762676.443 4626.891 0  
333398.397 8762698.039 4607.577 0  
333440.704 8762723.471 4591.724 0  
333484.764 8762749.143 4575.241 0  
333527.549 8762773.849 4560.014 0  
333565.841 8762798.809 4540.148 0  
