333907.726 8762866.845 4482.193 0  
333951.647 8762853.418 4480.212 0  
334011.260 8762837.120 4478.092 0  
334046.128 8762825.292 4479.147 0  
334067.525 8762823.182 4471.281 0  
334125.470 8762813.932 4472.397 0  
334155.972 8762786.346 4482.476 0  
334190.023 8762777.406 4480.849 0  234-1
334208.803 8762827.889 4487.794 0  
334223.499 8762872.504 4490.047 0  
334236.261 8762918.211 4493.553 0  
334252.215 8762968.044 4514.093 0  
334266.844 8763012.517 4529.843 0  
334282.292 8763063.299 4556.599 0  
334295.609 8763107.207 4584.818 0  
334309.906 8763145.555 4614.020 0  esquina
334262.800 8763160.019 4612.239 0  
334215.523 8763181.459 4609.327 0  
334171.924 8763202.422 4603.648 0  
334121.384 8763228.710 4590.023 0  
334076.682 8763242.083 4572.689 0  
334028.750 8763250.408 4555.165 0  
333990.631 8763263.971 4548.618 0  
333958.646 8763269.119 4541.004 0  
333927.806 8763278.991 4536.339 0  234-1
333915.140 8763227.444 4521.006 0  
333900.900 8763177.474 4511.919 0  
333891.734 8763130.534 4506.036 0  
333875.127 8763087.981 4501.571 0  
333861.431 8763037.525 4499.055 0  
333877.627 8762987.731 4502.075 0  
333888.842 8762941.264 4494.006 0  
333894.065 8762886.795 4490.192 0  
333892.467 8762870.125 4490.152 0  234-4
