<L00> 335488.808 8761399.116 4577.910 0  
<L01> 335466.019 8761388.948 4585.105 0  
<L02> 335413.771 8761359.903 4564.324 0  
<L03> 335353.518 8761327.472 4542.969 0  
<L04> 335298.899 8761285.201 4519.737 0  
<L05> 335227.168 8761238.415 4506.868 0  
<L06> 335147.926 8761188.832 4498.059 0  
<L07> 335078.901 8761147.012 4482.003 0  
<L08> 335014.790 8761109.614 4469.090 0  
<L09> 334963.285 8761077.000 4480.324 0  
<L10> 334904.118 8761041.495 4461.704 0  
<L11> 334847.788 8761004.104 4441.254 0  
<L12> 334791.094 8760969.382 4436.279 0  
<L13> 334732.832 8760933.121 4420.285 0  
<L14> 334671.641 8760887.025 4419.595 0  
<L15> 334583.579 8760844.211 4420.560 0  
<L16> 334501.160 8760785.212 4450.557 0  
<L17> 334439.735 8760755.169 4440.022 0  
<L18> 334396.140 8760713.943 4408.693 0  
<L19> 334327.699 8760681.724 4410.173 0  
<L20> 334259.473 8760636.852 4398.880 0  
<L21> 334197.678 8760600.398 4414.691 0    
<L22> 334237.439 8760535.072 4425.454 0
<L23> 334300.953 8760415.944 4466.079 0  
<L24> 334354.712 8760314.006 4504.487 0  
<L25> 334419.183 8760202.753 4504.353 0  
<L26> 334467.554 8760117.776 4487.353 0  
<L27> 334523.564 8760023.821 4517.581 0  
<L28> 334561.493 8759963.082 4515.784 0  
<L29> 334593.587 8759901.633 4516.381 0  
<L30> 334627.960 8759839.758 4513.347 0  
<L31> 334665.340 8759773.827 4526.464 0  
<L32> 334733.978 8759658.763 4547.272 0  
<L33> 334817.799 8759576.860 4549.918 0  
<L34> 334924.758 8759517.699 4552.738 0  
<L35> 335016.864 8759454.455 4575.379 0  
<L36> 335093.247 8759437.173 4585.538 0  
<L37> 335150.774 8759374.753 4612.857 0  
<L38> 335225.253 8759331.562 4616.107 0  
<L39> 335288.333 8759306.705 4593.234 0  
<L40> 335365.429 8759229.582 4587.119 0  
<L41> 335374.470 8759225.318 4581.603 0  
<L42> 335418.238 8759177.010 4585.661 0  
<L43> 335448.074 8759129.518 4586.560 0  
<L44> 335444.529 8759103.808 4602.187 0  
<L45> 335489.881 8759041.035 4605.055 0  
<L46> 335633.905 8759123.555 4511.009 0 
<L47> 335725.890 8759226.120 4443.676 0  
<L48> 335767.398 8759247.625 4450.057 0  
<L49> 335821.776 8759291.955 4446.461 0  
<L50> 335951.370 8759297.295 4469.977 0  
<L51> 336011.418 8759348.125 4487.809 0  
<L52> 336075.105 8759385.947 4526.341 0  
<L53> 336173.321 8759449.225 4553.953 0  
<L54> 336252.451 8759483.134 4562.482 0  
<L55> 336355.581 8759535.461 4562.897 0  
<L56> 336441.182 8759606.441 4563.418 0  
<L57> 336501.983 8759617.117 4583.825 0  
<L58> 336548.534 8759648.730 4583.998 0  
<L59> 336568.638 8759653.784 4591.336 0  
<L60> 336648.044 8759690.231 4567.344 0  
<L61> 336677.149 8759713.291 4574.800 0  
<L62> 336742.009 8759755.828 4541.849 0  
<L63> 336782.446 8759781.043 4543.844 0  
<L64> 336699.020 8759889.765 4556.536 0  
<L65> 336636.787 8759960.203 4576.812 0  
<L66> 336553.718 8760030.907 4586.722 0  
<L67> 336515.356 8760070.289 4601.755 0  
<L68> 336434.721 8760109.568 4601.751 0  
<L69> 336360.517 8760150.938 4609.133 0  
<L70> 336301.063 8760228.425 4624.088 0  
<L71> 336235.251 8760329.506 4633.747 0  
<L72> 336169.075 8760425.052 4631.955 0  
<L73> 336100.978 8760516.521 4645.903 0  
<L74> 336013.157 8760591.573 4655.102 0  
<L75> 335967.639 8760645.649 4637.563 0  
<L76> 335977.510 8760733.198 4642.944 0  
<L77> 335952.692 8760795.319 4610.748 0  
<L78> 335902.979 8760856.917 4583.634 0  
<L79> 335810.775 8760999.455 4593.813 0  
<L80> 335729.807 8761104.406 4613.208 0  
<L81> 335689.056 8761152.121 4625.276 0  
<L82> 335622.894 8761237.502 4641.279 0  
<L83> 335575.834 8761295.339 4614.785 0  
<L84> 335515.597 8761378.300 4586.319 0