<L00> 333105.868 8762887.484 4661.919 0  
<L01> 333083.153 8762920.361 4662.753 0  
<L02> 333057.696 8762962.038 4658.328 0  
<L03> 333033.150 8763005.146 4665.201 0  
<L04> 333006.867 8763049.036 4661.857 0  
<L05> 332979.978 8763090.842 4651.042 0  
<L06> 332952.321 8763132.522 4651.557 0  
<L07> 332930.078 8763176.889 4652.924 0  
<L08> 332902.153 8763217.832 4650.588 0  
<L09> 332874.438 8763260.549 4649.265 0  
<L10> 332846.782 8763302.662 4646.493 0  
<L11> 332821.198 8763344.353 4647.956 0  
<L12> 332795.029 8763386.486 4654.973 0  
<L13> 332770.774 8763429.309 4653.041 0  
<L14> 332744.865 8763469.076 4651.704 0  
<L15> 332725.098 8763508.338 4648.694 0  
<L16> 332702.552 8763541.987 4649.059 0  
<L17> 332672.756 8763573.731 4642.221 0  
<L18> 332619.339 8763548.306 4641.219 0  
<L19> 332556.655 8763558.159 4642.866 0  
<L20> 332503.320 8763562.617 4646.594 0  
<L21> 332462.340 8763540.044 4654.426 0  
<L22> 332438.875 8763529.064 4659.893 0  
<L23> 332421.444 8763518.746 4664.779 0  
<L24> 332376.042 8763495.192 4683.097 0  
<L25> 332335.406 8763469.242 4701.244 0  
<L26> 332291.370 8763444.946 4719.402 0  
<L27> 332245.904 8763417.201 4746.349 0  
<L28> 332205.652 8763394.170 4769.531 0  
<L29> 332160.547 8763368.069 4792.812 0  
<L30> 332118.872 8763344.173 4814.148 0  
<L31> 332077.189 8763314.909 4831.943 0  
<L32> 332033.584 8763292.781 4844.032 0  
<L33> 331997.185 8763274.365 4856.499 0  
<L34> 331957.867 8763243.570 4859.065 0  v1
<L35> 331992.948 8763190.271 4845.925 0  
<L36> 332017.303 8763148.643 4838.645 0  
<L37> 332042.220 8763104.122 4828.135 0  
<L38> 332068.675 8763062.502 4819.790 0  
<L39> 332093.088 8763019.319 4818.320 0  
<L40> 332118.928 8762978.146 4823.526 0  
<L41> 332145.662 8762934.858 4837.034 0  
<L42> 332169.006 8762893.109 4847.907 0  
<L43> 332194.116 8762847.701 4855.706 0  
<L44> 332221.150 8762805.011 4860.812 0  
<L45> 332247.044 8762765.425 4865.626 0  
<L46> 332278.137 8762721.978 4863.707 0  
<L47> 332298.583 8762679.427 4865.455 0  
<L48> 332321.399 8762635.151 4862.290 0  
<L49> 332349.884 8762591.964 4856.293 0  
<L50> 332377.786 8762551.520 4845.541 0  
<L51> 332417.372 8762515.106 4833.402 0  
<L52> 332447.168 8762475.301 4830.080 0  
<L53> 332473.882 8762429.380 4825.684 0  
<L54> 332491.680 8762391.124 4824.640 0  
<L55> 332521.341 8762403.750 4816.144 0  
<L56> 332560.139 8762427.882 4808.629 0  
<L57> 332604.460 8762456.159 4797.672 0  
<L58> 332648.548 8762483.069 4789.711 0  
<L59> 332695.223 8762511.544 4778.812 0  
<L60> 332731.360 8762536.188 4771.446 0  
<L61> 332775.308 8762560.558 4752.409 0  
<L62> 332816.584 8762583.532 4728.728 0  
<L63> 332862.436 8762607.508 4699.173 0  
<L64> 332888.089 8762622.190 4685.385 0  
<L65> 332908.458 8762635.652 4674.471 0  
<L66> 332947.210 8762661.898 4665.015 0  
<L67> 332990.466 8762691.677 4659.333 0  
<L68> 333031.946 8762713.246 4653.532 0  
<L69> 333073.305 8762740.779 4649.753 0  
<L70> 333113.137 8762767.176 4650.048 0  
<L71> 333161.228 8762794.573 4653.822 0  
<L72> 333134.171 8762838.008 4655.799 0  
<L73> 333108.023 8762882.614 4664.031 0 