<L00> 333996.849 8764521.236 4838.966 0  
<L01> 334017.981 8764475.171 4822.550 0  
<L02> 334038.635 8764433.312 4809.115 0  
<L03> 334063.728 8764384.915 4798.780 0  
<L04> 334085.944 8764344.014 4783.413 0  
<L05> 334105.508 8764298.652 4776.883 0  
<L06> 334142.774 8764256.998 4760.468 0  
<L07> 334161.621 8764217.645 4754.464 0  
<L08> 334198.547 8764177.839 4759.257 0  
<L09> 334199.273 8764178.495 4758.921 0  
<L10> 334215.285 8764134.259 4735.644 0  
<L11> 334227.431 8764094.610 4759.065 0  
<L12> 334241.283 8764039.252 4764.584 0  
<L13> 334260.002 8763987.421 4779.222 0  
<L14> 334284.433 8763951.063 4784.475 0  
<L15> 334312.716 8763897.423 4786.359 0  
<L16> 334334.424 8763854.842 4773.437 0  
<L17> 334362.928 8763813.563 4764.594 0  
<L18> 334385.668 8763771.487 4756.823 0  
<L19> 334414.010 8763726.414 4754.178 0  
<L20> 334440.373 8763681.272 4753.925 0  esq 2
<L21> 334477.935 8763693.246 4773.592 0  
<L22> 334505.108 8763718.867 4784.167 0  
<L23> 334544.358 8763753.310 4780.689 0  
<L24> 334585.961 8763777.480 4780.660 0  
<L25> 334641.743 8763792.287 4796.842 0  
<L26> 334690.495 8763815.357 4800.310 0  
<L27> 334712.708 8763858.909 4795.652 0  
<L28> 334753.042 8763902.866 4794.938 0  
<L29> 334744.285 8763934.343 4778.153 0  
<L30> 334734.913 8763966.771 4767.225 0  
<L31> 334723.198 8764019.911 4757.642 0  
<L32> 334725.975 8764071.561 4746.653 0  
<L33> 334715.711 8764120.597 4743.745 0  
<L34> 334714.594 8764167.143 4739.301 0  
<L35> 334715.003 8764220.554 4735.940 0  
<L36> 334695.230 8764267.739 4747.178 0  
<L37> 334681.931 8764317.427 4749.822 0  
<L38> 334674.293 8764365.376 4748.094 0  
<L39> 334663.059 8764419.473 4758.171 0  
<L40> 334666.550 8764454.164 4771.236 0  
<L41> 334657.384 8764517.787 4777.509 0  
<L42> 334662.989 8764565.380 4794.877 0  
<L43> 334662.043 8764609.714 4817.629 0  
<L44> 334635.201 8764661.079 4827.251 0  
<L45> 334602.816 8764719.122 4845.893 0  
<L46> 334592.509 8764768.179 4863.404 0  
<L47> 334554.657 8764731.943 4857.818 0  
<L48> 334513.889 8764697.693 4851.564 0  
<L49> 334375.611 8764520.278 4970.865 0  
<L50> 334310.493 8764528.052 4953.640 0  
<L51> 334254.445 8764535.393 4908.373 0  
<L52> 334232.280 8764557.498 4892.033 0  
<L53> 334224.000 8764561.259 4876.536 0  esquina
<L54> 334202.428 8764565.125 4872.593 0  
<L55> 334176.666 8764558.772 4856.009 0  
<L56> 334117.657 8764550.583 4821.174 0  
<L57> 334058.121 8764538.339 4813.931 0  
<L58> 333995.696 8764519.689 4843.417 0  