<L00> 332742.638 8763636.299 4648.265 0  
<L01> 332725.436 8763679.493 4649.031 0  
<L02> 332707.579 8763729.246 4643.547 0  
<L03> 332693.172 8763776.685 4642.822 0  
<L04> 332674.515 8763823.780 4642.843 0  
<L05> 332656.554 8763871.386 4642.422 0  
<L06> 332646.281 8763915.509 4642.145 0  
<L07> 332622.666 8763957.898 4639.622 0  
<L08> 332609.294 8764005.595 4642.498 0  
<L09> 332587.774 8764055.178 4642.888 0  
<L10> 332568.373 8764099.417 4642.007 0  
<L11> 332550.455 8764149.114 4643.668 0  
<L12> 332531.991 8764199.996 4643.056 0  
<L13> 332510.448 8764279.686 4642.420 0  
<L14> 332489.885 8764271.076 4640.593 0  
<L15> 332423.357 8764290.499 4640.753 0  
<L16> 332353.389 8764292.951 4642.375 0  
<L17> 332315.453 8764257.668 4640.463 0  
<L18> 332296.559 8764199.319 4641.003 0  
<L19> 332274.377 8764138.161 4641.108 0  
<L20> 332230.948 8764105.908 4642.586 0  
<L21> 332188.536 8764081.916 4648.066 0  
<L22> 332145.221 8764058.888 4657.021 0  
<L23> 332101.859 8764032.362 4672.251 0  
<L24> 332060.098 8764004.296 4688.428 0  
<L25> 332017.687 8763978.097 4713.145 0  
<L26> 331974.773 8763956.279 4730.140 0  
<L27> 331928.209 8763928.124 4734.894 0  
<L28> 331891.605 8763901.008 4745.817 0  
<L29> 331918.623 8763859.771 4746.515 0  
<L30> 331945.590 8763818.600 4746.109 0  
<L31> 331968.639 8763776.761 4748.581 0  
<L32> 331995.614 8763731.207 4760.449 0  
<L33> 332017.210 8763684.677 4770.630 0  
<L34> 332040.574 8763640.339 4772.103 0  
<L35> 332060.251 8763602.622 4771.326 0  
<L36> 332089.580 8763555.980 4774.140 0  
<L37> 332109.933 8763518.920 4771.189 0  
<L38> 332135.901 8763472.874 4775.558 0  
<L39> 332154.968 8763430.086 4776.599 0  
<L40> 332183.928 8763389.012 4778.240 0  
<L41> 332205.161 8763345.785 4776.605 0  
<L42> 332233.169 8763298.976 4779.379 0  
<L43> 332257.980 8763258.190 4778.767 0  
<L44> 332284.282 8763206.471 4776.586 0  
<L45> 332325.512 8763230.338 4751.738 0  
<L46> 332367.956 8763254.155 4728.046 0  
<L47> 332412.391 8763280.445 4707.441 0  
<L48> 332456.816 8763303.614 4691.781 0  
<L49> 332499.235 8763325.513 4681.216 0  
<L50> 332544.550 8763351.633 4670.176 0  
<L51> 332587.416 8763379.995 4655.554 0  
<L52> 332631.025 8763402.670 4649.459 0  
<L53> 332672.692 8763426.481 4645.537 0  
<L54> 332717.829 8763451.381 4647.125 0  
<L55> 332760.256 8763477.181 4648.072 0  
<L56> 332797.928 8763497.683 4643.378 0  
<L57> 332778.769 8763547.817 4643.356 0  
<L58> 332764.119 8763588.894 4644.931 0  