<L00> 542574.799 1368395.426 287.381 0  
<L01> 542606.212 1368435.638 291.940 0  
<L02> 542643.113 1368471.929 290.116 0  
<L03> 542678.977 1368507.188 289.713 0  
<L04> 542717.198 1368542.732 288.231 0  
<L05> 542750.419 1368580.185 287.269 0  
<L06> 542791.239 1368613.561 287.070 0  
<L07> 542828.257 1368647.551 286.584 0  
<L08> 542862.869 1368684.623 287.200 0  
<L09> 542900.970 1368718.670 287.602 0  
<L10> 542934.838 1368754.304 287.625 0  
<L11> 542971.341 1368789.277 286.943 0  
<L12> 543000.446 1368817.491 288.068 0  
<L13> 542961.683 1368852.305 288.251 0  
<L14> 542926.637 1368886.103 288.546 0  
<L15> 542891.384 1368921.399 288.187 0  
<L16> 542855.604 1368957.853 288.201 0  
<L17> 542819.285 1368993.944 288.111 0  
<L18> 542784.273 1369029.021 288.407 0  
<L19> 542747.897 1369065.505 287.914 0  
<L20> 542713.158 1369101.605 287.438 0  
<L21> 542677.497 1369135.754 287.255 0  
<L22> 542641.600 1369169.765 286.950 0  
<L23> 542609.104 1369207.413 286.333 0  
<L24> 542573.345 1369241.987 286.978 0  
<L25> 542535.619 1369278.440 287.756 0  
<L26> 542501.778 1369312.298 288.348 0  
<L27> 542466.126 1369340.969 287.199 0  
<L28> 542429.517 1369381.744 285.664 0  
<L29> 542396.188 1369341.791 285.876 0  
<L30> 542359.066 1369306.442 286.078 0  
<L31> 542322.547 1369269.415 285.219 0  
<L32> 542291.561 1369233.523 288.073 0  
<L33> 542261.176 1369201.711 287.614 0  
<L34> 542224.406 1369172.208 285.471 0  
<L35> 542184.064 1369130.073 286.157 0  
<L36> 542141.218 1369093.470 287.534 0  
<L37> 542103.527 1369055.021 288.252 0  
<L38> 542065.800 1369021.125 289.512 0  
<L39> 542040.868 1368997.130 288.930 0  
<L40> 542005.397 1368956.414 289.376 0  
<L41> 541966.574 1368923.969 288.723 0  
<L42> 541932.323 1368888.886 288.348 0  
<L43> 541892.542 1368858.614 288.477 0  
<L44> 541856.933 1368817.401 289.373 0  
<L45> 541895.141 1368780.243 288.818 0  
<L46> 541928.133 1368744.897 289.008 0  
<L47> 541965.414 1368710.927 289.295 0  
<L48> 541990.412 1368678.144 290.462 0  
<L49> 542027.459 1368647.688 290.362 0  
<L50> 542060.280 1368611.706 291.031 0  
<L51> 542095.963 1368578.734 291.497 0  
<L52> 542130.272 1368541.726 291.640 0  
<L53> 542165.967 1368508.776 292.037 0  
<L54> 542200.369 1368473.201 292.842 0  
<L55> 542235.940 1368437.166 293.191 0  
<L56> 542271.640 1368397.688 293.284 0  
<L57> 542308.627 1368363.345 293.575 0  
<L58> 542344.153 1368328.841 293.759 0  
<L59> 542379.088 1368293.333 294.665 0  
<L60> 542417.578 1368253.894 292.509 0  
<L61> 542445.122 1368277.023 291.799 0  
<L62> 542475.841 1368306.653 291.695 0  
<L63> 542505.693 1368331.723 291.206 0  
<L64> 542506.199 1368383.822 290.628 0  
<L65> 542523.308 1368392.234 292.353 0  
<L66> 542575.135 1368394.226 291.937 0  
