542502.361 1368169.287 288.324 0  
542446.706 1368221.899 287.990 0  
542377.457 1368292.455 286.948 0  
542311.752 1368358.621 286.584 0  
542245.843 1368424.964 286.316 0  
542180.209 1368491.140 285.684 0  
542113.248 1368557.317 285.038 0  
542060.446 1368611.740 285.709 0  
542003.915 1368551.562 284.270 0  
541931.029 1368478.745 284.033 0  
541868.851 1368418.689 283.701 0  
541804.722 1368355.156 284.919 0  
541742.658 1368293.246 285.393 0  
541683.019 1368233.370 286.421 0  
541620.534 1368171.834 286.028 0  
541557.601 1368110.618 286.736 0  
541496.207 1368051.051 287.386 0  
541433.709 1367989.536 286.948 0  
541371.143 1367928.263 286.918 0  
541308.262 1367865.215 285.941 0  
541245.714 1367806.847 285.250 0  
541184.458 1367744.943 286.265 0  
541123.605 1367681.797 285.942 0  
541069.258 1367629.001 286.349 0  
541130.853 1367568.803 287.468 0  
541191.713 1367507.142 288.281 0  
541254.202 1367445.155 289.183 0  
541319.283 1367380.876 289.976 0  
541389.027 1367315.516 290.298 0  
541457.942 1367245.786 290.800 0  
541522.057 1367182.199 291.231 0  
541583.720 1367121.617 291.550 0  
541648.588 1367057.182 292.073 0  
541707.999 1366997.082 292.419 0  
541774.365 1366932.485 292.353 0  
541840.184 1366867.172 293.029 0  
541906.133 1366802.095 293.719 0  
541972.123 1366738.949 294.492 0  
542033.559 1366673.367 294.674 0  
542078.825 1366631.930 295.352 0  
542122.974 1366668.681 295.480 0  
542209.244 1366746.659 295.650 0  
542273.297 1366801.608 295.629 0  
542343.952 1366866.956 295.856 0  
542419.213 1366925.527 294.622 0  
542497.977 1366994.207 294.223 0  
542565.744 1367051.462 294.187 0  
542627.965 1367114.140 294.138 0  
542695.157 1367171.198 294.757 0  
542556.376 1368115.834 288.652 0  
542563.457 1368105.833 292.124 0  
542566.434 1368098.192 292.509 0  
542579.348 1368091.825 298.657 0  
542593.890 1368070.537 288.845 0  
542629.511 1368043.184 289.372 0  
542688.580 1367984.088 289.694 0  
542712.598 1367953.239 291.047 0  
542884.526 1367779.809 290.219 0  
542906.762 1367761.080 290.236 0  
542910.754 1367731.086 292.638 0  
542953.116 1367663.219 291.255 0  
542997.685 1367638.644 290.713 0  
543033.287 1367629.681 290.103 0  
543124.912 1367542.268 291.872 0  
543104.238 1367497.160 290.131 0  
543094.659 1367492.126 288.682 0  
543050.616 1367472.312 290.381 0  
542950.916 1367398.908 291.321 0  
542906.792 1367351.964 293.000 0  
542896.158 1367340.641 295.777 0  
542885.490 1367328.322 297.188 0  
542877.735 1367326.719 301.876 0  
542869.329 1367320.243 306.140 0  
542856.843 1367290.812 305.775 0  
542833.494 1367271.438 297.145 0  
542773.723 1367232.490 295.234 0  
542711.383 1367175.636 293.758 0  
