
<CR>
         TIME          Size       File name 
----A 2021/04/04 10:35      3864  0404
----A 2021/04/04 08:59    128640  04040843
----A 2021/04/04 09:14    128640  04040859
----A 2021/04/04 09:29    128640  04040914
----A 2021/04/04 09:44    128000  04040929
----A 2021/04/04 09:59    128640  04040944
----A 2021/04/04 10:15    128000  04040959
----A 2021/04/04 10:31    128640  04041014
----A 2021/04/04 10:31      2560  04041029
----A 2021/04/05 13:34     10608  0405
----A 2021/04/05 08:15    128640  04050800
----A 2021/04/05 08:30    128000  04050815
----A 2021/04/05 08:45    128640  04050830
----A 2021/04/05 09:01    128640  04050845
----A 2021/04/05 09:15    128000  04050900
----A 2021/04/05 09:30    128640  04050915
----A 2021/04/05 09:47    128640  04050930
----A 2021/04/05 10:03    128640  04050945
----A 2021/04/05 10:16    128000  04051001
----A 2021/04/05 10:31    128640  04051016
----A 2021/04/05 10:47    128640  04051031
----A 2021/04/05 11:01    128640  04051046
----A 2021/04/05 11:18    128000  04051101
----A 2021/04/05 11:31    128640  04051116
----A 2021/04/05 11:46    128000  04051131
----A 2021/04/05 12:03    128640  04051146
----A 2021/04/05 12:17    128000  04051202
----A 2021/04/05 12:32    128640  04051217
----A 2021/04/05 12:47    128000  04051232
----A 2021/04/05 13:03    128640  04051247
----A 2021/04/05 13:17    128000  04051302
----A 2021/04/05 13:34    128640  04051317
----A 2021/04/05 13:34      2560  04051332
----A 2021/04/11 15:41      1032  0411
----A 2021/04/11 15:31    128640  04111516
----A 2021/04/11 15:31      2560  04111531
----A 2020/04/15 15:15     13288  0415
----A 2020/04/15 08:35    128640  04150820
----A 2020/04/15 08:50    128000  04150835
----A 2020/04/15 09:05    128640  04150850
----A 2020/04/15 09:21    128000  04150905
----A 2020/04/15 09:35    129920  04150920
----A 2020/04/15 09:50    128640  04150935
----A 2020/04/15 10:07    128640  04150950
----A 2020/04/15 10:23    128640  04151005
----A 2020/04/15 10:36    128640  04151021
----A 2020/04/15 10:51    128000  04151036
----A 2020/04/15 11:06    128640  04151051
----A 2020/04/15 11:21    128000  04151106
----A 2020/04/15 11:37    128640  04151121
----A 2020/04/15 11:51    128000  04151136
----A 2020/04/15 12:06    128640  04151151
----A 2020/04/15 12:23    128000  04151206
----A 2020/04/15 12:39    128640  04151221
----A 2020/04/15 12:52    128000  04151237
----A 2020/04/15 13:07    128640  04151252
----A 2020/04/15 13:23    128000  04151307
----A 2020/04/15 13:37    128640  04151322
----A 2020/04/15 13:54    128000  04151337
----A 2020/04/15 14:07    128640  04151352
----A 2020/04/15 14:23    128000  04151407
----A 2020/04/15 14:39    128640  04151422
----A 2020/04/15 14:53    128000  04151438
----A 2020/04/15 15:08    128640  04151453
----A 2020/04/15 15:09      2560  04151508

  65 File(s),   7359352 bytes total
   0 Dir(s),     993152K bytes free

/> 
read_ramp 04151121
<CR>Time:2020/04/15 15:09Ramp data first polarity: 
262 261 261 262 261 261 262 261 261 262 261 261 262 262 261 261 261 261 261 262 261 263 261 261 262 261 261 262 262 261 262 262 261 262 261 261 262 262 261 262 262 261 262 261 261 263 261 261 262 261 261 262 262 261 262 261 261 262 261 261 261 262 262 264 257 262 266 267 267 270 271 273 275 276 277 279 281 281 284 284 286 288 289 291 292 294 294 297 298 299 302 302 304 305 306 308 310 311 311 314 315 316 318 319 321 323 324 325 327 328 329 331 332 333 336 337 338 339 340 342 344 345 346 348 349 350 352 354 355 357 357 358 360 361 363 365 365 367 369 370 371 373 374 375 377 377 379 381 381 383 383 386 387 389 389 390 393 394 395 397 398 399 401 402 403 405 405 407 409 409 411 412 413 415 417 418 419 422 421 422 424 425 427 428 429 430 433 433 434 436 437 437 440 441 442 443 444 445 447 447 449 452 452 453 455 456 457 458 459 460 463 463 464 466 466 468 470 470 472 473 474 475 477 477 479 481 482 483 484 485 486 488 489 490 492 492 493 495 496 497 499 500 500 502 503 503 505 505 505 506 5[Warning: Maximal number of bytes per line exceeded! Check the EOL (end-of-line) settings or increase the limit in the advanced terminal settings.]
read 0415
<CR>Time:2020/04/15 15:09
Hours Minutes Seconds  Nb_Samples    Aver. Current 
8 1 39 224 9980 
8 1 54 219 11695 
8 2 9 224 15185 
8 2 24 224 15920 
8 2 39 224 15981 
8 2 54 224 15736 
8 3 9 224 15124 
8 7 41 224 15063 
8 7 56 224 15002 
8 8 11 224 15002 
8 8 26 224 15002 
8 8 41 224 15002 
8 8 56 224 15002 
8 9 11 224 15002 
8 9 26 224 15002 
8 9 41 224 15002 
8 9 56 224 15002 
8 10 11 224 15002 
8 10 26 224 15002 
8 10 41 224 15002 
8 10 56 223 15002 
8 11 11 224 15002 
8 11 26 224 15002 
8 11 41 224 15002 
8 11 56 224 15002 
8 12 11 224 15002 
8 12 26 224 15002 
8 12 41 224 15002 
8 12 56 224 15002 
8 13 11 224 15002 
8 13 26 224 15002 
8 13 41 224 15002 
8 13 56 224 15002 
8 14 11 224 15002 
8 14 26 224 15002 
8 14 41 224 15002 
8 14 56 224 15002 
8 15 11 224 15002 
8 15 26 224 15002 
8 15 41 224 15002 
8 15 56 224 15002 
8 16 11 224 15002 
8 16 26 224 15002 
8 16 41 224 15002 
8 16 56 224 15002 
8 17 11 224 15002 
8 17 26 224 15002 
8 17 41 224 15002 
8 17 56 224 15002 
8 18 11 224 15002 
8 18 26 224 15002 
8 18 41 224 15002 
8 18 56 224 15002 
8 19 11 224 15002 
8 19 26 224 15002 
8 19 41 224 15002 
8 19 56 224 15002 
8 20 48 224 14940 
8 21 3 224 14940 
8 21 18 224 14940 
8 21 33 224 14940 
8 21 48 224 14940 
8 22 3 224 14940 
8 22 18 224 14940 
8 22 33 224 14940 
8 22 48 224 14940 
8 23 3 224 14940 
8 23 18 224 14940 
8 23 33 224 14940 
8 23 48 224 14940 
8 24 3 224 14940 
8 24 18 224 14940 
8 24 33 224 14940 
8 24 48 224 14940 
8 25 3 224 14940 
8 25 18 224 14940 
8 25 33 224 14940 
8 25 48 224 14940 
8 26 3 223 14940 
8 26 18 224 14940 
8 26 33 224 14940 
8 26 48 224 14940 
8 27 3 224 14940 
8 27 18 224 14940 
8 27 33 224 14940 
8 27 48 224 14940 
8 28 3 224 14940 
8 28 18 224 14940 
8 28 33 224 14940 
8 28 48 224 14940 
8 29 3 224 14940 
8 29 18 224 14940 
8 29 33 224 14940 
8 29 48 224 14940 
8 30 3 224 14940 
8 30 18 224 14940 
8 30 33 224 14940 
8 30 48 224 14940 
8 31 3 224 14940 
8 31 18 224 14940 
8 31 33 224 14940 
8 31 48 224 14940 
8 32 3 224 14940 
8 32 18 224 14940 
8 32 33 224 14940 
8 32 48 224 14940 
8 33 3 224 14940 
8 33 18 224 14940 
8 33 33 224 14940 
8 33 48 224 14940 
8 34 3 224 14940 
8 34 18 224 14940 
8 34 33 224 14940 
8 34 48 224 14940 
8 35 3 224 14940 
8 35 40 224 14940 
8 35 55 224 14940 
8 36 10 224 14940 
8 36 25 224 14940 
8 36 40 224 14940 
8 36 55 224 14940 
8 37 10 224 14940 
8 37 25 224 14940 
8 37 40 224 14940 
8 37 55 224 14940 
8 38 10 224 14940 
8 38 25 224 14940 
8 38 40 224 14940 
8 38 55 223 14940 
8 39 10 224 14940 
8 39 25 224 14940 
8 39 40 224 14940 
8 39 55 224 14940 
8 40 10 224 14940 
8 40 25 224 14940 
8 40 40 224 14940 
8 40 55 224 14940 
8 41 10 224 14940 
8 41 25 224 14940 
8 41 40 224 14940 
8 41 55 224 14940 
8 42 10 224 14940 
8 42 25 224 14940 
8 42 40 224 14940 
8 42 55 224 14940 
8 43 10 224 14940 
8 43 25 224 14940 
8 43 40 224 14940 
8 43 55 224 14940 
8 44 10 224 14940 
8 44 25 224 14940 
8 44 40 224 14940 
8 44 56 224 14879 
8 45 11 224 14879 
8 45 26 224 14879 
8 45 41 224 14940 
8 45 56 224 14940 
8 46 11 224 14879 
8 46 26 224 14879 
8 46 41 224 14879 
8 46 56 224 14879 
8 47 11 224 14879 
8 47 26 223 14879 
8 47 41 224 14879 
8 47 56 224 14879 
8 48 11 224 14879 
8 48 26 224 14879 
8 48 41 224 14879 
8 48 56 224 14879 
8 49 11 224 14879 
8 49 26 224 14879 
8 49 41 224 14879 
8 49 56 224 14879 
8 50 11 224 14879 
8 51 3 224 14879 
8 51 18 224 14879 
8 51 33 224 14879 
8 51 48 224 14879 
8 52 3 224 14879 
8 52 18 223 14879 
8 52 33 224 14879 
8 52 48 224 14879 
8 53 3 224 14879 
8 53 18 224 14879 
8 53 33 224 14879 
8 53 48 224 14879 
8 54 3 224 14879 
8 54 18 224 14879 
8 54 33 224 14879 
8 54 48 224 14879 
8 55 3 224 14879 
8 55 18 224 14879 
8 55 33 224 14879 
8 55 48 224 14879 
8 56 3 224 14879 
8 56 18 224 14879 
8 56 33 224 14879 
8 56 48 224 14879 
8 57 3 224 14879 
8 57 18 224 14879 
8 57 33 224 14879 
8 57 48 224 14879 
8 58 3 224 14879 
8 58 18 224 14879 
8 58 33 224 14879 
8 58 48 224 14879 
8 59 3 224 14879 
8 59 18 224 14879 
8 59 33 224 14879 
8 59 48 224 14879 
9 0 3 224 14879 
9 0 18 224 14879 
9 0 33 224 14879 
9 0 48 224 14879 
9 1 3 224 14879 
9 1 18 224 14879 
9 1 33 224 14879 
9 1 48 224 14879 
9 2 3 224 14879 
9 2 18 224 14879 
9 2 33 224 14879 
9 2 48 224 14879 
9 3 3 224 14879 
9 3 18 224 14879 
9 3 33 224 14879 
9 3 48 223 14879 
9 4 3 224 14879 
9 4 18 224 14879 
9 4 33 224 14879 
9 4 48 224 14879 
9 5 3 224 14879 
9 5 18 224 14879 
9 5 55 224 14879 
9 6 10 224 14879 
9 6 25 224 14879 
9 6 40 224 14818 
9 6 55 224 14818 
9 7 10 224 14818 
9 7 25 224 14818 
9 7 40 224 14818 
9 7 55 224 14818 
9 8 10 224 14818 
9 8 25 224 14818 
9 8 40 224 14818 
9 8 55 224 14818 
9 9 10 224 14818 
9 9 25 224 14818 
9 9 40 224 14818 
9 9 55 224 14818 
9 10 10 224 14818 
9 10 25 224 14818 
9 10 40 224 14818 
9 10 55 224 14818 
9 11 10 224 14818 
9 11 25 224 14818 
9 11 40 224 14818 
9 11 55 224 14818 
9 12 10 224 14818 
9 12 25 224 14818 
9 12 40 224 14818 
9 12 55 224 14818 
9 13 10 224 14818 
9 13 25 224 14818 
9 13 40 224 14818 
9 13 55 224 14818 
9 14 10 224 14818 
9 14 25 224 14818 
9 14 40 224 14818 
9 14 55 224 14818 
9 15 10 224 14818 
9 15 25 224 14818 
9 15 40 224 14818 
9 15 55 224 14818 
9 16 10 224 14818 
9 16 25 224 14818 
9 16 40 224 14818 
9 16 55 224 14818 
9 17 10 224 14818 
9 17 25 224 14818 
9 17 40 224 14818 
9 17 55 224 14818 
9 18 10 224 14818 
9 18 25 224 14818 
9 18 40 224 14818 
9 18 55 224 14818 
9 19 10 224 14818 
9 19 25 224 14818 
9 19 40 224 14818 
9 19 55 224 14818 
9 20 10 224 14818 
9 20 25 224 14818 
9 21 17 224 14818 
9 21 32 224 14818 
9 21 47 224 14818 
9 22 2 224 14818 
9 22 17 223 14818 
9 22 32 224 14818 
9 22 47 224 14818 
9 23 2 224 14818 
9 23 17 224 14818 
9 23 32 224 14818 
9 23 47 224 14818 
9 24 2 224 14818 
9 24 17 224 14818 
9 24 32 224 14818 
9 24 47 224 14818 
9 25 2 224 14818 
9 25 17 224 14818 
9 25 32 224 14818 
9 25 47 224 14818 
9 26 2 224 14818 
9 26 17 224 14757 
9 26 32 224 14757 
9 26 47 224 14757 
9 27 2 224 14757 
9 27 17 224 14757 
9 27 32 224 14757 
9 27 47 224 14757 
9 28 2 224 14757 
9 28 17 224 14757 
9 28 32 224 14757 
9 28 47 224 14757 
9 29 2 224 14757 
9 29 49 41 13961 
9 30 2 184 14818 
9 30 17 224 14940 
9 30 32 224 15063 
9 30 47 224 15063 
9 31 2 224 15063 
9 31 17 224 15063 
9 31 32 224 15063 
9 31 47 224 15063 
9 32 2 224 15063 
9 32 17 224 15063 
9 32 32 224 15063 
9 32 47 224 15063 
9 33 2 224 15063 
9 33 17 224 15063 
9 33 32 224 15063 
9 33 47 224 15063 
9 34 2 224 15063 
9 34 17 224 15063 
9 34 32 224 15063 
9 34 47 223 15063 
9 35 2 224 15063 
9 35 17 224 15063 
9 35 32 224 15063 
9 36 24 224 15063 
9 36 39 223 15063 
9 36 54 224 15063 
9 37 9 224 15063 
9 37 24 224 15063 
9 37 39 224 15063 
9 37 54 224 15063 
9 38 9 224 15063 
9 38 24 224 15063 
9 38 39 224 15063 
9 38 54 224 15002 
9 39 9 224 15063 
9 39 24 224 15063 
9 39 39 224 15002 
9 39 54 224 15002 
9 40 9 224 15002 
9 40 24 224 15002 
9 40 39 224 15002 
9 40 54 224 15002 
9 41 9 224 15002 
9 41 24 224 15002 
9 41 39 224 15002 
9 41 54 224 15063 
9 42 9 224 15063 
9 42 24 224 15063 
9 42 39 224 15002 
9 42 54 224 15063 
9 43 9 224 15063 
9 43 24 224 15002 
9 43 39 224 15002 
9 43 54 224 15002 
9 44 9 224 15002 
9 44 24 224 15002 
9 44 39 224 15002 
9 44 54 224 15002 
9 45 9 224 15002 
9 45 24 224 15002 
9 45 39 224 15002 
9 45 54 224 15002 
9 46 9 224 15002 
9 46 24 224 15002 
9 46 39 224 15002 
9 46 54 224 15002 
9 47 9 224 15002 
9 47 24 223 15002 
9 47 39 224 15002 
9 47 54 224 15002 
9 48 9 224 15002 
9 48 24 224 15002 
9 48 39 224 15002 
9 48 54 224 15002 
9 49 9 224 15002 
9 49 24 224 15002 
9 49 39 224 15002 
9 49 54 224 15002 
9 50 9 224 15002 
9 50 24 224 15002 
9 50 39 224 15002 
9 51 31 224 15002 
9 51 46 224 15002 
9 52 1 224 15002 
9 52 16 224 15002 
9 52 31 224 15002 
9 52 46 223 15002 
9 53 1 224 15002 
9 53 16 224 15002 
9 53 31 224 15002 
9 53 46 224 15002 
9 54 1 224 15002 
9 54 16 224 15002 
9 54 31 224 15002 
9 54 46 224 15002 
9 55 1 224 15002 
9 55 16 224 15002 
9 55 31 224 15002 
9 55 46 224 15002 
9 56 1 224 15002 
9 56 16 224 15002 
9 56 31 224 15002 
9 56 46 224 15002 
9 57 1 224 15002 
9 57 16 224 15002 
9 57 31 224 15002 
9 57 46 224 15002 
9 58 1 224 15002 
9 58 16 224 15002 
9 58 31 224 15002 
9 58 46 224 15002 
9 59 1 224 15002 
9 59 16 224 15002 
9 59 31 224 15002 
9 59 46 224 15002 
10 0 1 224 15002 
10 0 16 224 15002 
10 0 31 223 15002 
10 0 46 224 15002 
10 1 1 224 15002 
10 1 16 224 15002 
10 1 31 224 15002 
10 1 46 224 15002 
10 2 1 224 15002 
10 2 16 224 15002 
10 2 31 224 15002 
10 2 46 224 15002 
10 3 1 224 15002 
10 3 16 224 15002 
10 3 31 224 15002 
10 3 46 224 15002 
10 4 1 224 15002 
10 4 16 224 15002 
10 4 31 224 15002 
10 4 46 224 15002 
10 5 1 224 15002 
10 5 16 224 15002 
10 5 31 224 15002 
10 5 46 224 15002 
10 6 38 224 15002 
10 6 53 224 15002 
10 7 8 224 15002 
10 7 23 224 15002 
10 7 38 224 15002 
10 7 53 224 15002 
10 8 8 224 15002 
10 8 23 224 15002 
10 8 38 224 15002 
10 8 53 224 15002 
10 9 8 224 15002 
10 9 23 224 15002 
10 9 38 224 15002 
10 9 53 224 15002 
10 10 8 224 15002 
10 10 23 224 15002 
10 10 38 224 15002 
10 10 53 224 15002 
10 11 8 224 15002 
10 11 23 224 15002 
10 11 38 224 15002 
10 11 53 224 15002 
10 12 8 224 15002 
10 12 23 224 15002 
10 12 38 224 15002 
10 12 53 224 15002 
10 13 8 224 15002 
10 13 23 224 15002 
10 13 38 223 15002 
10 13 53 224 15002 
10 14 8 224 15002 
10 14 23 224 15002 
10 14 38 224 15002 
10 14 53 224 15002 
10 15 8 224 15002 
10 15 23 224 15002 
10 15 38 224 15002 
10 15 53 224 15002 
10 16 8 224 15002 
10 16 23 224 15002 
10 16 38 224 15002 
10 16 53 224 15002 
10 17 8 224 15002 
10 17 23 224 15002 
10 17 38 224 15002 
10 17 53 224 15002 
10 18 8 224 15002 
10 18 23 224 15002 
10 18 38 224 15002 
10 18 53 224 15002 
10 19 8 224 15002 
10 19 23 224 15002 
10 19 38 224 15002 
10 19 53 224 15002 
10 20 8 224 15002 
10 20 23 224 15002 
10 20 38 224 15002 
10 20 53 224 15002 
10 21 45 224 15002 
10 22 0 224 15002 
10 22 15 224 15002 
10 22 30 224 15002 
10 22 45 224 15002 
10 23 0 223 15002 
10 23 15 224 15002 
10 23 30 224 15002 
10 23 45 224 15002 
10 24 0 224 15002 
10 24 15 224 15002 
10 24 30 224 15002 
10 24 45 224 15002 
10 25 0 224 15002 
10 25 15 224 15002 
10 25 30 224 15002 
10 25 45 224 15002 
10 26 0 224 15002 
10 26 15 224 15002 
10 26 30 224 15002 
10 26 45 223 15002 
10 27 0 224 15002 
10 27 15 224 15002 
10 27 30 224 15002 
10 27 45 224 15002 
10 28 0 224 15002 
10 28 15 224 15002 
10 28 30 224 15002 
10 28 45 224 15002 
10 29 0 224 15002 
10 29 15 224 15002 
10 29 30 224 15002 
10 29 45 224 15002 
10 30 0 224 15002 
10 30 15 224 15002 
10 30 30 224 15002 
10 30 45 224 15002 
10 31 0 224 15002 
10 31 15 224 15002 
10 31 30 224 15002 
10 31 45 224 15002 
10 32 0 224 15002 
10 32 15 224 15002 
10 32 30 224 15002 
10 32 45 224 15002 
10 33 0 224 15002 
10 33 15 224 15002 
10 33 30 224 15002 
10 33 45 224 15002 
10 34 0 224 15002 
10 34 15 224 15002 
10 34 30 224 15002 
10 34 45 224 15002 
10 35 0 224 14940 
10 35 15 224 14940 
10 35 30 224 14940 
10 35 45 224 14940 
10 36 0 224 14940 
10 36 37 224 14940 
10 36 52 223 15002 
10 37 7 224 15002 
10 37 22 224 15002 
10 37 37 224 14940 
10 37 52 224 15002 
10 38 7 224 15002 
10 38 22 224 15002 
10 38 37 224 14940 
10 38 52 224 15002 
10 39 7 224 15002 
10 39 22 224 15002 
10 39 37 223 14940 
10 39 52 224 14940 
10 40 7 224 15002 
10 40 22 224 14940 
10 40 37 224 14940 
10 40 52 224 14940 
10 41 7 224 14940 
10 41 22 224 14940 
10 41 37 224 14940 
10 41 52 224 14940 
10 42 7 224 14940 
10 42 22 224 14940 
10 42 37 224 14940 
10 42 52 224 14940 
10 43 7 224 14940 
10 43 22 224 14940 
10 43 37 224 14940 
10 43 52 224 14940 
10 44 7 224 14940 
10 44 22 224 14940 
10 44 37 224 14940 
10 44 52 224 14940 
10 45 7 224 14940 
10 45 22 224 14940 
10 45 37 224 14940 
10 45 52 224 14940 
10 46 7 224 14940 
10 46 22 224 14940 
10 46 37 224 14940 
10 46 52 224 14940 
10 47 7 224 14940 
10 47 22 224 14940 
10 47 38 224 14940 
10 47 53 224 14940 
10 48 8 224 14940 
10 48 23 224 14940 
10 48 38 224 14940 
10 48 53 224 14940 
10 49 8 224 14940 
10 49 23 224 14940 
10 49 38 224 14940 
10 49 53 224 14940 
10 50 8 224 14940 
10 50 23 224 14940 
10 50 38 224 14940 
10 50 53 224 14940 
10 51 8 224 14940 
10 52 0 224 14940 
10 52 15 224 14940 
10 52 30 224 14940 
10 52 45 224 14940 
10 53 0 223 14940 
10 53 15 224 14940 
10 53 30 224 14940 
10 53 45 224 14940 
10 54 0 224 14940 
10 54 15 224 14940 
10 54 30 224 14940 
10 54 45 224 14940 
10 55 0 224 14940 
10 55 15 224 14940 
10 55 30 224 14940 
10 55 45 224 14940 
10 56 0 224 14940 
10 56 15 224 14940 
10 56 30 224 14940 
10 56 45 224 14940 
10 57 0 224 14940 
10 57 15 224 14940 
10 57 30 224 14940 
10 57 45 224 14940 
10 58 0 224 14940 
10 58 15 224 14940 
10 58 30 224 14940 
10 58 45 224 14940 
10 59 0 224 14940 
10 59 15 224 14940 
10 59 30 224 14940 
10 59 45 224 14940 
11 0 0 224 14940 
11 0 15 224 14940 
11 0 30 224 14940 
11 0 45 224 14940 
11 1 0 224 14940 
11 1 15 224 14940 
11 1 30 224 14940 
11 1 45 224 14940 
11 2 0 224 14940 
11 2 15 224 14940 
11 2 30 224 14940 
11 2 45 224 14940 
11 3 0 224 14940 
11 3 15 224 14940 
11 3 30 224 14940 
11 3 45 224 14940 
11 4 0 224 14940 
11 4 15 224 14940 
11 4 30 224 14940 
11 4 45 224 14940 
11 5 0 224 14940 
11 5 15 224 14940 
11 5 30 224 14940 
11 5 45 224 14940 
11 6 0 224 14879 
11 6 15 224 14879 
11 6 52 224 14940 
11 7 7 223 14940 
11 7 22 224 14940 
11 7 37 224 14940 
11 7 52 224 14940 
11 8 7 224 14940 
11 8 22 224 14940 
11 8 37 224 14879 
11 8 52 224 14879 
11 9 7 224 14879 
11 9 22 224 14879 
11 9 37 224 14879 
11 9 52 224 14879 
11 10 7 224 14879 
11 10 22 224 14879 
11 10 37 224 14879 
11 10 52 224 14879 
11 11 7 224 14879 
11 11 22 224 14879 
11 11 37 224 14879 
11 11 52 224 14879 
11 12 7 224 14879 
11 12 22 224 14879 
11 12 37 224 14879 
11 12 52 224 14879 
11 13 7 224 14879 
11 13 22 224 14879 
11 13 37 224 14879 
11 13 52 224 14879 
11 14 7 224 14879 
11 14 22 224 14879 
11 14 37 224 14879 
11 14 52 224 14879 
11 15 7 224 14879 
11 15 22 224 14879 
11 15 37 224 14879 
11 15 52 224 14879 
11 16 7 224 14879 
11 16 22 224 14879 
11 16 37 224 14879 
11 16 52 224 14879 
11 17 7 224 14879 
11 17 22 224 14879 
11 17 37 224 14879 
11 17 52 224 14879 
11 18 7 224 14879 
11 18 22 224 14879 
11 18 37 224 14879 
11 18 52 224 14879 
11 19 7 224 14879 
11 19 22 224 14879 
11 19 37 224 14879 
11 19 52 224 14879 
11 20 7 224 14879 
11 20 22 224 14879 
11 20 37 224 14879 
11 20 52 224 14879 
11 21 7 224 14879 
11 21 22 224 14879 
11 22 14 224 14879 
11 22 29 224 14879 
11 22 44 224 14879 
11 22 59 224 14879 
11 23 14 223 14879 
11 23 29 224 14879 
11 23 44 224 14879 
11 23 59 224 14879 
11 24 14 224 14879 
11 24 29 224 14879 
11 24 44 224 14879 
11 24 59 224 14879 
11 25 14 224 14879 
11 25 29 224 14879 
11 25 44 224 14879 
11 25 59 224 14879 
11 26 14 224 14879 
11 26 29 224 14879 
11 26 44 224 14879 
11 26 59 224 14879 
11 27 14 224 14879 
11 27 29 224 14879 
11 27 44 224 14879 
11 27 59 224 14879 
11 28 14 224 14879 
11 28 29 224 14879 
11 28 44 224 14879 
11 28 59 224 14879 
11 29 14 224 14879 
11 29 29 224 14879 
11 29 44 224 14879 
11 29 59 224 14879 
11 30 14 224 14879 
11 30 29 224 14879 
11 30 44 224 14879 
11 30 59 224 14879 
11 31 14 224 14879 
11 31 29 224 14879 
11 31 44 224 14879 
11 31 59 224 14879 
11 32 14 224 14879 
11 32 29 224 14879 
11 32 44 224 14879 
11 32 59 224 14879 
11 33 14 224 14879 
11 33 29 224 14879 
11 33 44 224 14879 
11 33 59 224 14879 
11 34 14 224 14879 
11 34 29 224 14879 
11 34 44 224 14879 
11 34 59 223 14879 
11 35 14 224 14879 
11 35 29 224 14879 
11 35 44 224 14879 
11 35 59 224 14879 
11 36 14 224 14879 
11 36 29 224 14879 
11 37 6 224 14879 
11 37 21 224 14879 
11 37 36 224 14879 
11 37 51 224 14879 
11 38 6 224 14879 
11 38 21 224 14879 
11 38 36 224 14879 
11 38 51 224 14879 
11 39 6 224 14879 
11 39 21 224 14879 
11 39 36 224 14879 
11 39 51 224 14879 
11 40 6 224 14879 
11 40 21 224 14879 
11 40 36 224 14879 
11 40 51 224 14879 
11 41 6 224 14879 
11 41 21 224 14879 
11 41 36 224 14879 
11 41 51 224 14879 
11 42 6 224 14879 
11 42 21 224 14879 
11 42 36 224 14879 
11 42 51 224 14879 
11 43 6 224 14879 
11 43 21 224 14879 
11 43 36 224 14879 
11 43 51 224 14879 
11 44 6 224 14879 
11 44 21 224 14879 
11 44 36 224 14879 
11 44 51 224 14879 
11 45 6 224 14879 
11 45 21 224 14879 
11 45 36 224 14879 
11 45 51 224 14879 
11 46 6 224 14879 
11 46 21 224 14879 
11 46 36 224 14879 
11 46 51 224 14879 
11 47 6 224 14879 
11 47 21 224 14879 
11 47 36 224 14879 
11 47 51 223 14879 
11 48 6 224 14879 
11 48 21 224 14879 
11 48 36 224 14879 
11 48 51 224 14879 
11 49 6 224 14879 
11 49 21 224 14879 
11 49 36 224 14879 
11 49 51 224 14879 
11 50 6 224 14879 
11 50 21 224 14879 
11 50 36 224 14879 
11 50 51 224 14879 
11 51 6 224 14879 
11 51 21 224 14879 
11 51 36 224 14879 
11 52 28 224 14879 
11 52 43 224 14879 
11 52 58 224 14879 
11 53 13 224 14879 
11 53 28 223 14879 
11 53 43 224 14879 
11 53 58 224 14879 
11 54 13 224 14879 
11 54 28 224 14879 
11 54 43 224 14879 
11 54 58 224 14879 
11 55 13 224 14879 
11 55 28 224 14879 
11 55 43 224 14879 
11 55 58 224 14879 
11 56 13 224 14879 
11 56 28 224 14879 
11 56 43 224 14879 
11 56 58 224 14879 
11 57 13 224 14879 
11 57 28 224 14818 
11 57 43 224 14818 
11 57 58 224 14818 
11 58 13 224 14818 
11 58 28 224 14818 
11 58 43 224 14818 
11 58 58 224 14818 
11 59 13 224 14818 
11 59 28 224 14818 
11 59 43 224 14818 
11 59 58 224 14818 
12 0 13 224 14818 
12 0 28 224 14818 
12 0 43 224 14818 
12 0 58 224 14818 
12 1 13 223 14818 
12 1 28 224 14818 
12 1 43 224 14818 
12 1 58 224 14818 
12 2 13 224 14818 
12 2 28 224 14818 
12 2 43 224 14818 
12 2 58 224 14818 
12 3 13 224 14818 
12 3 28 224 14818 
12 3 43 224 14818 
12 3 58 224 14818 
12 4 13 224 14818 
12 4 28 224 14818 
12 4 43 224 14818 
12 4 58 224 14818 
12 5 13 224 14818 
12 5 28 224 14818 
12 5 43 224 14818 
12 5 58 224 14818 
12 6 13 224 14818 
12 6 28 224 14818 
12 6 43 224 14818 
12 7 20 224 14818 
12 7 35 224 14818 
12 7 50 224 14818 
12 8 5 224 14818 
12 8 20 224 14818 
12 8 35 224 14818 
12 8 50 224 14818 
12 9 5 224 14818 
12 9 20 224 14818 
12 9 35 224 14818 
12 9 50 224 14818 
12 10 5 224 14818 
12 10 20 224 14879 
12 10 35 224 14879 
12 10 50 224 14818 
12 11 5 224 14879 
12 11 20 224 14879 
12 11 35 224 14879 
12 11 50 224 14879 
12 12 5 224 14879 
12 12 20 224 14818 
12 12 35 224 14818 
12 12 50 224 14879 
12 13 5 224 14818 
12 13 20 224 14818 
12 13 35 224 14879 
12 13 50 224 14879 
12 14 5 223 14879 
12 14 20 224 14818 
12 14 35 224 14818 
12 14 50 224 14818 
12 15 5 224 14818 
12 15 20 224 14818 
12 15 35 224 14818 
12 15 50 224 14818 
12 16 5 224 14818 
12 16 20 224 14818 
12 16 35 224 14818 
12 16 50 224 14818 
12 17 5 224 14818 
12 17 20 224 14818 
12 17 35 224 14818 
12 17 50 224 14818 
12 18 5 224 14818 
12 18 20 224 14818 
12 18 35 224 14818 
12 18 50 224 14818 
12 19 5 224 14818 
12 19 20 224 14818 
12 19 35 224 14818 
12 19 50 224 14818 
12 20 5 224 14818 
12 20 20 224 14818 
12 20 35 224 14818 
12 20 50 224 14818 
12 21 5 224 14818 
12 21 20 224 14818 
12 21 35 224 14818 
12 21 50 224 14818 
12 22 42 224 14818 
12 22 57 224 14818 
12 23 12 224 14818 
12 23 27 224 14818 
12 23 42 223 14818 
12 23 57 224 14818 
12 24 12 224 14818 
12 24 27 224 14818 
12 24 42 224 14818 
12 24 57 224 14818 
12 25 12 224 14818 
12 25 27 224 14818 
12 25 42 224 14818 
12 25 57 224 14818 
12 26 12 224 14818 
12 26 27 224 14818 
12 26 42 224 14818 
12 26 57 224 14818 
12 27 12 224 14818 
12 27 27 223 14818 
12 27 42 224 14818 
12 27 57 224 14818 
12 28 12 224 14818 
12 28 27 224 14818 
12 28 42 224 14818 
12 28 57 224 14818 
12 29 12 224 14818 
12 29 27 224 14818 
12 29 42 224 14818 
12 29 57 224 14818 
12 30 12 224 14818 
12 30 27 224 14818 
12 30 42 224 14818 
12 30 57 224 14818 
12 31 12 224 14818 
12 31 27 224 14818 
12 31 42 224 14818 
12 31 57 224 14818 
12 32 12 224 14818 
12 32 27 224 14818 
12 32 42 224 14818 
12 32 57 224 14818 
12 33 12 224 14818 
12 33 27 224 14818 
12 33 42 224 14818 
12 33 57 224 14818 
12 34 12 224 14818 
12 34 27 224 14818 
12 34 42 224 14818 
12 34 57 224 14818 
12 35 12 224 14818 
12 35 27 224 14818 
12 35 42 224 14818 
12 35 57 224 14818 
12 36 12 224 14818 
12 36 27 224 14818 
12 36 42 224 14818 
12 36 57 224 14818 
12 37 34 224 14818 
12 37 49 223 14818 
12 38 4 224 14818 
12 38 19 224 14818 
12 38 34 224 14818 
12 38 49 224 14818 
12 39 4 224 14818 
12 39 19 224 14818 
12 39 34 224 14818 
12 39 49 224 14818 
12 40 4 224 14818 
12 40 19 223 14818 
12 40 34 224 14818 
12 40 49 224 14818 
12 41 4 224 14818 
12 41 19 224 14818 
12 41 34 224 14818 
12 41 49 224 14818 
12 42 4 224 14818 
12 42 19 224 14818 
12 42 34 224 14818 
12 42 49 224 14818 
12 43 4 224 14818 
12 43 19 224 14818 
12 43 34 224 14818 
12 43 49 224 14818 
12 44 4 224 14818 
12 44 19 224 14818 
12 44 34 224 14818 
12 44 50 224 14818 
12 45 5 224 14818 
12 45 20 224 14818 
12 45 35 224 14818 
12 45 50 224 14818 
12 46 5 224 14818 
12 46 20 224 14818 
12 46 35 224 14818 
12 46 50 224 14818 
12 47 5 224 14818 
12 47 20 224 14818 
12 47 35 224 14818 
12 47 50 224 14818 
12 48 5 224 14818 
12 48 20 224 14818 
12 48 35 224 14818 
12 48 50 224 14818 
12 49 5 224 14818 
12 49 20 224 14818 
12 49 35 224 14818 
12 49 50 224 14818 
12 50 5 224 14818 
12 50 20 224 14818 
12 50 35 224 14818 
12 50 50 224 14818 
12 51 5 224 14818 
12 51 20 224 14818 
12 51 35 224 14818 
12 51 50 224 14818 
12 52 5 224 14818 
12 52 57 224 14818 
12 53 12 224 14818 
12 53 27 224 14818 
12 53 42 223 14818 
12 53 57 224 14818 
12 54 12 224 14818 
12 54 27 224 14818 
12 54 42 224 14818 
12 54 57 224 14818 
12 55 12 224 14818 
12 55 27 224 14818 
12 55 42 224 14818 
12 55 57 224 14818 
12 56 12 224 14818 
12 56 27 224 14818 
12 56 42 224 14818 
12 56 57 224 14818 
12 57 12 224 14818 
12 57 27 224 14818 
12 57 42 224 14818 
12 57 57 224 14818 
12 58 12 224 14818 
12 58 27 224 14818 
12 58 42 224 14818 
12 58 57 224 14818 
12 59 12 224 14818 
12 59 27 224 14818 
12 59 42 224 14818 
12 59 57 224 14818 
13 0 12 224 14818 
13 0 27 224 14818 
13 0 42 224 14818 
13 0 57 224 14818 
13 1 12 224 14818 
13 1 27 224 14818 
13 1 42 224 14879 
13 1 57 224 14818 
13 2 12 224 14818 
13 2 27 224 14879 
13 2 42 224 14879 
13 2 57 224 14879 
13 3 12 224 14879 
13 3 27 224 14818 
13 3 42 224 14818 
13 3 57 224 14818 
13 4 12 224 14818 
13 4 27 224 14818 
13 4 42 224 14818 
13 4 57 224 14818 
13 5 12 224 14818 
13 5 27 224 14818 
13 5 42 224 14818 
13 5 57 224 14818 
13 6 12 224 14818 
13 6 27 224 14818 
13 6 42 224 14818 
13 6 57 224 14818 
13 7 12 224 14818 
13 7 49 224 14818 
13 8 4 223 14818 
13 8 19 224 14818 
13 8 34 224 14818 
13 8 49 224 14818 
13 9 4 224 14818 
13 9 19 224 14818 
13 9 34 224 14818 
13 9 49 224 14879 
13 10 4 224 14879 
13 10 19 224 14879 
13 10 34 224 14879 
13 10 49 224 14879 
13 11 4 224 14879 
13 11 19 224 14879 
13 11 34 224 14879 
13 11 49 224 14879 
13 12 4 224 14879 
13 12 19 224 14879 
13 12 34 224 14879 
13 12 49 224 14879 
13 13 4 224 14879 
13 13 19 224 14879 
13 13 34 224 14879 
13 13 49 224 14879 
13 14 4 224 14879 
13 14 19 224 14879 
13 14 34 224 14879 
13 14 49 224 14879 
13 15 4 224 14879 
13 15 19 224 14879 
13 15 34 224 14879 
13 15 49 224 14879 
13 16 4 224 14879 
13 16 19 224 14879 
13 16 34 224 14879 
13 16 49 224 14879 
13 17 4 224 14879 
13 17 19 224 14879 
13 17 34 224 14879 
13 17 49 224 14879 
13 18 4 224 14879 
13 18 19 224 14879 
13 18 34 224 14879 
13 18 49 224 14879 
13 19 4 224 14879 
13 19 19 224 14879 
13 19 34 224 14879 
13 19 49 224 14879 
13 20 4 224 14879 
13 20 19 224 14879 
13 20 34 224 14879 
13 20 49 224 14879 
13 21 4 224 14879 
13 21 19 224 14879 
13 21 34 224 14879 
13 21 49 224 14940 
13 22 4 224 14940 
13 22 19 223 14940 
13 23 11 224 14940 
13 23 26 224 14940 
13 23 41 224 14879 
13 23 56 224 14879 
13 24 11 223 14879 
13 24 26 224 14879 
13 24 41 224 14879 
13 24 56 224 14879 
13 25 11 224 14879 
13 25 26 224 14879 
13 25 41 224 14879 
13 25 56 224 14879 
13 26 11 224 14879 
13 26 26 224 14879 
13 26 41 224 14879 
13 26 56 224 14879 
13 27 11 224 14818 
13 27 26 224 14818 
13 27 41 224 14818 
13 27 56 224 14818 
13 28 11 224 14818 
13 28 26 224 14818 
13 28 41 224 14818 
13 28 56 224 14818 
13 29 11 224 14818 
13 29 26 224 14818 
13 29 41 224 14818 
13 29 56 224 14818 
13 30 11 224 14818 
13 30 26 224 14818 
13 30 41 224 14818 
13 30 56 224 14818 
13 31 11 224 14818 
13 31 26 224 14818 
13 31 41 224 14818 
13 31 56 224 14818 
13 32 11 224 14818 
13 32 26 224 14818 
13 32 41 224 14818 
13 32 56 224 14818 
13 33 11 224 14818 
13 33 26 224 14818 
13 33 41 224 14818 
13 33 56 224 14818 
13 34 11 224 14818 
13 34 26 224 14818 
13 34 41 224 14818 
13 34 56 224 14818 
13 35 11 224 14818 
13 35 26 224 14818 
13 35 41 223 14818 
13 35 56 224 14818 
13 36 11 224 14818 
13 36 26 224 14818 
13 36 41 224 14818 
13 36 56 224 14818 
13 37 11 224 14818 
13 37 26 224 14818 
13 38 3 224 14818 
13 38 18 224 14818 
13 38 33 224 14818 
13 38 48 224 14818 
13 39 3 224 14818 
13 39 18 224 14818 
13 39 33 224 14818 
13 39 48 224 14818 
13 40 3 224 14818 
13 40 18 224 14818 
13 40 33 224 14818 
13 40 48 224 14818 
13 41 3 224 14818 
13 41 18 224 14818 
13 41 33 224 14818 
13 41 48 224 14818 
13 42 3 224 14818 
13 42 18 224 14818 
13 42 33 224 14818 
13 42 48 224 14818 
13 43 3 224 14818 
13 43 18 224 14818 
13 43 33 224 14818 
13 43 48 224 14818 
13 44 3 224 14818 
13 44 18 224 14818 
13 44 33 224 14818 
13 44 48 224 14879 
13 45 3 224 14879 
13 45 18 224 14879 
13 45 33 224 14879 
13 45 48 224 14818 
13 46 3 224 14879 
13 46 18 224 14879 
13 46 33 224 14879 
13 46 48 224 14879 
13 47 3 224 14879 
13 47 18 224 14879 
13 47 33 224 14879 
13 47 48 224 14879 
13 48 3 224 14818 
13 48 18 224 14818 
13 48 33 223 14818 
13 48 48 224 14818 
13 49 3 224 14818 
13 49 18 224 14818 
13 49 33 224 14818 
13 49 48 224 14818 
13 50 3 224 14818 
13 50 18 224 14818 
13 50 33 224 14879 
13 50 48 224 14879 
13 51 3 224 14818 
13 51 18 224 14879 
13 51 33 224 14879 
13 51 48 224 14879 
13 52 3 224 14879 
13 52 18 224 14879 
13 52 33 224 14879 
13 53 25 224 14879 
13 53 40 224 14879 
13 53 55 224 14879 
13 54 10 224 14879 
13 54 25 223 14879 
13 54 40 224 14879 
13 54 55 224 14879 
13 55 10 224 14879 
13 55 25 224 14879 
13 55 40 224 14879 
13 55 55 224 14818 
13 56 10 224 14879 
13 56 25 224 14818 
13 56 40 224 14818 
13 56 55 224 14818 
13 57 10 224 14818 
13 57 25 224 14879 
13 57 40 224 14879 
13 57 55 224 14879 
13 58 10 224 14879 
13 58 25 224 14879 
13 58 40 224 14879 
13 58 55 224 14879 
13 59 10 224 14879 
13 59 25 224 14879 
13 59 40 224 14879 
13 59 55 224 14879 
14 0 10 224 14879 
14 0 25 224 14879 
14 0 40 224 14879 
14 0 55 224 14879 
14 1 10 224 14879 
14 1 25 224 14879 
14 1 40 224 14879 
14 1 55 223 14879 
14 2 10 224 14879 
14 2 25 224 14879 
14 2 40 224 14879 
14 2 55 224 14879 
14 3 10 224 14879 
14 3 25 224 14879 
14 3 40 224 14879 
14 3 55 224 14879 
14 4 10 224 14879 
14 4 25 224 14879 
14 4 40 224 14879 
14 4 55 224 14879 
14 5 10 224 14879 
14 5 25 224 14879 
14 5 40 224 14879 
14 5 55 224 14879 
14 6 10 224 14879 
14 6 25 224 14879 
14 6 40 224 14879 
14 6 55 224 14879 
14 7 10 224 14879 
14 7 25 224 14879 
14 7 40 224 14879 
14 8 17 224 14879 
14 8 32 224 14879 
14 8 47 224 14879 
14 9 2 224 14879 
14 9 17 224 14879 
14 9 32 224 14879 
14 9 47 224 14879 
14 10 2 224 14879 
14 10 17 224 14879 
14 10 32 224 14879 
14 10 47 224 14879 
14 11 2 224 14879 
14 11 17 224 14879 
14 11 32 224 14879 
14 11 47 224 14818 
14 12 2 224 14818 
14 12 17 224 14818 
14 12 32 224 14818 
14 12 47 224 14818 
14 13 2 224 14818 
14 13 17 224 14818 
14 13 32 224 14818 
14 13 47 224 14818 
14 14 2 224 14818 
14 14 17 224 14818 
14 14 32 224 14818 
14 14 47 223 14818 
14 15 2 224 14818 
14 15 17 224 14818 
14 15 32 224 14818 
14 15 47 224 14818 
14 16 2 224 14818 
14 16 17 224 14818 
14 16 32 224 14818 
14 16 47 224 14818 
14 17 2 224 14818 
14 17 17 224 14818 
14 17 32 224 14879 
14 17 47 224 14879 
14 18 2 224 14879 
14 18 17 224 14879 
14 18 32 224 14879 
14 18 47 224 14879 
14 19 2 224 14879 
14 19 17 224 14879 
14 19 32 224 14879 
14 19 47 224 14879 
14 20 2 224 14879 
14 20 17 224 14879 
14 20 32 224 14879 
14 20 47 224 14879 
14 21 2 224 14879 
14 21 17 224 14879 
14 21 32 224 14879 
14 21 47 224 14879 
14 22 2 224 14879 
14 22 17 224 14879 
14 22 32 224 14879 
14 22 48 224 14879 
14 23 39 224 14879 
14 23 55 224 14879 
14 24 10 224 14879 
14 24 25 224 14879 
14 24 39 223 14879 
14 24 55 224 14879 
14 25 10 224 14879 
14 25 25 224 14879 
14 25 40 224 14879 
14 25 55 224 14879 
14 26 10 224 14879 
14 26 25 224 14879 
14 26 40 224 14879 
14 26 55 224 14879 
14 27 10 224 14879 
14 27 25 224 14879 
14 27 40 224 14879 
14 27 55 224 14879 
14 28 10 223 14879 
14 28 25 224 14879 
14 28 40 224 14879 
14 28 55 224 14879 
14 29 10 224 14879 
14 29 25 224 14879 
14 29 40 224 14879 
14 29 55 224 14818 
14 30 10 224 14818 
14 30 25 224 14818 
14 30 40 224 14818 
14 30 55 224 14818 
14 31 10 224 14818 
14 31 25 224 14818 
14 31 40 224 14818 
14 31 55 224 14818 
14 32 10 224 14818 
14 32 25 224 14818 
14 32 40 224 14818 
14 32 55 224 14818 
14 33 10 224 14818 
14 33 25 224 14818 
14 33 40 224 14818 
14 33 55 224 14818 
14 34 10 224 14818 
14 34 25 224 14818 
14 34 40 224 14818 
14 34 55 224 14818 
14 35 10 224 14818 
14 35 25 224 14818 
14 35 40 224 14818 
14 35 55 224 14818 
14 36 10 224 14818 
14 36 25 224 14818 
14 36 40 224 14818 
14 36 55 224 14818 
14 37 10 224 14818 
14 37 25 224 14818 
14 37 40 224 14818 
14 37 55 224 14818 
14 38 32 224 14818 
14 38 47 224 14818 
14 39 2 224 14818 
14 39 17 224 14818 
14 39 32 224 14879 
14 39 47 224 14879 
14 40 2 224 14879 
14 40 17 224 14879 
14 40 32 224 14879 
14 40 47 224 14879 
14 41 2 223 14879 
14 41 17 224 14879 
14 41 32 224 14879 
14 41 47 224 14879 
14 42 2 224 14879 
14 42 17 224 14879 
14 42 32 224 14879 
14 42 47 224 14879 
14 43 2 224 14879 
14 43 17 224 14879 
14 43 32 224 14879 
14 43 47 224 14879 
14 44 2 224 14879 
14 44 17 224 14879 
14 44 32 224 14879 
14 44 47 224 14879 
14 45 2 224 14879 
14 45 17 224 14879 
14 45 32 224 14879 
14 45 47 224 14879 
14 46 2 224 14879 
14 46 17 224 14879 
14 46 32 224 14879 
14 46 47 224 14879 
14 47 2 224 14879 
14 47 17 224 14879 
14 47 32 224 14879 
14 47 47 224 14879 
14 48 2 224 14879 
14 48 17 224 14879 
14 48 32 224 14879 
14 48 47 224 14879 
14 49 2 224 14879 
14 49 17 224 14879 
14 49 32 224 14879 
14 49 47 224 14879 
14 50 2 224 14879 
14 50 17 224 14879 
14 50 32 224 14879 
14 50 47 224 14879 
14 51 2 224 14879 
14 51 17 224 14879 
14 51 32 224 14879 
14 51 47 224 14879 
14 52 2 224 14879 
14 52 17 224 14879 
14 52 32 224 14879 
14 52 47 224 14879 
14 53 2 224 14879 
14 53 54 224 14879 
14 54 9 224 14879 
14 54 24 223 14879 
14 54 39 224 14879 
14 54 54 223 14879 
14 55 9 224 14879 
14 55 24 224 14879 
14 55 39 224 14879 
14 55 54 224 14879 
14 56 9 224 14879 
14 56 24 224 14879 
14 56 39 224 14879 
14 56 54 224 14879 
14 57 9 224 14879 
14 57 24 224 14879 
14 57 39 224 14879 
14 57 54 224 14879 
14 58 9 224 14879 
14 58 24 224 14879 
14 58 39 224 14879 
14 58 54 224 14879 
14 59 9 224 14879 
14 59 24 224 14879 
14 59 39 224 14879 
14 59 54 224 14879 
15 0 9 224 14879 
15 0 24 224 14879 
15 0 39 224 14879 
15 0 54 224 14879 
15 1 9 224 14879 
15 1 24 224 14879 
15 1 39 224 14879 
15 1 54 224 14879 
15 2 9 224 14879 
15 2 24 224 14879 
15 2 39 224 14879 
15 2 54 224 14879 
15 3 9 224 14879 
15 3 24 224 14879 
15 3 39 224 14879 
15 3 54 224 14879 
15 4 9 224 14879 
15 4 24 224 14879 
15 4 39 224 14879 
15 4 54 224 14879 
15 5 9 224 14879 
15 5 24 224 14879 
15 5 39 224 14879 
15 5 54 224 14879 
15 6 9 224 14879 
15 6 24 224 14879 
15 6 39 224 14879 
15 6 54 224 14879 
15 7 9 224 14879 
15 7 24 224 14879 
15 7 39 224 14879 
15 7 54 224 14879 
15 8 9 224 14879 
15 8 46 224 14879 
15 9 1 223 14879 
15 9 16 224 14879 
15 9 31 224 14879 
15 9 46 224 14879 
15 10 1 224 14879 
15 10 16 224 14879 
15 10 31 224 14879 
15 10 46 224 14879 
15 11 1 224 14879 
15 11 16 224 14940 
15 11 31 224 14940 
15 11 46 224 14940 
15 12 1 224 14940 
15 12 16 224 14940 
15 12 31 224 14940 
15 12 46 224 14940 
15 13 1 224 14940 
15 13 16 224 14940 
15 13 31 224 14940 
15 13 46 224 14940 
15 14 1 224 14940 
15 14 16 224 14940 
15 14 31 224 14940 
15 14 46 224 14940 
15 15 1 224 14940 
15 15 16 224 14940 
15 15 31 224 14940 
15 15 46 224 14267 

