ls
ls
<CR>
         TIME          Size       File name 
----A 2021/11/27 14:49      8728  1127
----A 2021/11/27 09:44    128000  11270929
----A 2021/11/27 10:02    128000  11270947
----A 2021/11/27 10:23    128000  11271005
----A 2021/11/27 10:39    128000  11271024
----A 2021/11/27 10:59    128000  11271042
----A 2021/11/27 11:15    128000  11271100
----A 2021/11/27 11:35    128000  11271119
----A 2021/11/27 11:54    128000  11271137
----A 2021/11/27 12:11    128000  11271155
----A 2021/11/27 12:29    128000  11271214
----A 2021/11/27 12:47    128000  11271232
----A 2021/11/27 13:06    128000  11271250
----A 2021/11/27 13:25    128000  11271309
----A 2021/11/27 13:42    128000  11271327
----A 2021/11/27 14:01    128000  11271346
----A 2021/11/27 14:19    128000  11271404
----A 2021/11/27 14:39    128000  11271422
----A 2021/11/27 14:41      2560  11271441
----A 2021/11/28 14:57      8936  1128
----A 2021/11/28 09:45    128000  11280929
----A 2021/11/28 10:03    128000  11280948
----A 2021/11/28 10:23    128000  11281006
----A 2021/11/28 10:40    128000  11281025
----A 2021/11/28 10:59    128000  11281043
----A 2021/11/28 11:18    128000  11281101
----A 2021/11/28 11:35    128000  11281120
----A 2021/11/28 11:53    128000  11281138
----A 2021/11/28 12:11    128000  11281156
----A 2021/11/28 12:30    128000  11281215
----A 2021/11/28 12:49    128000  11281233
----A 2021/11/28 13:07    128000  11281251
----A 2021/11/28 13:25    128000  11281310
----A 2021/11/28 13:43    128000  11281328
----A 2021/11/28 14:03    128000  11281346
----A 2021/11/28 14:21    128000  11281405
----A 2021/11/28 14:38    128000  11281423
----A 2021/11/28 14:43      2560  11281441

  38 File(s),   4374784 bytes total
   0 Dir(s),     996160K bytes free

/> 
read 1128
read 1128
<CR>Time:2021/11/28 14:43
Hours Minutes Seconds  Nb_Samples    Aver. Current 
9 12 39 7 15536 
9 12 55 8 17133 
9 13 9 7 17071 
9 13 25 8 17133 
9 13 39 7 17133 
9 13 55 8 17133 
9 14 9 7 17133 
9 14 25 8 17133 
9 14 39 7 17133 
9 14 55 8 17133 
9 15 9 7 17133 
9 15 25 8 17133 
9 15 39 7 17133 
9 15 55 8 17133 
9 16 9 7 17133 
9 16 25 8 17133 
9 16 39 7 17133 
9 16 55 8 17133 
9 17 9 7 17133 
9 17 25 8 17133 
9 17 39 7 17133 
9 17 55 8 17133 
9 18 9 7 17133 
9 18 25 8 17133 
9 18 39 7 17133 
9 18 55 8 17133 
9 19 9 7 17133 
9 19 25 8 17133 
9 19 39 7 17133 
9 19 55 8 17133 
9 20 9 7 17133 
9 20 25 8 17133 
9 20 39 7 17133 
9 20 55 8 17133 
9 21 9 7 17133 
9 21 25 8 17133 
9 21 39 7 17133 
9 21 55 8 17133 
9 22 9 7 17133 
9 22 25 8 17133 
9 22 39 7 17133 
9 22 55 8 17133 
9 23 9 7 17133 
9 23 25 8 17133 
9 23 39 7 17133 
9 23 55 8 17133 
9 24 9 7 17133 
9 24 25 8 17133 
9 24 39 7 17133 
9 24 55 8 17133 
9 25 9 7 17133 
9 25 25 8 17133 
9 25 39 7 17133 
9 25 55 8 17133 
9 26 9 7 17133 
9 26 25 8 17133 
9 26 39 7 17133 
9 30 33 8 17133 
9 30 47 7 17133 
9 31 3 8 17133 
9 31 17 7 17133 
9 31 33 8 17133 
9 31 47 7 17133 
9 32 3 8 17133 
9 32 17 7 17133 
9 32 33 8 17071 
9 32 47 7 17133 
9 33 3 8 17133 
9 33 17 7 17071 
9 33 33 8 17133 
9 33 47 7 17133 
9 34 3 8 17133 
9 34 17 7 17133 
9 34 33 8 17133 
9 34 47 7 17133 
9 35 3 8 17071 
9 35 17 7 17133 
9 35 33 8 17071 
9 35 47 7 17133 
9 36 3 8 17133 
9 36 17 7 17133 
9 36 33 8 17133 
9 36 47 7 17071 
9 37 3 8 17133 
9 37 17 7 17133 
9 37 33 8 17133 
9 37 47 7 17133 
9 38 3 8 17133 
9 38 17 7 17133 
9 38 33 8 17133 
9 38 47 7 17133 
9 39 3 8 17133 
9 39 17 7 17133 
9 39 33 8 17071 
9 39 47 7 17071 
9 40 3 8 17133 
9 40 17 7 17133 
9 40 33 8 17071 
9 40 47 7 17133 
9 41 3 8 17133 
9 41 17 7 17133 
9 41 33 8 17133 
9 41 47 7 17071 
9 42 3 8 17133 
9 42 17 7 17071 
9 42 33 8 17071 
9 42 47 7 17133 
9 43 3 8 17071 
9 43 17 7 17133 
9 43 33 8 17133 
9 43 47 7 17133 
9 44 3 8 17071 
9 44 17 7 17071 
9 44 33 8 17071 
9 44 47 7 17133 
9 45 3 8 17071 
9 48 53 7 17071 
9 49 9 8 17133 
9 49 23 7 17071 
9 49 39 8 17071 
9 49 53 7 17071 
9 50 9 8 17071 
9 50 23 7 17071 
9 50 39 8 17071 
9 50 53 7 17133 
9 51 9 8 17133 
9 51 23 7 17133 
9 51 39 8 17071 
9 51 53 7 17133 
9 52 9 8 17071 
9 52 23 7 17071 
9 52 39 8 17133 
9 52 53 7 17071 
9 53 9 8 17071 
9 53 23 7 17071 
9 53 39 8 17071 
9 53 53 7 17071 
9 54 9 8 17071 
9 54 23 7 17071 
9 54 39 8 17133 
9 54 53 7 17071 
9 55 9 8 17133 
9 55 23 7 17133 
9 55 39 8 17133 
9 55 53 7 17071 
9 56 9 8 17133 
9 56 23 7 17133 
9 56 39 8 17071 
9 56 53 7 17071 
9 57 9 8 17133 
9 57 23 7 17071 
9 57 39 8 17071 
9 57 53 7 17071 
9 58 9 8 17133 
9 58 23 7 17133 
9 58 39 8 17071 
9 58 53 7 17133 
9 59 9 8 17071 
9 59 23 7 17071 
9 59 39 8 17071 
9 59 53 7 17071 
10 0 9 8 17133 
10 0 23 7 17071 
10 0 39 8 17133 
10 0 53 7 17133 
10 1 9 8 17071 
10 1 23 7 17071 
10 1 39 8 17071 
10 1 53 7 17071 
10 2 9 8 17071 
10 2 23 7 17071 
10 2 39 8 17071 
10 2 53 7 17133 
10 3 9 8 17071 
10 3 23 7 17071 
10 7 15 8 17133 
10 7 29 7 17133 
10 7 45 8 17071 
10 7 59 7 17133 
10 8 15 8 17071 
10 8 29 7 17071 
10 8 45 8 17071 
10 8 59 7 17133 
10 9 15 8 17071 
10 9 29 7 17071 
10 9 45 8 17071 
10 9 59 7 17071 
10 10 15 8 17071 
10 10 29 7 17133 
10 10 45 8 17071 
10 10 59 7 17071 
10 11 15 8 17071 
10 11 29 7 17071 
10 11 45 8 17071 
10 11 59 7 17071 
10 12 15 8 17071 
10 12 29 7 17071 
10 12 45 8 17071 
10 12 59 7 17071 
10 13 15 8 17071 
10 13 29 7 17071 
10 13 45 8 17071 
10 13 59 7 17071 
10 14 15 8 17071 
10 14 29 7 17071 
10 14 45 8 17071 
10 14 59 7 17071 
10 15 15 8 17071 
10 15 29 7 17071 
10 15 45 8 17071 
10 15 59 7 17071 
10 16 15 8 17071 
10 16 29 7 17071 
10 16 45 8 17071 
10 16 59 7 17133 
10 17 15 8 17071 
10 17 29 7 17071 
10 17 45 8 17071 
10 17 59 7 17133 
10 18 15 8 17133 
10 18 29 7 17071 
10 18 45 8 17071 
10 18 59 7 17071 
10 19 15 8 17071 
10 19 29 7 17071 
10 19 45 8 17071 
10 19 59 7 17071 
10 20 15 8 17071 
10 20 29 7 17133 
10 20 45 8 17071 
10 20 59 7 17133 
10 21 15 8 17071 
10 21 29 7 17133 
10 21 45 8 17071 
10 25 35 7 17071 
10 25 51 8 17071 
10 26 5 7 17071 
10 26 21 8 17071 
10 26 35 7 17071 
10 26 51 8 17071 
10 27 5 7 17071 
10 27 21 8 17071 
10 27 35 7 17071 
10 27 51 8 17071 
10 28 5 7 17071 
10 28 21 8 17071 
10 28 35 7 17133 
10 28 51 8 17071 
10 29 5 7 17071 
10 29 21 8 17071 
10 29 35 7 17071 
10 29 51 8 17071 
10 30 5 7 17071 
10 30 21 8 17071 
10 30 35 7 17071 
10 30 51 8 17071 
10 31 5 7 17071 
10 31 21 8 17071 
10 31 35 7 17071 
10 31 51 8 17071 
10 32 5 7 17071 
10 32 21 8 17071 
10 32 35 7 17071 
10 32 51 8 17071 
10 33 5 7 17071 
10 33 21 8 17133 
10 33 35 7 17133 
10 33 51 8 17071 
10 34 5 7 17133 
10 34 21 8 17071 
10 34 35 7 17071 
10 34 51 8 17133 
10 35 5 7 17071 
10 35 21 8 17133 
10 35 35 7 17071 
10 35 51 8 17071 
10 36 5 7 17133 
10 36 21 8 17071 
10 36 35 7 17071 
10 36 51 8 17071 
10 37 5 7 17071 
10 37 21 8 17071 
10 37 35 7 17071 
10 37 51 8 17071 
10 38 5 7 17133 
10 38 21 8 17133 
10 38 35 7 17133 
10 38 51 8 17133 
10 39 5 7 17071 
10 39 21 8 17071 
10 39 35 7 17071 
10 39 51 8 17071 
10 40 5 7 17071 
10 43 57 8 17133 
10 44 11 7 17071 
10 44 27 8 17133 
10 44 41 7 17071 
10 44 57 8 17071 
10 45 11 7 17071 
10 45 27 8 17071 
10 45 41 7 17071 
10 45 57 8 17071 
10 46 11 7 17071 
10 46 27 8 17071 
10 46 41 7 17071 
10 46 57 8 17071 
10 47 11 7 17071 
10 47 27 8 17071 
10 47 41 7 17071 
10 47 57 8 17071 
10 48 11 7 17071 
10 48 27 8 17071 
10 48 41 7 17071 
10 48 57 8 17071 
10 49 11 7 17071 
10 49 27 8 17133 
10 49 41 7 17071 
10 49 57 8 17071 
10 50 11 7 17071 
10 50 27 8 17071 
10 50 41 7 17071 
10 50 57 8 17071 
10 51 11 7 17071 
10 51 27 8 17071 
10 51 41 7 17071 
10 51 57 8 17133 
10 52 11 7 17071 
10 52 27 8 17071 
10 52 41 7 17071 
10 52 57 8 17071 
10 53 11 7 17071 
10 53 27 8 17071 
10 53 41 7 17071 
10 53 57 8 17071 
10 54 11 7 17071 
10 54 27 8 17071 
10 54 41 7 17071 
10 54 57 8 17071 
10 55 11 7 17071 
10 55 27 8 17071 
10 55 41 7 17071 
10 55 57 8 17071 
10 56 11 7 17133 
10 56 27 8 17071 
10 56 41 7 17071 
10 56 57 8 17133 
10 57 11 7 17071 
10 57 27 8 17071 
10 57 41 7 17071 
10 57 57 8 17071 
10 58 11 7 17071 
10 58 27 8 17133 
11 2 17 8 17071 
11 2 31 7 17071 
11 2 47 8 17071 
11 3 1 7 17071 
11 3 17 8 17071 
11 3 31 7 17133 
11 3 47 8 17071 
11 4 1 7 17071 
11 4 17 8 17071 
11 4 31 7 17071 
11 4 47 8 17071 
11 5 1 7 17133 
11 5 17 8 17071 
11 5 31 7 17133 
11 5 47 8 17071 
11 6 1 7 17071 
11 6 17 8 17071 
11 6 31 7 17071 
11 6 47 8 17071 
11 7 1 7 17071 
11 7 17 8 17071 
11 7 31 7 17071 
11 7 47 8 17071 
11 8 1 7 17071 
11 8 17 8 17071 
11 8 31 7 17071 
11 8 47 8 17071 
11 9 1 7 17071 
11 9 17 8 17071 
11 9 31 7 17071 
11 9 47 8 17071 
11 10 1 7 17071 
11 10 17 8 17071 
11 10 31 7 17071 
11 10 47 8 17071 
11 11 1 7 17071 
11 11 17 8 17071 
11 11 31 7 17071 
11 11 47 8 17071 
11 12 1 7 17071 
11 12 17 8 17133 
11 12 31 7 17133 
11 12 47 8 17071 
11 13 1 7 17071 
11 13 17 8 17071 
11 13 31 7 17071 
11 13 47 8 17071 
11 14 1 7 17071 
11 14 17 8 17071 
11 14 31 7 17071 
11 14 47 8 17071 
11 15 1 7 17071 
11 15 17 8 17071 
11 15 31 7 17071 
11 15 47 8 17071 
11 16 1 7 17071 
11 16 17 8 17071 
11 16 31 7 17071 
11 16 47 8 17071 
11 20 37 7 17071 
11 20 53 8 17071 
11 21 7 7 17071 
11 21 23 8 17071 
11 21 37 7 17071 
11 21 53 8 17071 
11 22 7 7 17071 
11 22 23 8 17071 
11 22 37 7 17071 
11 22 53 8 17071 
11 23 7 7 17133 
11 23 23 8 17071 
11 23 37 7 17071 
11 23 53 8 17071 
11 24 7 7 17071 
11 24 23 8 17071 
11 24 37 7 17071 
11 24 53 8 17071 
11 25 7 7 17133 
11 25 23 8 17071 
11 25 37 7 17071 
11 25 53 8 17071 
11 26 7 7 17071 
11 26 23 8 17133 
11 26 37 7 17071 
11 26 53 8 17071 
11 27 7 7 17071 
11 27 23 8 17071 
11 27 37 7 17071 
11 27 53 8 17133 
11 28 7 7 17071 
11 28 23 8 17071 
11 28 37 7 17071 
11 28 53 8 17071 
11 29 7 7 17071 
11 29 23 8 17071 
11 29 37 7 17071 
11 29 53 8 17071 
11 30 7 7 17071 
11 30 23 8 17071 
11 30 37 7 17133 
11 30 53 8 17133 
11 31 7 7 17133 
11 31 23 8 17071 
11 31 37 7 17071 
11 31 53 8 17071 
11 32 7 7 17071 
11 32 23 8 17071 
11 32 37 7 17133 
11 32 53 8 17133 
11 33 7 7 17071 
11 33 23 8 17071 
11 33 37 7 17133 
11 33 53 8 17133 
11 34 7 7 17133 
11 34 23 8 17071 
11 34 37 7 17071 
11 34 53 8 17133 
11 35 7 7 17071 
11 38 59 8 17071 
11 39 13 7 17071 
11 39 29 8 17071 
11 39 43 7 17071 
11 39 59 8 17133 
11 40 13 7 17071 
11 40 29 8 17071 
11 40 43 7 17071 
11 40 59 8 17071 
11 41 13 7 17071 
11 41 29 8 17133 
11 41 43 7 17071 
11 41 59 8 17133 
11 42 13 7 17071 
11 42 29 8 17071 
11 42 43 7 17071 
11 42 59 8 17133 
11 43 13 7 17133 
11 43 29 8 17133 
11 43 43 7 17071 
11 43 59 8 17071 
11 44 13 7 17071 
11 44 29 8 17071 
11 44 43 7 17071 
11 44 59 8 17133 
11 45 13 7 17071 
11 45 29 8 17133 
11 45 43 7 17133 
11 45 59 8 17071 
11 46 13 7 17133 
11 46 29 8 17071 
11 46 43 7 17071 
11 46 59 8 17071 
11 47 13 7 17071 
11 47 29 8 17071 
11 47 43 7 17071 
11 47 59 8 17071 
11 48 13 7 17133 
11 48 29 8 17071 
11 48 43 7 17133 
11 48 59 8 17071 
11 49 13 7 17071 
11 49 29 8 17133 
11 49 43 7 17071 
11 49 59 8 17071 
11 50 13 7 17071 
11 50 29 8 17071 
11 50 43 7 17071 
11 50 59 8 17071 
11 51 13 7 17133 
11 51 29 8 17071 
11 51 43 7 17133 
11 51 59 8 17071 
11 52 13 7 17071 
11 52 29 8 17133 
11 52 43 7 17071 
11 52 59 8 17133 
11 53 13 7 17071 
11 53 29 8 17071 
11 57 19 7 17133 
11 57 35 8 17071 
11 57 49 7 17133 
11 58 5 8 17133 
11 58 19 7 17071 
11 58 35 8 17071 
11 58 49 7 17071 
11 59 5 8 17071 
11 59 19 7 17071 
11 59 35 8 17071 
11 59 49 7 17071 
12 0 5 8 17071 
12 0 19 7 17071 
12 0 35 8 17071 
12 0 49 7 17071 
12 1 5 8 17071 
12 1 19 7 17071 
12 1 35 8 17071 
12 1 49 7 17071 
12 2 5 8 17071 
12 2 19 7 17071 
12 2 35 8 17071 
12 2 49 7 17071 
12 3 5 8 17071 
12 3 19 7 17071 
12 3 35 8 17071 
12 3 49 7 17133 
12 4 5 8 17071 
12 4 19 7 17071 
12 4 35 8 17071 
12 4 49 7 17071 
12 5 5 8 17071 
12 5 19 7 17071 
12 5 35 8 17071 
12 5 49 7 17071 
12 6 5 8 17071 
12 6 19 7 17071 
12 6 35 8 17071 
12 6 49 7 17071 
12 7 5 8 17071 
12 7 19 7 17071 
12 7 35 8 17071 
12 7 49 7 17071 
12 8 5 8 17071 
12 8 19 7 17071 
12 8 35 8 17071 
12 8 49 7 17071 
12 9 5 8 17071 
12 9 19 7 17071 
12 9 35 8 17071 
12 9 49 7 17071 
12 10 5 8 17071 
12 10 19 7 17071 
12 10 35 8 17071 
12 10 49 7 17071 
12 11 5 8 17071 
12 11 19 7 17071 
12 11 35 8 17071 
12 11 49 7 17071 
12 15 41 8 17071 
12 15 55 7 17071 
12 16 11 8 17071 
12 16 25 7 17071 
12 16 41 8 17071 
12 16 55 7 17071 
12 17 11 8 17071 
12 17 25 7 17071 
12 17 41 8 17071 
12 17 55 7 17071 
12 18 11 8 17071 
12 18 25 7 17071 
12 18 41 8 17071 
12 18 55 7 17071 
12 19 11 8 17071 
12 19 25 7 17071 
12 19 41 8 17071 
12 19 55 7 17071 
12 20 11 8 17071 
12 20 25 7 17071 
12 20 41 8 17071 
12 20 55 7 17071 
12 21 11 8 17071 
12 21 25 7 17071 
12 21 41 8 17071 
12 21 55 7 17071 
12 22 11 8 17071 
12 22 25 7 17071 
12 22 41 8 17071 
12 22 55 7 17071 
12 23 11 8 17071 
12 23 25 7 17071 
12 23 41 8 17071 
12 23 55 7 17071 
12 24 11 8 17071 
12 24 25 7 17071 
12 24 41 8 17071 
12 24 55 7 17071 
12 25 11 8 17071 
12 25 25 7 17071 
12 25 41 8 17071 
12 25 55 7 17071 
12 26 11 8 17071 
12 26 25 7 17071 
12 26 41 8 17071 
12 26 55 7 17071 
12 27 11 8 17133 
12 27 25 7 17071 
12 27 41 8 17071 
12 27 55 7 17071 
12 28 11 8 17071 
12 28 25 7 17071 
12 28 41 8 17071 
12 28 55 7 17071 
12 29 11 8 17071 
12 29 25 7 17071 
12 29 41 8 17071 
12 29 55 7 17071 
12 30 11 8 17071 
12 34 1 7 17071 
12 34 17 8 17071 
12 34 31 7 17071 
12 34 47 8 17071 
12 35 1 7 17071 
12 35 17 8 17071 
12 35 31 7 17071 
12 35 47 8 17071 
12 36 1 7 17071 
12 36 17 8 17071 
12 36 31 7 17071 
12 36 47 8 17071 
12 37 1 7 17071 
12 37 17 8 17071 
12 37 31 7 17071 
12 37 47 8 17071 
12 38 1 7 17071 
12 38 17 8 17071 
12 38 31 7 17071 
12 38 47 8 17071 
12 39 1 7 17071 
12 39 17 8 17071 
12 39 31 7 17071 
12 39 47 8 17071 
12 40 1 7 17071 
12 40 17 8 17071 
12 40 31 7 17071 
12 40 47 8 17071 
12 41 1 7 17071 
12 41 17 8 17071 
12 41 31 7 17071 
12 41 47 8 17071 
12 42 1 7 17071 
12 42 17 8 17071 
12 42 31 7 17071 
12 42 47 8 17071 
12 43 1 7 17071 
12 43 17 8 17071 
12 43 31 7 17071 
12 43 47 8 17071 
12 44 1 7 17071 
12 44 17 8 17071 
12 44 31 7 17071 
12 44 47 8 17071 
12 45 1 7 17071 
12 45 17 8 17071 
12 45 31 7 17071 
12 45 47 8 17071 
12 46 1 7 17071 
12 46 17 8 17071 
12 46 31 7 17071 
12 46 47 8 17071 
12 47 1 7 17071 
12 47 17 8 17071 
12 47 31 7 17071 
12 47 47 8 17071 
12 48 1 7 17071 
12 48 17 8 17071 
12 48 31 7 17071 
12 52 23 8 17071 
12 52 37 7 17071 
12 52 53 8 17071 
12 53 7 7 17071 
12 53 23 8 17071 
12 53 37 7 17071 
12 53 53 8 17071 
12 54 7 7 17071 
12 54 23 8 17071 
12 54 37 7 17071 
12 54 53 8 17071 
12 55 7 7 17071 
12 55 23 8 17071 
12 55 37 7 17071 
12 55 53 8 17071 
12 56 7 7 17071 
12 56 23 8 17071 
12 56 37 7 17071 
12 56 53 8 17071 
12 57 7 7 17071 
12 57 23 8 17071 
12 57 37 7 17071 
12 57 53 8 17071 
12 58 7 7 17071 
12 58 23 8 17071 
12 58 37 7 17071 
12 58 53 8 17071 
12 59 7 7 17071 
12 59 23 8 17071 
12 59 37 7 17071 
12 59 53 8 17071 
13 0 7 7 17071 
13 0 23 8 17071 
13 0 37 7 17071 
13 0 53 8 17071 
13 1 7 7 17071 
13 1 23 8 17071 
13 1 37 7 17071 
13 1 53 8 17071 
13 2 7 7 17071 
13 2 23 8 17071 
13 2 37 7 17071 
13 2 53 8 17071 
13 3 7 7 17071 
13 3 23 8 17071 
13 3 37 7 17071 
13 3 53 8 17071 
13 4 7 7 17071 
13 4 23 8 17071 
13 4 37 7 17071 
13 4 53 8 17071 
13 5 7 7 17071 
13 5 23 8 17071 
13 5 37 7 17071 
13 5 53 8 17071 
13 6 7 7 17071 
13 6 23 8 17071 
13 6 37 7 17071 
13 6 53 8 17071 
13 10 43 7 17071 
13 10 59 8 17071 
13 11 13 7 17071 
13 11 29 8 17071 
13 11 43 7 17071 
13 11 59 8 17071 
13 12 13 7 17071 
13 12 29 8 17071 
13 12 43 7 17071 
13 12 59 8 17071 
13 13 13 7 17071 
13 13 29 8 17071 
13 13 43 7 17071 
13 13 59 8 17071 
13 14 13 7 17071 
13 14 29 8 17071 
13 14 43 7 17071 
13 14 59 8 17071 
13 15 13 7 17071 
13 15 29 8 17071 
13 15 43 7 17071 
13 15 59 8 17071 
13 16 13 7 17071 
13 16 29 8 17071 
13 16 43 7 17071 
13 16 59 8 17071 
13 17 13 7 17071 
13 17 29 8 17071 
13 17 43 7 17071 
13 17 59 8 17071 
13 18 13 7 17071 
13 18 29 8 17071 
13 18 43 7 17071 
13 18 59 8 17071 
13 19 13 7 17071 
13 19 29 8 17071 
13 19 43 7 17071 
13 19 59 8 17071 
13 20 13 7 17071 
13 20 29 8 17071 
13 20 43 7 17071 
13 20 59 8 17071 
13 21 13 7 17071 
13 21 29 8 17071 
13 21 43 7 17071 
13 21 59 8 17071 
13 22 13 7 17071 
13 22 29 8 17071 
13 22 43 7 17071 
13 22 59 8 17071 
13 23 13 7 17071 
13 23 29 8 17071 
13 23 43 7 17010 
13 23 59 8 17071 
13 24 13 7 17071 
13 24 29 8 17071 
13 24 43 7 17071 
13 24 59 8 17071 
13 25 13 7 17071 
13 29 5 8 17071 
13 29 19 7 17071 
13 29 35 8 17071 
13 29 49 7 17071 
13 30 5 8 17071 
13 30 19 7 17071 
13 30 35 8 17071 
13 30 49 7 17071 
13 31 5 8 17071 
13 31 19 7 17071 
13 31 35 8 17071 
13 31 49 7 17071 
13 32 5 8 17071 
13 32 19 7 17071 
13 32 35 8 17071 
13 32 49 7 17071 
13 33 5 8 17071 
13 33 19 7 17071 
13 33 35 8 17071 
13 33 49 7 17071 
13 34 5 8 17071 
13 34 19 7 17071 
13 34 35 8 17071 
13 34 49 7 17071 
13 35 5 8 17071 
13 35 19 7 17071 
13 35 35 8 17071 
13 35 49 7 17071 
13 36 5 8 17071 
13 36 19 7 17071 
13 36 35 8 17071 
13 36 49 7 17071 
13 37 5 8 17071 
13 37 19 7 17071 
13 37 35 8 17071 
13 37 49 7 17071 
13 38 5 8 17071 
13 38 19 7 17071 
13 38 35 8 17071 
13 38 49 7 17071 
13 39 5 8 17071 
13 39 19 7 17071 
13 39 35 8 17071 
13 39 49 7 17071 
13 40 5 8 17071 
13 40 19 7 17071 
13 40 35 8 17071 
13 40 49 7 17071 
13 41 5 8 17071 
13 41 19 7 17071 
13 41 35 8 17071 
13 41 49 7 17071 
13 42 5 8 17071 
13 42 19 7 17071 
13 42 35 8 17071 
13 42 49 7 17071 
13 43 5 8 17071 
13 43 19 7 17071 
13 43 35 8 17071 
13 47 25 7 17071 
13 47 41 8 17071 
13 47 55 7 17071 
13 48 11 8 17071 
13 48 25 7 17071 
13 48 41 8 17071 
13 48 55 7 17071 
13 49 11 8 17071 
13 49 25 7 17071 
13 49 41 8 17071 
13 49 55 7 17071 
13 50 11 8 17071 
13 50 25 7 17133 
13 50 41 8 17071 
13 50 55 7 17071 
13 51 11 8 17071 
13 51 25 7 17071 
13 51 41 8 17071 
13 51 55 7 17071 
13 52 11 8 17071 
13 52 25 7 17071 
13 52 41 8 17071 
13 52 55 7 17071 
13 53 11 8 17071 
13 53 25 7 17071 
13 53 41 8 17071 
13 53 55 7 17071 
13 54 11 8 17071 
13 54 25 7 17071 
13 54 41 8 17071 
13 54 55 7 17071 
13 55 11 8 17071 
13 55 25 7 17071 
13 55 41 8 17071 
13 55 55 7 17071 
13 56 11 8 17071 
13 56 25 7 17071 
13 56 41 8 17071 
13 56 55 7 17071 
13 57 11 8 17071 
13 57 25 7 17071 
13 57 41 8 17071 
13 57 55 7 17071 
13 58 11 8 17071 
13 58 25 7 17071 
13 58 41 8 17071 
13 58 55 7 17071 
13 59 11 8 17071 
13 59 25 7 17071 
13 59 41 8 17071 
13 59 55 7 17071 
14 0 11 8 17071 
14 0 25 7 17071 
14 0 41 8 17071 
14 0 55 7 17071 
14 1 11 8 17071 
14 1 25 7 17071 
14 1 41 8 17071 
14 1 55 7 17071 
14 5 47 8 17071 
14 6 1 7 17071 
14 6 17 8 17071 
14 6 31 7 17071 
14 6 47 8 17071 
14 7 1 7 17071 
14 7 17 8 17071 
14 7 31 7 17071 
14 7 47 8 17071 
14 8 1 7 17071 
14 8 17 8 17071 
14 8 31 7 17071 
14 8 47 8 17071 
14 9 1 7 17071 
14 9 17 8 17071 
14 9 31 7 17071 
14 9 47 8 17071 
14 10 1 7 17071 
14 10 17 8 17071 
14 10 31 7 17071 
14 10 47 8 17071 
14 11 1 7 17071 
14 11 17 8 17071 
14 11 31 7 17071 
14 11 47 8 17071 
14 12 1 7 17071 
14 12 17 8 17071 
14 12 31 7 17071 
14 12 47 8 17071 
14 13 1 7 17071 
14 13 17 8 17071 
14 13 31 7 17071 
14 13 47 8 17071 
14 14 1 7 17071 
14 14 17 8 17071 
14 14 31 7 17071 
14 14 47 8 17071 
14 15 1 7 17071 
14 15 17 8 17071 
14 15 31 7 17071 
14 15 47 8 17071 
14 16 1 7 17071 
14 16 17 8 17071 
14 16 31 7 17071 
14 16 47 8 17071 
14 17 1 7 17071 
14 17 17 8 17071 
14 17 31 7 17071 
14 17 47 8 17071 
14 18 1 7 17071 
14 18 17 8 17071 
14 18 31 7 17071 
14 18 47 8 17071 
14 19 1 7 17071 
14 19 17 8 17071 
14 19 31 7 17071 
14 19 47 8 17071 
14 20 1 7 17071 
14 20 17 8 17071 
14 24 7 7 17071 
14 24 23 8 17071 
14 24 37 7 17071 
14 24 53 8 17071 
14 25 7 7 17071 
14 25 23 8 17071 
14 25 37 7 17071 
14 25 53 8 17071 
14 26 7 7 17071 
14 26 23 8 17071 
14 26 37 7 17071 
14 26 53 8 17071 
14 27 7 7 17071 
14 27 23 8 17071 
14 27 37 7 17071 
14 27 53 8 17071 
14 28 7 7 17071 
14 28 23 8 17071 
14 28 37 7 17071 
14 28 53 8 17071 
14 29 7 7 17071 
14 29 23 8 17071 
14 29 37 7 17071 
14 29 53 8 17071 
14 30 7 7 17071 
14 30 23 8 17071 
14 30 37 7 17071 
14 30 53 8 17071 
14 31 7 7 17071 
14 31 23 8 17071 
14 31 37 7 17071 
14 31 53 8 17071 
14 32 7 7 17071 
14 32 23 8 17071 
14 32 37 7 17071 
14 32 53 8 17071 
14 33 7 7 17133 
14 33 23 8 17071 
14 33 37 7 17071 
14 33 53 8 17071 
14 34 7 7 17071 
14 34 23 8 17071 
14 34 37 7 17071 
14 34 53 8 17071 
14 35 7 7 17071 
14 35 23 8 17071 
14 35 37 7 17133 
14 35 53 8 17071 
14 36 7 7 17071 
14 36 23 8 17071 
14 36 37 7 17071 
14 36 53 8 17071 
14 37 7 7 17071 
14 37 23 8 17071 
14 37 37 7 17071 
14 37 53 8 17071 
14 38 7 7 17071 
14 38 23 8 17071 
14 38 37 7 17071 
14 42 29 8 17071 
14 42 43 7 17071 
14 42 59 8 17071 
14 43 13 7 17071 
14 43 29 8 17071 
14 43 43 7 17071 
14 43 59 8 17071 
14 44 13 7 17071 
14 44 29 8 17071 
14 44 43 7 17071 
14 44 59 8 17071 
14 45 13 7 17071 
14 45 29 8 17133 
14 45 43 7 17071 
14 45 59 8 17071 
14 46 13 7 17071 
14 46 29 8 17071 
14 46 43 7 17071 
14 46 59 8 17071 
14 47 13 7 17071 
14 47 29 8 17071 
14 47 43 7 17071 
14 47 59 8 17071 
14 48 13 7 17133 
14 48 29 8 17071 
14 48 43 7 17133 
14 48 59 8 17071 
14 49 13 7 17071 
14 49 29 8 17071 
14 49 43 7 17071 
14 49 59 8 17071 
14 50 13 7 17071 
14 50 29 8 17071 
14 50 43 7 17071 
14 50 59 8 17071 
14 51 13 7 17071 
14 51 29 8 17071 
14 51 45 8 17071 
14 51 59 7 17071 
14 52 15 8 17071 
14 52 29 7 17071 
14 52 45 8 17071 
14 52 59 7 17071 
14 53 15 8 17133 
14 53 29 7 17071 
14 53 45 8 17133 
14 53 59 7 17071 
14 54 15 8 17071 
14 54 29 7 17071 
14 54 45 8 17071 
14 54 59 7 17133 
14 55 15 8 17071 
14 55 29 7 17071 
14 55 45 8 17133 
14 55 59 7 17071 
14 56 15 8 17071 
14 56 29 7 17133 

/> 
read_ramp 11281310
read_ramp 11281310
<CR>Time:2021/11/28 14:43Ramp data first polarity: 
227 227 227 228 227 228 228 227 228 228 228 227 228 227 228 228 228 228 228 228 229 229 228 227 227 227 228 227 228 228 229 228 228 229 228 228 227 228 227 228 228 227 227 227 228 228 228 227 228 227 228 228 227 228 228 227 228 228 228 228 227 227 228 229 230 231 233 235 239 245 245 249 251 254 256 257 259 261 262 264 265 267 269 270 272 274 274 276 277 279 281 283 284 286 289 290 291 292 294 295 296 299 300 302 303 306 308 309 310 311 312 314 316 318 319 322 322 325 327 328 329 330 332 334 335 338 339 340 342 343 346 347 348 349 352 353 355 356 357 360 361 362 364 365 367 368 370 373 373 375 376 377 379 381 383 385 386 387 389 391 392 393 395 397 398 399 401 403 403 406 406 409 410 411 413 415 416 418 420 421 422 424 425 427 427 430 431 432 434 436 438 439 440 441 443 444 445 446 449 450 452 453 455 457 459 459 460 462 463 465 466 468 470 470 473 474 476 476 477 478 480 482 483 485 486 488 489 490 493 493 495 496 498 499 500 502 503 504 505 507 507 507 507 507 509 507 508 507 506 509 508 508 507 507 506 507 507 508 507 507 508 506 508 507 507 507 507 508 506 507 507 507 507 507 508 507 508 507 507 507 507 507 507 507 508 508 508 507 507 507 507 507 507 507 507 507 507 507 508 508 509 507 506 507 507 508 507 507 507 507 508 507 507 507 507 507 507 507 507 507 
ramp data second polarity
786 784 785 785 785 785 785 785 785 785 785 785 785 785 785 786 785 785 786 786 785 785 785 785 784 785 785 785 785 785 785 786 785 785 785 785 785 784 784 785 785 785 785 786 786 784 785 785 785 785 785 785 786 786 786 785 786 785 785 784 784 785 785 785 785 784 780 780 779 775 772 770 765 763 762 759 757 756 753 752 751 749 747 745 744 743 741 739 738 737 735 733 731 731 729 726 725 724 722 720 719 717 716 714 713 711 710 708 706 705 702 702 699 698 697 695 693 692 690 689 687 685 683 682 681 679 677 676 674 673 672 670 668 666 665 662 661 659 658 657 656 654 653 652 648 647 645 645 642 641 640 638 637 635 634 633 630 628 627 626 624 623 621 620 618 617 615 614 612 610 609 608 606 605 603 602 600 598 597 596 595 593 591 590 588 586 585 583 582 581 579 578 577 576 573 572 570 569 567 566 564 563 561 560 559 558 556 555 552 551 549 548 546 546 544 543 542 540 538 537 535 534 532 530 529 529 527 526 524 523 521 519 518 516 515 515 513 511 510 509 509 507 505 506 505 506 505 506 505 505 505 504 506 506 504 505 504 505 505 505 505 505 506 505 505 506 506 505 506 505 506 506 505 505 505 505 505 506 506 505 505 506 505 505 506 505 505 505 506 506 506 506 505 505 505 505 504 505 505 505 506 506 506 505 506 505 505 506 505 505 505 506 505 506 506 506 505 506 505 505 
Oscillation data first polarity :
780 778 776 772 769 767 766 762 760 757 755 754 751 750 748 747 746 744 744 741 740 737 736 734 733 732 730 729 728 726 724 723 721 719 717 715 715 713 711 709 708 707 705 703 702 700 698 696 695 693 692 690 689 687 686 685 683 681 679 677 676 674 672 672 669 668 666 666 664 662 660 658 658 656 655 653 651 650 648 647 646 644 642 640 638 637 635 634 632 631 629 628 627 625 623 621 620 618 616 615 614 612 611 610 609 607 604 603 602 600 598 597 596 595 593 591 591 589 588 584 584 582 581 578 578 577 576 574 572 571 569 567 565 564 563 561 560 559 557 555 555 554 552 550 549 547 546 544 543 542 539 538 537 536 534 532 531 530 528 528 525 524 522 521 520 519 517 515 514 512 511 510 508 507 507 506 506 506 505 505 505 505 505 505 504 506 505 505 506 505 505 505 504 505 505 506 505 505 505 505 505 506 505 505 505 505 506 505 505 505 505 506 505 506 505 505 504 506 505 505 505 505 505 505 506 506 506 506 505 506 505 505 505 505 505 505 505 506 506 506 505 505 505 505 505 505 505 506 505 505 506 506 505 505 505 505 505 505 505 506 505 505 506 506 504 505 505 505 505 505 505 505 503 506 506 506 505 505 505 505 505 505 505 505 505 505 506 506 505 505 505 505 505 505 506 506 505 505 505 506 505 505 505 506 506 505 506 505 505 506 506 506 505 506 505 505 504 506 505 505 
Oscillation data second polarity :
231 232 236 239 243 244 248 250 254 255 257 259 260 263 264 266 267 268 269 271 272 274 276 278 279 281 282 285 286 287 288 291 291 294 295 297 299 301 302 304 306 307 308 310 311 313 314 316 318 319 321 323 325 326 328 329 331 333 334 335 337 338 340 341 343 345 347 348 350 351 353 355 356 357 359 360 362 365 367 367 369 370 372 373 374 375 377 379 381 382 384 386 388 388 390 391 394 395 397 398 399 401 403 404 406 406 408 409 411 413 414 416 418 419 421 423 424 426 426 428 429 431 432 434 435 437 438 439 442 442 444 445 447 449 450 451 453 455 456 458 459 461 461 463 465 466 468 469 470 472 473 475 477 479 479 481 482 483 484 485 487 489 490 491 494 495 497 497 498 501 501 503 503 505 506 506 507 508 509 509 507 507 507 506 507 507 507 508 507 508 508 507 507 507 507 507 507 507 507 507 507 507 509 508 507 507 506 507 507 507 507 507 507 508 507 508 508 507 507 507 507 507 507 507 507 507 507 507 508 507 507 507 506 507 507 507 507 507 507 508 507 507 507 507 506 506 508 507 507 507 507 507 507 508 507 507 507 507 507 507 507 507 507 507 508 507 508 507 506 508 507 507 507 507 507 507 507 508 508 508 507 507 507 507 507 507 505 508 507 508 507 508 507 507 507 507 507 507 507 507 507 507 507 507 507 507 507 507 507 507 507 507 507 507 507 507 508 506 507 507 
/> 