ls

ls
<CR>
         TIME          Size       File name 
----A 2021/11/27 14:49      8736  1127
----A 2021/11/27 09:43    128000  11270928
----A 2021/11/27 10:03    128000  11270946
----A 2021/11/27 10:20    128000  11271005
----A 2021/11/27 10:38    128000  11271023
----A 2021/11/27 10:59    128000  11271041
----A 2021/11/27 11:15    128000  11271100
----A 2021/11/27 11:35    128000  11271118
----A 2021/11/27 11:51    128000  11271136
----A 2021/11/27 12:11    128000  11271155
----A 2021/11/27 12:30    128000  11271213
----A 2021/11/27 12:47    128000  11271231
----A 2021/11/27 13:05    128000  11271250
----A 2021/11/27 13:23    128000  11271308
----A 2021/11/27 13:42    128000  11271326
----A 2021/11/27 14:01    128000  11271345
----A 2021/11/27 14:18    128000  11271403
----A 2021/11/27 14:37    128000  11271422
----A 2021/11/27 14:41      2560  11271440
----A 2021/11/28 14:55      8944  1128
----A 2021/11/28 09:45    128000  11280929
----A 2021/11/28 10:02    128000  11280947
----A 2021/11/28 10:21    128000  11281006
----A 2021/11/28 10:39    128000  11281024
----A 2021/11/28 10:59    128000  11281042
----A 2021/11/28 11:16    128000  11281101
----A 2021/11/28 11:35    128000  11281119
----A 2021/11/28 11:55    128000  11281137
----A 2021/11/28 12:11    128000  11281156
----A 2021/11/28 12:29    128000  11281214
----A 2021/11/28 12:47    128000  11281232
----A 2021/11/28 13:06    128000  11281251
----A 2021/11/28 13:26    128000  11281309
----A 2021/11/28 13:43    128000  11281327
----A 2021/11/28 14:01    128000  11281346
----A 2021/11/28 14:19    128000  11281404
----A 2021/11/28 14:39    128000  11281422
----A 2021/11/28 14:41      2560  11281441

  38 File(s),   4374800 bytes total
   0 Dir(s),     996160K bytes free

/> 
read 1128
read 1128
<CR>Time:2021/11/28 14:41
Hours Minutes Seconds  Nb_Samples    Aver. Current 
9 11 45 7 12324 
9 12 1 8 16069 
9 12 15 7 17157 
9 12 31 8 17096 
9 12 45 7 17096 
9 13 1 8 17096 
9 13 15 7 17096 
9 13 31 8 17096 
9 13 45 7 17096 
9 14 1 8 17096 
9 14 15 7 17096 
9 14 31 8 17096 
9 14 45 7 17096 
9 15 1 8 17096 
9 15 15 7 17096 
9 15 31 8 17096 
9 15 45 7 17096 
9 16 1 8 17096 
9 16 15 7 17096 
9 16 31 8 17096 
9 16 45 7 17096 
9 17 1 8 17096 
9 17 15 7 17096 
9 17 31 8 17096 
9 17 45 7 17096 
9 18 1 8 17096 
9 18 15 7 17096 
9 18 31 8 17096 
9 18 45 7 17096 
9 19 1 8 17096 
9 19 15 7 17096 
9 19 31 8 17096 
9 19 45 7 17096 
9 20 1 8 17096 
9 20 15 7 17096 
9 20 31 8 17096 
9 20 45 7 17096 
9 21 1 8 17096 
9 21 15 7 17096 
9 21 31 8 17096 
9 21 45 7 17096 
9 22 1 8 17096 
9 22 15 7 17096 
9 22 31 8 17096 
9 22 45 7 17096 
9 23 1 8 17096 
9 23 15 7 17096 
9 23 31 8 17096 
9 23 45 7 17096 
9 24 1 8 17096 
9 24 15 7 17096 
9 24 31 8 17096 
9 24 45 7 17096 
9 25 1 8 17096 
9 25 15 7 17096 
9 25 31 8 17096 
9 25 45 7 17096 
9 26 1 8 17096 
9 29 52 7 17096 
9 30 8 8 17096 
9 30 22 7 17096 
9 30 38 8 17096 
9 30 52 7 17096 
9 31 8 8 17096 
9 31 22 7 17096 
9 31 38 8 17096 
9 31 52 7 17096 
9 32 8 8 17096 
9 32 22 7 17096 
9 32 38 8 17096 
9 32 52 7 17096 
9 33 8 8 17096 
9 33 22 7 17096 
9 33 38 8 17096 
9 33 52 7 17096 
9 34 8 8 17096 
9 34 22 7 17096 
9 34 38 8 17096 
9 34 52 7 17096 
9 35 8 8 17096 
9 35 22 7 17096 
9 35 38 8 17096 
9 35 52 7 17096 
9 36 8 8 17096 
9 36 22 7 17096 
9 36 38 8 17096 
9 36 52 7 17096 
9 37 8 8 17096 
9 37 22 7 17096 
9 37 38 8 17096 
9 37 52 7 17096 
9 38 8 8 17096 
9 38 22 7 17096 
9 38 38 8 17096 
9 38 52 7 17096 
9 39 8 8 17096 
9 39 22 7 17096 
9 39 38 8 17096 
9 39 52 7 17096 
9 40 8 8 17096 
9 40 22 7 17096 
9 40 38 8 17096 
9 40 52 7 17096 
9 41 8 8 17096 
9 41 22 7 17096 
9 41 38 8 17096 
9 41 52 7 17096 
9 42 8 8 17096 
9 42 22 7 17096 
9 42 38 8 17096 
9 42 52 7 17096 
9 43 8 8 17096 
9 43 22 7 17096 
9 43 38 8 17096 
9 43 52 7 17096 
9 44 8 8 17096 
9 44 22 7 17096 
9 48 14 8 17096 
9 48 28 7 17096 
9 48 44 8 17096 
9 48 58 7 17096 
9 49 14 8 17096 
9 49 28 7 17096 
9 49 44 8 17096 
9 49 58 7 17096 
9 50 14 8 17096 
9 50 28 7 17096 
9 50 44 8 17096 
9 50 58 7 17096 
9 51 14 8 17096 
9 51 28 7 17096 
9 51 44 8 17096 
9 51 58 7 17096 
9 52 14 8 17096 
9 52 28 7 17096 
9 52 44 8 17096 
9 52 58 7 17096 
9 53 14 8 17096 
9 53 28 7 17096 
9 53 44 8 17096 
9 53 58 7 17096 
9 54 14 8 17096 
9 54 28 7 17096 
9 54 44 8 17096 
9 54 58 7 17096 
9 55 14 8 17096 
9 55 28 7 17096 
9 55 44 8 17096 
9 55 58 7 17096 
9 56 14 8 17096 
9 56 28 7 17096 
9 56 44 8 17096 
9 56 58 7 17096 
9 57 14 8 17096 
9 57 28 7 17096 
9 57 44 8 17096 
9 58 0 8 17096 
9 58 14 7 17096 
9 58 30 8 17096 
9 58 44 7 17096 
9 59 0 8 17096 
9 59 14 7 17096 
9 59 30 8 17096 
9 59 44 7 17096 
10 0 0 8 17096 
10 0 14 7 17096 
10 0 30 8 17096 
10 0 44 7 17096 
10 1 0 8 17096 
10 1 14 7 17096 
10 1 30 8 17096 
10 1 44 7 17096 
10 2 0 8 17096 
10 2 14 7 17096 
10 2 30 8 17096 
10 2 44 7 17096 
10 6 34 7 17096 
10 6 50 8 17096 
10 7 4 7 17096 
10 7 20 8 17096 
10 7 34 7 17096 
10 7 50 8 17096 
10 8 4 7 17096 
10 8 20 8 17096 
10 8 34 7 17096 
10 8 50 8 17096 
10 9 4 7 17096 
10 9 20 8 17096 
10 9 34 7 17096 
10 9 50 8 17096 
10 10 4 7 17096 
10 10 20 8 17096 
10 10 34 7 17096 
10 10 50 8 17096 
10 11 4 7 17096 
10 11 20 8 17096 
10 11 34 7 17096 
10 11 50 8 17096 
10 12 4 7 17096 
10 12 20 8 17096 
10 12 34 7 17096 
10 12 50 8 17096 
10 13 4 7 17096 
10 13 20 8 17096 
10 13 34 7 17096 
10 13 50 8 17096 
10 14 4 7 17096 
10 14 20 8 17096 
10 14 34 7 17096 
10 14 50 8 17096 
10 15 4 7 17096 
10 15 20 8 17096 
10 15 34 7 17096 
10 15 50 8 17096 
10 16 4 7 17096 
10 16 20 8 17096 
10 16 34 7 17096 
10 16 50 8 17096 
10 17 4 7 17096 
10 17 20 8 17096 
10 17 34 7 17096 
10 17 50 8 17096 
10 18 4 7 17096 
10 18 20 8 17096 
10 18 34 7 17096 
10 18 50 8 17096 
10 19 4 7 17096 
10 19 20 8 17096 
10 19 34 7 17096 
10 19 50 8 17096 
10 20 4 7 17096 
10 20 20 8 17096 
10 20 34 7 17096 
10 20 50 8 17096 
10 21 4 7 17096 
10 24 54 7 17096 
10 25 10 8 17096 
10 25 24 7 17096 
10 25 40 8 17096 
10 25 54 7 17096 
10 26 10 8 17096 
10 26 24 7 17096 
10 26 40 8 17096 
10 26 54 7 17096 
10 27 10 8 17096 
10 27 24 7 17096 
10 27 40 8 17096 
10 27 54 7 17096 
10 28 10 8 17096 
10 28 24 7 17096 
10 28 40 8 17096 
10 28 54 7 17096 
10 29 10 8 17096 
10 29 24 7 17096 
10 29 40 8 17096 
10 29 54 7 17096 
10 30 10 8 17096 
10 30 24 7 17096 
10 30 40 8 17096 
10 30 54 7 17096 
10 31 10 8 17096 
10 31 24 7 17096 
10 31 40 8 17096 
10 31 54 7 17096 
10 32 10 8 17096 
10 32 24 7 17036 
10 32 40 8 17096 
10 32 54 7 17096 
10 33 10 8 17096 
10 33 24 7 17096 
10 33 40 8 17096 
10 33 54 7 17096 
10 34 10 8 17096 
10 34 24 7 17096 
10 34 40 8 17096 
10 34 54 7 17096 
10 35 10 8 17096 
10 35 24 7 17096 
10 35 40 8 17096 
10 35 54 7 17096 
10 36 10 8 17096 
10 36 24 7 17096 
10 36 40 8 17096 
10 36 54 7 17096 
10 37 10 8 17096 
10 37 24 7 17096 
10 37 40 8 17096 
10 37 54 7 17096 
10 38 10 8 17096 
10 38 24 7 17096 
10 38 40 8 17096 
10 38 54 7 17096 
10 39 10 8 17096 
10 39 24 7 17096 
10 43 16 8 17096 
10 43 30 7 17096 
10 43 46 8 17096 
10 44 0 7 17096 
10 44 16 8 17096 
10 44 30 7 17096 
10 44 46 8 17096 
10 45 0 7 17096 
10 45 16 8 17096 
10 45 30 7 17096 
10 45 46 8 17096 
10 46 0 7 17096 
10 46 16 8 17096 
10 46 30 7 17096 
10 46 46 8 17096 
10 47 0 7 17096 
10 47 16 8 17096 
10 47 30 7 17096 
10 47 46 8 17096 
10 48 0 7 17096 
10 48 16 8 17096 
10 48 30 7 17096 
10 48 46 8 17096 
10 49 0 7 17096 
10 49 16 8 17096 
10 49 30 7 17096 
10 49 46 8 17096 
10 50 0 7 17096 
10 50 16 8 17096 
10 50 30 7 17096 
10 50 46 8 17096 
10 51 0 7 17096 
10 51 16 8 17096 
10 51 30 7 17096 
10 51 46 8 17096 
10 52 0 7 17096 
10 52 16 8 17096 
10 52 30 7 17096 
10 52 46 8 17096 
10 53 0 7 17096 
10 53 16 8 17096 
10 53 30 7 17096 
10 53 46 8 17096 
10 54 0 7 17096 
10 54 16 8 17096 
10 54 30 7 17096 
10 54 46 8 17096 
10 55 0 7 17096 
10 55 16 8 17096 
10 55 30 7 17096 
10 55 46 8 17096 
10 56 0 7 17096 
10 56 16 8 17096 
10 56 30 7 17096 
10 56 46 8 17096 
10 57 0 7 17096 
10 57 16 8 17096 
10 57 30 7 17096 
10 57 46 8 17096 
11 1 36 7 17096 
11 1 52 8 17096 
11 2 6 7 17096 
11 2 22 8 17096 
11 2 36 7 17096 
11 2 52 8 17096 
11 3 6 7 17096 
11 3 22 8 17096 
11 3 36 7 17096 
11 3 52 8 17096 
11 4 6 7 17096 
11 4 22 8 17096 
11 4 36 7 17096 
11 4 52 8 17096 
11 5 6 7 17096 
11 5 22 8 17096 
11 5 36 7 17096 
11 5 52 8 17096 
11 6 6 7 17096 
11 6 22 8 17096 
11 6 36 7 17096 
11 6 52 8 17096 
11 7 6 7 17096 
11 7 22 8 17096 
11 7 36 7 17096 
11 7 52 8 17096 
11 8 6 7 17096 
11 8 22 8 17096 
11 8 36 7 17096 
11 8 52 8 17096 
11 9 6 7 17096 
11 9 22 8 17096 
11 9 36 7 17096 
11 9 52 8 17096 
11 10 6 7 17096 
11 10 22 8 17096 
11 10 36 7 17096 
11 10 52 8 17096 
11 11 6 7 17096 
11 11 22 8 17096 
11 11 36 7 17096 
11 11 52 8 17096 
11 12 6 7 17096 
11 12 22 8 17096 
11 12 36 7 17096 
11 12 52 8 17096 
11 13 6 7 17096 
11 13 22 8 17096 
11 13 36 7 17096 
11 13 52 8 17096 
11 14 6 7 17096 
11 14 22 8 17096 
11 14 36 7 17096 
11 14 52 8 17096 
11 15 6 7 17096 
11 15 22 8 17096 
11 15 36 7 17096 
11 15 52 8 17096 
11 16 6 7 17096 
11 19 58 8 17096 
11 20 12 7 17096 
11 20 28 8 17096 
11 20 42 7 17096 
11 20 58 8 17096 
11 21 12 7 17096 
11 21 28 8 17096 
11 21 42 7 17096 
11 21 58 8 17096 
11 22 12 7 17096 
11 22 28 8 17096 
11 22 42 7 17096 
11 22 58 8 17096 
11 23 12 7 17096 
11 23 28 8 17096 
11 23 42 7 17096 
11 23 58 8 17096 
11 24 12 7 17096 
11 24 28 8 17096 
11 24 42 7 17096 
11 24 58 8 17096 
11 25 12 7 17096 
11 25 28 8 17096 
11 25 42 7 17096 
11 25 58 8 17096 
11 26 12 7 17096 
11 26 28 8 17096 
11 26 42 7 17096 
11 26 58 8 17096 
11 27 12 7 17096 
11 27 28 8 17096 
11 27 42 7 17096 
11 27 58 8 17096 
11 28 12 7 17096 
11 28 28 8 17096 
11 28 42 7 17096 
11 28 58 8 17096 
11 29 12 7 17096 
11 29 28 8 17096 
11 29 42 7 17096 
11 29 58 8 17096 
11 30 12 7 17096 
11 30 28 8 17096 
11 30 42 7 17096 
11 30 58 8 17096 
11 31 12 7 17096 
11 31 28 8 17096 
11 31 42 7 17096 
11 31 58 8 17096 
11 32 12 7 17096 
11 32 28 8 17096 
11 32 42 7 17096 
11 32 58 8 17096 
11 33 12 7 17096 
11 33 28 8 17096 
11 33 42 7 17096 
11 33 58 8 17096 
11 34 12 7 17096 
11 34 28 8 17096 
11 38 18 7 17096 
11 38 34 8 17096 
11 38 48 7 17096 
11 39 4 8 17096 
11 39 18 7 17096 
11 39 34 8 17096 
11 39 48 7 17096 
11 40 4 8 17096 
11 40 18 7 17096 
11 40 34 8 17096 
11 40 48 7 17096 
11 41 4 8 17096 
11 41 18 7 17096 
11 41 34 8 17096 
11 41 48 7 17096 
11 42 4 8 17096 
11 42 18 7 17096 
11 42 34 8 17096 
11 42 48 7 17096 
11 43 4 8 17096 
11 43 18 7 17096 
11 43 34 8 17096 
11 43 48 7 17096 
11 44 4 8 17096 
11 44 18 7 17096 
11 44 34 8 17096 
11 44 48 7 17096 
11 45 4 8 17096 
11 45 18 7 17096 
11 45 34 8 17096 
11 45 48 7 17096 
11 46 4 8 17096 
11 46 18 7 17096 
11 46 34 8 17096 
11 46 48 7 17096 
11 47 4 8 17096 
11 47 18 7 17096 
11 47 34 8 17096 
11 47 48 7 17096 
11 48 4 8 17096 
11 48 18 7 17096 
11 48 34 8 17096 
11 48 48 7 17096 
11 49 4 8 17096 
11 49 18 7 17096 
11 49 34 8 17096 
11 49 48 7 17096 
11 50 4 8 17096 
11 50 18 7 17096 
11 50 34 8 17096 
11 50 48 7 17096 
11 51 4 8 17096 
11 51 18 7 17096 
11 51 34 8 17096 
11 51 48 7 17096 
11 52 4 8 17096 
11 52 18 7 17096 
11 52 34 8 17096 
11 52 48 7 17096 
11 56 40 8 17096 
11 56 54 7 17096 
11 57 10 8 17096 
11 57 24 7 17096 
11 57 40 8 17096 
11 57 54 7 17096 
11 58 10 8 17096 
11 58 24 7 17096 
11 58 40 8 17096 
11 58 54 7 17096 
11 59 10 8 17096 
11 59 24 7 17096 
11 59 40 8 17036 
11 59 54 7 17096 
12 0 10 8 17096 
12 0 24 7 17096 
12 0 40 8 17096 
12 0 54 7 17096 
12 1 10 8 17096 
12 1 24 7 17096 
12 1 40 8 17096 
12 1 54 7 17096 
12 2 10 8 17096 
12 2 24 7 17096 
12 2 40 8 17096 
12 2 54 7 17096 
12 3 10 8 17096 
12 3 24 7 17096 
12 3 40 8 17096 
12 3 54 7 17096 
12 4 10 8 17096 
12 4 24 7 17096 
12 4 40 8 17096 
12 4 54 7 17096 
12 5 10 8 17096 
12 5 24 7 17096 
12 5 40 8 17096 
12 5 54 7 17096 
12 6 10 8 17096 
12 6 24 7 17096 
12 6 40 8 17096 
12 6 54 7 17096 
12 7 10 8 17096 
12 7 24 7 17096 
12 7 40 8 17096 
12 7 54 7 17096 
12 8 10 8 17096 
12 8 24 7 17096 
12 8 40 8 17096 
12 8 54 7 17096 
12 9 10 8 17096 
12 9 24 7 17096 
12 9 40 8 17096 
12 9 54 7 17096 
12 10 10 8 17096 
12 10 24 7 17096 
12 10 40 8 17096 
12 10 54 7 17096 
12 11 10 8 17096 
12 15 0 7 17096 
12 15 16 8 17096 
12 15 30 7 17096 
12 15 46 8 17096 
12 16 0 7 17096 
12 16 16 8 17096 
12 16 30 7 17096 
12 16 46 8 17096 
12 17 0 7 17096 
12 17 16 8 17096 
12 17 30 7 17096 
12 17 46 8 17096 
12 18 0 7 17096 
12 18 16 8 17096 
12 18 30 7 17096 
12 18 46 8 17096 
12 19 0 7 17096 
12 19 16 8 17096 
12 19 30 7 17096 
12 19 46 8 17096 
12 20 0 7 17096 
12 20 16 8 17096 
12 20 30 7 17096 
12 20 46 8 17096 
12 21 0 7 17096 
12 21 16 8 17096 
12 21 30 7 17096 
12 21 46 8 17096 
12 22 0 7 17096 
12 22 16 8 17096 
12 22 30 7 17096 
12 22 46 8 17096 
12 23 0 7 17096 
12 23 16 8 17096 
12 23 30 7 17096 
12 23 46 8 17096 
12 24 0 7 17096 
12 24 16 8 17096 
12 24 30 7 17096 
12 24 46 8 17096 
12 25 0 7 17096 
12 25 16 8 17096 
12 25 30 7 17096 
12 25 46 8 17096 
12 26 0 7 17096 
12 26 16 8 17096 
12 26 30 7 17096 
12 26 46 8 17096 
12 27 0 7 17096 
12 27 16 8 17096 
12 27 30 7 17096 
12 27 46 8 17096 
12 28 0 7 17096 
12 28 16 8 17096 
12 28 30 7 17096 
12 28 46 8 17096 
12 29 0 7 17096 
12 29 16 8 17096 
12 29 30 7 17096 
12 33 22 8 17096 
12 33 36 7 17096 
12 33 52 8 17096 
12 34 6 7 17096 
12 34 22 8 17096 
12 34 36 7 17096 
12 34 52 8 17096 
12 35 6 7 17096 
12 35 22 8 17096 
12 35 36 7 17096 
12 35 52 8 17096 
12 36 6 7 17096 
12 36 22 8 17096 
12 36 36 7 17096 
12 36 52 8 17096 
12 37 6 7 17096 
12 37 22 8 17096 
12 37 36 7 17096 
12 37 52 8 17096 
12 38 6 7 17096 
12 38 22 8 17096 
12 38 36 7 17096 
12 38 52 8 17096 
12 39 6 7 17096 
12 39 22 8 17096 
12 39 36 7 17096 
12 39 52 8 17096 
12 40 6 7 17096 
12 40 22 8 17096 
12 40 36 7 17096 
12 40 52 8 17096 
12 41 6 7 17096 
12 41 22 8 17096 
12 41 36 7 17096 
12 41 52 8 17096 
12 42 6 7 17096 
12 42 22 8 17096 
12 42 36 7 17096 
12 42 52 8 17096 
12 43 6 7 17096 
12 43 22 8 17096 
12 43 36 7 17096 
12 43 52 8 17096 
12 44 6 7 17096 
12 44 22 8 17096 
12 44 36 7 17096 
12 44 52 8 17096 
12 45 6 7 17096 
12 45 22 8 17096 
12 45 36 7 17096 
12 45 52 8 17096 
12 46 6 7 17096 
12 46 22 8 17096 
12 46 36 7 17096 
12 46 52 8 17036 
12 47 6 7 17096 
12 47 22 8 17096 
12 47 36 7 17036 
12 47 52 8 17096 
12 51 42 7 17096 
12 51 58 8 17096 
12 52 12 7 17096 
12 52 28 8 17096 
12 52 42 7 17096 
12 52 58 8 17096 
12 53 12 7 17096 
12 53 28 8 17096 
12 53 42 7 17096 
12 53 58 8 17036 
12 54 12 7 17096 
12 54 28 8 17096 
12 54 42 7 17036 
12 54 58 8 17096 
12 55 12 7 17096 
12 55 28 8 17096 
12 55 42 7 17096 
12 55 58 8 17096 
12 56 12 7 17036 
12 56 28 8 17036 
12 56 42 7 17096 
12 56 58 8 17096 
12 57 12 7 17096 
12 57 28 8 17096 
12 57 42 7 17096 
12 57 58 8 17036 
12 58 12 7 17096 
12 58 28 8 17096 
12 58 42 7 17096 
12 58 58 8 17096 
12 59 12 7 17096 
12 59 28 8 17096 
12 59 42 7 17096 
12 59 58 8 17096 
13 0 12 7 17096 
13 0 28 8 17096 
13 0 42 7 17096 
13 0 58 8 17096 
13 1 12 7 17096 
13 1 28 8 17036 
13 1 42 7 17096 
13 1 58 8 17096 
13 2 12 7 17096 
13 2 28 8 17096 
13 2 42 7 17036 
13 2 58 8 17096 
13 3 12 7 17036 
13 3 28 8 17036 
13 3 42 7 17096 
13 3 58 8 17036 
13 4 12 7 17036 
13 4 28 8 17096 
13 4 42 7 17096 
13 4 58 8 17096 
13 5 12 7 17036 
13 5 28 8 17036 
13 5 42 7 17096 
13 5 58 8 17096 
13 6 12 7 17096 
13 10 4 8 17096 
13 10 18 7 17096 
13 10 34 8 17096 
13 10 48 7 17096 
13 11 4 8 17096 
13 11 18 7 17096 
13 11 34 8 17096 
13 11 48 7 17096 
13 12 4 8 17096 
13 12 18 7 17096 
13 12 34 8 17096 
13 12 48 7 17096 
13 13 4 8 17096 
13 13 18 7 17096 
13 13 34 8 17096 
13 13 48 7 17096 
13 14 4 8 17036 
13 14 18 7 17036 
13 14 34 8 17096 
13 14 48 7 17096 
13 15 4 8 17096 
13 15 18 7 17096 
13 15 34 8 17096 
13 15 48 7 17036 
13 16 4 8 17036 
13 16 18 7 17096 
13 16 34 8 17096 
13 16 48 7 17096 
13 17 4 8 17096 
13 17 18 7 17096 
13 17 34 8 17096 
13 17 48 7 17096 
13 18 4 8 17096 
13 18 18 7 17096 
13 18 34 8 17096 
13 18 48 7 17096 
13 19 4 8 17096 
13 19 18 7 17096 
13 19 34 8 17096 
13 19 48 7 17096 
13 20 4 8 17096 
13 20 18 7 17096 
13 20 34 8 17096 
13 20 48 7 17096 
13 21 4 8 17096 
13 21 18 7 17096 
13 21 34 8 17096 
13 21 48 7 17096 
13 22 4 8 17096 
13 22 18 7 17036 
13 22 34 8 17096 
13 22 48 7 17096 
13 23 4 8 17036 
13 23 18 7 17096 
13 23 34 8 17096 
13 23 48 7 17036 
13 24 4 8 17096 
13 24 18 7 17096 
13 24 34 8 17096 
13 28 24 7 17096 
13 28 40 8 17096 
13 28 54 7 17096 
13 29 10 8 17036 
13 29 24 7 17036 
13 29 40 8 17096 
13 29 54 7 17036 
13 30 10 8 17096 
13 30 24 7 17036 
13 30 40 8 17036 
13 30 54 7 17096 
13 31 10 8 17096 
13 31 24 7 17096 
13 31 40 8 17096 
13 31 54 7 17096 
13 32 10 8 17096 
13 32 24 7 17096 
13 32 40 8 17096 
13 32 54 7 17096 
13 33 10 8 17096 
13 33 24 7 17096 
13 33 40 8 17096 
13 33 54 7 17096 
13 34 10 8 17096 
13 34 24 7 17096 
13 34 40 8 17096 
13 34 54 7 17096 
13 35 10 8 17096 
13 35 24 7 17096 
13 35 40 8 17096 
13 35 54 7 17096 
13 36 10 8 17096 
13 36 24 7 17096 
13 36 40 8 17096 
13 36 54 7 17096 
13 37 10 8 17096 
13 37 24 7 17096 
13 37 40 8 17096 
13 37 54 7 17096 
13 38 10 8 17096 
13 38 24 7 17096 
13 38 40 8 17096 
13 38 54 7 17096 
13 39 10 8 17096 
13 39 24 7 17096 
13 39 40 8 17036 
13 39 54 7 17096 
13 40 10 8 17096 
13 40 24 7 17096 
13 40 40 8 17096 
13 40 54 7 17096 
13 41 10 8 17096 
13 41 24 7 17096 
13 41 40 8 17096 
13 41 54 7 17096 
13 42 10 8 17036 
13 42 24 7 17096 
13 42 40 8 17096 
13 42 54 7 17096 
13 46 46 8 17096 
13 47 0 7 17096 
13 47 16 8 17096 
13 47 30 7 17096 
13 47 46 8 17096 
13 48 0 7 17096 
13 48 16 8 17096 
13 48 30 7 17096 
13 48 46 8 17096 
13 49 0 7 17096 
13 49 16 8 17096 
13 49 30 7 17096 
13 49 46 8 17096 
13 50 0 7 17096 
13 50 16 8 17096 
13 50 30 7 17096 
13 50 46 8 17096 
13 51 0 7 17096 
13 51 16 8 17096 
13 51 30 7 17096 
13 51 46 8 17096 
13 52 0 7 17096 
13 52 16 8 17096 
13 52 30 7 17096 
13 52 46 8 17036 
13 53 0 7 17096 
13 53 16 8 17096 
13 53 30 7 17096 
13 53 46 8 17096 
13 54 0 7 17096 
13 54 16 8 17036 
13 54 30 7 17096 
13 54 46 8 17096 
13 55 0 7 17096 
13 55 16 8 17096 
13 55 30 7 17096 
13 55 46 8 17096 
13 56 0 7 17096 
13 56 16 8 17096 
13 56 30 7 17096 
13 56 46 8 17096 
13 57 0 7 17096 
13 57 16 8 17096 
13 57 30 7 17096 
13 57 46 8 17096 
13 58 0 7 17096 
13 58 16 8 17096 
13 58 30 7 17096 
13 58 46 8 17096 
13 59 0 7 17096 
13 59 16 8 17036 
13 59 30 7 17096 
13 59 46 8 17096 
14 0 0 7 17036 
14 0 16 8 17096 
14 0 30 7 17096 
14 0 46 8 17096 
14 1 0 7 17096 
14 1 16 8 17096 
14 5 6 7 17096 
14 5 22 8 17096 
14 5 36 7 17096 
14 5 52 8 17096 
14 6 6 7 17096 
14 6 22 8 17096 
14 6 36 7 17096 
14 6 52 8 17096 
14 7 6 7 17096 
14 7 22 8 17096 
14 7 36 7 17096 
14 7 52 8 17096 
14 8 6 7 17096 
14 8 22 8 17096 
14 8 36 7 17096 
14 8 52 8 17096 
14 9 6 7 17036 
14 9 22 8 17096 
14 9 36 7 17096 
14 9 52 8 17096 
14 10 6 7 17096 
14 10 22 8 17036 
14 10 36 7 17096 
14 10 52 8 17036 
14 11 6 7 17096 
14 11 22 8 17096 
14 11 36 7 17096 
14 11 52 8 17096 
14 12 6 7 17096 
14 12 22 8 17096 
14 12 36 7 17096 
14 12 52 8 17096 
14 13 6 7 17096 
14 13 22 8 17096 
14 13 36 7 17096 
14 13 52 8 17096 
14 14 6 7 17096 
14 14 22 8 17096 
14 14 36 7 17096 
14 14 52 8 17096 
14 15 6 7 17096 
14 15 22 8 17096 
14 15 36 7 17096 
14 15 52 8 17096 
14 16 6 7 17096 
14 16 22 8 17096 
14 16 36 7 17096 
14 16 52 8 17096 
14 17 6 7 17096 
14 17 22 8 17096 
14 17 36 7 17096 
14 17 52 8 17096 
14 18 6 7 17096 
14 18 22 8 17096 
14 18 36 7 17096 
14 18 52 8 17096 
14 19 6 7 17096 
14 19 22 8 17096 
14 19 36 7 17096 
14 23 28 8 17096 
14 23 42 7 17096 
14 23 58 8 17096 
14 24 12 7 17096 
14 24 28 8 17096 
14 24 42 7 17096 
14 24 58 8 17096 
14 25 12 7 17096 
14 25 28 8 17096 
14 25 42 7 17096 
14 25 58 8 17096 
14 26 12 7 17096 
14 26 28 8 17096 
14 26 42 7 17096 
14 26 58 8 17096 
14 27 12 7 17096 
14 27 28 8 17036 
14 27 42 7 17096 
14 27 58 8 17096 
14 28 12 7 17096 
14 28 28 8 17096 
14 28 44 8 17096 
14 28 58 7 17096 
14 29 14 8 17096 
14 29 28 7 17096 
14 29 44 8 17096 
14 29 58 7 17096 
14 30 14 8 17096 
14 30 28 7 17096 
14 30 44 8 17096 
14 30 58 7 17096 
14 31 14 8 17096 
14 31 28 7 17096 
14 31 44 8 17036 
14 31 58 7 17096 
14 32 14 8 17096 
14 32 28 7 17096 
14 32 44 8 17096 
14 32 58 7 17096 
14 33 14 8 17096 
14 33 28 7 17096 
14 33 44 8 17096 
14 33 58 7 17096 
14 34 14 8 17096 
14 34 28 7 17096 
14 34 44 8 17096 
14 34 58 7 17096 
14 35 14 8 17096 
14 35 28 7 17096 
14 35 44 8 17096 
14 35 58 7 17096 
14 36 14 8 17096 
14 36 28 7 17096 
14 36 44 8 17096 
14 36 58 7 17096 
14 37 14 8 17096 
14 37 28 7 17096 
14 37 44 8 17096 
14 37 58 7 17096 
14 41 48 7 17096 
14 42 4 8 17096 
14 42 18 7 17096 
14 42 34 8 17096 
14 42 48 7 17096 
14 43 4 8 17096 
14 43 18 7 17096 
14 43 34 8 17096 
14 43 48 7 17096 
14 44 4 8 17096 
14 44 18 7 17096 
14 44 34 8 17096 
14 44 48 7 17096 
14 45 4 8 17096 
14 45 18 7 17096 
14 45 34 8 17096 
14 45 48 7 17096 
14 46 4 8 17096 
14 46 18 7 17096 
14 46 34 8 17096 
14 46 48 7 17096 
14 47 4 8 17096 
14 47 18 7 17096 
14 47 34 8 17096 
14 47 48 7 17096 
14 48 4 8 17096 
14 48 18 7 17036 
14 48 34 8 17096 
14 48 48 7 17096 
14 49 4 8 17096 
14 49 18 7 17096 
14 49 34 8 17096 
14 49 48 7 17096 
14 50 4 8 17096 
14 50 18 7 17096 
14 50 34 8 17096 
14 50 48 7 17096 
14 51 4 8 17096 
14 51 18 7 17096 
14 51 34 8 17096 
14 51 48 7 17096 
14 52 4 8 17096 
14 52 18 7 17096 
14 52 34 8 17096 
14 52 48 7 17096 
14 53 4 8 17096 
14 53 18 7 17096 
14 53 34 8 17096 
14 53 48 7 17096 
14 54 4 8 17096 
14 54 18 7 17096 
14 54 34 8 17096 
14 54 48 7 17096 
14 55 4 8 17096 
14 55 18 7 17096 
14 55 34 8 17096 
14 55 48 7 17096 

/> 
read_ramp 11281309

read_ramp 11281309
<CR>Time:2021/11/28 14:41Ramp data first polarity: ata first polarity: 
228 228 227 227 227 228 228 228 228 228 227 228 227 227 227 226 228 228 228 228 228 228 227 227 227 227 227 228 229 229 229 228 228 229 228 227 227 227 228 228 228 227 228 227 228 228 227 228 227 228 228 227 228 228 227 228 227 228 227 227 227 228 227 227 229 229 233 232 234 236 239 242 243 248 252 255 257 258 260 262 264 264 266 267 270 271 271 274 275 277 279 280 281 283 285 286 287 290 291 293 295 296 299 301 303 303 305 307 308 309 311 313 315 316 318 320 321 322 324 326 327 329 330 332 334 335 337 339 340 342 343 345 346 348 349 352 354 355 357 358 360 361 362 364 366 367 370 371 373 374 375 377 378 380 381 383 385 387 388 389 390 392 394 395 396 398 401 402 403 405 406 409 410 411 413 414 416 417 419 420 421 423 425 427 428 429 431 432 434 436 437 438 439 441 442 444 445 447 448 450 452 453 454 456 458 459 461 462 464 466 468 469 470 472 473 473 474 477 478 480 481 483 484 486 488 488 490 491 493 494 495 496 498 499 501 503 504 506 506 508 509 509 511 513 513 514 514 514 512 513 510 512 511 512 513 513 511 512 511 512 511 511 511 511 511 512 512 512 512 512 511 511 510 511 511 511 511 512 511 512 512 512 512 513 512 512 514 513 512 512 512 511 511 511 511 512 512 512 512 512 512 510 511 511 512 512 510 512 511 512 512 511 511 512 511 512 511 512 512 511 
ramp data second polarity
794 794 793 793 794 794 793 794 794 794 794 794 794 795 794 794 794 794 794 794 794 794 794 793 794 794 793 794 793 794 794 794 794 794 794 794 794 794 794 793 794 794 794 794 794 795 794 794 794 794 794 794 794 795 794 795 794 794 794 794 794 794 795 793 789 791 787 785 781 779 776 772 771 769 767 764 763 761 759 758 756 755 754 752 750 748 746 744 743 742 740 739 737 735 735 733 731 729 727 726 723 722 720 719 717 717 714 713 711 709 707 706 705 703 701 701 699 697 695 693 691 690 688 687 685 684 682 681 678 677 676 674 673 670 669 667 666 665 663 661 658 657 656 655 652 652 650 649 647 646 644 642 641 638 637 637 634 633 631 630 628 626 624 623 621 620 619 617 616 613 613 611 609 607 605 605 603 601 601 600 599 596 595 593 591 589 588 587 585 584 581 580 579 577 576 574 573 571 570 568 567 565 564 563 561 559 558 555 554 554 552 552 550 549 547 545 544 542 541 539 537 536 535 533 532 528 528 527 525 524 523 522 521 519 518 516 514 513 511 511 510 510 510 510 509 509 510 509 508 509 510 509 509 509 509 510 510 509 509 509 509 510 509 509 509 509 510 509 509 509 509 510 510 510 510 509 509 509 509 510 510 510 510 510 510 510 509 509 509 510 510 510 509 510 510 510 509 509 509 510 510 510 510 510 509 509 509 509 509 510 509 509 510 510 510 510 510 510 509 510 
Oscillation data first polarity :
789 786 785 780 777 776 774 772 769 767 764 763 761 759 757 755 755 753 751 750 748 746 745 743 742 741 739 737 735 733 731 730 727 726 725 724 722 721 718 717 716 714 713 711 710 708 707 705 703 701 699 698 695 694 693 691 690 689 686 685 683 681 679 678 677 675 674 672 671 669 667 665 663 662 661 659 658 656 655 653 652 649 648 646 644 643 643 641 639 637 636 634 632 630 628 627 626 625 623 621 620 618 616 615 613 612 610 609 610 607 605 603 601 601 598 596 595 593 592 591 589 588 586 584 583 581 580 578 576 576 574 572 571 569 568 566 565 563 561 560 558 558 556 555 554 553 552 549 548 546 544 542 542 540 539 537 535 533 532 531 530 528 526 526 524 523 521 519 518 517 515 512 512 511 511 511 511 510 510 509 509 509 509 511 509 509 509 510 510 509 509 509 509 509 510 508 509 509 509 510 509 509 509 509 509 509 509 509 509 510 510 510 510 509 509 510 509 509 509 508 509 510 509 509 509 510 509 509 509 509 509 509 509 509 509 509 509 509 509 509 509 509 509 510 510 510 511 510 510 509 509 509 509 509 509 510 509 508 510 509 509 509 509 509 510 510 510 508 509 510 509 509 508 509 509 509 509 509 510 509 509 510 510 509 509 510 510 510 509 509 509 509 509 509 509 510 509 510 509 509 509 509 509 509 509 510 509 510 509 509 509 510 510 509 510 509 510 510 509 509 
Oscillation data second polarity :
230 232 236 239 242 246 249 251 255 257 260 261 262 264 265 267 268 270 271 273 274 276 278 279 281 283 284 286 287 289 289 292 293 295 297 299 300 302 303 305 306 308 309 311 313 315 316 318 319 321 324 325 326 329 330 331 333 334 336 337 339 340 342 344 346 347 349 350 351 353 355 356 359 360 362 363 365 366 367 369 371 372 373 376 377 379 381 383 384 385 386 388 390 392 393 394 398 398 399 400 402 403 405 406 408 410 411 413 414 416 418 419 421 422 424 425 426 428 430 432 433 435 436 437 438 440 442 443 444 447 448 450 450 453 454 455 457 458 459 462 463 464 466 467 469 470 471 472 474 475 478 479 481 483 484 485 486 486 488 490 492 493 495 496 498 499 500 501 503 504 506 507 508 510 511 512 512 513 512 511 511 513 512 513 513 513 513 512 512 512 511 512 511 512 512 511 512 510 511 512 511 512 511 511 511 511 511 511 511 511 512 512 512 511 512 511 513 513 513 512 513 512 512 511 511 513 511 512 511 511 512 511 512 512 512 511 512 511 511 511 510 511 512 511 511 511 511 511 511 511 511 512 512 512 513 513 512 511 512 511 511 512 512 513 511 511 512 511 512 511 511 511 511 512 511 511 511 511 510 511 511 511 511 511 513 512 512 511 511 511 511 511 512 512 512 511 511 511 511 511 511 511 511 511 511 512 512 511 512 512 511 512 511 511 512 511 512 513 512 512 
/> 