ls

ls
<CR>
         TIME          Size       File name 
----A 2021/10/23 14:31      6288  1023
----A 2021/10/23 11:38    128000  10231123
----A 2021/10/23 11:55    128000  10231140
----A 2021/10/23 12:14    128000  10231157
----A 2021/10/23 12:31    128000  10231214
----A 2021/10/23 12:46    128000  10231231
----A 2021/10/23 13:03    128000  10231248
----A 2021/10/23 13:22    128000  10231305
----A 2021/10/23 13:39    128000  10231322
----A 2021/10/23 13:54    128000  10231339
----A 2021/10/23 14:11    128000  10231356
----A 2021/10/23 14:30    128000  10231413
----A 2021/10/23 14:30      2560  10231430
----A 2021/10/24 14:32      7472  1024
----A 2021/10/24 10:54    128000  10241037
----A 2021/10/24 11:11    128000  10241054
----A 2021/10/24 11:26    128000  10241111
----A 2021/10/24 11:43    128000  10241128
----A 2021/10/24 12:02    128000  10241145
----A 2021/10/24 12:19    128000  10241202
----A 2021/10/24 12:35    128000  10241219
----A 2021/10/24 12:51    128000  10241236
----A 2021/10/24 13:11    128000  10241253
----A 2021/10/24 13:27    128000  10241310
----A 2021/10/24 13:43    128000  10241327
----A 2021/10/24 13:59    128000  10241344
----A 2021/10/24 14:19    128000  10241401
----A 2021/10/24 14:19      2560  10241418
----A 2021/10/25 14:55      8432  1025
----A 2021/10/25 10:27    128000  10251011
----A 2021/10/25 10:43    128000  10251028
----A 2021/10/25 11:03    128000  10251045
----A 2021/10/25 11:19    128000  10251102
----A 2021/10/25 11:35    128000  10251119
----A 2021/10/25 11:51    128000  10251136
----A 2021/10/25 12:11    128000  10251153
----A 2021/10/25 12:27    128000  10251210
----A 2021/10/25 12:43    128000  10251227
----A 2021/10/25 12:59    128000  10251244
----A 2021/10/25 13:19    119040  10251301
----A 2021/10/25 14:07    128000  10251349
----A 2021/10/25 14:23    128000  10251406
----A 2021/10/25 14:39    128000  10251423
----A 2021/10/25 14:43      2560  10251440
----A 2021/10/26 14:43      8960  1026
----A 2021/10/26 09:55    128000  10260939
----A 2021/10/26 10:11    128000  10260956
----A 2021/10/26 10:29    128000  10261013
----A 2021/10/26 10:45    128000  10261030
----A 2021/10/26 11:03    128000  10261047
----A 2021/10/26 11:19    128000  10261104
----A 2021/10/26 11:37    128000  10261121
----A 2021/10/26 11:53    128000  10261138
----A 2021/10/26 12:11    128000  10261155
----A 2021/10/26 12:27    128000  10261212
----A 2021/10/26 12:45    128000  10261229
----A 2021/10/26 13:01    128000  10261246
----A 2021/10/26 13:19    128000  10261303
----A 2021/10/26 13:35    128000  10261320
----A 2021/10/26 13:53    128000  10261337
----A 2021/10/26 14:09    128000  10261354
----A 2021/10/26 14:27    128000  10261411
----A 2021/10/26 14:43    128000  10261428
----A 2021/10/26 14:45      2560  10261445
----A 2021/10/27 14:59      9648  1027
----A 2021/10/27 09:44    128000  10270929
----A 2021/10/27 10:01    128000  10270946
----A 2021/10/27 10:18    128000  10271003
----A 2021/10/27 10:35    128000  10271020
----A 2021/10/27 10:52    128000  10271037
----A 2021/10/27 11:09    128000  10271054
----A 2021/10/27 11:27    128000  10271111
----A 2021/10/27 11:43    128000  10271128
----A 2021/10/27 12:01    128000  10271145
----A 2021/10/27 12:17    128000  10271202
----A 2021/10/27 12:35    128000  10271219
----A 2021/10/27 12:51    128000  10271236
----A 2021/10/27 13:09    128000  10271253
----A 2021/10/27 13:25    128000  10271310
----A 2021/10/27 13:43    128000  10271327
----A 2021/10/27 13:59    128000  10271344
----A 2021/10/27 14:17    128000  10271401
----A 2021/10/27 14:33    128000  10271418
----A 2021/10/27 14:51    128000  10271435
----A 2021/10/27 14:53      2560  10271452

  85 File(s),   9644640 bytes total
   0 Dir(s),     990816K bytes free

/> 
read 1027

read 1027
<CR>Time:2021/10/27 14:53:2021/10/27 14:53
Hours Minutes Seconds  Nb_Samples    Aver. Current 
9 12 43 13 9847 
9 12 58 12 15042 
9 13 13 13 16613 
9 13 28 12 16975 
9 13 43 13 17157 
9 13 58 12 17036 
9 14 13 13 17036 
9 14 28 12 17036 
9 14 43 13 17036 
9 14 58 12 17036 
9 15 13 13 17036 
9 15 28 12 17036 
9 15 43 13 17036 
9 15 58 12 17036 
9 16 13 13 17036 
9 16 28 12 17036 
9 16 43 13 17036 
9 16 58 12 17036 
9 17 13 13 17036 
9 17 28 12 17036 
9 17 43 13 17036 
9 17 58 12 17036 
9 18 13 13 17036 
9 18 28 12 17036 
9 18 43 13 17036 
9 18 58 12 17036 
9 19 13 13 17036 
9 19 28 12 17036 
9 19 43 13 16975 
9 19 58 12 17036 
9 20 13 13 16975 
9 20 28 12 17036 
9 20 43 13 17036 
9 20 58 12 17036 
9 21 13 13 16975 
9 21 28 12 16975 
9 21 43 13 16975 
9 21 58 12 17036 
9 22 13 13 17036 
9 22 28 12 16975 
9 22 43 13 16975 
9 22 58 12 16975 
9 23 13 13 16975 
9 23 28 12 16975 
9 23 43 13 16975 
9 23 58 12 16975 
9 24 13 13 16975 
9 24 28 12 16975 
9 24 43 13 16975 
9 24 58 12 16975 
9 25 13 13 16975 
9 25 28 12 16975 
9 25 43 13 16975 
9 25 58 12 16975 
9 26 13 13 16975 
9 26 28 12 16975 
9 26 43 13 16975 
9 26 58 12 16975 
9 27 13 13 16975 
9 29 43 13 16975 
9 29 58 12 16975 
9 30 13 13 16975 
9 30 28 12 16975 
9 30 43 13 16975 
9 30 58 12 16975 
9 31 13 13 16975 
9 31 28 12 16975 
9 31 43 13 16975 
9 31 58 12 16975 
9 32 13 13 16975 
9 32 28 12 16975 
9 32 43 13 16975 
9 32 58 12 16975 
9 33 13 13 16975 
9 33 28 12 16975 
9 33 43 13 16975 
9 33 58 12 16975 
9 34 13 13 16975 
9 34 28 12 16975 
9 34 43 13 16975 
9 34 58 12 16975 
9 35 13 13 16975 
9 35 28 12 16975 
9 35 43 13 16975 
9 35 58 12 16975 
9 36 13 13 16975 
9 36 28 12 16975 
9 36 43 13 16975 
9 36 58 12 16975 
9 37 13 13 16975 
9 37 28 12 16975 
9 37 43 13 16975 
9 37 58 12 16975 
9 38 13 13 16975 
9 38 28 12 16975 
9 38 43 13 16975 
9 38 58 12 16975 
9 39 13 13 16975 
9 39 28 12 16975 
9 39 43 13 16975 
9 39 58 12 16975 
9 40 13 13 16975 
9 40 28 12 16975 
9 40 43 13 16975 
9 40 58 12 16975 
9 41 13 13 16975 
9 41 28 12 16975 
9 41 43 13 16975 
9 41 58 12 16975 
9 42 13 13 16975 
9 42 28 12 16975 
9 42 43 13 16975 
9 42 58 12 16975 
9 43 13 13 16975 
9 43 28 12 16975 
9 43 43 13 16975 
9 43 58 12 16975 
9 44 13 13 16975 
9 46 43 13 16975 
9 46 58 12 16975 
9 47 13 13 16975 
9 47 28 12 16975 
9 47 43 13 16975 
9 47 58 12 16975 
9 48 13 13 16975 
9 48 28 12 16975 
9 48 43 13 16975 
9 48 58 12 16975 
9 49 13 13 16975 
9 49 28 12 16975 
9 49 43 13 16975 
9 49 58 12 16975 
9 50 13 13 16975 
9 50 28 12 16975 
9 50 43 13 16975 
9 50 58 12 16975 
9 51 13 13 16975 
9 51 28 12 16975 
9 51 43 13 16975 
9 51 58 12 16975 
9 52 13 13 16975 
9 52 28 12 16975 
9 52 43 13 16975 
9 52 58 12 16975 
9 53 13 13 16975 
9 53 28 12 16975 
9 53 43 13 16975 
9 53 58 12 16975 
9 54 13 13 16975 
9 54 28 12 16975 
9 54 43 13 16975 
9 54 58 12 16975 
9 55 13 13 16975 
9 55 28 12 16975 
9 55 43 13 16975 
9 55 58 12 16975 
9 56 13 13 16975 
9 56 28 12 16975 
9 56 43 13 16975 
9 56 58 12 16975 
9 57 13 13 16975 
9 57 28 12 16975 
9 57 43 13 16975 
9 57 58 12 16975 
9 58 13 13 16975 
9 58 28 12 16975 
9 58 43 13 16975 
9 58 58 12 16975 
9 59 13 13 16975 
9 59 28 12 16975 
9 59 43 13 16975 
9 59 58 12 16975 
10 0 13 13 16975 
10 0 28 12 16975 
10 0 43 13 16975 
10 0 58 12 16975 
10 1 13 13 16975 
10 3 43 13 16975 
10 3 58 12 16975 
10 4 13 13 16975 
10 4 28 12 16975 
10 4 43 13 16975 
10 4 58 12 16975 
10 5 13 13 16975 
10 5 28 12 16975 
10 5 43 13 16975 
10 5 58 12 16975 
10 6 13 13 16975 
10 6 28 12 16975 
10 6 43 13 16975 
10 6 58 12 16975 
10 7 13 13 16975 
10 7 28 12 16975 
10 7 43 13 16975 
10 7 58 12 16975 
10 8 13 13 16975 
10 8 28 12 16975 
10 8 43 13 16975 
10 8 58 12 16975 
10 9 13 13 16975 
10 9 28 12 16975 
10 9 43 13 16975 
10 9 58 12 16975 
10 10 13 13 16975 
10 10 28 12 16975 
10 10 43 13 16975 
10 10 58 12 16975 
10 11 13 13 16975 
10 11 28 12 16975 
10 11 43 13 16975 
10 11 58 12 16975 
10 12 13 13 16975 
10 12 28 12 16975 
10 12 43 13 16975 
10 12 58 12 16975 
10 13 13 13 16975 
10 13 28 12 16975 
10 13 43 13 16975 
10 13 58 12 16975 
10 14 13 13 16975 
10 14 28 12 16975 
10 14 43 13 16975 
10 14 58 12 16975 
10 15 13 13 16975 
10 15 28 12 16975 
10 15 43 13 16975 
10 15 58 12 16975 
10 16 13 13 16975 
10 16 28 12 16975 
10 16 43 13 16975 
10 16 58 12 16975 
10 17 13 13 16975 
10 17 28 12 16975 
10 17 43 13 16975 
10 17 58 12 16975 
10 18 13 13 16975 
10 20 44 13 16975 
10 20 59 12 16975 
10 21 14 13 16975 
10 21 29 12 16975 
10 21 44 13 16975 
10 21 59 12 16975 
10 22 14 13 16975 
10 22 29 12 16975 
10 22 44 13 16975 
10 22 59 12 16975 
10 23 14 13 16975 
10 23 29 12 16975 
10 23 44 13 16975 
10 23 59 12 16975 
10 24 14 13 16975 
10 24 29 12 16975 
10 24 44 13 16975 
10 24 59 12 16975 
10 25 14 13 16975 
10 25 29 12 16975 
10 25 44 13 16975 
10 25 59 12 16975 
10 26 14 13 16975 
10 26 29 12 16975 
10 26 44 13 16975 
10 26 59 12 16975 
10 27 14 13 16975 
10 27 29 12 16975 
10 27 44 13 16975 
10 27 59 12 16975 
10 28 14 13 16975 
10 28 29 12 16975 
10 28 44 13 16975 
10 28 59 12 16975 
10 29 14 13 16975 
10 29 29 12 16975 
10 29 44 13 16975 
10 29 59 12 16975 
10 30 14 13 16975 
10 30 29 12 16975 
10 30 44 13 16975 
10 30 59 12 16975 
10 31 14 13 16975 
10 31 29 12 16975 
10 31 44 13 16975 
10 31 59 12 16975 
10 32 14 13 16975 
10 32 29 12 16975 
10 32 44 13 16975 
10 32 59 12 16975 
10 33 14 13 16975 
10 33 29 12 16975 
10 33 44 13 16975 
10 33 59 12 16975 
10 34 14 13 16975 
10 34 29 12 16975 
10 34 44 13 16975 
10 34 59 12 16975 
10 35 14 13 16975 
10 37 44 13 16975 
10 37 59 12 16975 
10 38 14 13 16975 
10 38 29 12 16975 
10 38 44 13 16975 
10 38 59 12 16975 
10 39 14 13 16975 
10 39 29 12 16975 
10 39 44 13 16975 
10 39 59 12 16975 
10 40 14 13 16975 
10 40 29 12 16975 
10 40 44 13 16975 
10 40 59 12 16975 
10 41 14 13 16975 
10 41 29 12 16975 
10 41 44 13 16975 
10 41 59 12 16975 
10 42 14 13 16975 
10 42 29 12 16975 
10 42 44 13 16975 
10 42 59 12 16975 
10 43 14 13 16975 
10 43 29 12 16975 
10 43 44 13 16975 
10 43 59 12 16975 
10 44 14 13 16975 
10 44 29 12 16975 
10 44 44 13 16975 
10 44 59 12 16975 
10 45 14 13 16975 
10 45 29 12 16975 
10 45 44 13 16975 
10 45 59 12 16975 
10 46 14 13 16975 
10 46 29 12 16975 
10 46 44 13 16975 
10 46 59 12 16975 
10 47 14 13 16975 
10 47 29 12 16975 
10 47 44 13 16975 
10 47 59 12 16975 
10 48 14 13 16975 
10 48 29 12 16975 
10 48 44 13 16975 
10 48 59 12 16975 
10 49 14 13 16975 
10 49 29 12 16975 
10 49 44 13 16975 
10 49 59 12 16975 
10 50 14 13 16975 
10 50 29 12 16975 
10 50 44 13 16975 
10 50 59 12 16975 
10 51 14 13 16975 
10 51 29 12 16975 
10 51 44 13 16975 
10 51 59 12 16975 
10 52 14 13 16975 
10 54 44 13 16975 
10 54 59 12 16975 
10 55 14 13 16975 
10 55 29 12 16975 
10 55 44 13 16975 
10 55 59 12 16975 
10 56 14 13 16975 
10 56 29 12 16975 
10 56 44 13 16975 
10 56 59 12 16975 
10 57 14 13 16975 
10 57 29 12 16975 
10 57 44 13 16975 
10 57 59 12 16975 
10 58 14 13 16975 
10 58 29 12 16975 
10 58 44 13 16975 
10 58 59 12 16975 
10 59 14 13 16975 
10 59 29 12 16975 
10 59 44 13 16975 
10 59 59 12 16975 
11 0 14 13 16975 
11 0 29 12 16975 
11 0 44 13 16975 
11 0 59 12 16975 
11 1 14 13 16975 
11 1 29 12 16975 
11 1 44 13 16975 
11 1 59 12 16975 
11 2 14 13 16975 
11 2 29 12 16975 
11 2 44 13 16975 
11 2 59 12 16975 
11 3 14 13 16975 
11 3 29 12 16975 
11 3 44 13 16975 
11 3 59 12 16975 
11 4 14 13 16975 
11 4 29 12 16975 
11 4 44 13 16975 
11 4 59 12 16975 
11 5 14 13 16975 
11 5 29 12 16975 
11 5 44 13 16975 
11 5 59 12 16975 
11 6 14 13 16975 
11 6 29 12 16975 
11 6 44 13 16975 
11 6 59 12 16975 
11 7 14 13 16975 
11 7 29 12 16975 
11 7 44 13 16975 
11 7 59 12 16975 
11 8 14 13 16975 
11 8 29 12 16975 
11 8 44 13 16975 
11 8 59 12 16975 
11 9 14 13 16975 
11 11 46 13 16975 
11 12 0 12 16975 
11 12 16 13 16975 
11 12 30 12 16975 
11 12 46 13 16975 
11 13 0 12 16975 
11 13 16 13 16975 
11 13 30 12 16975 
11 13 46 13 16975 
11 14 0 12 16975 
11 14 16 13 16975 
11 14 30 12 16975 
11 14 46 13 16975 
11 15 0 12 16975 
11 15 16 13 16975 
11 15 30 12 16975 
11 15 46 13 16975 
11 16 0 12 16975 
11 16 16 13 16975 
11 16 30 12 16975 
11 16 46 13 16975 
11 17 0 12 16975 
11 17 16 13 16975 
11 17 30 12 16975 
11 17 46 13 16975 
11 18 0 12 16975 
11 18 16 13 16975 
11 18 30 12 16975 
11 18 46 13 16975 
11 19 0 12 16975 
11 19 16 13 16975 
11 19 30 12 16975 
11 19 46 13 16975 
11 20 0 12 16975 
11 20 16 13 16975 
11 20 30 12 16975 
11 20 46 13 16975 
11 21 0 12 16975 
11 21 16 13 16975 
11 21 30 12 16975 
11 21 46 13 16975 
11 22 0 12 16975 
11 22 16 13 16975 
11 22 30 12 16975 
11 22 46 13 16975 
11 23 0 12 16975 
11 23 16 13 16975 
11 23 30 12 16975 
11 23 46 13 16975 
11 24 0 12 16975 
11 24 16 13 16975 
11 24 30 12 16975 
11 24 46 13 16975 
11 25 0 12 16975 
11 25 16 13 16975 
11 25 30 12 16975 
11 25 46 13 16975 
11 26 0 12 16975 
11 26 16 13 16975 
11 28 46 13 16975 
11 29 0 12 16975 
11 29 16 13 16975 
11 29 30 12 16975 
11 29 46 13 16975 
11 30 0 12 16975 
11 30 16 13 16975 
11 30 30 12 16975 
11 30 46 13 16975 
11 31 0 12 16975 
11 31 16 13 16975 
11 31 30 12 16975 
11 31 46 13 16975 
11 32 0 12 16975 
11 32 16 13 16975 
11 32 30 12 16975 
11 32 46 13 16975 
11 33 0 12 16975 
11 33 16 13 16975 
11 33 30 12 16975 
11 33 46 13 16975 
11 34 0 12 16975 
11 34 16 13 16975 
11 34 30 12 16975 
11 34 46 13 16975 
11 35 0 12 16975 
11 35 16 13 16975 
11 35 30 12 16975 
11 35 46 13 16975 
11 36 0 12 16975 
11 36 16 13 16975 
11 36 30 12 16975 
11 36 46 13 16975 
11 37 0 12 16975 
11 37 16 13 16975 
11 37 30 12 16975 
11 37 46 13 16975 
11 38 0 12 16975 
11 38 16 13 16975 
11 38 30 12 16975 
11 38 46 13 16975 
11 39 0 12 16975 
11 39 16 13 16975 
11 39 30 12 16975 
11 39 46 13 16975 
11 40 0 12 16975 
11 40 16 13 16975 
11 40 30 12 16975 
11 40 46 13 16975 
11 41 0 12 16975 
11 41 16 13 16975 
11 41 30 12 16975 
11 41 46 13 16975 
11 42 0 12 16975 
11 42 16 13 16975 
11 42 30 12 16975 
11 42 46 13 16975 
11 43 0 12 16975 
11 43 16 13 16975 
11 45 46 13 16975 
11 46 0 12 16975 
11 46 16 13 16975 
11 46 30 12 16975 
11 46 46 13 16975 
11 47 0 12 16975 
11 47 16 13 16975 
11 47 30 12 16975 
11 47 46 13 16975 
11 48 0 12 16975 
11 48 16 13 16975 
11 48 30 12 16975 
11 48 46 13 16975 
11 49 0 12 16975 
11 49 16 13 16975 
11 49 30 12 16975 
11 49 46 13 16975 
11 50 0 12 16975 
11 50 16 13 16975 
11 50 30 12 16975 
11 50 46 13 16975 
11 51 0 12 16975 
11 51 16 13 16975 
11 51 30 12 16975 
11 51 46 13 16975 
11 52 0 12 16975 
11 52 16 13 16975 
11 52 30 12 16975 
11 52 46 13 16975 
11 53 0 12 16975 
11 53 16 13 16975 
11 53 30 12 16975 
11 53 46 13 16975 
11 54 0 12 16975 
11 54 16 13 16975 
11 54 30 12 16975 
11 54 46 13 16975 
11 55 0 12 16975 
11 55 16 13 16975 
11 55 30 12 16975 
11 55 46 13 16975 
11 56 0 12 16975 
11 56 16 13 16975 
11 56 30 12 16975 
11 56 46 13 16975 
11 57 0 12 16975 
11 57 16 13 16975 
11 57 30 12 16975 
11 57 46 13 16975 
11 58 0 12 16975 
11 58 16 13 16975 
11 58 30 12 16975 
11 58 46 13 16975 
11 59 0 12 16975 
11 59 16 13 16975 
11 59 30 12 16975 
11 59 46 13 16975 
12 0 0 12 16975 
12 0 16 13 16975 
12 2 47 13 16975 
12 3 1 12 16975 
12 3 17 13 16975 
12 3 31 12 16975 
12 3 47 13 16975 
12 4 1 12 16975 
12 4 17 13 16975 
12 4 31 12 16975 
12 4 47 13 16975 
12 5 1 12 16975 
12 5 17 13 16975 
12 5 31 12 16975 
12 5 47 13 16975 
12 6 1 12 16975 
12 6 17 13 16975 
12 6 31 12 16975 
12 6 47 13 16975 
12 7 1 12 16975 
12 7 17 13 16975 
12 7 31 12 16975 
12 7 47 13 16975 
12 8 1 12 16975 
12 8 17 13 16975 
12 8 31 12 16975 
12 8 47 13 16975 
12 9 1 12 16975 
12 9 17 13 16975 
12 9 31 12 16975 
12 9 47 13 16975 
12 10 1 12 16975 
12 10 17 13 16975 
12 10 31 12 16975 
12 10 47 13 16975 
12 11 1 12 16975 
12 11 17 13 16975 
12 11 31 12 16975 
12 11 47 13 16975 
12 12 1 12 16975 
12 12 17 13 16975 
12 12 31 12 16975 
12 12 47 13 16975 
12 13 1 12 16975 
12 13 17 13 16975 
12 13 31 12 16975 
12 13 47 13 16975 
12 14 1 12 16975 
12 14 17 13 16975 
12 14 31 12 16975 
12 14 47 13 16975 
12 15 1 12 16975 
12 15 17 13 16975 
12 15 31 12 16975 
12 15 47 13 16975 
12 16 1 12 16975 
12 16 17 13 16975 
12 16 31 12 16975 
12 16 47 13 16975 
12 17 1 12 16975 
12 17 17 13 16975 
12 19 47 13 16975 
12 20 1 12 16975 
12 20 17 13 16975 
12 20 31 12 16975 
12 20 47 13 16975 
12 21 1 12 16975 
12 21 17 13 16975 
12 21 31 12 16975 
12 21 47 13 16975 
12 22 1 12 16975 
12 22 17 13 16975 
12 22 31 12 16975 
12 22 47 13 16975 
12 23 1 12 16975 
12 23 17 13 16975 
12 23 31 12 16975 
12 23 47 13 16975 
12 24 1 12 16975 
12 24 17 13 16975 
12 24 31 12 16975 
12 24 47 13 16975 
12 25 1 12 16975 
12 25 17 13 16975 
12 25 31 12 16975 
12 25 47 13 16975 
12 26 1 12 16975 
12 26 17 13 16975 
12 26 31 12 16975 
12 26 47 13 16975 
12 27 1 12 16975 
12 27 17 13 16975 
12 27 31 12 16975 
12 27 47 13 16975 
12 28 1 12 16975 
12 28 17 13 16975 
12 28 31 12 16975 
12 28 47 13 16975 
12 29 1 12 16975 
12 29 17 13 16975 
12 29 31 12 16975 
12 29 47 13 16975 
12 30 1 12 16975 
12 30 17 13 16975 
12 30 31 12 16975 
12 30 47 13 16975 
12 31 1 12 16975 
12 31 17 13 16975 
12 31 31 12 16975 
12 31 47 13 16975 
12 32 1 12 16975 
12 32 17 13 16975 
12 32 31 12 16975 
12 32 47 13 16975 
12 33 1 12 16975 
12 33 17 13 16975 
12 33 31 12 16975 
12 33 47 13 16975 
12 34 1 12 16975 
12 34 17 13 16975 
12 36 47 13 16975 
12 37 1 12 16975 
12 37 17 13 16975 
12 37 31 12 16975 
12 37 47 13 16975 
12 38 1 12 16975 
12 38 17 13 16975 
12 38 31 12 16975 
12 38 47 13 16975 
12 39 1 12 16975 
12 39 17 13 16975 
12 39 31 12 16975 
12 39 47 13 16975 
12 40 1 12 16975 
12 40 17 13 16975 
12 40 31 12 16975 
12 40 47 13 16975 
12 41 1 12 16975 
12 41 17 13 16975 
12 41 31 12 16975 
12 41 47 13 16975 
12 42 1 12 16975 
12 42 17 13 16975 
12 42 31 12 16975 
12 42 47 13 16975 
12 43 1 12 16975 
12 43 17 13 16975 
12 43 31 12 16975 
12 43 47 13 16975 
12 44 1 12 16975 
12 44 17 13 16975 
12 44 31 12 16975 
12 44 47 13 16975 
12 45 1 12 16975 
12 45 17 13 16975 
12 45 31 12 16975 
12 45 47 13 16975 
12 46 1 12 16975 
12 46 17 13 16975 
12 46 31 12 16975 
12 46 47 13 16975 
12 47 1 12 16975 
12 47 17 13 16975 
12 47 31 12 16975 
12 47 47 13 16975 
12 48 1 12 16975 
12 48 17 13 16975 
12 48 31 12 16975 
12 48 47 13 16975 
12 49 1 12 16975 
12 49 17 13 16975 
12 49 31 12 16975 
12 49 47 13 16975 
12 50 1 12 16975 
12 50 17 13 16975 
12 50 31 12 16975 
12 50 47 13 16975 
12 51 1 12 16975 
12 51 17 13 16975 
12 53 48 13 16975 
12 54 2 12 16975 
12 54 18 13 16975 
12 54 32 12 16975 
12 54 48 13 16975 
12 55 2 12 16975 
12 55 18 13 16975 
12 55 32 12 16975 
12 55 48 13 16975 
12 56 2 12 16975 
12 56 18 13 16975 
12 56 32 12 16975 
12 56 48 13 16975 
12 57 2 12 16975 
12 57 18 13 16975 
12 57 32 12 16975 
12 57 48 13 16975 
12 58 2 12 16975 
12 58 18 13 16975 
12 58 32 12 16975 
12 58 48 13 16975 
12 59 2 12 16975 
12 59 18 13 16975 
12 59 32 12 16975 
12 59 48 13 16975 
13 0 2 12 16975 
13 0 18 13 16975 
13 0 32 12 16975 
13 0 48 13 16975 
13 1 2 12 16975 
13 1 18 13 16975 
13 1 32 12 16975 
13 1 48 13 16975 
13 2 2 12 16915 
13 2 18 13 16975 
13 2 32 12 16975 
13 2 48 13 16975 
13 3 2 12 16975 
13 3 18 13 16975 
13 3 32 12 16975 
13 3 48 13 16975 
13 4 2 12 16975 
13 4 18 13 16975 
13 4 32 12 16975 
13 4 48 13 16975 
13 5 2 12 16975 
13 5 18 13 16975 
13 5 32 12 16975 
13 5 48 13 16975 
13 6 2 12 16975 
13 6 18 13 16975 
13 6 32 12 16975 
13 6 48 13 16975 
13 7 2 12 16975 
13 7 18 13 16975 
13 7 32 12 16975 
13 7 48 13 16975 
13 8 2 12 16975 
13 8 18 13 16975 
13 10 48 13 16975 
13 11 2 12 16975 
13 11 18 13 16975 
13 11 32 12 16975 
13 11 48 13 16975 
13 12 2 12 16975 
13 12 18 13 16975 
13 12 32 12 16975 
13 12 48 13 16975 
13 13 2 12 16975 
13 13 18 13 16975 
13 13 32 12 16975 
13 13 48 13 16975 
13 14 2 12 16975 
13 14 18 13 16975 
13 14 32 12 16975 
13 14 48 13 16975 
13 15 2 12 16975 
13 15 18 13 16975 
13 15 32 12 16975 
13 15 48 13 16975 
13 16 2 12 16975 
13 16 18 13 16975 
13 16 32 12 16975 
13 16 48 13 16975 
13 17 2 12 16975 
13 17 18 13 16975 
13 17 32 12 16975 
13 17 48 13 16975 
13 18 2 12 16975 
13 18 18 13 16975 
13 18 32 12 16975 
13 18 48 13 16975 
13 19 2 12 16975 
13 19 18 13 16975 
13 19 32 12 16975 
13 19 48 13 16975 
13 20 2 12 16975 
13 20 18 13 16975 
13 20 32 12 16975 
13 20 48 13 16975 
13 21 2 12 16975 
13 21 18 13 16975 
13 21 32 12 16975 
13 21 48 13 16975 
13 22 2 12 16975 
13 22 18 13 16975 
13 22 32 12 16975 
13 22 48 13 16975 
13 23 2 12 16975 
13 23 18 13 16975 
13 23 32 12 16975 
13 23 48 13 16975 
13 24 2 12 16975 
13 24 18 13 16975 
13 24 32 12 16975 
13 24 48 13 16975 
13 25 2 12 16975 
13 25 18 13 16975 
13 27 48 13 16975 
13 28 2 12 16975 
13 28 18 13 16975 
13 28 32 12 16975 
13 28 48 13 16975 
13 29 2 12 16975 
13 29 18 13 16975 
13 29 32 12 16975 
13 29 48 13 16975 
13 30 2 12 16975 
13 30 18 13 16975 
13 30 32 12 16975 
13 30 48 13 16975 
13 31 2 12 16975 
13 31 18 13 16975 
13 31 32 12 16975 
13 31 48 13 16975 
13 32 2 12 16975 
13 32 18 13 16975 
13 32 32 12 16975 
13 32 48 13 16975 
13 33 2 12 16975 
13 33 18 13 16975 
13 33 32 12 16975 
13 33 48 13 16975 
13 34 2 12 16975 
13 34 18 13 16975 
13 34 32 12 16975 
13 34 48 13 16975 
13 35 2 12 16975 
13 35 18 13 16975 
13 35 32 12 16975 
13 35 48 13 16975 
13 36 2 12 16975 
13 36 18 13 16975 
13 36 33 12 16975 
13 36 48 13 16975 
13 37 3 12 16975 
13 37 18 13 16975 
13 37 33 12 16975 
13 37 48 13 16975 
13 38 3 12 16975 
13 38 18 13 16975 
13 38 33 12 16975 
13 38 48 13 16975 
13 39 3 12 16975 
13 39 18 13 16975 
13 39 33 12 16975 
13 39 48 13 16975 
13 40 3 12 16975 
13 40 18 13 16975 
13 40 33 12 16975 
13 40 48 13 16975 
13 41 3 12 16975 
13 41 18 13 16975 
13 41 33 12 16975 
13 41 48 13 16975 
13 42 3 12 16975 
13 42 18 13 16975 
13 44 49 13 16975 
13 45 4 12 16975 
13 45 19 13 16975 
13 45 34 12 16975 
13 45 49 13 16975 
13 46 4 12 16975 
13 46 19 13 16975 
13 46 34 12 16975 
13 46 49 13 16975 
13 47 4 12 16975 
13 47 19 13 16975 
13 47 34 12 16975 
13 47 49 13 16975 
13 48 4 12 16975 
13 48 19 13 16975 
13 48 34 12 16975 
13 48 49 13 16975 
13 49 4 12 16975 
13 49 19 13 16975 
13 49 34 12 16975 
13 49 49 13 16975 
13 50 4 12 16975 
13 50 19 13 16975 
13 50 34 12 16975 
13 50 49 13 16975 
13 51 4 12 16975 
13 51 19 13 16975 
13 51 34 12 16975 
13 51 49 13 16975 
13 52 4 12 16975 
13 52 19 13 16975 
13 52 34 12 16975 
13 52 49 13 16975 
13 53 4 12 16975 
13 53 19 13 16975 
13 53 34 12 16975 
13 53 49 13 16975 
13 54 4 12 16975 
13 54 19 13 16975 
13 54 34 12 16975 
13 54 49 13 16975 
13 55 4 12 16975 
13 55 19 13 16975 
13 55 34 12 16975 
13 55 49 13 16975 
13 56 4 12 16975 
13 56 19 13 16975 
13 56 34 12 16975 
13 56 49 13 16975 
13 57 4 12 16975 
13 57 19 13 16975 
13 57 34 12 16975 
13 57 49 13 16975 
13 58 4 12 16975 
13 58 19 13 16975 
13 58 34 12 16975 
13 58 49 13 16975 
13 59 4 12 16975 
13 59 19 13 16975 
14 1 49 13 16975 
14 2 4 12 16975 
14 2 19 13 16975 
14 2 34 12 16975 
14 2 49 13 16975 
14 3 4 12 16975 
14 3 19 13 16975 
14 3 34 12 16975 
14 3 49 13 16975 
14 4 4 12 16975 
14 4 19 13 16975 
14 4 34 12 16975 
14 4 49 13 16975 
14 5 4 12 16975 
14 5 19 13 16975 
14 5 34 12 16975 
14 5 49 13 16915 
14 6 4 12 16975 
14 6 19 13 16975 
14 6 33 12 16975 
14 6 49 13 16975 
14 7 4 12 16975 
14 7 19 13 16975 
14 7 34 12 16975 
14 7 49 13 16975 
14 8 4 12 16975 
14 8 19 13 16975 
14 8 34 12 16915 
14 8 49 13 16915 
14 9 4 12 16975 
14 9 19 13 16975 
14 9 34 12 16975 
14 9 49 13 16975 
14 10 4 12 16975 
14 10 19 13 16975 
14 10 34 12 16975 
14 10 49 13 16975 
14 11 3 12 16915 
14 11 19 13 16975 
14 11 34 12 16975 
14 11 49 13 16975 
14 12 4 12 16975 
14 12 19 13 16975 
14 12 34 12 16975 
14 12 49 13 16975 
14 13 4 12 16975 
14 13 19 13 16975 
14 13 34 12 16975 
14 13 49 13 16975 
14 14 4 12 16975 
14 14 19 13 16975 
14 14 34 12 16975 
14 14 49 13 16975 
14 15 4 12 16975 
14 15 19 13 16975 
14 15 34 12 16915 
14 15 49 13 16975 
14 16 4 12 16975 
14 16 19 13 16915 
14 18 49 13 16975 
14 19 4 12 16975 
14 19 19 13 16975 
14 19 34 12 16975 
14 19 49 13 16975 
14 20 4 12 16975 
14 20 19 13 16975 
14 20 34 12 16975 
14 20 49 13 16975 
14 21 4 12 16975 
14 21 19 13 16975 
14 21 34 12 16975 
14 21 49 13 16975 
14 22 4 12 16975 
14 22 19 13 16975 
14 22 34 12 16975 
14 22 49 13 16975 
14 23 4 12 16975 
14 23 19 13 16975 
14 23 34 12 16975 
14 23 49 13 16975 
14 24 4 12 16975 
14 24 19 13 16975 
14 24 34 12 16975 
14 24 49 13 16975 
14 25 4 12 16975 
14 25 19 13 16975 
14 25 34 12 16975 
14 25 49 13 16975 
14 26 4 12 16975 
14 26 19 13 16975 
14 26 34 12 16975 
14 26 49 13 16975 
14 27 4 12 16975 
14 27 19 13 16975 
14 27 34 12 16975 
14 27 49 13 16975 
14 28 4 12 16975 
14 28 19 13 16975 
14 28 34 12 16975 
14 28 49 13 16975 
14 29 4 12 16975 
14 29 19 13 16975 
14 29 34 12 16975 
14 29 49 13 16975 
14 30 4 12 16975 
14 30 19 13 16915 
14 30 34 12 16975 
14 30 49 13 16915 
14 31 4 12 16975 
14 31 19 13 16975 
14 31 34 12 16975 
14 31 49 13 16975 
14 32 4 12 16975 
14 32 19 13 16975 
14 32 34 12 16975 
14 32 49 13 16975 
14 33 4 12 16975 
14 33 19 13 16975 
14 35 50 13 16975 
14 36 5 12 16975 
14 36 21 13 16975 
14 36 35 12 16975 
14 36 51 13 16975 
14 37 5 12 16975 
14 37 21 13 16975 
14 37 35 12 16975 
14 37 51 13 16975 
14 38 5 12 16915 
14 38 21 13 16975 
14 38 35 12 16975 
14 38 51 13 16975 
14 39 5 12 16975 
14 39 21 13 16975 
14 39 35 12 16915 
14 39 51 13 16975 
14 40 5 12 16975 
14 40 21 13 16975 
14 40 35 12 16915 
14 40 51 13 16975 
14 41 5 12 16975 
14 41 21 13 16975 
14 41 35 12 16975 
14 41 51 13 16975 
14 42 5 12 16975 
14 42 21 13 16975 
14 42 35 12 16975 
14 42 51 13 16975 
14 43 5 12 16975 
14 43 21 13 16975 
14 43 35 12 16975 
14 43 51 13 16975 
14 44 5 12 16975 
14 44 21 13 16975 
14 44 35 12 16975 
14 44 51 13 16975 
14 45 5 12 16975 
14 45 21 13 16975 
14 45 35 12 16975 
14 45 50 13 16975 
14 46 5 12 16975 
14 46 21 13 16975 
14 46 35 12 16975 
14 46 51 13 16975 
14 47 5 12 16975 
14 47 21 13 16975 
14 47 35 12 16975 
14 47 51 13 16975 
14 48 5 12 16975 
14 48 21 13 16975 
14 48 35 12 16975 
14 48 51 13 16975 
14 49 5 12 16975 
14 49 21 13 16975 
14 49 35 12 16975 
14 49 51 13 16975 
14 50 5 12 16975 
14 50 21 13 16975 
14 52 51 13 16975 
14 53 5 12 16975 
14 53 21 13 16975 
14 53 35 12 16975 
14 53 51 13 16915 
14 54 5 12 16975 
14 54 21 13 16975 
14 54 35 12 16975 
14 54 51 13 16975 
14 55 5 12 16975 
14 55 21 13 16975 
14 55 35 12 16975 
14 55 51 13 16975 
14 56 5 12 16975 
14 56 21 13 16975 
14 56 35 12 16975 
14 56 51 13 16975 
14 57 5 12 16975 
14 57 21 13 16975 
14 57 35 12 16975 
14 57 51 13 16975 
14 58 5 12 16975 
14 58 21 13 16975 
14 58 35 12 16915 
14 58 51 13 16975 
14 59 5 12 16975 

/> 
read_ramp 10271310

read_ramp 10271310
<CR>Time:2021/10/27 14:53Ramp data first polarity: 
792 792 791 792 792 792 792 792 793 793 792 792 793 793 792 792 793 793 792 792 792 793 792 792 792 792 792 792 792 792 792 793 792 792 792 793 793 792 792 792 793 792 791 792 792 792 792 792 794 792 792 793 793 793 793 793 792 792 793 792 792 792 792 792 793 788 788 784 780 776 775 772 769 766 764 763 761 760 759 758 756 755 752 752 750 748 747 745 743 741 740 738 737 735 733 731 730 728 726 725 724 722 721 719 718 716 714 712 711 708 707 706 705 703 702 701 698 696 694 693 691 689 688 686 686 683 682 680 679 677 676 674 672 670 669 667 666 664 662 661 660 657 656 655 652 651 651 649 648 646 644 642 640 639 638 635 635 633 630 629 628 626 625 623 622 620 618 616 615 614 612 612 610 607 607 605 604 602 601 600 597 595 595 593 591 590 588 587 585 584 582 581 580 578 577 575 574 571 570 568 567 565 564 563 561 559 559 558 556 554 553 552 549 548 548 545 544 542 541 540 538 536 535 534 532 531 529 528 526 524 523 522 520 519 517 516 515 513 513 512 512 511 510 509 509 510 509 509 507 509 509 509 509 510 509 509 509 509 509 510 509 510 509 510 510 510 509 509 510 509 509 510 508 509 510 509 509 509 509 509 509 509 509 509 510 510 510 510 510 510 509 509 509 510 509 509 509 509 510 509 509 509 510 509 509 509 509 509 510 510 510 509 510 510 509 510 510 509 510 509 
ramp data second polarity
230 230 230 230 230 229 228 229 230 229 229 229 229 229 229 229 229 229 229 229 228 229 230 229 230 230 230 230 229 229 229 230 230 229 229 229 230 229 229 229 228 229 229 229 229 229 229 229 229 230 230 229 229 229 228 229 229 230 229 229 230 229 229 230 230 234 233 235 239 241 243 247 251 253 257 257 258 260 261 264 264 266 268 269 271 272 274 276 277 281 281 282 284 285 287 289 290 292 294 296 297 299 299 302 303 304 307 308 310 312 313 315 316 317 319 321 322 324 325 328 330 333 333 335 337 337 339 341 342 343 345 347 348 350 351 353 355 356 358 359 361 363 365 366 368 370 370 372 374 375 377 378 380 382 383 385 388 388 390 391 392 394 395 397 398 401 402 403 405 407 408 409 411 413 414 415 417 418 419 420 423 424 426 427 429 430 432 434 436 437 439 441 441 443 444 445 447 448 450 452 453 455 456 457 459 461 462 463 464 466 467 468 471 473 474 476 478 478 479 481 483 484 485 487 488 489 491 492 493 495 496 497 499 501 502 503 505 507 508 509 510 510 511 511 511 511 510 512 511 511 513 512 513 511 511 512 511 511 511 511 512 512 511 512 512 511 511 511 512 513 512 511 511 511 511 511 511 511 511 511 512 511 512 513 512 512 512 514 512 511 511 511 512 511 511 511 512 511 511 511 511 511 511 511 512 511 511 512 512 512 512 512 511 511 512 511 511 511 512 513 
Oscillation data first polarity :
233 234 239 243 247 248 251 254 256 258 260 260 262 264 265 266 269 270 272 274 275 276 278 280 282 283 285 286 287 289 291 292 294 295 297 299 299 302 304 306 308 310 313 312 313 315 317 318 320 322 323 325 327 328 330 331 333 335 336 338 339 341 343 345 346 347 349 350 353 354 356 357 358 361 362 363 365 366 368 369 371 373 374 376 378 379 381 382 384 385 387 388 390 392 394 395 396 398 399 401 401 405 406 406 408 409 412 412 415 416 418 419 421 422 423 426 427 429 430 431 432 434 435 437 439 440 442 443 445 446 448 450 452 453 454 455 456 458 459 461 462 466 465 467 468 469 471 473 474 476 477 479 480 481 483 485 486 488 489 490 492 494 494 496 497 499 500 501 503 503 505 507 508 509 510 510 512 512 513 513 513 511 511 512 512 513 511 511 511 511 512 511 512 511 511 512 511 511 512 511 512 512 512 511 511 511 512 513 512 512 511 511 511 511 511 511 511 511 511 511 511 512 512 512 512 512 512 512 511 512 511 511 511 511 510 511 511 512 511 511 513 511 512 512 511 513 512 512 512 511 511 512 512 512 512 512 511 513 512 512 512 511 511 511 511 511 510 511 512 513 512 513 511 511 511 511 511 512 511 511 511 511 511 511 512 511 512 511 512 512 511 513 512 513 512 511 511 511 512 511 511 512 511 512 512 511 512 513 512 511 511 511 511 511 512 513 512 513 512 511 
Oscillation data second polarity :
787 785 782 779 777 772 769 767 766 764 763 762 760 759 756 755 753 752 750 748 747 745 743 742 741 739 737 735 734 732 731 729 728 727 725 723 722 720 718 717 715 713 712 710 708 707 705 703 702 700 698 696 695 694 692 690 691 687 686 684 683 680 679 678 676 674 672 671 670 668 667 665 663 662 660 658 657 655 654 653 651 650 648 646 644 643 642 639 638 637 635 633 632 630 628 627 626 624 622 620 619 618 617 615 614 613 610 609 607 606 604 602 602 600 598 596 595 593 592 590 589 587 586 584 583 583 580 579 578 575 574 573 571 570 568 566 565 564 562 561 559 558 556 555 553 551 548 549 548 546 545 543 541 540 539 538 536 535 533 532 530 528 528 525 524 523 521 520 518 517 517 516 514 513 511 509 509 510 509 509 509 509 508 510 509 509 509 509 509 509 509 509 509 509 510 509 510 509 509 509 509 510 509 509 510 509 509 509 509 509 509 509 509 508 509 508 509 510 510 510 510 510 510 509 510 510 509 510 509 509 509 509 510 509 510 509 509 509 509 509 509 510 510 509 509 508 509 509 509 509 509 510 509 509 509 509 509 509 509 509 509 509 509 510 510 510 510 510 509 509 509 510 509 509 509 509 509 509 509 509 509 509 509 509 509 509 509 509 509 510 510 510 509 509 510 510 509 510 510 509 510 509 509 509 509 509 509 509 508 510 510 510 508 510 509 509 509 510 510 509 
/> 