


/> 
read_ramp 04181110
<CR>Time:2021/04/18 14:43Ramp data first polarity: 
279 279 279 278 278 278 277 279 277 278 278 279 278 278 278 277 278 277 279 278 278 278 278 279 278 279 278 278 279 278 279 278 278 278 278 279 279 278 278 280 278 278 279 278 279 278 278 278 279 278 278 279 278 278 278 278 278 278 279 278 278 278 278 279 279 281 282 283 284 286 287 290 291 293 294 295 298 298 300 300 302 303 305 307 307 309 310 312 313 314 316 315 319 319 320 323 323 325 326 327 328 330 331 333 334 335 336 338 339 340 342 343 345 346 347 349 350 351 352 354 355 357 358 358 360 361 363 364 365 366 368 369 370 372 373 374 376 376 378 379 380 381 383 384 385 387 388 389 391 391 393 394 395 396 398 399 400 401 402 404 405 407 407 409 410 411 413 413 416 416 418 419 420 421 423 424 425 428 427 428 430 430 432 433 434 435 437 437 438 440 441 443 443 445 446 447 447 449 450 451 453 453 455 456 458 459 460 461 462 463 465 466 468 468 469 471 472 472 475 475 475 478 478 479 481 481 483 485 485 485 488 488 489 491 491 492 494 494 495 497 498 499 500 501 502 503 504 503 505 505 5[Warning: Maximal number of bytes per line exceeded! Check the EOL (end-of-line) settings or increase the limit in the advanced terminal settings.]
read 0418
<CR>Time:2021/04/18 14:43
Hours Minutes Seconds  Nb_Samples    Aver. Current 
8 52 56 224 8082 
8 53 11 219 8388 
8 53 26 224 11083 
8 53 41 224 12736 
8 53 56 224 13899 
8 54 11 224 14022 
8 57 17 99 13899 
8 57 28 167 14083 
8 57 43 224 14083 
8 57 58 224 14083 
8 58 13 224 14083 
8 58 28 224 14083 
8 58 43 224 14022 
8 58 58 224 14022 
8 59 13 223 14022 
8 59 28 224 14022 
8 59 43 224 14022 
8 59 58 224 14022 
9 0 13 224 14022 
9 0 28 224 14022 
9 0 43 224 14022 
9 0 58 224 14022 
9 1 13 224 14022 
9 1 28 224 14022 
9 1 43 224 14022 
9 1 58 224 14022 
9 2 13 224 14022 
9 2 28 224 14022 
9 2 43 224 14022 
9 2 58 224 14022 
9 3 13 224 14022 
9 3 28 224 14022 
9 3 43 224 14022 
9 3 58 224 13961 
9 4 13 224 14022 
9 4 28 224 14022 
9 4 43 224 13961 
9 4 58 224 13961 
9 5 13 224 13961 
9 5 28 224 13961 
9 5 43 224 13961 
9 5 58 224 13961 
9 6 13 224 13961 
9 6 28 224 13961 
9 6 43 224 13961 
9 6 58 224 13961 
9 7 13 224 13961 
9 7 28 224 13961 
9 7 43 224 13961 
9 7 58 224 13961 
9 8 13 224 13961 
9 8 28 224 13961 
9 8 43 224 13961 
9 8 58 224 13961 
9 9 50 224 13961 
9 10 5 224 13961 
9 10 20 224 13961 
9 10 35 224 13961 
9 10 50 224 13961 
9 11 5 224 13961 
9 11 20 224 13961 
9 11 35 224 13961 
9 11 50 224 13961 
9 12 5 224 13961 
9 12 20 224 13961 
9 12 35 224 13961 
9 12 50 224 13961 
9 13 5 224 13961 
9 13 20 224 13961 
9 13 35 224 13961 
9 13 50 223 13961 
9 14 5 224 13961 
9 14 20 224 13961 
9 14 35 224 13961 
9 14 50 224 13961 
9 15 5 224 13961 
9 15 20 224 13961 
9 15 35 224 13961 
9 15 50 224 13961 
9 16 5 224 13961 
9 16 20 224 13961 
9 16 35 224 13961 
9 16 50 224 13961 
9 17 5 224 13961 
9 17 20 224 13961 
9 17 35 224 13961 
9 17 50 224 13961 
9 18 5 224 14022 
9 18 20 224 14022 
9 18 35 224 14022 
9 18 50 224 14022 
9 19 5 224 14022 
9 19 20 224 14022 
9 19 35 224 14022 
9 19 50 224 14022 
9 20 5 224 14022 
9 20 20 224 14022 
9 20 35 224 14022 
9 20 50 224 14022 
9 21 5 224 14022 
9 21 20 224 14022 
9 21 35 224 14022 
9 21 50 224 14022 
9 22 5 224 14022 
9 22 20 224 14022 
9 22 35 224 14022 
9 22 50 224 14022 
9 23 5 224 14022 
9 23 20 224 14022 
9 23 35 224 14022 
9 23 50 224 14022 
9 24 5 224 14022 
9 24 42 224 14022 
9 24 57 224 14022 
9 25 12 224 13961 
9 25 27 224 13961 
9 25 42 224 13961 
9 25 57 224 13961 
9 26 12 223 13961 
9 26 27 224 13961 
9 26 42 224 13961 
9 26 57 224 13961 
9 27 12 224 13961 
9 27 27 224 13961 
9 27 42 224 13961 
9 27 57 224 13961 
9 28 12 224 13961 
9 28 27 224 13961 
9 28 42 224 13961 
9 28 57 224 13961 
9 29 12 225 13961 
9 29 27 224 13961 
9 29 42 224 13961 
9 29 57 224 13961 
9 30 12 224 13961 
9 30 27 224 13961 
9 30 42 224 13961 
9 30 57 224 13961 
9 31 12 224 13961 
9 31 27 224 13961 
9 31 42 224 13961 
9 31 57 224 13961 
9 32 12 224 13961 
9 32 27 224 13961 
9 32 42 224 13961 
9 32 57 224 13961 
9 33 12 224 13961 
9 33 27 224 13961 
9 33 42 224 13961 
9 33 57 224 13961 
9 34 12 223 13961 
9 34 27 224 13961 
9 34 42 224 13961 
9 34 57 224 13961 
9 35 12 224 13961 
9 35 27 224 13961 
9 35 42 224 13961 
9 35 57 224 13961 
9 36 12 224 13961 
9 36 27 224 13961 
9 36 42 224 13961 
9 36 57 224 13961 
9 37 12 224 13961 
9 37 27 224 13961 
9 37 42 224 13961 
9 37 57 224 13961 
9 38 12 224 13961 
9 38 27 224 13961 
9 38 42 224 13961 
9 38 57 224 13961 
9 39 12 224 13961 
9 40 4 224 13961 
9 40 19 224 13961 
9 40 34 224 13961 
9 40 49 224 13961 
9 41 4 223 13961 
9 41 19 224 13961 
9 41 34 224 13961 
9 41 49 224 13961 
9 42 4 224 13961 
9 42 19 224 13961 
9 42 34 224 13961 
9 42 49 224 13961 
9 43 4 224 13961 
9 43 19 224 13961 
9 43 34 224 13899 
9 43 49 224 13899 
9 44 4 224 13899 
9 44 19 224 13899 
9 44 34 224 13899 
9 44 49 224 13899 
9 45 4 224 13899 
9 45 19 224 13899 
9 45 34 224 13899 
9 45 49 224 13899 
9 46 4 224 13899 
9 46 19 224 13899 
9 46 34 224 13899 
9 46 49 224 13899 
9 47 4 224 13899 
9 47 19 224 13899 
9 47 34 224 13899 
9 47 49 224 13899 
9 48 4 224 13899 
9 48 19 224 13899 
9 48 34 224 13899 
9 48 49 224 13899 
9 49 4 224 13899 
9 49 20 224 13899 
9 49 35 224 13899 
9 49 50 224 13899 
9 50 5 224 13899 
9 50 20 224 13899 
9 50 35 224 13899 
9 50 50 224 13899 
9 51 5 224 13899 
9 51 20 224 13899 
9 51 35 224 13899 
9 51 50 224 13899 
9 52 5 224 13899 
9 52 20 224 13899 
9 52 35 224 13899 
9 52 50 224 13899 
9 53 5 224 13899 
9 53 20 224 13899 
9 53 35 224 13899 
9 53 50 224 13899 
9 54 5 224 13899 
9 54 20 224 13899 
9 54 57 224 13899 
9 55 12 224 13899 
9 55 27 224 13899 
9 55 42 224 13899 
9 55 57 224 13899 
9 56 12 224 13899 
9 56 27 224 13899 
9 56 42 224 13899 
9 56 57 224 13899 
9 57 12 224 13899 
9 57 27 224 13899 
9 57 42 224 13899 
9 57 57 224 13899 
9 58 12 224 13899 
9 58 27 224 13899 
9 58 42 224 13899 
9 58 57 224 13899 
9 59 12 224 13899 
9 59 27 224 13899 
9 59 42 224 13899 
9 59 57 224 13899 
10 0 12 224 13899 
10 0 27 224 13899 
10 0 42 224 13899 
10 0 57 224 13899 
10 1 12 224 13961 
10 1 27 224 13961 
10 1 42 224 13961 
10 1 57 224 13961 
10 2 12 224 13961 
10 2 27 224 13961 
10 2 42 224 13961 
10 2 57 224 13961 
10 3 12 224 13961 
10 3 27 223 13961 
10 3 42 224 13961 
10 3 57 224 13961 
10 4 12 224 13961 
10 4 27 224 13961 
10 4 42 224 13899 
10 4 57 224 13899 
10 5 12 224 13899 
10 5 27 224 13899 
10 5 42 224 13899 
10 5 57 224 13899 
10 6 12 224 13899 
10 6 27 224 13899 
10 6 42 224 13899 
10 6 57 224 13899 
10 7 12 224 13899 
10 7 27 224 13899 
10 7 42 224 13899 
10 7 57 224 13899 
10 8 12 224 13899 
10 8 27 224 13899 
10 8 42 224 13899 
10 8 57 224 13899 
10 9 12 224 13899 
10 9 27 224 13838 
10 10 19 224 13838 
10 10 34 224 13838 
10 10 49 224 13838 
10 11 4 224 13838 
10 11 19 224 13838 
10 11 34 224 13838 
10 11 49 224 13838 
10 12 4 224 13838 
10 12 19 224 13838 
10 12 34 224 13838 
10 12 49 224 13838 
10 13 4 224 13838 
10 13 19 224 13838 
10 13 34 224 13838 
10 13 49 224 13838 
10 14 4 224 13838 
10 14 19 224 13838 
10 14 34 224 13838 
10 14 49 224 13838 
10 15 4 224 13838 
10 15 19 224 13838 
10 15 34 224 13838 
10 15 49 224 13838 
10 16 4 224 13838 
10 16 19 224 13838 
10 16 34 224 13838 
10 16 49 224 13838 
10 17 4 224 13838 
10 17 19 224 13838 
10 17 34 224 13838 
10 17 49 224 13838 
10 18 4 224 13838 
10 18 19 223 13838 
10 18 34 224 13838 
10 18 49 224 13838 
10 19 4 224 13838 
10 19 19 224 13838 
10 19 34 224 13838 
10 19 49 224 13838 
10 20 4 224 13838 
10 20 19 224 13838 
10 20 34 224 13838 
10 20 49 224 13838 
10 21 4 224 13838 
10 21 19 224 13838 
10 21 34 224 13838 
10 21 49 224 13838 
10 22 4 224 13838 
10 22 19 224 13838 
10 22 34 224 13838 
10 22 49 224 13838 
10 23 4 224 13838 
10 23 19 224 13838 
10 23 34 224 13838 
10 23 49 224 13838 
10 24 4 224 13838 
10 24 19 224 13838 
10 24 34 224 13838 
10 25 11 224 13899 
10 25 26 224 13838 
10 25 41 224 13899 
10 25 56 224 13899 
10 26 11 224 13899 
10 26 26 224 13899 
10 26 41 224 13899 
10 26 56 224 13899 
10 27 11 224 13899 
10 27 26 224 13899 
10 27 41 224 13899 
10 27 56 224 13899 
10 28 11 224 13899 
10 28 26 224 13899 
10 28 41 224 13899 
10 28 56 224 13899 
10 29 11 224 13899 
10 29 26 224 13899 
10 29 41 224 13899 
10 29 56 224 13899 
10 30 11 224 13899 
10 30 26 224 13899 
10 30 41 224 13899 
10 30 56 224 13899 
10 31 11 224 13899 
10 31 26 224 13899 
10 31 41 224 13899 
10 31 56 224 13899 
10 32 11 224 13899 
10 32 26 224 13899 
10 32 41 224 13899 
10 32 56 224 13899 
10 33 11 224 13899 
10 33 26 224 13899 
10 33 41 224 13899 
10 33 56 224 13899 
10 34 11 224 13899 
10 34 26 224 13899 
10 34 41 224 13899 
10 34 56 224 13899 
10 35 11 224 13899 
10 35 26 224 13899 
10 35 41 224 13899 
10 35 56 224 13899 
10 36 11 224 13899 
10 36 26 224 13899 
10 36 41 224 13899 
10 36 56 224 13899 
10 37 11 224 13899 
10 37 26 224 13899 
10 37 41 224 13899 
10 37 56 224 13899 
10 38 11 224 13899 
10 38 26 224 13899 
10 38 41 224 13899 
10 38 56 224 13899 
10 39 11 224 13899 
10 39 26 224 13899 
10 39 41 224 13899 
10 40 33 224 13899 
10 40 48 224 13899 
10 41 3 224 13899 
10 41 18 224 13899 
10 41 33 224 13899 
10 41 48 224 13899 
10 42 3 224 13899 
10 42 18 224 13899 
10 42 33 224 13899 
10 42 48 224 13899 
10 43 3 224 13899 
10 43 18 224 13899 
10 43 33 224 13899 
10 43 48 224 13899 
10 44 3 224 13899 
10 44 18 224 13899 
10 44 33 224 13899 
10 44 48 224 13899 
10 45 3 224 13899 
10 45 18 224 13899 
10 45 33 224 13899 
10 45 48 224 13899 
10 46 3 224 13899 
10 46 18 224 13899 
10 46 33 224 13899 
10 46 48 224 13899 
10 47 3 224 13899 
10 47 18 224 13838 
10 47 33 224 13838 
10 47 48 224 13838 
10 48 3 224 13838 
10 48 18 224 13838 
10 48 33 224 13838 
10 48 48 224 13838 
10 49 3 224 13899 
10 49 18 224 13899 
10 49 33 224 13899 
10 49 48 224 13899 
10 50 3 224 13899 
10 50 18 224 13899 
10 50 33 224 13899 
10 50 48 224 13899 
10 51 3 224 13899 
10 51 18 224 13838 
10 51 33 224 13838 
10 51 48 224 13838 
10 52 3 224 13838 
10 52 18 224 13838 
10 52 33 224 13838 
10 52 48 224 13838 
10 53 3 224 13838 
10 53 18 224 13838 
10 53 33 224 13838 
10 53 48 224 13838 
10 54 3 224 13838 
10 54 18 224 13838 
10 54 33 224 13838 
10 54 48 224 13838 
10 55 25 224 13838 
10 55 40 224 13838 
10 55 55 224 13838 
10 56 10 224 13838 
10 56 25 224 13838 
10 56 40 224 13838 
10 56 55 224 13899 
10 57 10 224 13899 
10 57 25 224 13899 
10 57 40 224 13899 
10 57 55 224 13899 
10 58 10 224 13899 
10 58 25 224 13899 
10 58 40 224 13899 
10 58 55 224 13899 
10 59 10 224 13899 
10 59 25 224 13899 
10 59 40 224 13899 
10 59 55 224 13899 
11 0 10 224 13899 
11 0 25 224 13899 
11 0 40 224 13899 
11 0 55 224 13899 
11 1 10 224 13899 
11 1 25 224 13899 
11 1 40 224 13899 
11 1 55 224 13899 
11 2 10 223 13899 
11 2 25 224 13899 
11 2 40 224 13899 
11 2 55 224 13899 
11 3 10 224 13899 
11 3 25 224 13899 
11 3 40 224 13899 
11 3 55 224 13899 
11 4 10 224 13899 
11 4 25 224 13899 
11 4 40 224 13899 
11 4 55 224 13899 
11 5 10 224 13899 
11 5 25 224 13899 
11 5 40 224 13899 
11 5 55 224 13899 
11 6 10 224 13899 
11 6 25 224 13899 
11 6 40 224 13899 
11 6 55 224 13899 
11 7 10 224 13899 
11 7 25 224 13899 
11 7 40 224 13899 
11 7 55 224 13899 
11 8 10 224 13899 
11 8 25 224 13899 
11 8 40 224 13899 
11 8 55 224 13899 
11 9 10 224 13838 
11 9 25 224 13899 
11 9 40 224 13899 
11 9 55 224 13899 
11 10 47 224 13899 
11 11 2 224 13899 
11 11 17 224 13899 
11 11 32 224 13899 
11 11 47 224 13899 
11 12 2 224 13899 
11 12 17 224 13899 
11 12 32 224 13899 
11 12 47 224 13899 
11 13 2 224 13899 
11 13 17 224 13899 
11 13 32 224 13899 
11 13 47 224 13899 
11 14 2 224 13899 
11 14 17 224 13899 
11 14 32 224 13899 
11 14 47 224 13899 
11 15 2 224 13899 
11 15 17 224 13899 
11 15 32 224 13899 
11 15 47 224 13899 
11 16 2 224 13899 
11 16 17 224 13899 
11 16 32 224 13899 
11 16 47 224 13899 
11 17 2 224 13899 
11 17 17 224 13899 
11 17 32 224 13899 
11 17 47 224 13899 
11 18 2 224 13899 
11 18 17 224 13899 
11 18 32 224 13899 
11 18 47 224 13899 
11 19 2 224 13899 
11 19 17 224 13899 
11 19 32 224 13899 
11 19 47 224 13899 
11 20 2 224 13899 
11 20 17 224 13899 
11 20 32 224 13899 
11 20 47 224 13899 
11 21 2 224 13899 
11 21 17 224 13899 
11 21 32 224 13899 
11 21 47 224 13899 
11 22 2 224 13899 
11 22 17 224 13899 
11 22 32 224 13899 
11 22 47 224 13899 
11 23 2 224 13899 
11 23 17 224 13899 
11 23 32 224 13899 
11 23 47 224 13899 
11 24 2 224 13899 
11 24 17 224 13899 
11 24 32 224 13899 
11 24 47 224 13899 
11 25 2 223 13899 
11 25 39 224 13899 
11 25 54 224 13899 
11 26 9 224 13899 
11 26 24 224 13899 
11 26 39 224 13899 
11 26 54 224 13899 
11 27 9 224 13899 
11 27 24 224 13899 
11 27 39 224 13838 
11 27 54 224 13838 
11 28 9 224 13838 
11 28 24 224 13838 
11 28 39 224 13838 
11 28 54 224 13838 
11 29 9 224 13838 
11 29 24 224 13838 
11 29 39 224 13838 
11 29 54 224 13838 
11 30 9 224 13838 
11 30 24 224 13838 
11 30 39 224 13838 
11 30 54 224 13838 
11 31 9 224 13838 
11 31 24 224 13838 
11 31 39 223 13838 
11 31 54 224 13838 
11 32 9 224 13838 
11 32 24 224 13838 
11 32 39 224 13838 
11 32 54 224 13838 
11 33 9 224 13838 
11 33 24 224 13838 
11 33 39 224 13838 
11 33 54 224 13838 
11 34 9 224 13838 
11 34 24 224 13838 
11 34 39 224 13838 
11 34 54 224 13838 
11 35 9 224 13838 
11 35 24 224 13838 
11 35 39 224 13899 
11 35 54 224 13838 
11 36 9 224 13899 
11 36 24 224 13899 
11 36 39 224 13899 
11 36 54 224 13899 
11 37 9 224 13899 
11 37 24 224 13899 
11 37 39 224 13899 
11 37 54 224 13899 
11 38 9 224 13899 
11 38 24 224 13899 
11 38 39 224 13899 
11 38 54 224 13899 
11 39 9 224 13899 
11 39 24 224 13899 
11 39 39 224 13899 
11 39 54 224 13899 
11 40 10 224 13899 
11 41 2 224 13899 
11 41 17 224 13838 
11 41 32 224 13838 
11 41 47 224 13838 
11 42 2 224 13838 
11 42 17 224 13838 
11 42 32 224 13838 
11 42 47 224 13838 
11 43 2 224 13838 
11 43 17 224 13838 
11 43 32 224 13838 
11 43 47 224 13838 
11 44 2 224 13838 
11 44 17 224 13838 
11 44 32 224 13838 
11 44 47 224 13838 
11 45 2 224 13838 
11 45 17 224 13838 
11 45 32 224 13838 
11 45 47 224 13838 
11 46 2 224 13838 
11 46 17 224 13838 
11 46 32 224 13838 
11 46 47 224 13838 
11 47 2 224 13838 
11 47 17 224 13838 
11 47 32 224 13838 
11 47 47 224 13777 
11 48 2 224 13777 
11 48 17 224 13838 
11 48 32 224 13777 
11 48 47 224 13777 
11 49 2 224 13777 
11 49 17 224 13777 
11 49 32 224 13777 
11 49 47 224 13777 
11 50 2 224 13777 
11 50 17 224 13777 
11 50 32 224 13777 
11 50 47 224 13777 
11 51 2 224 13777 
11 51 17 224 13777 
11 51 32 224 13777 
11 51 47 224 13777 
11 52 2 224 13777 
11 52 17 224 13777 
11 52 32 224 13777 
11 52 47 224 13777 
11 53 2 224 13777 
11 53 17 224 13777 
11 53 32 224 13777 
11 53 47 224 13777 
11 54 2 224 13777 
11 54 17 223 13777 
11 54 32 224 13777 
11 54 47 224 13777 
11 55 2 224 13777 
11 55 17 224 13777 
11 55 54 224 13777 
11 56 9 224 13777 
11 56 24 224 13777 
11 56 39 224 13777 
11 56 54 224 13777 
11 57 9 224 13777 
11 57 24 224 13777 
11 57 39 224 13777 
11 57 54 224 13777 
11 58 9 224 13777 
11 58 24 224 13777 
11 58 39 224 13777 
11 58 54 224 13777 
11 59 9 224 13777 
11 59 24 224 13777 
11 59 39 224 13777 
11 59 54 224 13777 
12 0 9 224 13777 
12 0 24 224 13777 
12 0 39 224 13777 
12 0 54 223 13777 
12 1 9 224 13777 
12 1 24 224 13777 
12 1 39 224 13777 
12 1 54 224 13777 
12 2 9 224 13777 
12 2 24 224 13777 
12 2 39 224 13777 
12 2 54 224 13777 
12 3 9 224 13777 
12 3 24 224 13777 
12 3 39 224 13777 
12 3 54 224 13777 
12 4 9 224 13777 
12 4 24 224 13777 
12 4 39 224 13777 
12 4 54 224 13777 
12 5 9 224 13777 
12 5 24 224 13777 
12 5 39 224 13777 
12 5 54 224 13777 
12 6 9 224 13777 
12 6 24 224 13777 
12 6 39 224 13777 
12 6 54 224 13777 
12 7 9 224 13777 
12 7 24 224 13777 
12 7 39 224 13777 
12 7 54 224 13777 
12 8 9 224 13777 
12 8 24 224 13777 
12 8 39 224 13777 
12 8 54 224 13777 
12 9 9 224 13777 
12 9 24 224 13777 
12 9 39 224 13777 
12 9 54 224 13777 
12 10 9 224 13777 
12 10 24 224 13777 
12 11 16 224 13777 
12 11 31 224 13838 
12 11 46 224 13838 
12 12 1 224 13838 
12 12 16 224 13838 
12 12 31 224 13838 
12 12 46 224 13838 
12 13 1 224 13838 
12 13 16 224 13838 
12 13 31 224 13838 
12 13 46 224 13838 
12 14 1 224 13838 
12 14 16 224 13838 
12 14 31 224 13838 
12 14 46 224 13838 
12 15 1 224 13838 
12 15 16 224 13838 
12 15 31 224 13838 
12 15 46 224 13838 
12 16 1 224 13838 
12 16 16 224 13838 
12 16 31 224 13838 
12 16 46 224 13838 
12 17 1 224 13838 
12 17 16 224 13838 
12 17 31 224 13838 
12 17 46 224 13838 
12 18 1 224 13838 
12 18 16 224 13838 
12 18 31 224 13838 
12 18 46 224 13838 
12 19 1 224 13838 
12 19 16 224 13838 
12 19 31 224 13838 
12 19 46 224 13838 
12 20 1 224 13838 
12 20 16 224 13838 
12 20 31 224 13838 
12 20 46 224 13838 
12 21 1 224 13838 
12 21 16 224 13838 
12 21 31 224 13838 
12 21 46 224 13838 
12 22 1 224 13838 
12 22 16 224 13838 
12 22 31 224 13838 
12 22 46 224 13838 
12 23 1 224 13838 
12 23 16 224 13838 
12 23 31 224 13838 
12 23 46 223 13838 
12 24 1 224 13838 
12 24 16 224 13838 
12 24 31 224 13838 
12 24 46 224 13838 
12 25 1 224 13838 
12 25 16 224 13838 
12 25 31 224 13838 
12 26 23 224 13838 
12 26 38 224 13838 
12 26 53 224 13838 
12 27 8 224 13838 
12 27 23 224 13838 
12 27 38 224 13838 
12 27 53 224 13838 
12 28 8 224 13838 
12 28 23 224 13838 
12 28 38 224 13838 
12 28 53 224 13838 
12 29 8 224 13838 
12 29 23 224 13838 
12 29 38 224 13838 
12 29 53 224 13838 
12 30 8 224 13838 
12 30 23 224 13838 
12 30 38 224 13838 
12 30 53 224 13838 
12 31 8 224 13838 
12 31 23 224 13838 
12 31 38 224 13838 
12 31 53 224 13838 
12 32 8 224 13838 
12 32 23 224 13838 
12 32 38 224 13838 
12 32 53 224 13838 
12 33 8 224 13838 
12 33 23 224 13838 
12 33 38 224 13838 
12 33 53 224 13838 
12 34 8 224 13838 
12 34 23 224 13838 
12 34 38 224 13838 
12 34 53 224 13899 
12 35 8 224 13899 
12 35 23 224 13899 
12 35 38 224 13899 
12 35 53 224 13899 
12 36 8 224 13899 
12 36 23 224 13899 
12 36 38 224 13899 
12 36 53 224 13899 
12 37 8 224 13899 
12 37 23 224 13899 
12 37 38 224 13899 
12 37 53 224 13899 
12 38 8 224 13899 
12 38 23 223 13899 
12 38 38 224 13899 
12 38 53 224 13899 
12 39 8 224 13899 
12 39 23 224 13899 
12 39 38 224 13899 
12 39 53 224 13899 
12 40 8 224 13899 
12 40 23 224 13899 
12 40 38 224 13899 
12 41 30 224 13899 
12 41 45 224 13899 
12 42 0 224 13899 
12 42 15 224 13899 
12 42 30 224 13899 
12 42 45 224 13899 
12 43 0 224 13899 
12 43 15 224 13899 
12 43 30 224 13899 
12 43 45 224 13899 
12 44 0 224 13899 
12 44 15 224 13899 
12 44 30 224 13899 
12 44 45 224 13899 
12 45 0 224 13899 
12 45 15 223 13899 
12 45 30 224 13899 
12 45 45 224 13899 
12 46 0 224 13899 
12 46 15 224 13899 
12 46 30 224 13899 
12 46 45 224 13899 
12 47 0 224 13899 
12 47 15 224 13899 
12 47 30 224 13899 
12 47 45 224 13899 
12 48 0 224 13899 
12 48 15 224 13899 
12 48 30 224 13899 
12 48 45 224 13899 
12 49 0 224 13899 
12 49 15 224 13899 
12 49 30 224 13899 
12 49 45 224 13899 
12 50 0 224 13899 
12 50 15 224 13899 
12 50 30 224 13899 
12 50 45 224 13899 
12 51 0 224 13899 
12 51 15 224 13899 
12 51 30 224 13899 
12 51 45 224 13899 
12 52 0 224 13899 
12 52 15 224 13899 
12 52 30 224 13899 
12 52 45 224 13899 
12 53 0 224 13899 
12 53 15 224 13899 
12 53 30 224 13899 
12 53 45 224 13899 
12 54 0 224 13899 
12 54 15 224 13899 
12 54 30 224 13899 
12 54 45 224 13899 
12 55 0 224 13899 
12 55 15 224 13899 
12 55 30 224 13899 
12 55 45 224 13899 
12 56 22 224 13899 
12 56 37 224 13899 
12 56 52 224 13899 
12 57 7 224 13899 
12 57 22 224 13899 
12 57 37 224 13899 
12 57 52 224 13899 
12 58 7 224 13899 
12 58 22 224 13899 
12 58 37 224 13899 
12 58 52 224 13899 
12 59 7 224 13899 
12 59 22 224 13899 
12 59 37 224 13899 
12 59 52 223 13899 
13 0 7 224 13899 
13 0 22 224 13899 
13 0 37 224 13899 
13 0 52 224 13899 
13 1 7 224 13899 
13 1 22 224 13899 
13 1 37 224 13899 
13 1 52 224 13899 
13 2 7 224 13899 
13 2 22 224 13899 
13 2 37 224 13899 
13 2 52 224 13899 
13 3 7 224 13899 
13 3 22 224 13899 
13 3 37 224 13899 
13 3 52 224 13899 
13 4 7 224 13899 
13 4 22 224 13899 
13 4 37 224 13899 
13 4 52 224 13899 
13 5 7 224 13899 
13 5 22 224 13899 
13 5 37 224 13899 
13 5 52 224 13899 
13 6 7 224 13899 
13 6 22 224 13899 
13 6 37 224 13899 
13 6 52 224 13899 
13 7 7 224 13899 
13 7 22 224 13961 
13 7 37 224 13961 
13 7 52 224 13961 
13 8 7 224 13961 
13 8 22 224 13961 
13 8 37 224 13961 
13 8 52 224 13961 
13 9 7 224 13961 
13 9 22 224 13961 
13 9 37 224 13961 
13 9 52 224 13961 
13 10 7 224 13961 
13 10 22 224 13961 
13 10 37 224 13961 
13 10 52 224 13961 
13 11 44 224 13961 
13 11 59 224 13961 
13 12 14 224 13961 
13 12 29 224 13961 
13 12 44 224 13961 
13 12 59 224 13961 
13 13 14 224 13961 
13 13 29 224 13961 
13 13 44 224 13961 
13 13 59 224 13961 
13 14 14 224 13961 
13 14 29 224 13961 
13 14 44 224 13961 
13 14 59 224 13961 
13 15 14 224 13961 
13 15 29 224 13961 
13 15 44 224 13961 
13 15 59 224 13961 
13 16 14 224 13961 
13 16 29 224 13961 
13 16 44 224 13961 
13 16 59 224 13961 
13 17 14 224 13961 
13 17 29 224 13961 
13 17 44 224 13961 
13 17 59 224 13961 
13 18 14 224 13961 
13 18 29 224 13961 
13 18 44 224 13961 
13 18 59 224 13961 
13 19 14 224 13961 
13 19 29 224 13961 
13 19 44 224 13961 
13 19 59 224 13961 
13 20 14 224 13961 
13 20 29 224 13961 
13 20 44 224 13961 
13 20 59 224 13961 
13 21 14 224 13961 
13 21 29 224 13961 
13 21 44 224 13961 
13 21 59 224 13961 
13 22 14 224 14022 
13 22 29 223 14022 
13 22 44 224 14022 
13 22 59 224 14022 
13 23 14 224 14022 
13 23 29 224 14022 
13 23 44 224 14022 
13 23 59 224 14022 
13 24 14 224 14022 
13 24 29 224 14022 
13 24 44 224 14022 
13 24 59 224 14022 
13 25 14 224 14022 
13 25 29 224 14022 
13 25 44 224 14022 
13 25 59 224 14022 
13 26 51 224 14022 
13 27 6 224 14022 
13 27 21 224 14022 
13 27 36 224 14022 
13 27 51 224 14022 
13 28 6 224 14022 
13 28 21 224 14022 
13 28 36 224 14022 
13 28 51 224 14022 
13 29 6 224 14022 
13 29 21 224 14022 
13 29 36 224 14022 
13 29 51 224 14022 
13 30 6 224 14022 
13 30 21 224 14022 
13 30 36 224 14022 
13 30 51 224 14022 
13 31 6 224 14022 
13 31 21 224 14022 
13 31 36 224 14022 
13 31 51 224 14022 
13 32 6 224 14022 
13 32 21 224 14022 
13 32 36 224 14022 
13 32 51 224 14022 
13 33 6 224 14022 
13 33 22 224 14022 
13 33 37 224 14022 
13 33 52 224 14022 
13 34 7 224 14022 
13 34 22 224 14022 
13 34 37 224 14022 
13 34 52 224 14022 
13 35 7 224 14022 
13 35 22 224 14022 
13 35 37 224 14022 
13 35 52 224 14022 
13 36 7 224 14022 
13 36 22 224 14022 
13 36 37 224 14022 
13 36 52 224 14022 
13 37 7 224 14022 
13 37 22 223 14022 
13 37 37 224 14022 
13 37 52 224 14022 
13 38 7 224 14022 
13 38 22 224 14022 
13 38 37 224 14022 
13 38 52 224 14022 
13 39 7 224 14022 
13 39 22 224 14022 
13 39 37 224 14022 
13 39 52 224 14022 
13 40 7 224 14022 
13 40 22 224 14022 
13 40 37 224 14022 
13 40 52 224 14022 
13 41 7 224 14022 
13 41 59 224 14022 
13 42 14 224 14022 
13 42 29 224 14022 
13 42 44 224 14022 
13 42 59 224 14022 
13 43 14 224 14022 
13 43 29 224 14022 
13 43 44 224 14022 
13 43 59 224 14022 
13 44 14 223 14022 
13 44 29 224 14022 
13 44 44 224 14022 
13 44 59 224 14022 
13 45 14 224 14022 
13 45 29 224 14022 
13 45 44 224 14022 
13 45 59 224 14022 
13 46 14 224 14022 
13 46 29 224 14022 
13 46 44 224 14022 
13 46 59 224 14022 
13 47 14 224 14022 
13 47 29 224 14022 
13 47 44 224 14022 
13 47 59 224 14022 
13 48 14 224 14022 
13 48 29 224 14022 
13 48 44 224 14022 
13 48 59 224 14022 
13 49 14 224 14022 
13 49 29 224 14022 
13 49 44 224 14022 
13 49 59 224 14022 
13 50 14 224 14083 
13 50 29 224 14083 
13 50 44 224 14083 
13 50 59 224 14083 
13 51 14 224 14083 
13 51 29 224 14083 
13 51 44 224 14083 
13 51 59 224 14083 
13 52 14 224 14083 
13 52 29 224 14083 
13 52 44 224 14083 
13 52 59 224 14083 
13 53 14 224 14083 
13 53 29 224 14083 
13 53 44 224 14022 
13 53 59 224 14022 
13 54 14 224 14022 
13 54 29 224 14022 
13 54 44 224 14022 
13 54 59 224 14022 
13 55 14 224 14022 
13 55 29 224 14022 
13 55 44 224 14022 
13 55 59 224 14022 
13 56 14 224 14022 
13 56 51 224 14022 
13 57 6 224 14022 
13 57 21 224 14022 
13 57 36 224 14022 
13 57 51 224 14022 
13 58 6 224 14022 
13 58 21 224 14022 
13 58 36 224 14022 
13 58 51 224 14022 
13 59 6 224 14022 
13 59 21 224 14022 
13 59 36 224 14022 
13 59 51 224 14022 
14 0 6 224 14022 
14 0 21 224 14022 
14 0 36 224 14022 
14 0 51 224 14022 
14 1 6 224 14022 
14 1 21 224 14022 
14 1 36 224 14022 
14 1 51 224 14022 
14 2 6 224 14022 
14 2 21 224 14022 
14 2 36 224 14022 
14 2 51 224 14022 
14 3 6 224 14022 
14 3 21 224 14083 
14 3 36 224 14083 
14 3 51 224 14083 
14 4 6 224 14083 
14 4 21 224 14083 
14 4 36 224 14083 
14 4 51 224 14083 
14 5 6 224 14083 
14 5 21 224 14083 
14 5 36 224 14083 
14 5 51 224 14083 
14 6 6 224 14083 
14 6 21 224 14083 
14 6 36 223 14083 
14 6 51 224 14083 
14 7 6 224 14083 
14 7 21 224 14083 
14 7 36 224 14083 
14 7 51 224 14083 
14 8 6 224 14083 
14 8 21 224 14083 
14 8 36 224 14083 
14 8 51 224 14083 
14 9 6 224 14083 
14 9 21 224 14083 
14 9 36 224 14083 
14 9 51 224 14083 
14 10 6 224 14083 
14 10 21 224 14144 
14 10 36 224 14144 
14 10 51 224 14144 
14 11 6 224 14144 
14 11 21 224 14144 
14 12 13 224 14144 
14 12 28 224 14144 
14 12 43 224 14144 
14 12 58 224 14144 
14 13 13 224 14144 
14 13 28 223 14144 
14 13 43 224 14144 
14 13 58 224 14144 
14 14 13 224 14144 
14 14 28 224 14144 
14 14 43 224 14144 
14 14 58 224 14144 
14 15 13 224 14144 
14 15 28 224 14144 
14 15 43 224 14144 
14 15 58 224 14144 
14 16 13 224 14144 
14 16 28 224 14144 
14 16 43 224 14144 
14 16 58 224 14144 
14 17 13 224 14144 
14 17 28 224 14144 
14 17 43 224 14144 
14 17 58 224 14144 
14 18 13 224 14144 
14 18 28 224 14144 
14 18 43 224 14144 
14 18 58 224 14144 
14 19 13 224 14144 
14 19 28 224 14144 
14 19 43 224 14144 
14 19 58 224 14144 
14 20 13 224 14144 
14 20 28 224 14144 
14 20 43 224 14144 
14 20 58 224 14144 
14 21 13 224 14144 
14 21 28 224 14144 
14 21 43 224 14144 
14 21 58 224 14144 
14 22 13 224 14144 
14 22 28 224 14144 
14 22 43 224 14144 
14 22 58 224 14144 
14 23 13 224 14144 
14 23 28 224 14144 
14 23 43 224 14144 
14 23 58 224 14144 
14 24 13 224 14144 
14 24 28 224 14144 
14 24 43 224 14144 
14 24 58 224 14144 
14 25 13 224 14144 
14 25 28 224 14144 
14 25 43 224 14144 
14 25 58 224 14144 
14 26 13 224 14144 
14 26 28 224 14144 
14 27 5 224 14144 
14 27 20 224 14144 
14 27 35 224 14144 
14 27 50 224 14144 
14 28 5 223 14144 
14 28 20 224 14144 
14 28 35 224 14144 
14 28 50 224 14144 
14 29 5 224 14144 
14 29 20 224 14144 
14 29 35 224 14144 
14 29 50 224 14144 
14 30 5 224 14144 
14 30 20 224 14144 
14 30 35 224 14144 
14 30 50 224 14144 
14 31 5 224 14144 
14 31 20 224 14144 
14 31 35 224 14144 
14 31 50 224 14144 
14 32 5 224 14144 
14 32 20 224 14144 
14 32 35 224 14144 
14 32 50 224 14144 
14 33 5 224 14144 
14 33 20 224 14144 
14 33 35 224 14144 
14 33 50 224 14144 
14 34 5 224 14144 
14 34 20 224 14144 
14 34 35 224 14144 
14 34 50 224 14144 
14 35 5 224 14144 
14 35 20 224 14144 
14 35 35 224 14144 
14 35 50 224 14144 
14 36 5 224 14144 
14 36 20 224 14144 
14 36 35 224 14144 
14 36 50 224 14144 
14 37 5 224 14144 
14 37 20 224 14144 
14 37 35 224 14144 
14 37 50 224 14144 
14 38 5 224 14144 
14 38 20 224 14144 
14 38 35 224 14144 
14 38 50 224 14144 
14 39 5 224 14144 
14 39 20 224 14144 
14 39 35 224 14144 
14 39 50 224 14144 
14 40 5 224 14144 
14 40 20 224 14144 
14 40 35 224 14144 
14 40 50 224 14144 
14 41 5 224 14144 
14 41 20 224 14144 
14 41 35 224 14144 
14 42 27 224 14144 
14 42 42 224 14144 
14 42 57 223 14144 
14 43 12 224 14144 
14 43 27 224 14144 
14 43 42 224 14144 
14 43 57 224 14144 
14 44 12 224 14144 
14 44 27 224 14144 
14 44 42 224 14144 
14 44 57 224 14144 
14 45 12 224 14144 
14 45 27 224 14144 
14 45 42 224 14144 
14 45 57 224 14144 
14 46 12 224 14144 
14 46 27 224 14144 
14 46 42 224 14144 
14 46 57 224 14144 
14 47 12 224 14144 
14 47 27 224 14144 
14 47 42 224 14144 
14 47 57 224 14144 
14 48 12 224 14144 
14 48 27 224 14144 
14 48 42 224 14144 
14 48 57 224 14144 
14 49 12 224 14144 
14 49 27 224 14144 
14 49 42 224 14144 
14 49 57 224 14144 

