ls
ls
<CR>
         TIME          Size       File name 
----A 2021/10/04 15:18      3368  1004
----A 2021/10/04 13:54    128640  10041339
----A 2021/10/04 14:10    128000  10041355
----A 2021/10/04 14:27    128640  10041410
----A 2021/10/04 14:41    128000  10041426
----A 2021/10/04 14:58    128640  10041441
----A 2021/10/04 15:11    128000  10041456
----A 2021/10/04 15:13      2560  10041512
----A 2021/10/05 15:15      8432  1005
----A 2021/10/05 10:59    128000  10051042
----A 2021/10/05 11:15    128000  10051058
----A 2021/10/05 11:31    128000  10051114
----A 2021/10/05 11:47    128000  10051130
----A 2021/10/05 12:03    128000  10051146
----A 2021/10/05 12:19    128000  10051202
----A 2021/10/05 12:35    128000  10051218
----A 2021/10/05 12:51    128000  10051234
----A 2021/10/05 13:07    128000  10051250
----A 2021/10/05 13:23    128000  10051306
----A 2021/10/05 13:39    128000  10051322
----A 2021/10/05 13:55    128000  10051338
----A 2021/10/05 14:11    128000  10051354
----A 2021/10/05 14:27    128000  10051410
----A 2021/10/05 14:43    128000  10051426
----A 2021/10/05 14:59    128000  10051442
----A 2021/10/05 15:15    128000  10051458
----A 2021/10/05 15:15      2560  10051514
----A 2021/10/06 14:50      8408  1006
----A 2021/10/06 10:37    128000  10061022
----A 2021/10/06 10:53    128000  10061038
----A 2021/10/06 11:09    128000  10061054
----A 2021/10/06 11:25    128000  10061110
----A 2021/10/06 11:41    128000  10061126
----A 2021/10/06 11:57    128000  10061142
----A 2021/10/06 12:13    128000  10061158
----A 2021/10/06 12:29    128000  10061214
----A 2021/10/06 12:45    128000  10061230
----A 2021/10/06 13:01    128000  10061246
----A 2021/10/06 13:17    128000  10061302
----A 2021/10/06 13:33    128000  10061318
----A 2021/10/06 13:49    128000  10061334
----A 2021/10/06 14:05    128000  10061350
----A 2021/10/06 14:21    128000  10061406
----A 2021/10/06 14:37    128000  10061422
----A 2021/10/06 14:38      2560  10061438
----A 2021/10/07 15:00      8464  1007
----A 2021/10/07 10:46    128000  10071029
----A 2021/10/07 11:02    128000  10071045
----A 2021/10/07 11:18    128000  10071101
----A 2021/10/07 11:34    128000  10071117
----A 2021/10/07 11:50    128000  10071133
----A 2021/10/07 12:06    128000  10071149
----A 2021/10/07 12:22    128000  10071205
----A 2021/10/07 12:38    128000  10071221
----A 2021/10/07 12:54    128000  10071237
----A 2021/10/07 13:10    128000  10071253
----A 2021/10/07 13:26    128000  10071309
----A 2021/10/07 13:42    128000  10071325
----A 2021/10/07 13:58    128000  10071341
----A 2021/10/07 14:14    128000  10071357
----A 2021/10/07 14:30    128000  10071413
----A 2021/10/07 14:46    128000  10071429
----A 2021/10/07 14:47      2560  10071445
----A 2021/10/08 15:00      8784  1008
----A 2021/10/08 10:33    128000  10081018
----A 2021/10/08 10:49    128000  10081034
----A 2021/10/08 11:05    128000  10081050
----A 2021/10/08 11:21    128000  10081106
----A 2021/10/08 11:37    128000  10081122
----A 2021/10/08 11:53    128000  10081138
----A 2021/10/08 12:09    128000  10081154
----A 2021/10/08 12:25    128000  10081210
----A 2021/10/08 12:41    128000  10081226
----A 2021/10/08 12:57    128000  10081242
----A 2021/10/08 13:13    128000  10081258
----A 2021/10/08 13:29    128000  10081314
----A 2021/10/08 13:45    128000  10081330
----A 2021/10/08 14:01    128000  10081346
----A 2021/10/08 14:17    128000  10081402
----A 2021/10/08 14:33    128000  10081418
----A 2021/10/08 14:49    128000  10081434
----A 2021/10/08 14:51      2560  10081450

  82 File(s),   9268176 bytes total
   0 Dir(s),     991200K bytes free

/> 
read 1008
read 1008
<CR>Time:2021/10/08 14:51
Hours Minutes Seconds  Nb_Samples    Aver. Current 
10 3 13 25 9968 
10 3 28 25 12686 
10 3 43 25 14982 
10 3 58 25 16371 
10 4 13 25 16915 
10 4 28 25 17036 
10 4 43 25 17036 
10 4 58 25 17036 
10 5 13 25 17036 
10 5 28 25 17036 
10 5 43 25 17036 
10 5 58 25 17036 
10 6 13 25 17036 
10 6 28 25 17036 
10 6 43 25 17036 
10 6 58 25 17036 
10 7 13 25 17036 
10 7 28 25 17036 
10 7 43 25 17036 
10 7 58 25 17036 
10 8 13 25 17036 
10 8 28 25 17036 
10 8 43 25 17036 
10 8 58 25 17036 
10 9 13 25 17036 
10 9 28 25 17036 
10 9 43 25 17036 
10 9 58 25 17036 
10 10 13 25 17036 
10 10 28 25 17036 
10 10 43 25 17036 
10 10 58 25 17036 
10 11 13 25 17036 
10 11 28 25 17036 
10 11 43 25 17036 
10 11 58 25 17036 
10 12 13 25 17036 
10 12 28 25 17036 
10 12 43 25 17036 
10 12 58 25 17036 
10 13 13 25 16975 
10 13 28 25 16975 
10 13 43 25 17036 
10 13 58 25 16975 
10 14 13 25 17036 
10 14 28 25 16975 
10 14 43 25 16975 
10 14 58 25 16975 
10 15 13 25 16975 
10 15 28 25 16975 
10 15 43 25 16975 
10 15 58 25 16975 
10 16 13 25 16975 
10 16 28 25 16975 
10 16 43 25 16975 
10 16 58 25 16975 
10 17 13 25 16975 
10 17 28 25 16975 
10 18 58 25 16975 
10 19 13 25 16975 
10 19 28 25 16975 
10 19 43 25 16975 
10 19 58 25 16975 
10 20 13 25 16975 
10 20 28 25 16975 
10 20 43 25 16975 
10 20 58 25 16975 
10 21 13 25 16975 
10 21 28 25 16975 
10 21 43 25 16975 
10 21 58 25 16975 
10 22 13 25 16975 
10 22 28 25 16975 
10 22 43 25 16975 
10 22 58 25 16975 
10 23 13 25 16975 
10 23 28 25 16975 
10 23 43 25 16975 
10 23 58 25 16975 
10 24 13 25 16975 
10 24 28 25 16975 
10 24 43 25 16975 
10 24 58 25 16975 
10 25 13 25 16975 
10 25 28 25 16975 
10 25 43 25 16975 
10 25 58 25 16975 
10 26 13 25 16975 
10 26 28 25 16975 
10 26 43 25 16975 
10 26 58 25 16975 
10 27 13 25 16975 
10 27 28 25 16975 
10 27 43 25 16975 
10 27 58 25 16975 
10 28 13 25 16975 
10 28 28 25 16975 
10 28 43 25 16975 
10 28 58 25 16975 
10 29 13 25 16975 
10 29 28 25 16975 
10 29 43 25 16975 
10 29 58 25 16975 
10 30 13 25 16975 
10 30 28 25 16975 
10 30 43 25 16975 
10 30 58 25 16975 
10 31 13 25 16975 
10 31 28 25 16975 
10 31 43 25 16975 
10 31 58 25 16975 
10 32 13 25 16975 
10 32 28 25 16975 
10 32 43 25 16975 
10 32 58 25 16975 
10 33 13 25 16975 
10 33 28 25 16975 
10 34 58 25 16975 
10 35 13 25 16975 
10 35 28 25 16975 
10 35 43 25 16975 
10 35 58 25 16975 
10 36 13 25 16975 
10 36 28 25 16975 
10 36 43 25 16975 
10 36 58 25 16975 
10 37 13 25 16975 
10 37 29 26 16975 
10 37 44 25 16975 
10 37 59 25 16975 
10 38 14 25 16975 
10 38 29 25 16975 
10 38 44 25 16975 
10 38 59 25 16975 
10 39 14 25 16975 
10 39 29 25 16975 
10 39 44 25 16975 
10 39 59 25 16975 
10 40 14 25 16975 
10 40 29 25 16975 
10 40 44 25 16975 
10 40 59 25 16975 
10 41 14 25 16975 
10 41 29 25 16975 
10 41 44 25 16975 
10 41 59 25 16975 
10 42 14 25 16975 
10 42 29 25 16975 
10 42 44 25 16975 
10 42 59 25 16975 
10 43 14 25 16975 
10 43 29 25 16975 
10 43 44 25 16975 
10 43 59 25 16975 
10 44 14 25 16975 
10 44 29 25 16975 
10 44 44 25 16975 
10 44 59 25 16975 
10 45 14 25 16975 
10 45 29 25 16975 
10 45 44 25 16975 
10 45 59 25 16975 
10 46 14 25 16975 
10 46 29 25 16975 
10 46 44 25 16975 
10 46 59 25 16975 
10 47 14 25 16975 
10 47 29 25 16975 
10 47 44 25 16975 
10 47 59 25 16975 
10 48 14 25 16975 
10 48 29 25 16975 
10 48 44 25 16975 
10 48 59 25 16975 
10 49 14 25 16975 
10 49 29 25 16975 
10 50 59 25 16975 
10 51 14 25 16975 
10 51 29 25 16975 
10 51 44 25 16975 
10 51 59 25 16975 
10 52 14 25 16975 
10 52 29 25 16975 
10 52 44 25 16975 
10 52 59 25 16975 
10 53 14 25 16975 
10 53 29 25 16975 
10 53 44 25 16975 
10 53 59 25 16975 
10 54 14 25 16975 
10 54 29 25 16975 
10 54 44 25 16975 
10 54 59 25 16975 
10 55 14 25 16975 
10 55 29 25 16975 
10 55 44 25 16975 
10 55 59 25 16975 
10 56 14 25 16975 
10 56 29 25 16975 
10 56 44 25 16975 
10 56 59 25 16975 
10 57 14 25 16975 
10 57 29 25 16975 
10 57 44 25 16975 
10 57 59 25 16975 
10 58 14 25 16975 
10 58 29 25 16975 
10 58 44 25 16975 
10 58 59 25 16975 
10 59 14 25 16975 
10 59 29 25 16975 
10 59 44 25 16975 
10 59 59 25 16975 
11 0 14 25 16975 
11 0 29 25 16975 
11 0 44 25 16975 
11 0 59 25 16975 
11 1 14 25 16975 
11 1 29 25 16975 
11 1 44 25 16975 
11 1 59 25 16975 
11 2 14 25 16975 
11 2 29 25 16975 
11 2 44 25 16975 
11 2 59 25 16975 
11 3 14 25 16975 
11 3 29 25 16975 
11 3 44 25 16975 
11 3 59 25 16975 
11 4 14 25 16975 
11 4 29 25 16975 
11 4 44 25 16975 
11 4 59 25 16975 
11 5 14 25 16975 
11 5 29 25 16975 
11 6 59 25 16975 
11 7 14 25 16975 
11 7 29 25 16975 
11 7 44 25 16975 
11 7 59 25 16975 
11 8 14 25 16975 
11 8 29 25 16975 
11 8 44 25 16975 
11 8 59 25 16975 
11 9 14 25 16975 
11 9 29 25 16975 
11 9 44 25 16975 
11 9 59 25 16975 
11 10 14 25 16975 
11 10 29 25 16975 
11 10 44 25 16975 
11 10 59 25 16975 
11 11 14 25 16975 
11 11 29 25 16975 
11 11 44 25 16975 
11 11 59 25 16975 
11 12 14 25 16975 
11 12 29 25 16975 
11 12 44 25 16975 
11 12 59 25 16975 
11 13 14 25 16975 
11 13 29 25 16975 
11 13 44 25 16975 
11 13 59 25 16975 
11 14 14 25 16975 
11 14 29 25 16975 
11 14 44 25 16975 
11 14 59 25 16975 
11 15 14 25 16975 
11 15 29 25 16975 
11 15 44 25 16975 
11 15 59 25 16975 
11 16 14 25 16975 
11 16 29 25 16975 
11 16 44 25 16975 
11 16 59 25 16975 
11 17 14 25 16975 
11 17 29 25 16975 
11 17 44 25 16975 
11 17 59 25 16975 
11 18 14 25 16975 
11 18 29 25 16975 
11 18 44 25 16975 
11 18 59 25 16975 
11 19 14 25 16975 
11 19 29 25 16975 
11 19 44 25 16975 
11 19 59 25 16975 
11 20 14 25 16975 
11 20 29 25 16975 
11 20 44 25 16975 
11 20 59 25 16975 
11 21 14 25 16975 
11 21 29 25 16975 
11 22 59 25 16975 
11 23 14 25 16975 
11 23 29 25 16975 
11 23 44 25 16975 
11 23 59 25 16975 
11 24 14 25 16975 
11 24 29 25 16975 
11 24 44 25 16975 
11 24 59 25 16975 
11 25 14 25 16975 
11 25 29 25 16975 
11 25 44 25 16975 
11 25 59 25 16975 
11 26 14 25 16975 
11 26 29 25 16975 
11 26 44 25 16975 
11 26 59 25 16975 
11 27 14 25 16975 
11 27 29 25 16975 
11 27 44 25 16975 
11 27 59 25 16975 
11 28 14 25 16975 
11 28 29 25 16975 
11 28 44 25 16975 
11 28 59 25 16975 
11 29 14 25 16975 
11 29 29 25 16975 
11 29 44 25 16975 
11 29 59 25 16975 
11 30 14 25 16975 
11 30 29 25 16975 
11 30 44 25 16975 
11 30 59 25 16975 
11 31 14 25 16975 
11 31 29 25 16975 
11 31 44 25 16975 
11 31 59 25 16975 
11 32 14 25 16975 
11 32 29 25 16975 
11 32 44 25 16975 
11 32 59 25 16975 
11 33 14 25 16975 
11 33 29 25 16975 
11 33 44 25 16975 
11 33 59 25 16975 
11 34 14 25 16975 
11 34 29 25 16975 
11 34 44 25 16975 
11 34 59 25 16975 
11 35 14 25 16975 
11 35 29 25 16975 
11 35 44 25 16975 
11 35 59 25 16975 
11 36 14 25 16975 
11 36 29 25 16975 
11 36 44 25 16975 
11 36 59 25 16975 
11 37 14 25 16975 
11 37 29 25 16975 
11 38 59 25 16975 
11 39 14 25 16975 
11 39 29 25 16975 
11 39 44 25 16975 
11 39 59 25 16975 
11 40 14 25 16975 
11 40 29 25 16975 
11 40 44 25 16975 
11 40 59 25 16975 
11 41 14 25 16975 
11 41 29 25 16975 
11 41 44 25 16975 
11 41 59 25 16975 
11 42 14 25 16975 
11 42 29 25 16975 
11 42 44 25 16975 
11 42 59 25 16975 
11 43 14 25 16975 
11 43 29 25 16975 
11 43 44 25 16975 
11 43 59 25 16975 
11 44 14 25 16975 
11 44 29 25 16975 
11 44 44 25 16975 
11 44 59 25 16975 
11 45 14 25 16975 
11 45 29 25 16975 
11 45 44 25 16975 
11 45 59 25 16975 
11 46 14 25 16975 
11 46 29 25 16975 
11 46 44 25 16975 
11 46 59 25 16975 
11 47 14 25 16975 
11 47 29 25 16975 
11 47 44 25 16975 
11 47 59 25 16975 
11 48 14 25 16975 
11 48 29 25 16975 
11 48 44 25 16975 
11 48 59 25 16975 
11 49 14 25 16975 
11 49 29 25 16975 
11 49 44 25 16975 
11 49 59 25 16975 
11 50 14 25 16975 
11 50 29 25 16975 
11 50 44 25 16975 
11 50 59 25 16975 
11 51 14 25 16975 
11 51 29 25 16975 
11 51 44 25 16975 
11 51 59 25 16975 
11 52 14 25 16975 
11 52 29 25 16975 
11 52 44 25 16975 
11 52 59 25 16975 
11 53 14 25 16975 
11 53 29 25 16975 
11 54 59 25 16975 
11 55 14 25 16975 
11 55 29 25 16975 
11 55 44 25 16975 
11 55 59 25 16975 
11 56 14 25 16975 
11 56 29 25 16975 
11 56 44 25 16975 
11 56 59 25 16975 
11 57 14 25 16975 
11 57 29 25 16975 
11 57 44 25 16975 
11 57 59 25 16975 
11 58 14 25 16975 
11 58 29 25 16975 
11 58 44 25 16975 
11 58 59 25 16975 
11 59 14 25 16975 
11 59 29 25 16975 
11 59 44 25 16975 
11 59 59 25 16975 
12 0 14 25 16975 
12 0 29 25 16975 
12 0 44 25 16975 
12 0 59 25 16975 
12 1 14 25 16975 
12 1 29 25 16975 
12 1 44 25 16975 
12 1 59 25 16975 
12 2 14 25 16975 
12 2 29 25 16975 
12 2 44 25 16975 
12 2 59 25 16975 
12 3 14 25 16975 
12 3 29 25 16975 
12 3 44 25 16975 
12 3 59 25 16975 
12 4 14 25 16975 
12 4 29 25 16975 
12 4 44 25 16975 
12 4 59 25 16975 
12 5 14 25 16975 
12 5 29 25 16975 
12 5 44 25 16975 
12 5 59 25 16975 
12 6 14 25 16975 
12 6 29 25 16975 
12 6 44 25 16975 
12 6 59 25 16975 
12 7 14 25 16975 
12 7 29 25 16975 
12 7 44 25 16975 
12 7 59 25 16975 
12 8 14 25 16975 
12 8 29 25 16975 
12 8 44 25 16975 
12 8 59 25 16975 
12 9 14 25 16975 
12 9 29 25 16975 
12 10 59 25 16975 
12 11 14 25 16975 
12 11 29 25 16975 
12 11 44 25 16975 
12 11 59 25 16975 
12 12 14 25 16975 
12 12 29 25 16975 
12 12 44 25 16975 
12 12 59 25 16975 
12 13 14 25 16975 
12 13 29 25 16975 
12 13 44 25 16975 
12 13 59 25 16975 
12 14 14 25 16975 
12 14 29 25 16975 
12 14 44 25 16975 
12 14 59 25 16975 
12 15 14 25 16975 
12 15 29 25 16975 
12 15 44 25 16975 
12 15 59 25 16975 
12 16 14 25 16975 
12 16 29 25 16975 
12 16 44 25 16975 
12 16 59 25 16975 
12 17 14 25 16975 
12 17 29 25 16975 
12 17 44 25 16975 
12 17 59 25 16975 
12 18 14 25 16975 
12 18 29 25 16975 
12 18 44 25 16975 
12 18 59 25 16975 
12 19 14 25 16975 
12 19 29 25 16975 
12 19 44 25 16975 
12 19 59 25 16975 
12 20 14 25 16975 
12 20 29 25 16975 
12 20 44 25 16975 
12 20 59 25 16975 
12 21 14 25 16975 
12 21 29 25 16975 
12 21 44 25 16975 
12 21 59 25 16975 
12 22 14 25 16975 
12 22 29 25 16975 
12 22 44 25 16975 
12 22 59 25 16975 
12 23 14 25 16975 
12 23 29 25 16975 
12 23 44 25 16975 
12 23 59 25 16975 
12 24 14 25 16975 
12 24 29 25 16975 
12 24 44 25 16975 
12 24 59 25 16975 
12 25 14 25 16975 
12 25 29 25 16975 
12 26 59 25 16975 
12 27 14 25 16975 
12 27 29 25 16975 
12 27 44 25 16975 
12 27 59 25 16975 
12 28 14 25 16975 
12 28 29 25 16975 
12 28 44 25 16975 
12 28 59 25 16975 
12 29 14 25 16975 
12 29 29 25 16915 
12 29 44 25 16975 
12 29 59 25 16915 
12 30 14 25 16915 
12 30 29 25 16975 
12 30 44 25 16915 
12 30 59 25 16975 
12 31 14 25 16975 
12 31 29 25 16975 
12 31 44 25 16975 
12 31 59 25 16975 
12 32 14 25 16915 
12 32 29 25 16915 
12 32 44 25 16975 
12 32 59 25 16975 
12 33 14 25 16975 
12 33 29 25 16915 
12 33 44 25 16975 
12 33 59 25 16975 
12 34 14 25 16915 
12 34 29 25 16915 
12 34 44 25 16915 
12 34 59 25 16975 
12 35 14 25 16915 
12 35 29 25 16975 
12 35 44 25 16975 
12 35 59 25 16915 
12 36 14 25 16915 
12 36 29 25 16915 
12 36 44 25 16975 
12 36 59 25 16915 
12 37 14 25 16915 
12 37 29 25 16915 
12 37 44 25 16915 
12 37 59 25 16915 
12 38 14 25 16915 
12 38 29 25 16975 
12 38 44 25 16915 
12 38 59 25 16915 
12 39 14 25 16915 
12 39 29 25 16915 
12 39 44 25 16915 
12 39 59 25 16915 
12 40 14 25 16915 
12 40 29 25 16915 
12 40 44 25 16915 
12 40 59 25 16915 
12 41 14 25 16915 
12 41 29 25 16915 
12 42 59 25 16915 
12 43 14 25 16915 
12 43 29 25 16915 
12 43 44 25 16915 
12 43 59 25 16915 
12 44 14 25 16915 
12 44 29 25 16915 
12 44 44 25 16975 
12 44 59 25 16915 
12 45 14 25 16915 
12 45 29 25 16915 
12 45 44 25 16915 
12 45 59 25 16915 
12 46 14 25 16915 
12 46 29 25 16915 
12 46 44 25 16915 
12 46 59 25 16915 
12 47 14 25 16915 
12 47 29 25 16915 
12 47 44 25 16915 
12 47 59 25 16915 
12 48 14 25 16915 
12 48 29 25 16915 
12 48 44 25 16915 
12 48 59 25 16915 
12 49 14 25 16915 
12 49 29 25 16915 
12 49 44 25 16915 
12 49 59 25 16915 
12 50 14 25 16915 
12 50 29 25 16915 
12 50 44 25 16915 
12 50 59 25 16915 
12 51 14 25 16915 
12 51 29 25 16915 
12 51 44 25 16915 
12 51 59 25 16915 
12 52 14 25 16915 
12 52 29 25 16915 
12 52 44 25 16915 
12 52 59 25 16915 
12 53 14 25 16915 
12 53 29 25 16915 
12 53 44 25 16915 
12 53 59 25 16915 
12 54 14 25 16915 
12 54 29 25 16915 
12 54 44 25 16915 
12 54 59 25 16915 
12 55 14 25 16915 
12 55 29 25 16915 
12 55 44 25 16915 
12 55 59 25 16915 
12 56 14 25 16915 
12 56 29 25 16915 
12 56 44 25 16915 
12 56 59 25 16915 
12 57 14 25 16915 
12 57 29 25 16915 
12 58 59 25 16915 
12 59 14 25 16915 
12 59 29 25 16915 
12 59 44 25 16915 
12 59 59 25 16975 
13 0 14 25 16915 
13 0 29 25 16915 
13 0 44 25 16915 
13 0 59 25 16915 
13 1 14 25 16915 
13 1 29 25 16975 
13 1 44 25 16915 
13 1 59 25 16915 
13 2 14 25 16915 
13 2 29 25 16915 
13 2 44 25 16915 
13 2 59 25 16915 
13 3 14 25 16915 
13 3 29 25 16915 
13 3 44 25 16915 
13 3 59 25 16915 
13 4 14 25 16915 
13 4 29 25 16915 
13 4 44 25 16915 
13 4 59 25 16915 
13 5 14 25 16915 
13 5 29 25 16915 
13 5 44 25 16915 
13 5 59 25 16915 
13 6 14 25 16915 
13 6 29 25 16915 
13 6 44 25 16915 
13 6 59 25 16915 
13 7 14 25 16915 
13 7 29 25 16915 
13 7 44 25 16915 
13 7 59 25 16915 
13 8 14 25 16915 
13 8 29 25 16915 
13 8 44 25 16915 
13 8 59 25 16915 
13 9 14 25 16915 
13 9 29 25 16915 
13 9 44 25 16915 
13 9 59 25 16915 
13 10 14 25 16915 
13 10 29 25 16915 
13 10 44 25 16915 
13 10 59 25 16915 
13 11 14 25 16915 
13 11 29 25 16915 
13 11 44 25 16915 
13 11 59 25 16915 
13 12 14 25 16915 
13 12 29 25 16915 
13 12 44 25 16915 
13 12 59 25 16915 
13 13 14 25 16915 
13 13 29 25 16915 
13 14 59 25 16915 
13 15 14 25 16915 
13 15 29 26 16915 
13 15 44 25 16915 
13 15 59 25 16915 
13 16 14 25 16915 
13 16 29 25 16915 
13 16 44 25 16915 
13 16 59 25 16915 
13 17 14 25 16915 
13 17 29 25 16915 
13 17 44 25 16915 
13 17 59 25 16915 
13 18 14 25 16915 
13 18 29 25 16915 
13 18 44 25 16915 
13 18 59 25 16915 
13 19 14 25 16915 
13 19 29 25 16915 
13 19 44 25 16915 
13 19 59 25 16915 
13 20 14 25 16915 
13 20 29 25 16915 
13 20 44 25 16915 
13 20 59 25 16915 
13 21 14 25 16915 
13 21 29 25 16915 
13 21 44 25 16915 
13 21 59 25 16915 
13 22 14 25 16915 
13 22 29 25 16915 
13 22 44 25 16915 
13 22 59 25 16915 
13 23 14 25 16915 
13 23 29 25 16915 
13 23 44 25 16915 
13 23 59 25 16915 
13 24 14 25 16915 
13 24 29 25 16915 
13 24 44 25 16915 
13 24 59 25 16915 
13 25 14 25 16915 
13 25 29 25 16915 
13 25 44 25 16915 
13 25 59 25 16915 
13 26 14 25 16915 
13 26 29 25 16915 
13 26 44 25 16915 
13 26 59 25 16915 
13 27 14 25 16915 
13 27 29 25 16915 
13 27 44 25 16915 
13 27 59 25 16915 
13 28 14 25 16915 
13 28 29 25 16915 
13 28 44 25 16915 
13 28 59 25 16915 
13 29 14 25 16915 
13 29 29 25 16915 
13 30 59 25 16915 
13 31 14 25 16915 
13 31 29 25 16915 
13 31 44 25 16915 
13 31 59 25 16915 
13 32 14 25 16915 
13 32 29 25 16915 
13 32 44 25 16915 
13 32 59 25 16915 
13 33 14 25 16915 
13 33 29 25 16915 
13 33 44 25 16915 
13 33 59 25 16915 
13 34 14 25 16915 
13 34 29 25 16915 
13 34 44 25 16915 
13 34 59 25 16915 
13 35 14 25 16915 
13 35 29 25 16915 
13 35 44 25 16915 
13 35 59 25 16915 
13 36 14 25 16915 
13 36 29 25 16915 
13 36 44 25 16915 
13 36 59 25 16915 
13 37 14 25 16915 
13 37 29 25 16915 
13 37 44 25 16915 
13 37 59 25 16915 
13 38 14 25 16915 
13 38 29 25 16915 
13 38 44 25 16915 
13 38 59 25 16915 
13 39 14 25 16915 
13 39 29 25 16915 
13 39 44 25 16915 
13 39 59 25 16915 
13 40 14 25 16915 
13 40 29 25 16915 
13 40 44 25 16915 
13 40 59 25 16915 
13 41 14 25 16915 
13 41 29 25 16915 
13 41 44 25 16915 
13 41 59 25 16915 
13 42 14 25 16915 
13 42 29 25 16915 
13 42 44 25 16915 
13 42 59 25 16915 
13 43 14 25 16915 
13 43 29 25 16915 
13 43 44 25 16915 
13 43 59 25 16915 
13 44 14 25 16915 
13 44 29 25 16915 
13 44 44 25 16915 
13 44 59 25 16915 
13 45 14 25 16915 
13 45 29 25 16915 
13 46 59 25 16915 
13 47 14 25 16915 
13 47 29 25 16915 
13 47 44 25 16915 
13 47 59 25 16915 
13 48 14 25 16915 
13 48 29 25 16915 
13 48 44 25 16915 
13 48 59 25 16915 
13 49 14 25 16915 
13 49 29 25 16915 
13 49 44 25 16915 
13 49 59 25 16915 
13 50 14 25 16915 
13 50 29 25 16915 
13 50 44 25 16915 
13 50 59 25 16915 
13 51 14 25 16915 
13 51 29 25 16915 
13 51 44 25 16915 
13 51 59 25 16915 
13 52 14 25 16915 
13 52 29 25 16915 
13 52 44 25 16915 
13 52 59 25 16915 
13 53 14 25 16915 
13 53 29 25 16915 
13 53 44 25 16915 
13 53 59 25 16915 
13 54 14 25 16915 
13 54 29 25 16915 
13 54 44 25 16915 
13 54 59 25 16915 
13 55 14 25 16915 
13 55 29 25 16915 
13 55 44 25 16915 
13 55 59 25 16915 
13 56 14 25 16915 
13 56 29 25 16915 
13 56 44 25 16915 
13 56 59 25 16915 
13 57 14 25 16915 
13 57 29 25 16915 
13 57 44 25 16915 
13 57 59 25 16915 
13 58 14 25 16915 
13 58 29 25 16915 
13 58 44 25 16915 
13 58 59 25 16915 
13 59 14 25 16915 
13 59 29 25 16915 
13 59 44 25 16915 
13 59 59 25 16915 
14 0 14 25 16915 
14 0 29 25 16915 
14 0 44 25 16915 
14 0 59 25 16915 
14 1 14 25 16915 
14 1 29 25 16915 
14 2 59 25 16915 
14 3 14 25 16915 
14 3 29 25 16915 
14 3 44 25 16915 
14 3 59 25 16915 
14 4 14 25 16915 
14 4 29 25 16915 
14 4 44 25 16915 
14 4 59 25 16915 
14 5 14 25 16915 
14 5 29 25 16915 
14 5 44 25 16915 
14 5 59 25 16915 
14 6 14 25 16915 
14 6 29 25 16915 
14 6 44 25 16915 
14 6 59 25 16915 
14 7 14 25 16915 
14 7 29 25 16915 
14 7 44 25 16915 
14 7 59 25 16915 
14 8 14 25 16915 
14 8 29 25 16915 
14 8 44 25 16915 
14 8 59 25 16915 
14 9 14 25 16915 
14 9 29 25 16915 
14 9 44 25 16915 
14 9 59 25 16915 
14 10 14 25 16915 
14 10 29 25 16915 
14 10 44 25 16915 
14 10 59 25 16915 
14 11 14 25 16915 
14 11 29 25 16915 
14 11 44 25 16915 
14 11 59 25 16915 
14 12 14 25 16915 
14 12 29 25 16915 
14 12 44 25 16915 
14 12 59 25 16915 
14 13 14 25 16915 
14 13 29 25 16915 
14 13 44 25 16915 
14 13 59 25 16915 
14 14 14 25 16915 
14 14 29 25 16915 
14 14 44 25 16915 
14 14 59 25 16915 
14 15 14 25 16915 
14 15 29 25 16915 
14 15 44 25 16915 
14 15 59 25 16915 
14 16 14 25 16915 
14 16 29 25 16915 
14 16 44 25 16915 
14 16 59 25 16915 
14 17 14 25 16915 
14 17 29 25 16915 
14 18 59 25 16915 
14 19 14 25 16915 
14 19 29 25 16915 
14 19 44 25 16915 
14 19 59 25 16915 
14 20 14 25 16915 
14 20 29 25 16915 
14 20 44 25 16915 
14 20 59 25 16915 
14 21 14 25 16915 
14 21 29 25 16915 
14 21 44 25 16915 
14 21 59 25 16915 
14 22 14 25 16915 
14 22 29 25 16915 
14 22 44 25 16915 
14 22 59 25 16915 
14 23 14 25 16915 
14 23 29 25 16915 
14 23 44 25 16915 
14 23 59 25 16915 
14 24 14 25 16915 
14 24 29 25 16915 
14 24 44 25 16915 
14 24 59 25 16915 
14 25 14 25 16915 
14 25 29 25 16915 
14 25 44 25 16915 
14 25 59 25 16915 
14 26 14 25 16915 
14 26 29 25 16915 
14 26 44 25 16915 
14 26 59 25 16915 
14 27 14 25 16915 
14 27 29 25 16915 
14 27 44 25 16915 
14 27 59 25 16915 
14 28 14 25 16915 
14 28 29 25 16915 
14 28 44 25 16915 
14 28 59 25 16915 
14 29 14 25 16915 
14 29 29 25 16915 
14 29 44 25 16915 
14 29 59 25 16915 
14 30 14 25 16915 
14 30 29 25 16915 
14 30 44 25 16915 
14 30 59 25 16915 
14 31 14 25 16915 
14 31 29 25 16915 
14 31 44 25 16915 
14 31 59 25 16915 
14 32 14 25 16915 
14 32 29 25 16915 
14 32 45 25 16915 
14 33 0 25 16915 
14 33 15 25 16915 
14 33 30 25 16915 
14 35 0 25 16915 
14 35 15 25 16915 
14 35 30 25 16915 
14 35 45 25 16915 
14 36 0 25 16915 
14 36 15 25 16915 
14 36 30 25 16915 
14 36 45 25 16915 
14 37 0 25 16915 
14 37 15 25 16915 
14 37 30 25 16915 
14 37 45 25 16915 
14 38 0 25 16915 
14 38 15 25 16915 
14 38 30 25 16915 
14 38 45 25 16915 
14 39 0 25 16915 
14 39 15 25 16915 
14 39 30 25 16915 
14 39 45 25 16915 
14 40 0 25 16915 
14 40 15 25 16915 
14 40 30 25 16915 
14 40 45 25 16915 
14 41 0 25 16915 
14 41 15 25 16915 
14 41 30 25 16915 
14 41 45 25 16915 
14 42 0 25 16915 
14 42 15 25 16915 
14 42 30 25 16915 
14 42 45 25 16915 
14 43 0 25 16915 
14 43 15 25 16915 
14 43 30 25 16915 
14 43 45 25 16915 
14 44 0 25 16915 
14 44 15 25 16915 
14 44 30 25 16915 
14 44 45 25 16915 
14 45 0 25 16915 
14 45 15 25 16915 
14 45 30 25 16915 
14 45 45 25 16915 
14 46 0 25 16915 
14 46 15 25 16915 
14 46 30 25 16915 
14 46 45 25 16915 
14 47 0 25 16915 
14 47 15 25 16915 
14 47 30 25 16915 
14 47 45 25 16915 
14 48 0 25 16915 
14 48 15 25 16915 
14 48 30 25 16915 
14 48 45 25 16915 
14 49 0 25 16915 
14 49 15 25 16915 
14 49 30 25 16915 
14 51 0 25 16915 
14 51 15 25 16915 
14 51 30 25 16915 
14 51 45 25 16915 
14 52 0 25 16915 
14 52 15 25 16915 
14 52 30 25 16915 
14 52 45 25 16915 
14 53 0 25 16915 
14 53 15 25 16915 
14 53 30 25 16915 
14 53 45 25 16915 
14 54 0 25 16915 
14 54 15 25 16915 
14 54 30 25 16915 
14 54 45 25 16915 
14 55 0 25 16915 
14 55 15 25 16915 
14 55 30 25 16915 
14 55 45 25 16915 
14 56 0 25 16915 
14 56 15 25 16915 
14 56 30 25 16915 
14 56 45 25 16915 
14 57 0 25 16915 
14 57 15 25 16915 
14 57 30 25 16915 
14 57 45 25 16915 
14 58 0 25 16915 
14 58 15 25 16915 
14 58 30 25 16915 
14 58 45 25 16915 
14 59 0 25 16915 
14 59 15 25 16915 
14 59 30 25 16915 
14 59 45 25 16915 
15 0 0 25 16915 

/> 
read_ramp 10081314
read_ramp 10081314
<CR>Time:2021/10/08 14:51Ramp data first polarity: Ramp data first polarity: 
791 791 792 791 791 792 792 791 792 792 791 792 791 791 791 792 791 792 792 791 791 791 792 792 791 791 791 792 792 793 792 791 793 792 792 792 792 792 792 792 792 792 791 791 791 791 792 792 792 791 792 792 792 792 793 792 792 792 792 792 792 792 792 792 792 791 790 787 785 784 780 776 773 772 770 766 763 762 762 760 758 757 755 753 752 750 749 747 745 744 744 741 741 738 736 735 733 731 729 727 727 726 723 722 720 718 717 715 714 712 710 709 707 706 704 703 701 700 697 695 695 693 691 689 689 687 686 684 682 680 679 677 676 674 672 670 669 667 666 665 663 661 660 658 656 654 653 653 651 650 648 646 643 642 641 639 638 636 635 633 631 629 628 627 625 624 622 621 619 618 617 615 614 612 611 609 607 606 604 603 601 600 598 596 596 594 593 591 589 587 586 584 583 581 581 579 578 576 575 573 571 568 569 567 565 563 562 560 559 558 556 555 553 551 551 549 548 546 546 544 543 541 539 537 536 535 534 532 530 529 528 526 525 524 522 521 520 518 516 515 514 513 512 511 511 510 509 509 510 510 509 507 510 509 509 509 509 510 510 509 509 509 509 509 510 510 510 509 510 510 510 509 510 509 511 509 510 510 510 509 510 510 509 509 509 509 509 509 510 510 510 510 510 509 509 509 510 510 509 509 509 509 509 509 509 509 510 509 509 509 509 510 511 510 511 510 509 509 509 509 
ramp data second polarity
230 229 229 230 230 230 231 231 231 230 229 230 229 230 230 229 229 230 230 229 230 230 230 230 229 230 230 230 230 231 230 230 230 229 229 230 230 230 230 230 230 230 230 230 230 230 230 230 229 230 229 230 230 230 230 229 230 231 230 230 230 230 230 231 232 234 236 236 238 242 246 249 251 253 257 259 261 262 264 264 265 267 269 270 272 273 274 276 278 279 281 283 284 286 287 289 290 292 295 296 298 299 301 302 303 306 307 308 310 312 313 315 317 318 320 321 323 325 326 328 330 332 333 335 336 337 339 340 342 344 345 347 348 350 352 353 354 356 358 359 360 362 363 366 368 369 370 372 373 375 377 379 380 381 383 384 386 388 389 390 392 393 395 396 398 399 402 403 405 406 407 409 411 412 414 414 416 418 419 421 422 424 425 427 428 429 431 432 434 436 437 439 441 442 443 444 445 447 449 449 452 453 454 456 458 459 460 462 463 465 466 467 469 470 473 474 475 477 478 479 482 483 484 485 486 488 490 490 492 493 495 496 498 499 500 502 503 505 506 508 509 510 510 510 511 511 512 511 513 512 509 511 511 511 511 511 511 511 511 511 513 512 512 512 512 511 511 512 512 512 511 511 511 511 511 511 511 512 511 512 511 512 511 511 513 512 512 511 511 511 511 511 512 511 512 511 510 511 512 511 511 511 511 511 510 509 512 512 511 512 511 511 511 512 511 511 511 511 511 511 
Oscillation data first polarity :
235 237 238 242 246 249 251 253 254 258 259 261 262 264 264 267 268 268 271 272 274 276 279 281 281 283 283 286 287 289 290 292 293 295 296 298 300 302 303 305 306 308 310 311 314 315 317 319 320 321 322 324 326 327 329 330 332 334 336 337 338 340 342 343 345 347 348 350 352 353 354 356 357 359 361 363 364 365 367 368 370 372 373 374 376 377 379 380 382 383 385 387 389 392 392 394 395 396 398 400 400 402 403 405 406 408 410 411 413 414 416 417 419 420 422 424 426 427 429 430 429 432 434 434 437 438 439 441 443 443 445 447 448 450 451 453 454 456 457 459 461 462 463 464 466 468 469 471 472 474 475 476 478 479 480 482 483 484 485 487 488 490 492 494 496 497 497 499 500 502 503 504 505 507 508 509 510 510 511 511 511 511 511 511 512 512 513 513 512 513 513 511 511 512 512 511 512 511 512 511 511 511 511 511 511 512 511 511 511 513 512 512 512 512 511 511 511 512 511 511 512 512 511 512 513 512 512 512 511 511 511 511 511 512 512 512 513 512 511 511 512 512 511 511 512 511 511 511 511 511 511 511 511 511 511 511 511 512 513 512 512 512 512 511 512 512 512 511 511 511 511 511 511 511 511 511 511 511 511 511 512 511 512 512 511 511 511 511 512 511 510 512 511 512 512 511 511 512 512 511 512 511 510 511 512 511 512 511 511 511 511 512 512 511 511 511 511 511 511 511 
Oscillation data second polarity :
785 786 785 781 776 775 773 769 766 764 763 761 758 758 756 755 753 752 750 749 748 746 745 743 741 739 738 737 735 733 731 730 728 727 725 724 722 721 719 717 715 714 712 710 710 708 706 705 703 701 699 699 697 695 693 691 690 688 686 685 683 682 680 679 677 676 674 672 672 670 669 667 665 663 661 661 658 657 655 654 651 650 649 647 645 645 643 641 639 638 636 635 634 632 631 629 628 626 624 622 620 620 618 616 615 613 612 611 609 606 605 604 603 601 599 597 597 596 594 592 591 589 587 586 585 583 581 580 579 577 576 574 573 571 570 568 566 565 564 562 561 560 559 557 556 555 552 551 550 548 546 545 544 542 541 539 538 537 535 533 532 530 528 528 526 526 524 522 522 520 518 516 515 514 513 512 511 510 510 509 509 509 509 510 509 511 509 509 509 509 510 509 510 510 510 509 510 510 509 509 510 509 509 509 509 510 509 509 509 509 509 509 509 510 510 509 510 510 509 509 510 510 510 509 510 509 509 508 509 510 509 509 509 509 509 509 510 509 510 510 510 510 510 509 509 509 510 510 509 510 510 509 509 509 509 510 509 509 509 509 509 509 510 510 510 510 510 509 509 510 510 509 510 510 509 510 510 509 509 510 509 510 509 509 510 510 510 510 510 511 510 509 509 510 512 509 510 510 509 509 510 509 509 510 509 509 509 509 509 510 510 510 510 510 509 509 509 509 510 509 
/> 