14 48 50 224 10952 
14 49 27 224 10952 
14 49 42 224 10952 
14 49 57 224 10952 
14 50 12 224 10952 
14 50 27 223 10952 
14 50 42 224 10952 
14 50 57 224 10952 
14 51 12 224 10952 
14 51 27 224 10952 
14 51 42 224 10952 
14 51 57 224 10952 
14 52 12 224 10952 
14 52 27 224 10952 
14 52 42 224 10952 
14 52 57 224 10952 
14 53 12 224 10952 
14 53 28 224 10952 
14 53 43 224 10952 
14 53 58 224 10952 
14 54 13 224 10952 
14 54 28 224 10952 
14 54 43 224 10952 
14 54 58 224 10952 
14 55 13 224 10952 
14 55 28 224 10952 
14 55 43 224 10952 
14 55 58 224 10952 
14 56 13 224 10952 
14 56 28 224 10952 
14 56 43 224 10952 
14 56 58 224 10952 
14 57 13 224 10952 
14 57 28 224 10952 
14 57 43 224 10952 
14 57 58 224 10952 
14 58 13 224 10952 
14 58 28 224 10952 
14 58 43 224 10952 
14 58 58 224 10952 
14 59 13 224 10952 
14 59 28 224 10952 
14 59 43 224 10952 
14 59 58 224 10952 
15 0 13 224 10952 
15 0 28 224 10952 
15 0 43 224 10952 
15 0 58 224 10952 
15 1 13 224 10952 
15 1 28 224 10952 
15 1 43 224 10952 
15 1 58 224 10952 
15 2 13 224 10952 
15 2 28 224 10952 
15 2 43 224 10952 
15 2 58 224 10952 
15 3 13 224 10952 
15 3 28 224 10952 
15 3 43 224 10952 
15 3 58 224 10952 
15 4 50 224 10952 
15 5 5 223 10952 
15 5 20 224 10952 
15 5 35 224 10952 
15 5 50 224 10952 
15 6 5 224 10952 
15 6 20 224 10952 
15 6 35 224 10952 
15 6 50 224 10952 
15 7 5 224 10952 
15 7 20 224 10952 
15 7 35 224 10952 
15 7 50 224 10952 
15 8 5 224 10952 
15 8 20 224 10952 
15 8 35 224 10952 
15 8 50 224 10952 
15 9 5 224 10952 
15 9 20 224 10952 
15 9 35 224 10952 
15 9 50 224 10952 
15 10 5 224 10952 
15 10 20 224 10952 
15 10 35 224 10952 
15 10 50 224 10952 
15 11 5 224 10952 
15 11 20 224 10952 
15 11 35 224 10952 
15 11 50 224 10952 
15 12 5 224 10952 
15 12 20 224 10952 
15 12 35 224 10952 
15 12 50 224 10952 
15 13 5 224 10952 
15 13 20 224 10952 
15 13 35 224 10952 
15 13 50 224 10952 
15 14 5 224 10952 
15 14 20 224 10952 
15 14 35 224 10952 
15 14 50 224 10952 
15 15 5 224 10952 
15 15 20 224 10952 
15 15 35 224 10952 
15 15 50 224 10952 
15 16 5 224 10952 
15 16 20 224 10952 
15 16 35 224 10952 
15 16 50 224 10952 
15 17 5 224 10952 
15 17 20 224 10952 
15 17 35 224 10952 
15 17 50 224 10952 
15 18 5 224 10952 
15 18 20 224 10952 
15 18 35 224 10952 
15 18 50 224 10952 
15 19 5 224 10952 
15 19 42 224 10952 
15 19 57 224 10952 
15 20 12 224 10952 
15 20 27 224 10952 
15 20 42 224 10952 
15 20 57 223 10952 
15 21 12 224 10952 
15 21 27 224 10952 
15 21 42 224 10952 
15 21 57 224 10952 
15 22 12 224 10952 
15 22 27 224 10952 
15 22 42 224 10952 
15 22 57 224 10952 
15 23 12 224 11012 
15 23 27 224 10952 
15 23 42 224 10952 
15 23 57 224 10952 
15 24 12 224 10952 
15 24 27 224 10952 
15 24 42 224 10952 
15 24 57 224 10952 
15 25 12 224 10952 
15 25 27 224 11012 
15 25 42 224 10952 
15 25 57 224 11012 
15 26 12 224 10952 
15 26 27 224 10952 
15 26 42 224 10952 
15 26 57 224 10952 
15 27 12 224 10952 
15 27 27 224 10952 
15 27 42 224 10952 
15 27 57 224 10952 
15 28 12 224 10952 
15 28 27 224 10952 
15 28 42 224 10952 
15 28 57 224 10952 
15 29 12 224 10952 
15 29 27 224 10952 
15 29 42 224 10952 
15 29 57 224 10952 
15 30 12 224 10952 
15 30 27 224 10952 
15 30 42 224 10952 
15 30 57 224 10952 
15 31 12 224 10952 
15 31 27 223 10952 
15 31 42 224 10952 
15 31 57 224 10952 
15 32 12 224 10952 
15 32 27 224 10952 
15 32 42 224 10952 
15 32 57 224 10952 
15 33 12 224 10952 
15 33 27 224 10952 
15 33 42 224 10952 
15 33 57 224 10952 
15 34 12 224 10952 
15 35 4 224 10952 
15 35 19 224 10952 
15 35 34 224 10952 
15 35 49 224 10952 
15 36 4 224 10952 
15 36 19 224 10952 
15 36 34 224 10952 
15 36 49 224 10952 
15 37 4 224 10952 
15 37 19 224 10952 
15 37 34 224 10952 
15 37 49 224 10952 
15 38 4 224 10952 
15 38 19 224 10952 
15 38 34 224 10952 
15 38 49 224 10952 
15 39 4 224 10952 
15 39 19 224 11012 
15 39 34 224 10952 
15 39 49 224 10952 
15 40 4 224 10952 
15 40 19 224 10952 
15 40 34 224 10952 
15 40 49 224 11012 
15 41 4 224 11012 
15 41 19 224 10952 
15 41 34 224 10952 
15 41 49 224 11012 
15 42 4 224 10952 
15 42 19 224 10952 
15 42 34 224 10952 
15 42 49 224 11012 
15 43 4 224 11012 
15 43 19 224 11012 
15 43 34 224 11012 
15 43 49 224 11012 
15 44 4 224 11012 
15 44 19 224 11012 
15 44 34 224 11012 
15 44 49 223 10952 
15 45 4 224 10952 
15 45 19 224 10952 
15 45 34 224 11012 
15 45 49 224 11012 
15 46 4 224 11012 
15 46 19 224 11012 
15 46 34 224 11012 
15 46 49 224 11012 
15 47 4 224 11012 
15 47 19 224 11012 
15 47 34 224 11012 
15 47 49 224 11012 
15 48 4 224 11012 
15 48 19 224 11012 
15 48 34 224 11012 
15 48 49 224 11012 
15 49 4 224 11012 
15 49 19 224 11012 
15 50 11 224 11012 
15 50 26 224 11012 
15 50 41 224 11012 
15 50 56 224 11012 
15 51 11 224 11012 
15 51 26 224 11012 
15 51 41 224 11012 
15 51 56 224 11012 
15 52 11 224 11012 
15 52 26 224 11012 
15 52 41 224 11012 
15 52 56 224 11012 
15 53 11 224 11012 
15 53 26 224 11012 
15 53 41 224 11012 
15 53 56 224 11012 
15 54 11 224 11012 
15 54 26 224 11012 
15 54 41 224 11012 
15 54 56 224 11012 
15 55 11 224 11012 
15 55 26 224 11012 
15 55 41 224 11012 
15 55 56 224 11012 
15 56 11 224 11012 
15 56 26 224 11012 
15 56 41 224 11012 
15 56 56 224 11012 
15 57 11 224 11012 
15 57 26 224 11012 
15 57 41 224 11012 
15 57 56 223 10591 

/> 
ls
ls
<CR>
         TIME          Size       File name 
----A 2021/06/29 14:19     10376  0629
----A 2021/06/29 09:11    128640  06290855
----A 2021/06/29 09:27    128000  06290910
----A 2021/06/29 09:42    128640  06290925
----A 2021/06/29 09:55    128000  06290940
----A 2021/06/29 10:11    128640  06290955
----A 2021/06/29 10:26    128000  06291011
----A 2021/06/29 10:41    128640  06291026
----A 2021/06/29 10:56    128000  06291041
----A 2021/06/29 11:11    128640  06291056
----A 2021/06/29 11:27    128000  06291111
----A 2021/06/29 11:43    128640  06291126
----A 2021/06/29 11:58    128000  06291141
----A 2021/06/29 12:11    128640  06291156
----A 2021/06/29 12:27    128640  06291211
----A 2021/06/29 12:42    128640  06291227
----A 2021/06/29 12:57    128000  06291242
----A 2021/06/29 13:13    128640  06291257
----A 2021/06/29 13:27    128640  06291312
----A 2021/06/29 13:42    128640  06291327
----A 2021/06/29 13:59    128000  06291342
----A 2021/06/29 14:14    128640  06291357
----A 2021/06/29 14:15      2560  06291412
----A 2021/06/30 15:59      8264  0630
----A 2021/06/30 11:31      2560  06301130
----A 2021/06/30 12:19    128640  06301202
----A 2021/06/30 12:34    128640  06301217
----A 2021/06/30 12:47    128640  06301232
----A 2021/06/30 13:03    128640  06301248
----A 2021/06/30 13:18    128000  06301303
----A 2021/06/30 13:33    128640  06301318
----A 2021/06/30 13:49    128640  06301333
----A 2021/06/30 14:03    128640  06301348
----A 2021/06/30 14:18    128640  06301403
----A 2021/06/30 14:35    128640  06301418
----A 2021/06/30 14:51    128000  06301433
----A 2021/06/30 15:03    128000  06301448
----A 2021/06/30 15:19    128640  06301504
----A 2021/06/30 15:34    128000  06301519
----A 2021/06/30 15:49    128640  06301534
----A 2021/06/30 15:49      2560  06301549
----A 2021/07/01 16:03     13168  0701
----A 2021/07/01 09:23    129280  07010907
----A 2021/07/01 09:39    129280  07010922
----A 2021/07/01 09:54    128640  07010937
----A 2021/07/01 10:07    128640  07010952
----A 2021/07/01 10:23    129280  07011007
----A 2021/07/01 10:38    128640  07011023
----A 2021/07/01 10:53    128640  07011038
----A 2021/07/01 11:09    129920  07011053
----A 2021/07/01 11:23    128640  07011108
----A 2021/07/01 11:38    128640  07011123
----A 2021/07/01 11:55    128640  07011138
----A 2021/07/01 12:10    128000  07011153
----A 2021/07/01 12:23    129280  07011208
----A 2021/07/01 12:39    128640  07011224
----A 2021/07/01 12:54    128640  07011239
----A 2021/07/01 13:09    128640  07011254
----A 2021/07/01 13:25    128640  07011309
----A 2021/07/01 13:39    128000  07011324
----A 2021/07/01 13:54    129280  07011339
----A 2021/07/01 14:11    129280  07011354
----A 2021/07/01 14:27    129280  07011409
----A 2021/07/01 14:39    128000  07011424
----A 2021/07/01 14:55    128000  07011440
----A 2021/07/01 15:10    129280  07011455
----A 2021/07/01 15:25    128000  07011510
----A 2021/07/01 15:41    129280  07011525
----A 2021/07/01 15:55    129280  07011540
----A 2021/07/01 15:55      2560  07011555

  70 File(s),   8143168 bytes total
   0 Dir(s),     992400K bytes free

/> 
read 0701
read 0701
<CR>Time:2021/07/01 15:55
Hours Minutes Seconds  Nb_Samples    Aver. Current 
8 52 8 224 10591 
8 53 36 224 11012 
8 53 51 224 11012 
8 54 6 224 11012 
8 54 21 224 11012 
8 54 36 224 10952 
8 54 51 224 10952 
8 55 6 224 11012 
8 55 21 224 10952 
8 55 36 224 10952 
8 55 51 224 11012 
8 56 6 224 10952 
8 56 21 224 10952 
8 56 36 224 10952 
8 56 51 224 10952 
8 57 6 224 10952 
8 57 21 224 10952 
8 57 36 224 10952 
8 57 51 224 10952 
8 58 6 224 10952 
8 58 21 224 10952 
8 58 36 224 10952 
8 58 51 224 10952 
8 59 6 224 10952 
8 59 21 224 10952 
8 59 36 224 10952 
8 59 51 224 10952 
9 0 6 224 10952 
9 0 21 224 10952 
9 0 36 224 10952 
9 0 51 224 10952 
9 1 6 224 10952 
9 1 21 224 10952 
9 1 36 224 10952 
9 1 51 224 10952 
9 2 6 224 10952 
9 2 21 224 10952 
9 2 36 224 10952 
9 2 51 224 10952 
9 3 6 224 10952 
9 3 21 224 10952 
9 3 36 224 10952 
9 3 51 224 10952 
9 4 6 224 10952 
9 4 21 224 10952 
9 4 36 224 10952 
9 4 51 223 10952 
9 5 6 224 10952 
9 5 21 224 10952 
9 5 36 224 10952 
9 5 51 224 10952 
9 6 6 224 10952 
9 6 21 224 10952 
9 6 36 224 10952 
9 6 51 224 10952 
9 7 6 224 10952 
9 7 21 224 10952 
9 7 58 224 10952 
9 8 13 224 10952 
9 8 28 224 10952 
9 8 43 224 10952 
9 8 58 224 10952 
9 9 13 224 10952 
9 9 28 224 10952 
9 9 43 224 10952 
9 9 58 224 10952 
9 10 28 225 10952 
9 10 43 224 10952 
9 10 58 224 10952 
9 11 13 224 10952 
9 11 28 224 10952 
9 11 43 224 10952 
9 11 58 224 10952 
9 12 13 224 10952 
9 12 28 224 10952 
9 12 43 224 10952 
9 12 58 224 10952 
9 13 13 224 10952 
9 13 28 224 10952 
9 13 44 224 10952 
9 13 59 224 10952 
9 14 14 224 10952 
9 14 29 224 10952 
9 14 44 224 10952 
9 14 59 224 11012 
9 15 29 225 10952 
9 15 44 224 10952 
9 15 59 224 10952 
9 16 14 224 10952 
9 16 29 224 10952 
9 16 44 224 10952 
9 16 59 224 10952 
9 17 14 224 10952 
9 17 29 224 10952 
9 17 44 224 10952 
9 17 59 224 10952 
9 18 14 224 10952 
9 18 29 224 10952 
9 18 44 224 10952 
9 18 59 224 10952 
9 19 14 224 10952 
9 19 29 223 10952 
9 19 44 224 10952 
9 19 59 224 10952 
9 20 14 224 10952 
9 20 29 224 10952 
9 20 44 224 10952 
9 20 59 224 10952 
9 21 14 224 10952 
9 21 29 224 10952 
9 21 44 224 10952 
9 21 59 224 10952 
9 22 14 224 10952 
9 22 29 224 10952 
9 23 21 224 10952 
9 23 36 224 10952 
9 23 51 224 10952 
9 24 6 224 10952 
9 24 21 224 10952 
9 24 36 224 10952 
9 24 51 224 10952 
9 25 6 224 10952 
9 25 21 224 10952 
9 25 36 224 10952 
9 25 51 224 10952 
9 26 6 224 10952 
9 26 21 224 10952 
9 26 36 224 10952 
9 26 51 224 10952 
9 27 6 224 10952 
9 27 21 224 10952 
9 27 36 224 10952 
9 28 6 225 10952 
9 28 21 224 10952 
9 28 36 224 10952 
9 28 51 224 10952 
9 29 6 224 10952 
9 29 21 224 10952 
9 29 36 224 10952 
9 29 51 224 10952 
9 30 6 224 10952 
9 30 21 224 10952 
9 30 36 224 10952 
9 30 51 224 10952 
9 31 6 224 10952 
9 31 21 224 10952 
9 31 36 224 10952 
9 31 51 224 10952 
9 32 6 224 10952 
9 32 21 224 10952 
9 32 36 224 10952 
9 32 51 224 10952 
9 33 6 224 10952 
9 33 21 224 10952 
9 33 36 224 10952 
9 33 51 224 10952 
9 34 6 224 10952 
9 34 21 223 10952 
9 34 36 224 10952 
9 34 51 224 10952 
9 35 6 224 10952 
9 35 21 224 10952 
9 35 36 224 10952 
9 35 51 224 10952 
9 36 6 224 10952 
9 36 21 224 10952 
9 36 36 224 10952 
9 36 51 224 10952 
9 37 6 223 10952 
9 37 21 224 10952 
9 37 36 224 10952 
9 38 28 224 10952 
9 38 43 224 10952 
9 38 58 224 10952 
9 39 13 224 10952 
9 39 28 224 10952 
9 39 43 224 10952 
9 39 58 224 10952 
9 40 13 224 10952 
9 40 28 224 10952 
9 40 43 224 10952 
9 40 58 224 10952 
9 41 13 224 10952 
9 41 28 224 10952 
9 41 43 224 10952 
9 41 58 224 10952 
9 42 13 224 10952 
9 42 28 224 10952 
9 42 43 224 10952 
9 42 58 224 10952 
9 43 13 224 10952 
9 43 28 224 10952 
9 43 43 224 10952 
9 43 58 224 10952 
9 44 13 224 10952 
9 44 28 224 10952 
9 44 43 224 10952 
9 44 58 224 10952 
9 45 13 224 10952 
9 45 28 224 10952 
9 45 43 224 10952 
9 45 58 224 10952 
9 46 13 224 10952 
9 46 28 224 10952 
9 46 43 224 10952 
9 46 58 224 10952 
9 47 13 224 10952 
9 47 28 224 10952 
9 47 43 224 10952 
9 47 58 224 10952 
9 48 13 224 10952 
9 48 28 224 10952 
9 48 43 224 10952 
9 48 58 224 10952 
9 49 13 224 10952 
9 49 28 224 10952 
9 49 43 224 10952 
9 49 58 223 10952 
9 50 13 224 10952 
9 50 28 224 10952 
9 50 43 223 10952 
9 50 58 224 10952 
9 51 13 224 10952 
9 51 28 224 10952 
9 51 43 224 10952 
9 51 58 224 10952 
9 52 13 224 10952 
9 52 28 224 10952 
9 52 43 224 10952 
9 53 20 224 10952 
9 53 35 224 10952 
9 53 50 224 10952 
9 54 5 224 10952 
9 54 20 224 10952 
9 54 35 224 10952 
9 54 50 224 10952 
9 55 5 224 10952 
9 55 20 224 10952 
9 55 35 224 10952 
9 55 50 224 10952 
9 56 5 224 10952 
9 56 20 224 10952 
9 56 35 224 10952 
9 56 50 224 10952 
9 57 5 224 10952 
9 57 20 224 10952 
9 57 35 224 10952 
9 57 50 224 10952 
9 58 5 224 10952 
9 58 20 224 10952 
9 58 35 224 10952 
9 58 50 224 10952 
9 59 5 224 10952 
9 59 20 224 10952 
9 59 35 224 10952 
9 59 50 224 10952 
10 0 5 224 10952 
10 0 20 224 10952 
10 0 35 224 10952 
10 0 50 224 10952 
10 1 5 224 10952 
10 1 20 224 10952 
10 1 35 224 10952 
10 1 50 224 10952 
10 2 5 224 10952 
10 2 20 224 10952 
10 2 35 224 10952 
10 2 50 223 10952 
10 3 5 224 10952 
10 3 20 224 10952 
10 3 35 224 10952 
10 3 50 224 10952 
10 4 5 224 10952 
10 4 20 224 10952 
10 4 35 224 10952 
10 4 50 224 10952 
10 5 5 224 10952 
10 5 20 224 10952 
10 5 35 224 10952 
10 6 5 225 10952 
10 6 20 224 10952 
10 6 35 224 10952 
10 6 50 224 10952 
10 7 5 224 10952 
10 7 20 224 10952 
10 7 35 224 10952 
10 7 50 224 10952 
10 8 42 224 10952 
10 8 57 224 10952 
10 9 12 224 10952 
10 9 27 224 10952 
10 9 42 224 10952 
10 9 57 223 10952 
10 10 12 224 10952 
10 10 27 224 10952 
10 10 42 224 10952 
10 10 57 224 10952 
10 11 12 224 10952 
10 11 27 224 10952 
10 11 42 224 10952 
10 11 57 224 10952 
10 12 12 224 10952 
10 12 27 224 10952 
10 12 42 224 10952 
10 12 57 224 10952 
10 13 12 224 10952 
10 13 42 225 10952 
10 13 57 224 10952 
10 14 12 224 10952 
10 14 27 224 10952 
10 14 42 224 10952 
10 14 57 224 10952 
10 15 12 224 10952 
10 15 27 224 10952 
10 15 42 224 10952 
10 15 57 224 10952 
10 16 12 224 10952 
10 16 27 223 10952 
10 16 42 224 10952 
10 16 57 224 10952 
10 17 12 224 10952 
10 17 27 224 10952 
10 17 42 224 10952 
10 17 57 224 10952 
10 18 12 224 10952 
10 18 27 224 10952 
10 18 42 224 10952 
10 18 57 224 10952 
10 19 12 224 10952 
10 19 27 224 10952 
10 19 42 224 10952 
10 19 57 224 10952 
10 20 12 224 10952 
10 20 27 224 10952 
10 20 42 224 10952 
10 20 57 224 10952 
10 21 12 224 10952 
10 21 27 224 10952 
10 21 42 224 10952 
10 21 57 224 10952 
10 22 12 224 10952 
10 22 27 224 10952 
10 22 42 224 10952 
10 22 57 224 10952 
10 23 49 224 10952 
10 24 4 223 10952 
10 24 19 224 10952 
10 24 34 224 10952 
10 24 49 224 10952 
10 25 4 224 10952 
10 25 19 224 10952 
10 25 34 224 10952 
10 25 49 224 10952 
10 26 4 224 10952 
10 26 19 224 10952 
10 26 34 224 10952 
10 26 49 224 10952 
10 27 4 224 10952 
10 27 19 224 10952 
10 27 34 224 10952 
10 27 49 224 10952 
10 28 4 224 10952 
10 28 19 224 10952 
10 28 34 224 10952 
10 28 49 224 10952 
10 29 4 224 10952 
10 29 19 223 10952 
10 29 34 224 10952 
10 29 49 224 10952 
10 30 4 224 10952 
10 30 19 224 10952 
10 30 34 224 10952 
10 30 49 224 10952 
10 31 4 224 10952 
10 31 19 224 10952 
10 31 34 224 10952 
10 31 49 224 10952 
10 32 4 224 10952 
10 32 19 224 10952 
10 32 34 224 10952 
10 32 49 224 10952 
10 33 4 224 10952 
10 33 19 224 10952 
10 33 34 224 10952 
10 33 49 224 10952 
10 34 4 224 10952 
10 34 19 224 10952 
10 34 34 224 10952 
10 34 49 224 10952 
10 35 4 224 10952 
10 35 19 224 10952 
10 35 34 224 10952 
10 35 49 224 10952 
10 36 4 224 10952 
10 36 19 224 10952 
10 36 34 224 10952 
10 36 49 224 10952 
10 37 4 224 10952 
10 37 19 224 10952 
10 37 34 224 10952 
10 37 49 224 10952 
10 38 4 224 10952 
10 38 56 224 10952 
10 39 11 224 10952 
10 39 26 224 10952 
10 39 41 224 10952 
10 39 56 224 10952 
10 40 11 223 10952 
10 40 26 224 10952 
10 40 41 224 10952 
10 40 56 224 10952 
10 41 11 224 10952 
10 41 26 224 10952 
10 41 41 224 10952 
10 41 56 224 10952 
10 42 11 224 10952 
10 42 26 223 10952 
10 42 41 224 10952 
10 42 56 224 10952 
10 43 11 224 10952 
10 43 26 224 10952 
10 43 41 224 10952 
10 43 56 224 10952 
10 44 11 224 10952 
10 44 26 224 10952 
10 44 41 224 10952 
10 44 56 224 10952 
10 45 11 224 10952 
10 45 26 224 10952 
10 45 41 224 10952 
10 45 56 224 10952 
10 46 11 224 10952 
10 46 26 224 10952 
10 46 41 224 10952 
10 46 56 224 10952 
10 47 11 224 10952 
10 47 26 224 10952 
10 47 41 224 10952 
10 47 56 224 10952 
10 48 11 224 10952 
10 48 26 224 10952 
10 48 41 224 10952 
10 48 56 224 10952 
10 49 11 224 10952 
10 49 26 224 10952 
10 49 41 224 10952 
10 49 56 224 10952 
10 50 11 224 10952 
10 50 26 224 10952 
10 50 41 224 10952 
10 50 56 224 10952 
10 51 11 224 10952 
10 51 26 224 10952 
10 51 41 224 10952 
10 51 56 224 10952 
10 52 11 224 10952 
10 52 26 224 10952 
10 52 41 224 10952 
10 52 56 224 10952 
10 53 11 224 10952 
10 54 3 224 10952 
10 54 33 225 10952 
10 54 48 224 10952 
10 55 3 224 10952 
10 55 18 224 10952 
10 55 33 224 10952 
10 55 48 223 10952 
10 56 3 224 10952 
10 56 18 224 10952 
10 56 33 224 10952 
10 56 48 224 10952 
10 57 3 224 10952 
10 57 18 224 10952 
10 57 33 224 10952 
10 57 48 224 10952 
10 58 3 224 10952 
10 58 18 224 10952 
10 58 33 224 10952 
10 58 48 224 10952 
10 59 3 224 10952 
10 59 33 225 10952 
10 59 48 224 10952 
11 0 3 224 10952 
11 0 18 224 10952 
11 0 33 224 10952 
11 0 48 224 10952 
11 1 3 224 10952 
11 1 18 224 10952 
11 1 33 224 10952 
11 1 48 224 10952 
11 2 3 224 10952 
11 2 18 224 10952 
11 2 33 224 10952 
11 2 48 224 10952 
11 3 3 224 10952 
11 3 18 224 10952 
11 3 33 224 10952 
11 3 48 224 10952 
11 4 3 224 10952 
11 4 18 224 10952 
11 4 33 224 10952 
11 4 48 224 10952 
11 5 3 224 10952 
11 5 18 224 10952 
11 5 33 224 10952 
11 5 48 224 10952 
11 6 3 224 10952 
11 6 18 224 10952 
11 6 33 224 10952 
11 6 48 224 10952 
11 7 3 224 10952 
11 7 18 224 10952 
11 7 33 224 10952 
11 7 48 224 10952 
11 8 3 224 10952 
11 8 18 224 10952 
11 9 10 224 10952 
11 9 25 224 10952 
11 9 40 224 10952 
11 9 55 224 10952 
11 10 10 224 10952 
11 10 25 224 10952 
11 10 40 224 10952 
11 10 55 223 10952 
11 11 10 224 10952 
11 11 25 224 10952 
11 11 40 224 10952 
11 11 55 224 10952 
11 12 10 224 10952 
11 12 25 224 10952 
11 12 40 224 10952 
11 12 55 224 10952 
11 13 10 224 10952 
11 13 25 224 10952 
11 13 40 224 10952 
11 13 55 224 10952 
11 14 10 224 10952 
11 14 25 224 10952 
11 14 40 224 10952 
11 14 55 224 10952 
11 15 10 224 10952 
11 15 25 224 10952 
11 15 40 224 10952 
11 15 55 224 10952 
11 16 10 224 10952 
11 16 25 224 10952 
11 16 40 224 10952 
11 16 55 224 10952 
11 17 10 224 10952 
11 17 25 224 10952 
11 17 40 224 10952 
11 17 55 224 10952 
11 18 10 224 10952 
11 18 25 224 10952 
11 18 40 224 10952 
11 18 55 224 10952 
11 19 10 224 10952 
11 19 25 224 10952 
11 19 40 224 10952 
11 19 55 224 10952 
11 20 10 224 10952 
11 20 25 224 10952 
11 20 40 224 10952 
11 20 55 224 10952 
11 21 10 224 10952 
11 21 25 224 10952 
11 21 40 224 10952 
11 21 55 224 10952 
11 22 10 224 10952 
11 22 25 224 10952 
11 22 40 224 10952 
11 22 55 224 10952 
11 23 10 224 10952 
11 23 25 224 10952 
11 24 2 224 10952 
11 24 17 223 10952 
11 24 32 224 10952 
11 24 47 224 10952 
11 25 2 224 10952 
11 25 17 224 10952 
11 25 32 224 10952 
11 25 47 224 10952 
11 26 2 224 10952 
11 26 17 224 10952 
11 26 32 224 10952 
11 26 47 224 10952 
11 27 2 224 10952 
11 27 17 224 10952 
11 27 32 224 10952 
11 27 47 224 10952 
11 28 2 224 10952 
11 28 17 224 10952 
11 28 32 224 10952 
11 28 47 224 10952 
11 29 2 224 10952 
11 29 17 224 10952 
11 29 32 224 10952 
11 29 47 224 10952 
11 30 2 224 10952 
11 30 17 224 10952 
11 30 32 224 10952 
11 30 47 224 10952 
11 31 2 224 10952 
11 31 17 224 10952 
11 31 32 224 10952 
11 31 47 224 10952 
11 32 17 225 10952 
11 32 32 224 10952 
11 32 47 224 10952 
11 33 2 224 10952 
11 33 17 224 10952 
11 33 32 224 10952 
11 33 47 224 10952 
11 34 2 224 10952 
11 34 17 224 10952 
11 34 32 224 10952 
11 34 47 224 10952 
11 35 2 224 10952 
11 35 17 224 10952 
11 35 32 224 10952 
11 35 47 224 10952 
11 36 2 224 10952 
11 36 17 224 10952 
11 36 32 224 10952 
11 36 47 224 10952 
11 37 2 224 10952 
11 37 17 224 10952 
11 37 32 223 10952 
11 37 47 224 10952 
11 38 2 224 10952 
11 38 17 224 10952 
11 38 32 224 10952 
11 39 24 224 10952 
11 39 39 224 10952 
11 39 54 224 10952 
11 40 9 224 10952 
11 40 24 224 10952 
11 40 39 223 10952 
11 40 54 223 10952 
11 41 9 224 10952 
11 41 24 224 10952 
11 41 39 224 10952 
11 41 54 224 10952 
11 42 9 224 10952 
11 42 24 224 10952 
11 42 39 224 10952 
11 42 54 224 10952 
11 43 9 224 10952 
11 43 24 224 10952 
11 43 39 224 10952 
11 43 54 224 10952 
11 44 9 224 10952 
11 44 24 224 10952 
11 44 39 224 10952 
11 44 54 224 10952 
11 45 9 224 10952 
11 45 24 224 10952 
11 45 39 224 10952 
11 45 54 224 10952 
11 46 9 224 10952 
11 46 24 224 10952 
11 46 39 224 10952 
11 46 54 224 10952 
11 47 9 224 10952 
11 47 24 224 10952 
11 47 39 224 10952 
11 47 54 224 10952 
11 48 9 224 10952 
11 48 24 224 10952 
11 48 39 224 10952 
11 48 54 224 10952 
11 49 9 224 10952 
11 49 24 224 10952 
11 49 39 224 10952 
11 49 54 224 10952 
11 50 9 224 10952 
11 50 24 224 10952 
11 50 39 223 10952 
11 50 54 224 10952 
11 51 9 224 10952 
11 51 24 224 10952 
11 51 39 224 10952 
11 51 54 224 10952 
11 52 9 224 10952 
11 52 24 224 10952 
11 52 39 224 10952 
11 52 54 224 10952 
11 53 9 224 10952 
11 53 24 224 10952 
11 53 39 224 10952 
11 54 16 224 10952 
11 54 31 224 10952 
11 54 46 224 10952 
11 55 1 224 10952 
11 55 16 224 10952 
11 55 31 224 10952 
11 55 46 224 10952 
11 56 1 224 10952 
11 56 16 224 10952 
11 56 31 224 10952 
11 56 46 224 10952 
11 57 1 224 10952 
11 57 16 224 10952 
11 57 31 224 10952 
11 57 46 224 10952 
11 58 1 224 10952 
11 58 16 224 10952 
11 58 31 224 10952 
11 58 46 224 10952 
11 59 1 224 10952 
11 59 16 224 10952 
11 59 31 224 10952 
11 59 46 224 10952 
12 0 1 224 10952 
12 0 16 224 10952 
12 0 31 224 10952 
12 0 46 224 10952 
12 1 1 224 10952 
12 1 16 224 10952 
12 1 31 224 10952 
12 1 46 224 10952 
12 2 1 224 10952 
12 2 16 224 10952 
12 2 31 224 10952 
12 2 46 224 10952 
12 3 1 224 10952 
12 3 16 224 10952 
12 3 31 223 10952 
12 3 46 224 10952 
12 4 1 224 10952 
12 4 16 224 10952 
12 4 31 224 10952 
12 4 46 224 10952 
12 5 1 224 10952 
12 5 16 224 10952 
12 5 31 224 10952 
12 5 46 224 10952 
12 6 1 224 10952 
12 6 16 224 10952 
12 6 31 224 10952 
12 6 46 224 10952 
12 7 1 224 10952 
12 7 16 224 10952 
12 7 31 224 10952 
12 7 46 224 10952 
12 8 1 224 10952 
12 8 16 224 10952 
12 8 31 224 10952 
12 8 46 224 10952 
12 9 38 224 10952 
12 9 53 224 10952 
12 10 8 224 10952 
12 10 23 224 10952 
12 10 38 223 10952 
12 11 8 225 10952 
12 11 23 224 10952 
12 11 38 224 10952 
12 11 53 224 10952 
12 12 8 224 10952 
12 12 23 224 10952 
12 12 38 224 10952 
12 12 53 224 10952 
12 13 8 224 10952 
12 13 23 224 10952 
12 13 38 224 10952 
12 13 53 224 10952 
12 14 8 224 10952 
12 14 23 224 10952 
12 14 38 224 10952 
12 14 53 224 10952 
12 15 8 224 10952 
12 15 23 224 10952 
12 15 38 224 10952 
12 15 53 224 10952 
12 16 8 224 10952 
12 16 23 224 10952 
12 16 38 224 10952 
12 16 53 224 10952 
12 17 8 223 10952 
12 17 23 224 10952 
12 17 38 224 10952 
12 17 53 223 10952 
12 18 8 224 10952 
12 18 23 224 10952 
12 18 38 224 10952 
12 18 53 224 10952 
12 19 8 224 10952 
12 19 23 224 10952 
12 19 38 224 10952 
12 19 53 224 10952 
12 20 8 224 10952 
12 20 23 224 10952 
12 20 38 224 10952 
12 20 53 224 10952 
12 21 8 224 10952 
12 21 23 224 10952 
12 21 38 224 10952 
12 21 53 224 10952 
12 22 8 224 10952 
12 22 23 224 10952 
12 22 38 224 10952 
12 22 53 224 10952 
12 23 8 224 10952 
12 23 23 224 10952 
12 23 38 224 10952 
12 23 53 224 10952 
12 24 45 224 10952 
12 25 0 224 10952 
12 25 15 224 10952 
12 25 30 224 10952 
12 25 45 224 10952 
12 26 0 224 10952 
12 26 15 224 10952 
12 26 30 224 10952 
12 26 45 224 10952 
12 27 0 224 10952 
12 27 15 224 10952 
12 27 30 224 10952 
12 27 45 224 10952 
12 28 0 224 10952 
12 28 15 224 10952 
12 28 30 224 10952 
12 28 45 224 10952 
12 29 0 224 10952 
12 29 15 224 10952 
12 29 30 224 10952 
12 29 45 224 10952 
12 30 0 223 10952 
12 30 15 224 10952 
12 30 30 224 10952 
12 30 45 224 10952 
12 31 0 224 10952 
12 31 15 224 10952 
12 31 30 224 10952 
12 31 45 224 10952 
12 32 0 224 10952 
12 32 15 224 10952 
12 32 30 224 10952 
12 32 45 224 10952 
12 33 0 224 10952 
12 33 15 224 10952 
12 33 30 224 10952 
12 33 45 224 10952 
12 34 0 224 10952 
12 34 15 224 10952 
12 34 30 224 10952 
12 34 45 224 10952 
12 35 0 224 10952 
12 35 15 224 10952 
12 35 30 224 10952 
12 35 45 224 10952 
12 36 0 224 10952 
12 36 15 224 10952 
12 36 30 224 10952 
12 36 45 224 10952 
12 37 0 224 10952 
12 37 15 224 10952 
12 37 30 224 10952 
12 37 45 224 10952 
12 38 0 224 10952 
12 38 15 224 10952 
12 38 30 224 10952 
12 38 45 224 10952 
12 39 0 224 10952 
12 39 52 224 10952 
12 40 7 224 10952 
12 40 22 224 10952 
12 40 37 224 10952 
12 40 52 224 10952 
12 41 7 223 10952 
12 41 22 224 10952 
12 41 37 224 10952 
12 41 52 224 10952 
12 42 7 224 10952 
12 42 22 224 10952 
12 42 37 224 10952 
12 42 52 224 10952 
12 43 7 223 10952 
12 43 22 224 10952 
12 43 37 224 10952 
12 43 52 224 10952 
12 44 7 224 10952 
12 44 22 224 10952 
12 44 37 224 10952 
12 44 52 224 10952 
12 45 7 224 10952 
12 45 22 224 10952 
12 45 37 224 10952 
12 45 52 224 10952 
12 46 7 224 10952 
12 46 22 224 10952 
12 46 37 224 10952 
12 46 52 224 10952 
12 47 7 224 10952 
12 47 22 224 10952 
12 47 37 224 10952 
12 47 52 224 10952 
12 48 7 224 10952 
12 48 22 224 10952 
12 48 37 224 10952 
12 48 52 224 10952 
12 49 7 224 10952 
12 49 22 224 10952 
12 49 37 224 10952 
12 49 52 224 10952 
12 50 7 224 10952 
12 50 22 224 10952 
12 50 37 224 10952 
12 50 52 224 10952 
12 51 7 224 10952 
12 51 22 224 10952 
12 51 37 224 10952 
12 51 52 224 10952 
12 52 7 224 10952 
12 52 22 224 10952 
12 52 37 224 10952 
12 52 52 224 10952 
12 53 7 223 10952 
12 53 22 224 10952 
12 53 37 224 10952 
12 53 52 224 10952 
12 54 7 224 10952 
12 54 44 224 10952 
12 55 0 224 10952 
12 55 15 224 10952 
12 55 30 224 10952 
12 55 45 224 10952 
12 56 0 223 10952 
12 56 15 224 10952 
12 56 30 224 10952 
12 56 45 224 10952 
12 57 0 224 10952 
12 57 15 224 10952 
12 57 30 224 10952 
12 57 45 224 10952 
12 58 0 224 10952 
12 58 15 224 10952 
12 58 30 224 10952 
12 58 45 224 10952 
12 59 0 224 10952 
12 59 30 225 10952 
12 59 45 224 10952 
13 0 0 224 10952 
13 0 15 224 10952 
13 0 30 224 10952 
13 0 45 224 11012 
13 1 0 224 10952 
13 1 15 224 11012 
13 1 30 224 11012 
13 1 45 224 11012 
13 2 0 224 11012 
13 2 15 224 10952 
13 2 30 224 10952 
13 2 45 224 10952 
13 3 0 224 11012 
13 3 15 224 11012 
13 3 30 224 10952 
13 3 45 224 11012 
13 4 0 224 10952 
13 4 15 224 10952 
13 4 30 224 10952 
13 4 45 224 11012 
13 5 0 224 10952 
13 5 15 224 10952 
13 5 30 224 10952 
13 5 45 224 10952 
13 6 0 224 10952 
13 6 15 224 10952 
13 6 30 224 11012 
13 6 45 224 10952 
13 7 0 224 10952 
13 7 15 224 11012 
13 7 30 224 10952 
13 7 45 224 10952 
13 8 0 224 10952 
13 8 15 224 10952 
13 8 30 224 10952 
13 8 45 224 11012 
13 9 0 224 10952 
13 9 15 224 11012 
13 10 7 224 10952 
13 10 22 224 11012 
13 10 37 224 11012 
13 10 52 224 10952 
13 11 7 224 11012 
13 11 22 223 10952 
13 11 37 224 11012 
13 11 52 224 10952 
13 12 7 224 11012 
13 12 22 224 11012 
13 12 37 224 11012 
13 12 52 224 11012 
13 13 7 224 11012 
13 13 22 224 10952 
13 13 37 224 11012 
13 13 52 224 10952 
13 14 7 224 10952 
13 14 22 224 11012 
13 14 37 224 11012 
13 14 52 224 11012 
13 15 7 224 11012 
13 15 22 224 11012 
13 15 37 224 11012 
13 15 52 224 11012 
13 16 7 224 11012 
13 16 22 224 11012 
13 16 37 224 11012 
13 16 52 224 11012 
13 17 7 224 10952 
13 17 22 224 10952 
13 17 37 224 10952 
13 17 52 224 10952 
13 18 7 224 11012 
13 18 22 224 11012 
13 18 37 224 10952 
13 18 52 224 11012 
13 19 7 224 10952 
13 19 22 224 11012 
13 19 37 224 11012 
13 19 52 224 10952 
13 20 7 224 11012 
13 20 22 224 11012 
13 20 37 224 11012 
13 20 52 224 10952 
13 21 7 224 11012 
13 21 22 224 11012 
13 21 37 224 11012 
13 21 52 224 11012 
13 22 7 224 11012 
13 22 22 224 10952 
13 22 37 224 10952 
13 22 52 224 10952 
13 23 7 224 11012 
13 23 22 224 10952 
13 23 37 224 10952 
13 23 52 224 10952 
13 24 7 224 10952 
13 24 22 224 11012 
13 24 59 224 10952 
13 25 14 224 10952 
13 25 29 224 10952 
13 25 44 224 10952 
13 25 59 224 11012 
13 26 14 224 10952 
13 26 29 224 10952 
13 26 44 224 10952 
13 26 59 224 10952 
13 27 14 224 10952 
13 27 29 224 10952 
13 27 44 224 10952 
13 27 59 224 10952 
13 28 14 224 11012 
13 28 29 224 10952 
13 28 44 224 10952 
13 28 59 224 10952 
13 29 14 224 10952 
13 29 29 224 10952 
13 29 44 224 11012 
13 29 59 224 10952 
13 30 14 224 11012 
13 30 29 224 10952 
13 30 44 224 11012 
13 30 59 224 10952 
13 31 14 224 10952 
13 31 29 224 10952 
13 31 44 224 10952 
13 31 59 224 10952 
13 32 14 224 10952 
13 32 29 224 10952 
13 32 44 224 10952 
13 32 59 224 10952 
13 33 14 224 10952 
13 33 29 224 10952 
13 33 44 224 10952 
13 33 59 224 10952 
13 34 14 224 10952 
13 34 29 224 10952 
13 34 44 224 11012 
13 34 59 224 10952 
13 35 14 224 10952 
13 35 29 224 10952 
13 35 44 224 10952 
13 35 59 224 10952 
13 36 14 224 10952 
13 36 29 224 10952 
13 36 44 224 10952 
13 36 59 224 10952 
13 37 14 224 10952 
13 37 29 224 10952 
13 37 44 224 10952 
13 37 59 223 10952 
13 38 14 224 10952 
13 38 29 224 10952 
13 38 44 224 11012 
13 38 59 224 10952 
13 39 14 224 10952 
13 39 29 224 10952 
13 40 21 224 10952 
13 40 36 224 10952 
13 40 51 224 11012 
13 41 6 224 10952 
13 41 21 223 10952 
13 41 36 224 10952 
13 41 51 224 10952 
13 42 6 224 10952 
13 42 21 224 10952 
13 42 36 224 10952 
13 42 51 224 10952 
13 43 6 224 10952 
13 43 21 224 10952 
13 43 36 224 10952 
13 43 51 224 10952 
13 44 21 225 10952 
13 44 36 224 10952 
13 44 51 224 10952 
13 45 6 224 10952 
13 45 21 224 10952 
13 45 36 224 10952 
13 45 51 224 10952 
13 46 6 224 10952 
13 46 21 224 10952 
13 46 36 224 10952 
13 46 51 224 10952 
13 47 6 224 10952 
13 47 21 224 10952 
13 47 36 224 10952 
13 47 51 224 10952 
13 48 6 224 10952 
13 48 21 224 10952 
13 48 36 224 10952 
13 48 51 224 10952 
13 49 6 224 10952 
13 49 21 224 10952 
13 49 36 224 10952 
13 49 51 224 10952 
13 50 6 224 10952 
13 50 21 224 10952 
13 50 36 224 10952 
13 50 51 224 10952 
13 51 6 224 10952 
13 51 21 224 10952 
13 51 36 223 10952 
13 51 51 224 10952 
13 52 6 224 10952 
13 52 21 224 10952 
13 52 36 224 10952 
13 52 51 224 10952 
13 53 6 224 10952 
13 53 21 224 10952 
13 53 36 224 10952 
13 53 51 224 10952 
13 54 6 224 10952 
13 54 21 224 10952 
13 54 36 224 10952 
13 55 28 224 10952 
13 55 43 224 10952 
13 55 58 224 10952 
13 56 13 224 10952 
13 56 28 224 10952 
13 56 43 224 10952 
13 56 58 224 10952 
13 57 13 224 10952 
13 57 28 224 10952 
13 57 43 224 10952 
13 57 58 224 10952 
13 58 13 224 10952 
13 58 28 224 10952 
13 58 43 224 10952 
13 58 58 224 10952 
13 59 13 224 10952 
13 59 28 224 10952 
13 59 43 224 10952 
13 59 58 224 10952 
14 0 13 224 10952 
14 0 28 224 10952 
14 0 43 224 10952 
14 0 58 224 10952 
14 1 13 224 10952 
14 1 28 224 10952 
14 1 43 224 10952 
14 1 58 224 10952 
14 2 13 224 10952 
14 2 28 224 10952 
14 2 43 224 10952 
14 2 58 224 10952 
14 3 13 224 10952 
14 3 28 224 10952 
14 3 43 224 10952 
14 3 58 224 10952 
14 4 13 224 10952 
14 4 28 223 10952 
14 4 43 224 10952 
14 4 58 224 10952 
14 5 13 224 10952 
14 5 28 224 10952 
14 5 43 224 10952 
14 6 13 225 10952 
14 6 28 224 10952 
14 6 43 224 10952 
14 6 58 224 10952 
14 7 13 224 10952 
14 7 28 224 10952 
14 7 43 224 10952 
14 7 58 224 10952 
14 8 13 224 10952 
14 8 28 224 10952 
14 8 43 224 10952 
14 8 58 224 10952 
14 9 13 224 10952 
14 9 28 224 10952 
14 9 43 224 10952 
14 10 35 224 10952 
14 10 50 224 10952 
14 11 5 224 10952 
14 11 20 224 10952 
14 11 35 224 10952 
14 11 50 224 10952 
14 12 5 223 10952 
14 12 20 224 10952 
14 12 35 224 10952 
14 12 50 224 10952 
14 13 5 224 10952 
14 13 20 224 10952 
14 13 35 224 10952 
14 13 50 224 10952 
14 14 5 224 10952 
14 14 20 224 10952 
14 14 50 225 10952 
14 15 5 224 10952 
14 15 20 224 10952 
14 15 35 224 10952 
14 15 50 224 10952 
14 16 5 224 10952 
14 16 20 224 10952 
14 16 35 224 10952 
14 16 50 224 10952 
14 17 5 224 10952 
14 17 20 224 10952 
14 17 35 224 10952 
14 17 50 223 10952 
14 18 5 224 10952 
14 18 20 224 10952 
14 18 35 224 10952 
14 18 50 224 10952 
14 19 5 224 10952 
14 19 20 224 10952 
14 19 35 224 10952 
14 19 50 224 10952 
14 20 5 224 10952 
14 20 20 224 10952 
14 20 35 224 10952 
14 20 50 224 10952 
14 21 5 224 10952 
14 21 20 224 10952 
14 21 35 224 10952 
14 21 50 224 10952 
14 22 5 224 10952 
14 22 20 224 10952 
14 22 35 224 10952 
14 22 50 224 10952 
14 23 5 224 10952 
14 23 20 224 10952 
14 23 35 224 10952 
14 23 50 224 10952 
14 24 5 224 10952 
14 24 20 224 10952 
14 24 35 224 10952 
14 24 50 224 10952 
14 25 27 224 10952 
14 25 42 223 10952 
14 25 57 224 10952 
14 26 12 224 10952 
14 26 27 224 10952 
14 26 42 224 10952 
14 26 57 224 10952 
14 27 12 224 10952 
14 27 27 224 10952 
14 27 42 224 10952 
14 27 57 224 10952 
14 28 12 224 10952 
14 28 27 224 10952 
14 28 42 224 10952 
14 28 57 224 10952 
14 29 12 224 10952 
14 29 27 224 10952 
14 29 42 224 10952 
14 29 57 224 10952 
14 30 12 224 10952 
14 30 27 223 10952 
14 30 42 224 10952 
14 30 57 224 10952 
14 31 12 224 10952 
14 31 27 224 10952 
14 31 42 224 10952 
14 31 57 224 10952 
14 32 12 224 10952 
14 32 27 224 10952 
14 32 42 224 10952 
14 32 57 224 10952 
14 33 12 224 10952 
14 33 27 224 10952 
14 33 42 224 10952 
14 33 57 224 10952 
14 34 12 224 10952 
14 34 27 224 10952 
14 34 42 224 10952 
14 34 57 224 10952 
14 35 12 224 10952 
14 35 27 224 10952 
14 35 42 224 10952 
14 35 57 224 10952 
14 36 12 224 10952 
14 36 27 224 10952 
14 36 42 224 10952 
14 36 57 224 10952 
14 37 12 224 10952 
14 37 27 224 10952 
14 37 42 224 10952 
14 37 57 224 10952 
14 38 12 224 10952 
14 38 27 224 10952 
14 38 42 224 10952 
14 38 57 224 10952 
14 39 12 224 10952 
14 39 27 224 10952 
14 39 42 224 10952 
14 39 57 224 10952 
14 40 34 224 10952 
14 40 49 224 10952 
14 41 4 224 10952 
14 41 19 224 10952 
14 41 34 223 10952 
14 41 49 224 10952 
14 42 4 224 10952 
14 42 19 224 10952 
14 42 34 224 10952 
14 42 49 224 10952 
14 43 4 224 10952 
14 43 19 224 10952 
14 43 34 223 10952 
14 43 49 224 10952 
14 44 4 224 10952 
14 44 19 224 10952 
14 44 34 224 10952 
14 44 49 224 10952 
14 45 4 224 10952 
14 45 19 224 10952 
14 45 34 224 10952 
14 45 49 224 10952 
14 46 4 224 10952 
14 46 19 224 10952 
14 46 34 224 10952 
14 46 49 224 10952 
14 47 4 224 10952 
14 47 19 224 10952 
14 47 34 224 10952 
14 47 49 224 10952 
14 48 4 224 10952 
14 48 19 224 10952 
14 48 34 224 10952 
14 48 49 224 10952 
14 49 4 224 10952 
14 49 19 224 10952 
14 49 34 224 10952 
14 49 49 224 10952 
14 50 4 224 10952 
14 50 19 224 10952 
14 50 34 224 10952 
14 50 49 224 10952 
14 51 4 224 10952 
14 51 19 224 10952 
14 51 34 224 10952 
14 51 49 224 10952 
14 52 4 224 10952 
14 52 19 224 10952 
14 52 34 224 10952 
14 52 49 224 10952 
14 53 4 224 10952 
14 53 19 224 10952 
14 53 34 224 10952 
14 53 49 224 10952 
14 54 4 224 10952 
14 54 19 224 10952 
14 54 34 224 10952 
14 54 49 224 10952 
14 55 19 225 10952 
14 55 56 224 10952 
14 56 11 224 10952 
14 56 26 224 10952 
14 56 41 224 10952 
14 56 56 223 10952 
14 57 11 224 10952 
14 57 26 224 10952 
14 57 41 224 10952 
14 57 56 224 10952 
14 58 11 224 10952 
14 58 26 224 10952 
14 58 41 224 10952 
14 58 56 224 10952 
14 59 11 224 10952 
14 59 26 224 10952 
14 59 41 224 10952 
14 59 56 224 10952 
15 0 11 224 10952 
15 0 26 224 10952 
15 0 41 224 10952 
15 0 56 224 10952 
15 1 11 224 10952 
15 1 26 224 10952 
15 1 41 224 10952 
15 1 56 224 10952 
15 2 11 224 10952 
15 2 26 224 10952 
15 2 41 224 10952 
15 2 56 224 10952 
15 3 11 224 10952 
15 3 26 224 10952 
15 3 41 224 10952 
15 3 56 224 10952 
15 4 11 224 10952 
15 4 26 224 10952 
15 4 41 224 10952 
15 4 56 224 10952 
15 5 11 224 10952 
15 5 26 224 10952 
15 5 41 224 10952 
15 5 56 224 10952 
15 6 26 225 10952 
15 6 41 224 10952 
15 6 56 224 10952 
15 7 11 224 10952 
15 7 26 224 10952 
15 7 41 224 10952 
15 7 56 224 10952 
15 8 11 224 11012 
15 8 26 224 10952 
15 8 41 224 10952 
15 8 56 224 10952 
15 9 11 224 10952 
15 9 26 224 10952 
15 9 41 224 10952 
15 9 56 224 10952 
15 10 11 224 10952 
15 10 48 224 10952 
15 11 3 224 10952 
15 11 18 224 10952 
15 11 33 224 10952 
15 11 48 224 10952 
15 12 3 224 10952 
15 12 18 223 10952 
15 12 33 224 10952 
15 12 48 224 10952 
15 13 3 224 10952 
15 13 18 224 10952 
15 13 33 224 10952 
15 13 48 224 10952 
15 14 3 224 10952 
15 14 18 224 10952 
15 14 33 224 10952 
15 14 48 224 10952 
15 15 3 224 10952 
15 15 18 224 10952 
15 15 33 224 10952 
15 15 48 224 10952 
15 16 3 224 10952 
15 16 18 224 10952 
15 16 33 224 10952 
15 16 48 224 10952 
15 17 3 224 10952 
15 17 18 224 10952 
15 17 33 224 10952 
15 17 48 224 10952 
15 18 3 224 10952 
15 18 18 224 10952 
15 18 33 224 10952 
15 18 48 224 10952 
15 19 3 224 10952 
15 19 18 224 10952 
15 19 33 224 10952 
15 19 48 224 10952 
15 20 3 224 10952 
15 20 18 224 10952 
15 20 33 224 10952 
15 20 48 224 10952 
15 21 3 224 10952 
15 21 18 224 10952 
15 21 33 224 10952 
15 21 48 224 10952 
15 22 3 224 10952 
15 22 18 223 10952 
15 22 33 224 10952 
15 22 48 224 10952 
15 23 3 224 10952 
15 23 18 224 10952 
15 23 33 224 10952 
15 23 48 224 10952 
15 24 3 224 10952 
15 24 18 224 10952 
15 24 33 224 10952 
15 24 48 224 10952 
15 25 3 224 10952 
15 25 18 224 10952 
15 25 55 224 10952 
15 26 10 224 10952 
15 26 25 224 10952 
15 26 40 224 10952 
15 26 55 224 10952 
15 27 10 224 10952 
15 27 25 224 10952 
15 27 40 224 10952 
15 27 55 224 10952 
15 28 10 224 10952 
15 28 25 224 10952 
15 28 40 224 10952 
15 28 55 224 10952 
15 29 10 224 10952 
15 29 25 224 10952 
15 29 40 224 10952 
15 29 55 224 10952 
15 30 10 224 10952 
15 30 25 224 10952 
15 30 40 224 10952 
15 30 55 224 10952 
15 31 10 224 10952 
15 31 25 224 10952 
15 31 40 224 10952 
15 31 55 224 10952 
15 32 10 224 10952 
15 32 25 224 10952 
15 32 40 224 10952 
15 32 55 224 10952 
15 33 25 225 10952 
15 33 40 224 10952 
15 33 55 224 10952 
15 34 10 224 10952 
15 34 25 224 10952 
15 34 40 224 10952 
15 34 55 224 10952 
15 35 10 224 10952 
15 35 25 224 10952 
15 35 40 224 10952 
15 35 55 224 10952 
15 36 10 224 10952 
15 36 25 224 10952 
15 36 40 224 10952 
15 36 55 224 10952 
15 37 10 224 10952 
15 37 25 224 10952 
15 37 40 224 10952 
15 37 55 224 10952 
15 38 10 224 10952 
15 38 25 224 10952 
15 38 40 224 10952 
15 38 55 223 10952 
15 39 10 224 10952 
15 39 40 225 10952 
15 39 55 224 10952 
15 40 10 224 10952 
15 40 25 224 10952 
15 41 2 224 10952 
15 41 17 224 10952 
15 41 32 224 10952 
15 41 47 224 10952 
15 42 2 224 10952 
15 42 17 224 10952 
15 42 32 223 10952 
15 42 47 224 10952 
15 43 17 225 10952 
15 43 32 224 10952 
15 43 47 224 10952 
15 44 2 224 10952 
15 44 17 224 10952 
15 44 32 224 10952 
15 44 47 224 10952 
15 45 2 224 10952 
15 45 17 224 10952 
15 45 32 224 10952 
15 45 47 224 10952 
15 46 2 224 10952 
15 46 17 224 10952 
15 46 32 224 10952 
15 46 47 224 10952 
15 47 2 224 10952 
15 47 17 224 10952 
15 47 32 224 10952 
15 47 47 224 10952 
15 48 17 225 10952 
15 48 32 224 10952 
15 48 47 224 10952 
15 49 2 224 10952 
15 49 17 224 10952 
15 49 32 224 10952 
15 49 47 224 10952 
15 50 2 224 10952 
15 50 17 224 10952 
15 50 32 224 10952 
15 50 47 224 10952 
15 51 2 224 10952 
15 51 17 224 10952 
15 51 32 224 10952 
15 51 47 224 10952 
15 52 2 224 10952 
15 52 17 223 10952 
15 52 32 224 10952 
15 52 47 224 10952 
15 53 2 224 10952 
15 53 17 224 10952 
15 53 32 224 10952 
15 53 47 224 10952 
15 54 2 224 10952 
15 54 17 224 10952 
15 54 32 224 10952 
15 54 47 224 10952 
15 55 2 224 10952 
15 55 17 224 10952 
15 55 32 224 10952 
15 56 9 224 10952 
15 56 24 224 10952 
15 56 39 224 10952 
15 56 54 224 10952 
15 57 9 224 10952 
15 57 24 224 10952 
15 57 39 224 10952 
15 57 54 224 10952 
15 58 9 224 10952 
15 58 24 224 10952 
15 58 39 224 10952 
15 58 54 224 10952 
15 59 9 224 10952 
15 59 24 224 10952 
15 59 39 224 10952 
15 59 54 224 10952 
16 0 9 224 10952 
16 0 24 224 10952 
16 0 39 224 10952 
16 0 54 224 10952 
16 1 9 224 10952 
16 1 24 224 10952 
16 1 39 224 10952 
16 1 54 224 10952 
16 2 9 224 10952 
16 2 24 224 10952 
16 2 39 224 10952 
16 2 54 224 10952 
16 3 9 224 10952 
16 3 24 224 10290 

/> 