ls

ls
<CR>
         TIME          Size       File name 
----A 2021/10/04 15:18      3368  1004
----A 2021/10/04 13:54    128640  10041339
----A 2021/10/04 14:10    128000  10041355
----A 2021/10/04 14:27    128640  10041410
----A 2021/10/04 14:41    128000  10041426
----A 2021/10/04 14:58    128640  10041441
----A 2021/10/04 15:11    128000  10041456
----A 2021/10/04 15:13      2560  10041512
----A 2021/10/05 15:15      8432  1005
----A 2021/10/05 10:59    128000  10051042
----A 2021/10/05 11:15    128000  10051058
----A 2021/10/05 11:31    128000  10051114
----A 2021/10/05 11:47    128000  10051130
----A 2021/10/05 12:03    128000  10051146
----A 2021/10/05 12:19    128000  10051202
----A 2021/10/05 12:35    128000  10051218
----A 2021/10/05 12:51    128000  10051234
----A 2021/10/05 13:07    128000  10051250
----A 2021/10/05 13:23    128000  10051306
----A 2021/10/05 13:39    128000  10051322
----A 2021/10/05 13:55    128000  10051338
----A 2021/10/05 14:11    128000  10051354
----A 2021/10/05 14:27    128000  10051410
----A 2021/10/05 14:43    128000  10051426
----A 2021/10/05 14:59    128000  10051442
----A 2021/10/05 15:15    128000  10051458
----A 2021/10/05 15:15      2560  10051514

  27 File(s),   2962840 bytes total
   0 Dir(s),     997568K bytes free

/> 
read 1005
read 1005
<CR>Time:2021/10/05 15:15:15
Hours Minutes Seconds  Nb_Samples    Aver. Current 
10 29 16 25 10270 
10 29 31 24 12807 
10 29 46 25 14680 
10 30 1 25 15586 
10 30 16 25 16311 
10 30 31 25 16734 
10 30 46 25 17036 
10 31 1 25 17036 
10 31 16 25 17036 
10 31 31 25 17036 
10 31 46 25 17036 
10 32 1 25 17036 
10 32 16 25 17036 
10 32 31 25 17036 
10 32 46 25 17036 
10 33 1 25 17036 
10 33 16 25 17036 
10 33 31 25 17036 
10 33 46 25 17036 
10 34 1 25 17036 
10 34 16 25 17036 
10 34 31 25 17036 
10 34 46 25 17036 
10 35 1 25 17036 
10 35 16 25 17036 
10 35 31 25 17036 
10 35 46 25 17036 
10 36 1 25 17036 
10 36 16 25 17036 
10 36 31 25 17036 
10 36 46 25 17036 
10 37 1 25 17036 
10 37 16 25 17036 
10 37 31 25 17036 
10 37 46 25 17036 
10 38 1 25 17036 
10 38 16 25 17036 
10 38 31 25 17036 
10 38 46 25 17036 
10 39 1 25 17036 
10 39 16 25 17036 
10 39 31 25 17036 
10 39 46 25 17036 
10 40 1 25 17036 
10 40 16 25 16975 
10 40 31 25 16975 
10 40 46 25 16975 
10 41 1 25 17036 
10 41 16 25 16975 
10 41 31 25 16975 
10 41 46 25 16975 
10 43 17 25 16975 
10 43 32 25 16975 
10 43 47 25 16975 
10 44 3 26 16975 
10 44 18 25 16975 
10 44 33 25 16975 
10 44 48 25 16975 
10 45 3 25 16975 
10 45 18 25 16975 
10 45 33 25 16975 
10 45 48 25 16975 
10 46 3 25 16975 
10 46 18 25 16975 
10 46 33 25 16975 
10 46 48 25 16975 
10 47 3 25 16975 
10 47 18 25 16975 
10 47 33 25 16975 
10 47 48 25 16975 
10 48 3 25 16975 
10 48 18 25 16975 
10 48 33 25 16975 
10 48 48 25 16975 
10 49 3 25 16975 
10 49 18 25 16975 
10 49 33 25 16975 
10 49 48 25 16975 
10 50 3 25 16975 
10 50 18 25 16975 
10 50 33 25 16975 
10 50 48 25 16975 
10 51 3 25 16975 
10 51 18 25 16975 
10 51 33 25 16975 
10 51 48 25 16975 
10 52 3 25 16975 
10 52 18 25 16975 
10 52 33 25 16975 
10 52 48 25 17036 
10 53 3 25 16975 
10 53 18 25 16975 
10 53 33 25 16975 
10 53 48 25 16975 
10 54 3 25 16975 
10 54 18 25 16975 
10 54 33 25 16975 
10 54 48 25 16975 
10 55 3 25 16975 
10 55 18 25 16975 
10 55 33 25 16975 
10 55 48 25 16975 
10 56 3 25 16975 
10 56 18 25 16975 
10 56 33 25 16975 
10 56 48 25 16975 
10 57 3 25 16975 
10 57 18 25 16975 
10 57 33 25 16975 
10 57 48 25 16975 
10 59 18 25 16975 
10 59 33 25 16975 
10 59 48 25 16975 
11 0 3 25 16975 
11 0 18 25 16975 
11 0 33 25 16975 
11 0 48 25 16975 
11 1 3 25 16975 
11 1 18 25 16975 
11 1 33 25 16975 
11 1 48 25 16975 
11 2 3 25 16975 
11 2 18 25 16975 
11 2 33 25 16975 
11 2 48 25 16975 
11 3 3 25 16975 
11 3 18 25 16975 
11 3 33 25 16975 
11 3 48 25 16975 
11 4 3 25 16975 
11 4 18 25 16975 
11 4 33 25 16975 
11 4 48 25 16975 
11 5 3 25 16975 
11 5 18 25 16975 
11 5 33 25 16975 
11 5 48 25 16975 
11 6 3 25 16975 
11 6 18 25 16975 
11 6 33 25 16975 
11 6 48 25 16975 
11 7 3 25 16975 
11 7 18 25 16975 
11 7 33 25 16975 
11 7 48 25 16975 
11 8 3 25 16975 
11 8 18 25 16975 
11 8 33 25 16975 
11 8 48 25 16975 
11 9 3 25 16975 
11 9 18 25 16975 
11 9 33 25 16975 
11 9 48 25 16975 
11 10 3 25 16975 
11 10 18 25 16975 
11 10 33 25 16975 
11 10 48 25 16975 
11 11 3 25 16975 
11 11 18 25 16975 
11 11 33 25 16975 
11 11 48 25 16975 
11 12 3 25 16975 
11 12 18 25 16975 
11 12 33 25 16975 
11 12 48 25 16975 
11 13 3 25 16975 
11 13 18 25 16975 
11 13 33 25 16975 
11 13 48 25 16975 
11 15 18 25 16975 
11 15 33 25 16975 
11 15 48 25 16975 
11 16 3 25 16975 
11 16 18 25 16975 
11 16 33 25 16975 
11 16 48 25 16975 
11 17 3 25 16975 
11 17 18 25 16975 
11 17 33 25 16975 
11 17 48 25 16975 
11 18 3 25 16975 
11 18 18 25 16975 
11 18 33 25 16975 
11 18 48 25 16975 
11 19 3 25 16975 
11 19 18 25 16975 
11 19 33 25 16975 
11 19 48 25 16975 
11 20 3 25 16975 
11 20 18 25 16975 
11 20 33 25 16975 
11 20 48 25 16975 
11 21 3 25 16975 
11 21 18 25 16975 
11 21 33 25 16975 
11 21 48 25 16975 
11 22 3 25 16975 
11 22 18 25 16975 
11 22 33 25 16975 
11 22 48 25 16975 
11 23 3 25 16975 
11 23 18 25 16975 
11 23 33 25 16975 
11 23 48 25 16975 
11 24 3 25 16975 
11 24 18 25 16975 
11 24 33 25 16975 
11 24 48 25 16975 
11 25 3 25 16975 
11 25 18 25 16975 
11 25 33 25 16975 
11 25 48 25 16975 
11 26 3 25 16975 
11 26 18 25 16975 
11 26 33 25 16975 
11 26 48 25 16975 
11 27 3 25 16975 
11 27 18 25 16975 
11 27 33 25 16975 
11 27 48 25 16975 
11 28 3 25 16975 
11 28 18 25 16975 
11 28 33 25 16975 
11 28 48 25 16975 
11 29 3 25 16975 
11 29 18 25 16975 
11 29 33 25 16975 
11 29 48 25 16975 
11 31 18 25 16975 
11 31 33 25 16975 
11 31 48 25 16975 
11 32 3 25 16975 
11 32 18 25 16975 
11 32 33 25 16975 
11 32 48 25 16975 
11 33 3 25 16975 
11 33 18 25 16975 
11 33 33 25 16975 
11 33 48 25 16975 
11 34 3 25 16975 
11 34 18 25 16975 
11 34 33 25 16975 
11 34 48 25 16975 
11 35 3 25 16975 
11 35 18 25 16975 
11 35 33 25 16975 
11 35 48 25 16975 
11 36 3 25 16975 
11 36 18 25 16975 
11 36 33 25 16975 
11 36 48 25 16975 
11 37 3 25 16975 
11 37 18 25 16975 
11 37 33 25 16975 
11 37 48 25 16975 
11 38 3 25 16975 
11 38 18 25 16975 
11 38 33 25 16975 
11 38 48 25 16975 
11 39 3 25 16975 
11 39 18 25 16975 
11 39 33 25 16975 
11 39 48 25 16975 
11 40 3 25 16975 
11 40 18 25 16975 
11 40 33 25 16975 
11 40 48 25 16975 
11 41 3 25 16975 
11 41 18 25 16975 
11 41 33 25 16975 
11 41 48 25 16975 
11 42 3 25 16975 
11 42 18 25 16975 
11 42 33 25 16975 
11 42 48 25 16975 
11 43 3 25 16975 
11 43 18 25 16975 
11 43 33 25 16975 
11 43 48 25 16975 
11 44 3 25 16975 
11 44 18 25 16975 
11 44 33 25 16975 
11 44 48 25 16975 
11 45 3 25 16975 
11 45 18 25 16975 
11 45 33 25 16975 
11 45 48 25 16975 
11 47 18 25 16975 
11 47 33 25 16975 
11 47 48 25 16975 
11 48 3 25 16975 
11 48 18 25 16975 
11 48 33 25 16975 
11 48 48 25 16975 
11 49 3 25 16975 
11 49 18 25 16975 
11 49 33 25 16975 
11 49 48 25 16975 
11 50 3 25 16975 
11 50 18 25 16975 
11 50 33 25 16975 
11 50 48 25 16975 
11 51 3 25 16975 
11 51 18 25 16975 
11 51 33 25 16975 
11 51 48 25 16975 
11 52 3 25 16975 
11 52 18 25 16975 
11 52 33 25 16975 
11 52 48 25 16975 
11 53 3 25 16975 
11 53 18 25 16975 
11 53 33 25 16975 
11 53 48 25 16975 
11 54 3 25 16975 
11 54 18 25 16975 
11 54 33 25 16975 
11 54 48 25 16975 
11 55 3 25 16975 
11 55 18 25 16975 
11 55 33 25 16975 
11 55 48 25 16975 
11 56 3 25 16975 
11 56 18 25 16975 
11 56 33 25 16975 
11 56 48 25 16975 
11 57 3 25 16975 
11 57 18 25 16975 
11 57 33 25 16975 
11 57 48 25 16975 
11 58 3 25 16975 
11 58 18 25 16975 
11 58 33 25 16975 
11 58 48 25 16975 
11 59 3 25 16975 
11 59 18 25 16975 
11 59 33 25 16975 
11 59 48 25 16975 
12 0 3 25 16975 
12 0 18 25 16975 
12 0 33 25 16975 
12 0 48 25 16975 
12 1 3 25 16975 
12 1 18 25 16975 
12 1 33 25 16975 
12 1 48 25 16975 
12 3 18 25 16975 
12 3 33 25 16975 
12 3 48 25 16975 
12 4 3 25 16975 
12 4 18 25 16975 
12 4 33 25 16975 
12 4 48 25 16975 
12 5 3 25 16975 
12 5 18 25 16975 
12 5 33 25 16975 
12 5 48 25 16975 
12 6 3 25 16975 
12 6 18 25 16975 
12 6 33 25 16975 
12 6 48 25 16975 
12 7 3 25 16975 
12 7 18 25 16975 
12 7 33 25 16975 
12 7 48 25 16975 
12 8 3 25 16975 
12 8 18 25 16975 
12 8 33 25 16975 
12 8 48 25 16975 
12 9 3 25 16975 
12 9 18 25 16975 
12 9 33 25 16975 
12 9 48 25 16975 
12 10 3 25 16975 
12 10 18 25 16975 
12 10 33 25 16975 
12 10 48 25 16975 
12 11 3 25 16975 
12 11 18 25 16975 
12 11 33 25 16975 
12 11 48 25 16975 
12 12 3 25 16975 
12 12 18 25 16975 
12 12 33 25 16975 
12 12 48 25 16975 
12 13 3 25 16975 
12 13 18 25 16975 
12 13 33 25 16975 
12 13 48 25 16975 
12 14 3 25 16975 
12 14 18 25 16975 
12 14 33 25 16975 
12 14 48 25 16975 
12 15 3 25 16975 
12 15 18 25 16975 
12 15 33 25 16975 
12 15 48 25 16975 
12 16 3 25 16975 
12 16 18 25 16975 
12 16 33 25 16975 
12 16 48 25 16975 
12 17 3 25 16975 
12 17 18 25 16975 
12 17 33 25 16975 
12 17 48 25 16975 
12 19 18 25 16975 
12 19 33 25 16975 
12 19 48 25 16975 
12 20 3 25 16975 
12 20 18 25 16975 
12 20 33 25 16975 
12 20 48 25 16975 
12 21 3 25 16975 
12 21 18 25 16975 
12 21 33 25 16975 
12 21 48 25 16975 
12 22 3 25 16975 
12 22 18 25 16975 
12 22 33 25 16975 
12 22 48 25 16975 
12 23 3 25 16975 
12 23 18 25 16975 
12 23 33 25 16975 
12 23 48 25 16975 
12 24 3 25 16975 
12 24 18 25 16975 
12 24 33 25 16975 
12 24 48 25 16975 
12 25 3 25 16975 
12 25 18 25 16975 
12 25 33 25 16975 
12 25 48 25 16975 
12 26 3 25 16975 
12 26 18 25 16975 
12 26 33 25 16975 
12 26 48 25 16975 
12 27 3 25 16975 
12 27 18 25 16975 
12 27 33 25 16975 
12 27 48 25 16975 
12 28 3 25 16975 
12 28 18 25 16975 
12 28 33 25 16975 
12 28 48 25 16975 
12 29 3 25 16975 
12 29 18 25 16975 
12 29 33 25 16975 
12 29 48 25 16975 
12 30 3 25 16975 
12 30 18 25 16975 
12 30 33 25 16975 
12 30 48 25 16975 
12 31 3 25 16975 
12 31 18 25 17036 
12 31 33 25 16975 
12 31 48 25 16975 
12 32 3 25 16975 
12 32 18 25 16975 
12 32 33 25 17036 
12 32 48 25 16975 
12 33 3 25 16975 
12 33 18 25 16975 
12 33 33 25 16975 
12 33 48 25 16975 
12 35 18 25 16975 
12 35 33 25 16975 
12 35 48 25 16975 
12 36 3 25 16975 
12 36 18 25 16975 
12 36 33 25 16975 
12 36 48 25 16975 
12 37 3 25 16975 
12 37 18 25 16975 
12 37 33 25 16975 
12 37 48 25 16975 
12 38 3 25 16975 
12 38 18 25 16975 
12 38 33 25 16975 
12 38 48 25 16975 
12 39 3 25 16975 
12 39 18 25 16975 
12 39 33 25 16975 
12 39 48 25 16975 
12 40 3 25 16975 
12 40 18 25 16975 
12 40 33 25 16975 
12 40 48 25 17036 
12 41 3 25 16975 
12 41 18 25 16975 
12 41 33 25 16975 
12 41 48 25 16975 
12 42 3 25 16975 
12 42 18 25 16975 
12 42 33 25 16975 
12 42 48 25 16975 
12 43 3 25 16975 
12 43 18 25 16975 
12 43 33 25 17036 
12 43 48 25 16975 
12 44 3 25 16975 
12 44 18 25 16975 
12 44 33 25 16975 
12 44 48 25 16975 
12 45 3 25 16975 
12 45 18 25 16975 
12 45 33 25 16975 
12 45 48 25 16975 
12 46 3 25 16975 
12 46 18 25 16975 
12 46 33 25 16975 
12 46 48 25 16975 
12 47 3 25 16975 
12 47 18 25 16975 
12 47 33 25 16975 
12 47 48 25 16975 
12 48 3 25 16975 
12 48 18 25 17036 
12 48 33 25 17036 
12 48 48 25 16975 
12 49 3 25 16975 
12 49 18 25 17036 
12 49 33 25 17036 
12 49 48 25 16975 
12 51 18 25 16975 
12 51 33 25 16975 
12 51 48 25 16975 
12 52 3 25 16975 
12 52 18 25 16975 
12 52 33 25 16975 
12 52 48 25 16975 
12 53 3 25 16975 
12 53 18 25 16975 
12 53 33 25 16975 
12 53 48 25 16975 
12 54 3 25 16975 
12 54 18 25 16975 
12 54 33 25 16975 
12 54 48 25 16975 
12 55 3 25 17036 
12 55 18 25 16975 
12 55 33 25 16975 
12 55 48 25 17036 
12 56 3 25 16975 
12 56 18 25 16975 
12 56 33 25 17036 
12 56 48 25 16975 
12 57 3 25 16975 
12 57 18 25 16975 
12 57 33 25 16975 
12 57 48 25 16975 
12 58 3 25 16975 
12 58 18 25 16975 
12 58 33 25 16975 
12 58 48 25 16975 
12 59 3 25 16975 
12 59 18 25 16975 
12 59 33 25 16975 
12 59 48 25 16975 
13 0 3 25 16975 
13 0 18 25 16975 
13 0 33 25 16975 
13 0 48 25 16975 
13 1 3 25 16975 
13 1 18 25 16975 
13 1 33 25 16975 
13 1 48 25 16975 
13 2 3 25 16975 
13 2 18 25 16975 
13 2 33 25 16975 
13 2 48 25 16975 
13 3 3 25 16975 
13 3 18 25 16975 
13 3 33 25 16975 
13 3 48 25 16975 
13 4 3 25 16975 
13 4 18 25 16975 
13 4 33 25 16975 
13 4 48 25 16975 
13 5 3 25 16975 
13 5 18 25 16975 
13 5 33 25 17036 
13 5 48 25 16975 
13 7 18 25 17036 
13 7 33 25 16975 
13 7 48 25 17036 
13 8 3 25 16975 
13 8 18 25 16975 
13 8 33 25 17036 
13 8 48 25 16975 
13 9 3 25 16975 
13 9 18 25 16975 
13 9 33 25 17036 
13 9 48 25 16975 
13 10 3 25 16975 
13 10 18 25 16975 
13 10 33 25 16975 
13 10 48 25 16975 
13 11 3 25 16975 
13 11 18 25 16975 
13 11 33 25 16975 
13 11 48 25 16975 
13 12 3 25 16975 
13 12 18 25 16975 
13 12 33 25 16975 
13 12 48 25 16975 
13 13 3 25 16975 
13 13 18 25 16975 
13 13 33 25 16975 
13 13 48 25 17036 
13 14 3 25 17036 
13 14 18 25 16975 
13 14 33 25 17036 
13 14 48 25 17036 
13 15 3 25 16975 
13 15 18 25 16975 
13 15 33 25 17036 
13 15 48 25 17036 
13 16 3 25 17036 
13 16 18 25 16975 
13 16 33 25 16975 
13 16 48 25 16975 
13 17 3 25 16975 
13 17 18 25 16975 
13 17 33 25 16975 
13 17 48 25 16975 
13 18 3 25 16975 
13 18 18 25 16975 
13 18 33 25 16975 
13 18 48 25 16975 
13 19 3 25 16975 
13 19 18 25 17036 
13 19 33 25 16975 
13 19 48 25 16975 
13 20 3 25 16975 
13 20 19 26 16975 
13 20 34 25 16975 
13 20 49 25 16975 
13 21 4 25 16975 
13 21 19 25 16975 
13 21 34 25 16975 
13 21 49 25 16975 
13 23 19 25 16975 
13 23 34 25 16975 
13 23 49 25 16975 
13 24 4 25 16975 
13 24 19 25 17036 
13 24 34 25 17036 
13 24 49 25 16975 
13 25 4 25 16975 
13 25 19 25 16975 
13 25 34 25 16975 
13 25 49 25 16975 
13 26 4 25 16975 
13 26 19 25 16975 
13 26 34 25 16975 
13 26 49 25 16975 
13 27 4 25 16975 
13 27 19 25 16975 
13 27 34 25 16975 
13 27 49 25 16975 
13 28 4 25 16975 
13 28 19 25 16975 
13 28 34 25 16975 
13 28 49 25 16975 
13 29 4 25 16975 
13 29 19 25 17036 
13 29 34 25 16975 
13 29 49 25 16975 
13 30 4 25 17036 
13 30 19 25 16975 
13 30 34 25 16975 
13 30 49 25 16975 
13 31 4 25 16975 
13 31 19 25 16975 
13 31 34 25 16975 
13 31 49 25 16975 
13 32 4 25 16975 
13 32 19 25 16975 
13 32 34 25 16975 
13 32 49 25 16975 
13 33 4 25 16975 
13 33 19 25 16975 
13 33 34 25 16975 
13 33 49 25 16975 
13 34 4 25 16975 
13 34 19 25 16975 
13 34 34 25 16975 
13 34 49 25 16975 
13 35 4 25 16975 
13 35 19 25 16975 
13 35 34 25 16975 
13 35 49 25 16975 
13 36 4 25 16975 
13 36 19 25 16975 
13 36 34 25 16975 
13 36 49 25 16975 
13 37 4 25 16975 
13 37 19 25 16975 
13 37 34 25 16975 
13 37 49 25 16975 
13 39 19 25 16975 
13 39 34 25 16975 
13 39 49 25 16975 
13 40 4 25 16975 
13 40 19 25 16975 
13 40 34 25 16975 
13 40 49 25 16975 
13 41 4 25 16975 
13 41 19 25 16975 
13 41 34 25 16975 
13 41 49 25 16975 
13 42 4 25 16975 
13 42 19 25 16975 
13 42 34 25 16975 
13 42 49 25 16975 
13 43 4 25 16975 
13 43 19 25 16975 
13 43 34 25 16975 
13 43 49 25 16975 
13 44 4 25 16975 
13 44 19 25 16975 
13 44 34 25 16975 
13 44 49 25 16975 
13 45 4 25 16975 
13 45 19 25 16975 
13 45 34 25 16975 
13 45 49 25 16975 
13 46 4 25 16975 
13 46 19 25 16975 
13 46 34 25 16975 
13 46 49 25 16975 
13 47 4 25 16975 
13 47 19 25 16975 
13 47 34 25 16975 
13 47 49 25 16975 
13 48 4 25 16975 
13 48 19 25 16975 
13 48 34 25 16975 
13 48 49 25 16975 
13 49 4 25 16975 
13 49 19 25 16975 
13 49 34 25 16975 
13 49 49 25 17036 
13 50 4 25 17036 
13 50 19 25 16975 
13 50 34 25 16975 
13 50 49 25 16975 
13 51 4 25 16975 
13 51 19 25 16975 
13 51 34 25 16975 
13 51 49 25 16975 
13 52 4 25 16975 
13 52 19 25 16975 
13 52 34 25 16975 
13 52 49 25 17036 
13 53 4 25 17036 
13 53 19 25 16975 
13 53 34 25 16975 
13 53 49 25 16975 
13 55 19 25 16975 
13 55 34 25 16975 
13 55 49 25 16975 
13 56 4 25 16975 
13 56 19 25 16975 
13 56 34 25 16975 
13 56 49 25 16975 
13 57 4 25 16975 
13 57 19 25 16975 
13 57 34 25 16975 
13 57 49 25 16975 
13 58 4 25 16975 
13 58 19 25 16975 
13 58 34 25 16975 
13 58 49 25 16975 
13 59 4 25 16975 
13 59 19 25 16975 
13 59 34 25 16975 
13 59 49 25 16975 
14 0 4 25 16975 
14 0 19 25 16975 
14 0 34 25 16975 
14 0 49 25 16975 
14 1 4 25 16975 
14 1 19 25 16975 
14 1 34 25 16975 
14 1 49 25 16975 
14 2 4 25 16975 
14 2 19 25 16975 
14 2 34 25 16975 
14 2 49 25 16975 
14 3 4 25 16975 
14 3 19 25 16975 
14 3 34 25 16975 
14 3 49 25 16975 
14 4 4 25 17036 
14 4 19 25 16975 
14 4 34 25 17036 
14 4 49 25 16975 
14 5 4 25 17036 
14 5 19 25 16975 
14 5 34 25 17036 
14 5 49 25 16975 
14 6 4 25 16975 
14 6 19 25 16975 
14 6 34 25 16975 
14 6 49 25 16975 
14 7 4 25 16975 
14 7 19 25 16975 
14 7 34 25 16975 
14 7 49 25 16975 
14 8 4 25 16975 
14 8 19 25 17036 
14 8 34 25 17036 
14 8 49 25 16975 
14 9 4 25 16975 
14 9 19 25 16975 
14 9 34 25 16975 
14 9 49 25 16975 
14 11 19 25 16975 
14 11 34 25 17036 
14 11 49 25 16975 
14 12 4 25 16975 
14 12 19 25 17036 
14 12 34 25 16975 
14 12 49 25 16975 
14 13 4 25 16975 
14 13 19 25 16975 
14 13 34 25 16975 
14 13 49 25 16975 
14 14 4 25 16975 
14 14 19 25 16975 
14 14 34 25 16975 
14 14 49 25 16975 
14 15 4 25 17036 
14 15 19 25 16975 
14 15 34 25 16975 
14 15 49 25 16975 
14 16 4 25 16975 
14 16 19 25 16975 
14 16 34 25 16975 
14 16 49 25 16975 
14 17 4 25 16975 
14 17 19 25 16975 
14 17 34 25 16975 
14 17 49 25 16975 
14 18 4 25 16975 
14 18 19 25 17036 
14 18 34 25 16975 
14 18 49 25 16975 
14 19 4 25 17036 
14 19 19 25 16975 
14 19 34 25 17036 
14 19 49 25 17036 
14 20 4 25 17036 
14 20 19 25 17036 
14 20 34 25 17036 
14 20 49 25 17036 
14 21 4 25 17036 
14 21 19 25 17036 
14 21 34 25 16975 
14 21 49 25 17036 
14 22 4 25 17036 
14 22 19 25 17036 
14 22 34 25 16975 
14 22 49 25 16975 
14 23 4 25 17036 
14 23 19 25 16975 
14 23 34 25 17036 
14 23 49 25 16975 
14 24 4 25 16975 
14 24 19 25 16975 
14 24 34 25 16975 
14 24 49 25 16975 
14 25 4 25 16975 
14 25 19 25 17036 
14 25 34 25 16975 
14 25 49 25 16975 
14 27 19 25 16975 
14 27 34 25 17036 
14 27 49 25 16975 
14 28 4 25 16975 
14 28 19 25 16975 
14 28 34 25 16975 
14 28 49 25 16975 
14 29 4 25 16975 
14 29 19 25 16975 
14 29 34 25 16975 
14 29 49 25 16975 
14 30 4 25 16975 
14 30 19 25 16975 
14 30 34 25 16975 
14 30 49 25 16975 
14 31 4 25 16975 
14 31 19 25 16975 
14 31 34 25 17036 
14 31 49 25 17036 
14 32 4 25 16975 
14 32 19 25 17036 
14 32 34 25 16975 
14 32 49 25 16975 
14 33 4 25 17036 
14 33 19 25 17036 
14 33 34 25 16975 
14 33 49 25 16975 
14 34 4 25 17036 
14 34 19 25 16975 
14 34 34 25 16975 
14 34 49 25 16975 
14 35 4 25 16975 
14 35 19 25 16975 
14 35 34 25 16975 
14 35 49 25 16975 
14 36 4 25 16975 
14 36 19 25 16975 
14 36 34 25 16975 
14 36 49 25 16975 
14 37 4 25 16975 
14 37 19 25 17036 
14 37 34 25 16975 
14 37 49 25 17036 
14 38 4 25 16975 
14 38 19 25 17036 
14 38 34 25 16975 
14 38 49 25 16975 
14 39 4 25 16975 
14 39 19 25 16975 
14 39 34 25 17036 
14 39 49 25 16975 
14 40 4 25 17036 
14 40 19 25 16975 
14 40 34 25 16975 
14 40 49 25 16975 
14 41 4 25 17036 
14 41 19 25 16975 
14 41 34 25 17036 
14 41 49 25 16975 
14 43 19 25 16975 
14 43 34 25 16975 
14 43 49 25 17036 
14 44 4 25 17036 
14 44 19 25 16975 
14 44 34 25 17036 
14 44 49 25 17036 
14 45 4 25 17036 
14 45 19 25 16975 
14 45 34 25 16975 
14 45 49 25 17036 
14 46 4 25 16975 
14 46 19 25 17036 
14 46 34 25 16975 
14 46 49 25 16975 
14 47 4 25 16975 
14 47 19 25 16975 
14 47 34 25 17036 
14 47 49 25 17036 
14 48 4 25 16975 
14 48 19 25 16975 
14 48 34 25 17036 
14 48 49 25 17036 
14 49 4 25 16975 
14 49 19 25 17036 
14 49 34 25 17036 
14 49 49 25 16975 
14 50 4 25 17036 
14 50 19 25 16975 
14 50 34 25 16975 
14 50 49 25 16975 
14 51 4 25 17036 
14 51 19 25 16975 
14 51 34 25 16975 
14 51 49 25 16975 
14 52 4 25 17036 
14 52 19 25 17036 
14 52 34 25 16975 
14 52 49 25 16975 
14 53 4 25 16975 
14 53 19 25 16975 
14 53 34 25 16975 
14 53 49 25 16975 
14 54 4 25 16975 
14 54 19 25 16975 
14 54 34 25 16975 
14 54 49 25 16975 
14 55 4 25 16975 
14 55 19 25 16975 
14 55 34 25 16975 
14 55 49 25 16975 
14 56 4 25 16975 
14 56 19 25 16975 
14 56 34 25 16975 
14 56 49 25 16975 
14 57 4 25 16975 
14 57 19 25 16975 
14 57 34 25 16975 
14 57 49 25 16975 
14 59 19 25 16975 
14 59 34 25 16975 
14 59 49 25 16975 
15 0 4 25 16975 
15 0 19 25 16975 
15 0 34 25 16975 
15 0 49 25 16975 
15 1 4 25 16975 
15 1 19 25 16975 
15 1 34 25 16975 
15 1 49 25 16975 
15 2 4 25 16975 
15 2 19 25 16975 
15 2 34 25 16975 
15 2 49 25 16975 
15 3 4 25 16975 
15 3 19 25 16975 
15 3 34 25 16975 
15 3 49 25 16975 
15 4 4 25 16975 
15 4 19 25 16975 
15 4 34 25 16975 
15 4 49 25 16975 
15 5 4 25 16975 
15 5 19 25 16975 
15 5 34 25 16975 
15 5 49 25 16975 
15 6 4 25 16975 
15 6 19 25 16975 
15 6 34 25 16975 
15 6 49 25 16975 
15 7 4 25 16975 
15 7 19 25 16975 
15 7 34 25 16975 
15 7 49 25 16975 
15 8 4 25 16975 
15 8 19 25 16975 
15 8 34 25 16975 
15 8 49 25 16975 
15 9 4 25 16975 
15 9 19 25 17036 
15 9 34 25 16975 
15 9 49 25 17036 
15 10 4 25 16975 
15 10 19 25 16975 
15 10 34 25 16975 
15 10 49 25 16975 
15 11 4 25 17036 
15 11 19 25 17036 
15 11 34 25 17036 
15 11 49 25 17036 
15 12 4 25 16975 
15 12 19 25 16975 
15 12 34 25 16975 
15 12 49 25 17036 
15 13 4 25 16975 
15 13 19 25 17036 
15 13 34 25 17036 
15 13 49 25 17036 

/> 
read_ramp 10051322
read_ramp 10051322
<CR>Time:2021/10/05 15:15Ramp data first polarity: 
228 229 229 228 229 228 228 228 228 228 228 228 228 228 228 229 229 230 230 229 229 228 229 228 229 229 228 229 229 229 228 229 228 227 228 228 230 229 229 229 229 229 229 229 229 228 228 229 228 229 229 229 229 228 228 228 228 229 229 229 229 228 228 230 236 234 234 236 240 243 247 248 251 252 255 257 258 261 262 264 266 266 267 269 272 273 274 276 277 279 280 282 283 285 287 288 290 291 294 296 298 298 300 302 303 304 305 307 309 311 312 315 316 318 319 322 322 324 327 329 330 331 332 333 336 337 338 340 341 343 345 346 348 349 351 353 354 356 358 360 361 363 364 365 367 369 370 372 373 375 376 378 379 381 382 384 385 386 388 391 392 394 396 396 398 400 401 403 404 406 407 409 410 411 413 414 416 417 418 422 422 424 426 427 428 430 432 433 434 435 437 438 440 441 443 444 446 447 449 450 452 454 455 457 458 459 462 463 463 465 467 469 470 471 473 474 475 476 478 479 482 483 484 486 486 488 489 491 492 493 495 496 498 499 502 503 503 504 506 508 509 510 510 512 511 511 511 512 511 511 513 511 512 511 511 512 510 511 511 511 513 512 512 512 512 511 512 512 512 513 512 512 510 511 511 511 511 511 511 511 511 512 512 513 512 512 512 512 512 511 511 512 511 511 512 511 511 511 511 510 510 514 512 512 512 511 511 511 512 511 512 511 511 512 511 511 511 511 511 512 
ramp data second polarity
792 792 792 793 793 793 792 792 793 793 792 793 792 793 793 792 792 792 792 793 792 792 793 793 793 793 792 792 793 793 793 793 792 792 791 792 792 792 792 792 792 792 792 793 793 793 792 793 792 793 792 792 793 793 793 792 792 793 792 792 792 792 792 793 794 787 787 786 783 778 776 774 771 768 766 764 763 760 759 758 756 755 751 752 750 750 748 747 745 743 741 740 738 735 735 735 731 730 729 726 725 723 722 720 718 717 716 715 713 711 709 708 706 705 703 701 699 698 697 695 693 691 689 688 686 685 683 683 680 678 677 676 673 673 670 669 667 665 664 662 660 659 657 657 655 652 652 650 649 648 645 644 642 640 639 638 635 634 633 631 630 628 626 625 624 621 620 619 619 617 615 614 611 609 608 607 604 603 603 600 599 596 596 594 592 591 590 589 587 586 584 583 582 580 578 577 575 573 572 570 569 568 566 565 563 561 560 559 557 556 556 554 552 551 549 548 546 544 543 542 539 539 537 535 534 533 531 530 528 526 525 524 522 522 520 518 517 516 514 514 512 511 511 510 509 510 509 508 507 509 509 509 509 509 510 510 509 510 509 510 510 509 509 510 508 509 509 509 509 509 510 509 509 510 510 509 510 510 509 509 508 509 510 509 509 509 509 509 509 509 509 509 509 511 510 510 509 509 509 509 509 509 510 509 509 509 509 509 509 510 509 509 509 509 510 509 510 510 510 509 
Oscillation data first polarity :
788 787 786 781 777 775 773 770 767 765 764 762 761 759 758 757 754 754 751 750 749 749 746 744 742 741 739 738 735 734 732 731 729 728 726 724 722 723 720 717 717 716 713 712 710 708 707 705 703 702 700 699 697 695 694 693 689 689 686 686 684 683 682 680 679 677 675 674 672 671 668 667 665 663 662 660 658 657 655 653 652 651 650 649 647 645 643 642 639 638 637 635 634 632 630 630 627 626 625 622 621 621 619 618 616 614 612 610 609 608 606 605 603 602 600 599 597 596 595 593 591 590 589 587 586 584 582 580 579 578 576 575 573 572 570 569 568 565 564 561 561 560 558 557 556 554 553 550 550 548 546 545 545 542 540 538 537 537 535 533 532 530 530 529 528 526 524 522 521 520 518 517 515 514 513 511 510 510 510 509 509 509 510 510 510 511 510 509 509 510 509 510 510 509 509 509 509 509 509 509 510 509 509 510 510 510 509 509 509 510 509 510 509 510 509 510 510 510 509 509 510 510 508 510 510 510 509 509 509 510 510 509 509 509 510 510 509 509 509 509 509 509 509 509 510 510 510 509 509 510 509 509 510 509 508 509 509 509 509 509 509 509 509 511 510 510 510 510 509 510 510 510 510 509 509 510 510 509 510 509 509 509 509 509 509 510 509 510 509 509 509 509 510 510 509 510 509 510 509 510 509 509 509 508 510 510 510 510 510 509 509 510 509 510 510 510 509 510 510 510 
Oscillation data second polarity :
234 236 237 241 244 245 248 251 255 257 258 260 261 262 264 265 267 268 270 271 274 275 277 278 280 281 283 285 284 287 289 290 292 294 296 297 299 300 302 304 305 307 309 311 312 314 315 317 318 319 322 323 324 326 328 330 331 332 334 335 337 339 342 342 345 346 347 349 350 352 353 354 356 358 359 361 363 365 366 367 368 370 372 374 376 378 379 379 381 383 385 386 388 389 390 391 394 395 396 398 399 402 403 405 406 408 410 411 412 414 415 417 419 420 421 422 424 425 427 428 430 431 433 434 436 438 440 440 442 444 445 447 448 449 451 453 454 455 457 458 460 461 462 464 465 467 468 470 472 472 474 476 477 479 480 482 483 484 486 487 489 490 490 493 494 497 497 499 501 501 502 503 505 506 508 510 509 510 511 511 511 512 511 512 512 511 511 513 512 512 511 511 511 512 512 511 511 511 511 512 511 511 511 512 512 511 511 513 513 513 513 512 512 512 512 511 513 511 511 511 511 511 511 511 511 511 510 511 512 511 512 512 511 511 512 512 511 511 512 512 511 511 511 511 511 510 511 511 511 512 512 512 513 512 512 511 512 512 513 513 512 510 511 511 511 512 512 511 511 511 512 512 512 511 513 511 511 511 511 511 511 511 511 511 512 511 512 511 511 511 511 512 512 511 512 512 511 511 512 511 512 511 511 512 511 512 512 512 511 512 511 512 511 511 513 512 512 512 511 512 
/> 