10 53 28 12 10026 
10 53 44 13 10026 
10 53 58 12 10026 
10 54 14 13 10026 
10 54 28 12 10026 
10 54 44 13 10026 
10 54 58 12 10026 
10 55 14 13 10026 
10 55 28 12 10026 
10 55 44 13 10026 
10 55 58 12 10026 
10 56 14 13 10026 
10 56 28 12 10026 
10 56 44 13 10026 
10 56 58 12 10026 
10 57 14 13 10026 
10 57 28 12 10026 
10 57 44 13 10026 
10 57 58 12 10026 
10 58 14 13 10026 
10 58 28 12 10026 
10 58 44 13 10026 
10 58 58 12 10026 
10 59 14 13 10026 
10 59 28 12 10026 
10 59 44 13 10026 
10 59 58 12 10026 
11 0 14 13 10026 
11 0 28 12 10026 
11 0 44 13 10026 
11 0 58 12 10026 
11 1 14 13 10026 
11 1 28 12 10026 
11 1 44 13 10026 
11 1 58 12 10026 
11 2 14 13 10026 
11 2 28 12 10026 
11 2 44 13 10026 
11 2 58 12 10026 
11 3 14 13 10026 
11 3 28 12 10026 
11 3 44 13 10026 
11 3 58 12 10026 
11 4 14 13 10026 
11 4 28 12 10026 
11 4 44 13 10026 
11 4 58 12 10026 
11 5 14 13 10026 
11 7 45 13 10026 
11 7 59 12 10026 
11 8 15 13 10026 
11 8 29 12 10026 
11 8 45 13 10026 
11 8 59 12 10026 
11 9 15 13 10026 
11 9 29 12 10026 
11 9 45 13 10026 
11 9 59 12 10026 
11 10 15 13 10026 
11 10 29 12 10026 
11 10 45 13 10026 
11 10 59 12 10026 
11 11 15 13 10026 
11 11 29 12 10026 
11 11 45 13 10026 
11 11 59 12 10026 
11 12 15 13 10026 
11 12 29 12 10026 
11 12 45 13 10026 
11 12 59 12 10026 
11 13 15 13 10026 
11 13 29 12 10026 
11 13 45 13 10026 
11 13 59 12 10026 
11 14 15 13 10026 
11 14 29 12 10026 
11 14 45 13 10026 
11 14 59 12 10026 
11 15 15 13 10026 
11 15 29 12 10026 
11 15 45 13 10026 
11 15 59 12 10026 
11 16 15 13 10026 
11 16 29 12 10026 
11 16 45 13 10026 
11 16 59 12 10026 
11 17 15 13 10026 
11 17 29 12 10026 
11 17 45 13 10026 
11 17 59 12 10026 
11 18 15 13 10026 
11 18 29 12 10026 
11 18 45 13 10026 
11 18 59 12 10026 
11 19 15 13 10026 
11 19 29 12 10026 
11 19 45 13 10026 
11 19 59 12 10026 
11 20 15 13 10026 
11 20 29 12 10026 
11 20 45 13 10026 
11 20 59 12 10026 
11 21 15 13 10026 
11 21 29 12 10026 
11 21 45 13 10026 
11 21 59 12 10026 
11 22 15 13 10026 
11 24 45 13 10026 
11 24 59 12 10026 
11 25 15 13 10026 
11 25 29 12 10026 
11 25 45 13 10026 
11 25 59 12 10026 
11 26 15 13 10026 
11 26 29 12 10026 
11 26 45 13 10026 
11 26 59 12 10026 
11 27 15 13 10026 
11 27 29 12 10026 
11 27 45 13 10026 
11 27 59 12 10026 
11 28 15 13 10026 
11 28 29 12 10026 
11 28 45 13 10026 
11 28 59 12 10026 
11 29 15 13 10026 
11 29 29 12 10026 
11 29 45 13 10026 
11 29 59 12 10026 
11 30 15 13 10026 
11 30 29 12 10026 
11 30 45 13 10026 
11 30 59 12 10026 
11 31 15 13 10026 
11 31 29 12 10026 
11 31 45 13 10026 
11 31 59 12 10026 
11 32 15 13 10026 
11 32 29 12 10026 
11 32 45 13 10026 
11 32 59 12 10026 
11 33 15 13 10026 
11 33 29 12 10026 
11 33 45 13 10026 
11 33 59 12 10026 
11 34 15 13 10026 
11 34 29 12 10026 
11 34 45 13 10026 
11 34 59 12 10026 
11 35 15 13 10026 
11 35 29 12 10026 
11 35 45 13 10026 
11 35 59 12 10026 
11 36 15 13 10026 
11 36 29 12 10026 
11 36 45 13 10026 
11 36 59 12 10026 
11 37 15 13 10026 
11 37 29 12 10026 
11 37 45 13 10026 
11 37 59 12 10026 
11 38 15 13 10026 
11 38 29 12 10026 
11 38 45 13 10026 
11 38 59 12 10026 
11 39 15 13 10026 
11 41 45 13 10026 
11 41 59 12 10026 
11 42 15 13 10026 
11 42 29 12 10026 
11 42 45 13 10026 
11 42 59 12 10026 
11 43 15 13 10026 
11 43 29 12 10026 
11 43 45 13 10026 
11 43 59 12 10026 
11 44 15 13 10026 
11 44 29 12 10026 
11 44 45 13 10026 
11 44 59 12 10026 
11 45 15 13 10026 
11 45 29 12 10026 
11 45 45 13 10026 
11 45 59 12 10026 
11 46 15 13 10026 
11 46 29 12 10026 
11 46 45 13 10026 
11 46 59 12 10026 
11 47 15 13 10026 
11 47 29 12 10026 
11 47 45 13 10026 
11 47 59 12 10026 
11 48 15 13 10026 
11 48 29 12 10026 
11 48 45 13 10026 
11 48 59 12 10026 
11 49 15 13 10026 
11 49 29 12 10026 
11 49 45 13 10026 
11 49 59 12 10026 
11 50 15 13 10026 
11 50 29 12 10026 
11 50 45 13 10026 
11 50 59 12 10026 
11 51 15 13 10026 
11 51 29 12 10026 
11 51 45 13 9965 
11 51 59 12 10026 
11 52 15 13 10026 
11 52 29 12 10026 
11 52 45 13 10026 
11 52 59 12 10026 
11 53 15 13 10026 
11 53 29 12 10026 
11 53 45 13 10026 
11 53 59 12 10026 
11 54 15 13 10026 
11 54 29 12 10026 
11 54 45 13 10026 
11 54 59 12 10026 
11 55 15 13 10026 
11 55 29 12 10026 
11 55 45 13 10026 
11 55 59 12 10026 
11 56 15 13 10026 
11 58 46 13 10026 
11 59 0 12 10026 
11 59 16 13 10026 
11 59 30 12 10026 
11 59 46 13 10026 
12 0 0 12 10026 
12 0 16 13 10026 
12 0 30 12 10026 
12 0 46 13 10026 
12 1 0 12 10026 
12 1 16 13 10026 
12 1 30 12 10026 
12 1 46 13 10026 
12 2 0 12 10026 
12 2 16 13 10026 
12 2 30 12 10026 
12 2 46 13 10026 
12 3 0 12 10026 
12 3 16 13 10026 
12 3 30 12 10026 
12 3 46 13 9965 
12 4 0 12 10026 
12 4 16 13 10026 
12 4 30 12 10026 
12 4 46 13 10026 
12 5 0 12 10026 
12 5 16 13 10026 
12 5 30 12 10026 
12 5 46 13 10026 
12 6 0 12 10026 
12 6 16 13 10026 
12 6 30 12 10026 
12 6 46 13 10026 
12 7 0 12 10026 
12 7 16 13 10026 
12 7 30 12 10026 
12 7 46 13 10026 
12 8 0 12 10026 
12 8 16 13 10026 
12 8 30 12 10026 
12 8 46 13 10026 
12 9 0 12 10026 
12 9 16 13 10026 
12 9 30 12 10026 
12 9 46 13 10026 
12 10 0 12 10026 
12 10 16 13 10026 
12 10 30 12 10026 
12 10 46 13 10026 
12 11 0 12 10026 
12 11 16 13 10026 
12 11 30 12 10026 
12 11 46 13 10026 
12 12 0 12 10026 
12 12 16 13 10026 
12 12 30 12 10026 
12 12 46 13 10026 
12 13 0 12 10026 
12 13 16 13 10026 
12 15 46 13 10026 
12 16 0 12 10026 
12 16 16 13 10026 
12 16 30 12 10026 
12 16 46 13 10026 
12 17 0 12 10026 
12 17 16 13 10026 
12 17 30 12 10026 
12 17 46 13 10026 
12 18 0 12 10026 
12 18 16 13 10026 
12 18 30 12 10026 
12 18 46 13 10026 
12 19 0 12 10026 
12 19 16 13 10026 
12 19 30 12 10026 
12 19 46 13 10026 
12 20 0 12 10026 
12 20 16 13 10026 
12 20 30 12 10026 
12 20 46 13 10026 
12 21 0 12 9965 
12 21 16 13 10026 
12 21 30 12 10026 
12 21 46 13 10026 
12 22 0 12 10026 
12 22 16 13 10026 
12 22 30 12 10026 
12 22 46 13 10026 
12 23 0 12 10026 
12 23 16 13 10026 
12 23 30 12 10026 
12 23 46 13 10026 
12 24 0 12 10026 
12 24 16 13 10026 
12 24 30 12 10026 
12 24 46 13 10026 
12 25 0 12 10026 
12 25 16 13 10026 
12 25 30 12 10026 
12 25 46 13 10026 
12 26 0 12 10026 
12 26 16 13 10026 
12 26 30 12 10026 
12 26 46 13 10026 
12 27 0 12 9965 
12 27 16 13 10026 
12 27 30 12 10026 
12 27 46 13 10026 
12 28 0 12 10026 
12 28 16 13 10026 
12 28 30 12 10026 
12 28 46 13 10026 
12 29 0 12 10026 
12 29 16 13 9965 
12 29 30 12 9965 
12 29 46 13 10026 
12 30 0 12 10026 
12 30 16 13 10026 
12 32 46 13 10026 
12 33 0 12 10026 
12 33 16 13 10026 
12 33 30 12 10026 
12 33 46 13 10026 
12 34 0 12 9965 
12 34 16 13 10026 
12 34 30 12 10026 
12 34 46 13 10026 
12 35 0 12 10026 
12 35 16 13 9965 
12 35 30 12 10026 
12 35 46 13 10026 
12 36 0 12 10026 
12 36 16 13 10026 
12 36 30 12 10026 
12 36 46 13 10026 
12 37 0 12 10026 
12 37 16 13 10026 
12 37 30 12 10026 
12 37 46 13 10026 
12 38 0 12 10026 
12 38 16 13 10026 
12 38 30 12 10026 
12 38 46 13 10026 
12 39 0 12 10026 
12 39 16 13 10026 
12 39 30 12 10026 
12 39 46 13 10026 
12 40 0 12 9965 
12 40 16 13 10026 
12 40 30 12 10026 
12 40 46 13 10026 
12 41 0 12 10026 
12 41 16 13 10026 
12 41 30 12 10026 
12 41 46 13 10026 
12 42 0 12 10026 
12 42 16 13 10026 
12 42 30 12 10026 
12 42 46 13 10026 
12 43 0 12 10026 
12 43 16 13 10026 
12 43 30 12 10026 
12 43 46 13 10026 
12 44 0 12 10026 
12 44 16 13 10026 
12 44 30 12 10026 
12 44 46 13 10026 
12 45 0 12 10026 
12 45 16 13 10026 
12 45 31 12 10026 
12 45 46 13 10026 
12 46 1 12 10026 
12 46 16 13 10026 
12 46 31 12 10026 
12 46 46 13 10026 
12 47 1 12 10026 
12 47 16 13 9965 
12 49 47 13 10026 
12 50 2 12 10026 
12 50 17 13 10026 
12 50 32 12 10026 
12 50 47 13 10026 
12 51 2 12 10026 
12 51 17 13 10026 
12 51 32 12 10026 
12 51 47 13 10026 
12 52 2 12 10026 
12 52 17 13 10026 
12 52 32 12 10026 
12 52 47 13 10026 
12 53 2 12 10026 
12 53 17 13 10026 
12 53 32 12 10026 
12 53 47 13 10026 
12 54 2 12 10026 
12 54 17 13 9965 
12 54 32 12 10026 
12 54 47 13 10026 
12 55 2 12 9965 
12 55 17 13 10026 
12 55 32 12 9965 
12 55 47 13 10026 
12 56 2 12 10026 
12 56 17 13 10026 
12 56 32 12 10026 
12 56 47 13 10026 
12 57 2 12 10026 
12 57 17 13 10026 
12 57 32 12 10026 
12 57 47 13 10026 
12 58 2 12 10026 
12 58 17 13 10026 
12 58 32 12 10026 
12 58 47 13 10026 
12 59 2 12 10026 
12 59 17 13 10026 
12 59 32 12 10026 
13 20 57 11 9661 
13 22 39 13 10026 
13 22 53 12 10026 
13 23 9 13 10026 
13 23 23 12 10026 
13 23 39 13 10026 
13 23 53 12 10026 
13 24 9 13 10026 
13 24 23 12 10026 
13 24 39 13 10026 
13 24 53 12 10026 
13 25 9 13 10026 
13 25 23 12 10026 
13 25 39 13 10026 
13 25 53 12 10026 
13 26 9 13 10026 
13 26 23 12 10026 
13 26 39 13 10026 
13 26 53 12 10026 
13 27 9 13 10026 
13 27 23 12 10026 
13 27 39 13 10026 
13 27 53 12 10026 
13 28 9 13 10026 
13 28 23 12 10026 
13 28 39 13 10026 
13 28 53 12 10026 
13 29 9 13 10026 
13 29 23 12 10026 
13 29 39 13 10026 
13 29 53 12 10026 

/> 
ls
ls
<CR>
         TIME          Size       File name 
----A 2020/01/28 09:32      2136  0128
----A 2020/01/28 08:46    128000  01280831
----A 2020/01/28 09:03    128000  01280848
----A 2020/01/28 09:22    128000  01280905
----A 2020/01/28 09:22      2560  01280922
----A 2021/01/29 11:53     11032  0129
----A 2020/01/29 07:11    128000  01290656
----A 2020/01/29 07:27    128000  01290712
----A 2020/01/29 07:43    128000  01290728
----A 2020/01/29 07:59    128000  01290744
----A 2020/01/29 08:15    128000  01290800
----A 2020/01/29 08:31    128000  01290816
----A 2020/01/29 08:47    128000  01290832
----A 2020/01/29 09:03    128000  01290848
----A 2020/01/29 09:19    128000  01290904
----A 2020/01/29 09:35    128000  01290920
----A 2020/01/29 09:51    128000  01290936
----A 2020/01/29 10:07    128000  01290952
----A 2020/01/29 10:23    128000  01291008
----A 2020/01/29 10:39    128000  01291024
----A 2020/01/29 10:55    128000  01291040
----A 2020/01/29 11:11    128000  01291056
----A 2020/01/29 11:27    128000  01291112
----A 2020/01/29 11:30      2560  01291128
----A 2021/01/30 12:29     20024  0130
----A 2020/01/30 09:33    128000  01300918
----A 2020/01/30 09:49    128000  01300934
----A 2020/01/30 10:05    128000  01300950
----A 2020/01/30 10:21    128000  01301006
----A 2020/01/30 10:37    128000  01301022
----A 2020/01/30 10:55    128000  01301038
----A 2020/01/30 11:11    128000  01301054
----A 2020/01/30 11:27    128000  01301110
----A 2020/01/30 11:43    128000  01301126
----A 2020/01/30 11:59    128000  01301142
----A 2020/01/30 12:15    128000  01301158
----A 2020/01/30 12:31    128000  01301214
----A 2020/01/30 12:47    128000  01301230
----A 2020/01/30 13:03    128000  01301246
----A 2020/01/30 13:19    128000  01301302
----A 2020/01/30 13:35    128000  01301318
----A 2020/01/30 13:51    128000  01301334
----A 2020/01/30 14:07    128000  01301350
----A 2020/01/30 14:23    128000  01301406
----A 2020/01/30 14:39    128000  01301422
----A 2020/01/30 14:55    128000  01301438
----A 2020/01/30 15:11    128000  01301454
----A 2020/01/30 15:27    128000  01301510
----A 2020/01/30 15:43    128000  01301526
----A 2020/01/30 15:59    128000  01301542
----A 2020/01/30 16:15    128000  01301558
----A 2020/01/30 16:31    128000  01301614
----A 2020/01/30 16:47    128000  01301630
----A 2020/01/30 17:03    128000  01301646
----A 2020/01/30 17:02      2560  01301702
----A 2021/01/31 10:55     10056  0131
----A 2020/01/31 07:58    128000  01310743
----A 2020/01/31 08:14    128000  01310759
----A 2020/01/31 08:30    128000  01310815
----A 2020/01/31 08:46    128000  01310831
----A 2020/01/31 08:47      2560  01310847
----A 2020/01/31 09:34    149760  01310918
----A 2020/01/31 09:51     26880  01310935
----A 2020/01/31 11:51    128000  01311133
----A 2020/01/31 12:07    128000  01311149
----A 2020/01/31 12:07      2560  01311205
----A 2021/02/01 13:31      9920  0201
----A 2020/02/01 09:23    128000  02010907
----A 2020/02/01 09:25      2560  02010924
----A 2020/02/04 16:02     12440  0204
----A 2020/02/04 09:31    128000  02040913
----A 2020/02/04 09:47    128000  02040929
----A 2020/02/04 10:03    128000  02040945
----A 2020/02/04 10:19    128000  02041001
----A 2020/02/04 10:35    128000  02041017
----A 2020/02/04 10:51    128000  02041033
----A 2020/02/04 11:07    128000  02041049
----A 2020/02/04 11:23    128000  02041105
----A 2020/02/04 11:39    128000  02041121
----A 2020/02/04 11:55    128000  02041137
----A 2020/02/04 12:11    128000  02041153
----A 2020/02/04 12:27    128000  02041209
----A 2020/02/04 12:43    128000  02041225
----A 2020/02/04 12:59    128000  02041241
----A 2020/02/04 13:15    128000  02041257
----A 2020/02/04 13:31    128000  02041313
----A 2020/02/04 13:47    128000  02041329
----A 2020/02/04 14:03    128000  02041345
----A 2020/02/04 14:19    128000  02041401
----A 2020/02/04 14:35    128000  02041417
----A 2020/02/04 14:51    128000  02041433
----A 2020/02/04 15:07    128000  02041449
----A 2020/02/04 15:23    128000  02041505
----A 2020/02/04 15:39    128000  02041521
----A 2020/02/04 15:55    128000  02041537
----A 2020/02/04 15:55      2560  02041553
----A 2020/02/05 15:30     14800  0205
----A 2020/02/05 07:39    128000  02050724
----A 2020/02/05 07:55    128000  02050740
----A 2020/02/05 08:11    128000  02050756
----A 2020/02/05 08:27    128000  02050812
----A 2020/02/05 08:43    128000  02050828
----A 2020/02/05 08:59    128000  02050844
----A 2020/02/05 09:15    128000  02050900
----A 2020/02/05 09:31    128000  02050916
----A 2020/02/05 09:47    128000  02050932
----A 2020/02/05 10:03    128000  02050948
----A 2020/02/05 10:19    128000  02051004
----A 2020/02/05 10:35    128000  02051020
----A 2020/02/05 10:51    128000  02051036
----A 2020/02/05 11:07    128000  02051052
----A 2020/02/05 11:23    128000  02051108
----A 2020/02/05 11:39    128000  02051124
----A 2020/02/05 11:55    128000  02051140
----A 2020/02/05 12:11    128000  02051156
----A 2020/02/05 12:27    128000  02051212
----A 2020/02/05 12:43    128000  02051228
----A 2020/02/05 12:59    128000  02051244
----A 2020/02/05 13:15    128000  02051300
----A 2020/02/05 13:31    128000  02051316
----A 2020/02/05 13:47    128000  02051332
----A 2020/02/05 14:03    128000  02051348
----A 2020/02/05 14:19    128000  02051404
----A 2020/02/05 14:35    128000  02051420
----A 2020/02/05 14:51    128000  02051436
----A 2020/02/05 15:07    128000  02051452
----A 2020/02/05 15:23    128000  02051508
----A 2020/02/05 15:24      2560  02051524
----A 2020/02/06 14:22     13096  0206
----A 2020/02/06 07:28    128000  02060713
----A 2020/02/06 07:44    128000  02060729
----A 2020/02/06 08:00    128000  02060745
----A 2020/02/06 08:16    128000  02060801
----A 2020/02/06 08:32    128000  02060817
----A 2020/02/06 08:48    128000  02060833
----A 2020/02/06 09:04    128000  02060849
----A 2020/02/06 09:20    128000  02060905
----A 2020/02/06 09:36    128000  02060921
----A 2020/02/06 09:52    128000  02060937
----A 2020/02/06 10:08    128000  02060953
----A 2020/02/06 10:24    128000  02061009
----A 2020/02/06 10:40    128000  02061025
----A 2020/02/06 10:56    128000  02061041
----A 2020/02/06 11:12    128000  02061057
----A 2020/02/06 11:28    128000  02061113
----A 2020/02/06 11:44    128000  02061129
----A 2020/02/06 12:00    128000  02061145
----A 2020/02/06 12:16    128000  02061201
----A 2020/02/06 12:32    128000  02061217
----A 2020/02/06 12:48    128000  02061233
----A 2020/02/06 13:04    128000  02061249
----A 2020/02/06 13:20    128000  02061305
----A 2020/02/06 13:36    128000  02061321
----A 2020/02/06 13:52    128000  02061337
----A 2020/02/06 14:08    128000  02061353
----A 2020/02/06 14:09      2560  02061409
----A 2020/02/07 14:31     12064  0207
----A 2020/02/07 08:14    128000  02070757
----A 2020/02/07 08:30    128000  02070813
----A 2020/02/07 08:46    128000  02070829
----A 2020/02/07 09:02    128000  02070845
----A 2020/02/07 09:18    128000  02070901
----A 2020/02/07 09:34    128000  02070917
----A 2020/02/07 09:50    128000  02070933
----A 2020/02/07 10:06    128000  02070949
----A 2020/02/07 10:22    128000  02071005
----A 2020/02/07 10:38    128000  02071021
----A 2020/02/07 10:54    128000  02071037
----A 2020/02/07 11:10    128000  02071053
----A 2020/02/07 11:26    128000  02071109
----A 2020/02/07 11:42    128000  02071125
----A 2020/02/07 11:58    128000  02071141
----A 2020/02/07 12:14    128000  02071157
----A 2020/02/07 12:30    128000  02071213
----A 2020/02/07 12:46    128000  02071229
----A 2020/02/07 13:02    128000  02071245
----A 2020/02/07 13:18    128000  02071301
----A 2020/02/07 13:34    128000  02071317
----A 2020/02/07 13:50    128000  02071333
----A 2020/02/07 14:06    128000  02071349
----A 2020/02/07 14:22    128000  02071405
----A 2020/02/07 14:23      2560  02071421
----A 2020/02/08 13:27     11200  0208
----A 2020/02/08 07:53    128000  02080737
----A 2020/02/08 08:09    128000  02080753
----A 2020/02/08 08:25    128000  02080809
----A 2020/02/08 08:41    128000  02080825
----A 2020/02/08 08:57    128000  02080841
----A 2020/02/08 09:13    128000  02080857
----A 2020/02/08 09:29    128000  02080913
----A 2020/02/08 09:45    128000  02080929
----A 2020/02/08 10:01    128000  02080945
----A 2020/02/08 10:17    128000  02081001
----A 2020/02/08 10:33    128000  02081017
----A 2020/02/08 10:49    128000  02081033
----A 2020/02/08 11:05    128000  02081049
----A 2020/02/08 11:21    128000  02081105
----A 2020/02/08 11:37    128000  02081121
----A 2020/02/08 11:53    128000  02081137
----A 2020/02/08 12:09    128000  02081153
----A 2020/02/08 12:25    128000  02081209
----A 2020/02/08 12:41    128000  02081225
----A 2020/02/08 12:57    128000  02081241
----A 2020/02/08 13:13    128000  02081257
----A 2020/02/08 13:13      2560  02081313
----A 2020/02/09 11:42      9128  0209
----A 2020/02/09 07:03    128000  02090648
----A 2020/02/09 07:19    128000  02090704
----A 2020/02/09 07:35    128000  02090720
----A 2020/02/09 07:51    128000  02090736
----A 2020/02/09 08:07    128000  02090752
----A 2020/02/09 08:23    128000  02090808
----A 2020/02/09 08:39    128000  02090824
----A 2020/02/09 08:55    128000  02090840
----A 2020/02/09 09:11    128000  02090856
----A 2020/02/09 09:27    128000  02090912
----A 2020/02/09 09:43    128000  02090928
----A 2020/02/09 09:59    128000  02090944
----A 2020/02/09 10:15    128000  02091000
----A 2020/02/09 10:31    128000  02091016
----A 2020/02/09 10:47    128000  02091032
----A 2020/02/09 11:03    128000  02091048
----A 2020/02/09 11:19    128000  02091104
----A 2020/02/09 11:35    128000  02091120
----A 2020/02/09 11:37      2560  02091136
----A 2021/01/29 09:47      2560  01290946
----A 2021/01/29 10:21      2560  01291021
----A 2021/01/29 11:42      2560  01291142
----A 2021/01/30 08:50      2560  01300848
----A 2021/01/30 10:15    128000  01300958
----A 2021/01/30 10:30    128000  01301015
----A 2021/01/30 10:47    128000  01301032
----A 2021/01/30 11:06    128000  01301049
----A 2021/01/30 11:23    128000  01301106
----A 2021/01/30 11:38    128000  01301123
----A 2021/01/30 11:55    128000  01301140
----A 2021/01/30 12:29    238720  01301157
----A 2021/01/30 12:31      2560  01301231
----A 2021/01/31 08:31    128000  01310816
----A 2021/01/31 08:50    128000  01310833
----A 2021/01/31 09:07    128000  01310850
----A 2021/01/31 09:22    128000  01310907
----A 2021/01/31 09:39    128000  01310924
----A 2021/01/31 09:58    128000  01310941
----A 2021/01/31 10:15    128000  01310958
----A 2021/01/31 10:34    128000  01311019
----A 2021/01/31 10:51    128000  01311036
----A 2021/01/31 10:53      2560  01311053
----A 2021/02/01 08:22    128000  02010805
----A 2021/02/01 08:22      2560  02010822
----A 2021/02/01 09:06    128000  02010851
----A 2021/02/01 09:23    128000  02010908
----A 2021/02/01 09:40    128000  02010925
----A 2021/02/01 09:57    128000  02010942
----A 2021/02/01 10:14    128000  02010959
----A 2021/02/01 10:31    128000  02011016
----A 2021/02/01 10:48    128000  02011033
----A 2021/02/01 11:05    128000  02011050
----A 2021/02/01 11:22    128000  02011107
----A 2021/02/01 11:39    128000  02011124
----A 2021/02/01 11:56    128000  02011141
----A 2021/02/01 12:13    128000  02011158
----A 2021/02/01 12:31    128000  02011215
----A 2021/02/01 12:47    128000  02011232
----A 2021/02/01 13:23     74880  02011249

 265 File(s),  30232776 bytes total
   0 Dir(s),     970000K bytes free

/> 
read0201
read0201
<CR>Bad command!

/> 
read 0201
read 0201
<CR>Time:2021/02/01 13:23
Hours Minutes Seconds  Nb_Samples    Aver. Current 
8 51 5 12 6623 
8 51 20 13 6076 
8 51 35 12 6015 
8 51 50 13 6015 
8 52 5 12 6015 
8 52 20 13 6015 
8 52 35 12 6015 
8 52 50 13 6015 
8 53 5 12 6015 
8 53 20 13 6015 
8 53 35 12 6015 
8 53 50 13 6015 
8 54 5 12 6015 
8 54 20 13 6015 
8 54 35 12 6015 
8 54 50 13 6015 
8 55 5 12 6015 
8 55 20 13 6015 
8 55 35 12 6015 
8 55 50 13 6015 
8 56 5 12 6015 
8 56 20 13 6015 
8 56 35 12 6015 
8 56 50 13 6015 
8 57 5 12 6015 
8 57 20 13 6015 
8 57 35 12 6015 
8 57 50 13 6015 
8 58 5 12 6015 
8 58 20 13 6015 
8 58 35 12 6015 
8 58 50 13 6015 
8 59 5 12 6015 
8 59 20 13 6015 
8 59 35 12 6015 
8 59 50 13 6015 
9 0 5 12 6015 
9 0 20 13 6015 
9 0 35 12 6015 
9 0 50 13 6015 
9 1 5 12 6015 
9 1 20 13 6015 
9 1 35 12 6015 
9 1 50 13 6015 
9 2 5 12 6015 
9 2 20 13 6015 
9 2 35 12 6015 
9 2 50 13 6015 
9 3 5 12 6015 
9 3 20 13 6015 
9 3 35 12 6015 
9 3 50 13 6015 
9 4 5 12 6015 
9 4 20 13 6015 
9 4 35 12 6015 
9 4 50 13 6015 
9 5 5 12 6015 
9 5 20 13 6015 
9 7 51 12 6015 
9 8 6 13 6015 
9 8 21 12 6015 
9 8 36 13 5954 
9 8 51 12 6015 
9 9 6 13 6015 
9 9 21 12 6015 
9 9 36 13 6015 
9 9 51 12 6015 
9 10 6 13 6015 
9 10 21 12 6015 
9 10 36 13 5954 
9 10 51 12 6015 
9 11 6 13 6015 
9 11 21 12 6015 
9 11 36 13 6015 
9 11 51 12 6015 
9 12 6 13 6015 
9 12 21 12 6015 
9 12 36 13 6015 
9 12 51 12 5954 
9 13 6 13 5954 
9 13 21 12 5954 
9 13 36 13 6015 
9 13 51 12 6015 
9 14 6 13 5954 
9 14 21 12 5954 
9 14 36 13 6015 
9 14 51 12 5954 
9 15 6 13 6015 
9 15 21 12 5954 
9 15 36 13 5954 
9 15 51 12 5954 
9 16 6 13 6015 
9 16 21 12 5954 
9 16 36 13 5954 
9 16 51 12 6015 
9 17 6 13 6015 
9 17 21 12 6015 
9 17 36 13 6015 
9 17 51 12 5954 
9 18 6 13 6015 
9 18 21 12 5954 
9 18 36 13 5954 
9 18 51 12 5954 
9 19 6 13 5954 
9 19 21 12 5954 
9 19 36 13 5954 
9 19 51 12 5954 
9 20 6 13 6015 
9 20 21 12 6015 
9 20 36 13 5954 
9 20 51 12 5954 
9 21 6 13 5954 
9 21 21 12 5954 
9 21 36 13 5954 
9 21 51 12 5954 
9 22 6 13 5954 
9 22 21 12 5954 
9 24 52 13 5954 
9 25 6 12 5954 
9 25 22 13 5954 
9 25 36 12 5954 
9 25 52 13 5954 
9 26 6 12 5954 
9 26 22 13 6015 
9 26 36 12 5954 
9 26 52 13 5954 
9 27 6 12 5954 
9 27 22 13 5954 
9 27 36 12 5954 
9 27 52 13 5954 
9 28 6 12 5954 
9 28 22 13 5954 
9 28 36 12 5954 
9 28 52 13 5954 
9 29 6 12 5954 
9 29 22 13 5954 
9 29 36 12 5954 
9 29 52 13 5954 
9 30 6 12 5954 
9 30 22 13 5954 
9 30 36 12 5954 
9 30 52 13 5954 
9 31 6 12 5954 
9 31 22 13 5954 
9 31 36 12 5954 
9 31 52 13 5954 
9 32 6 12 6015 
9 32 22 13 5954 
9 32 36 12 5954 
9 32 52 13 5954 
9 33 6 12 6015 
9 33 22 13 5954 
9 33 36 12 6015 
9 33 52 13 5954 
9 34 6 12 6015 
9 34 22 13 5954 
9 34 36 12 5954 
9 34 52 13 5954 
9 35 6 12 5954 
9 35 22 13 5954 
9 35 36 12 6015 
9 35 52 13 5954 
9 36 6 12 5954 
9 36 22 13 5954 
9 36 36 12 5954 
9 36 52 13 5954 
9 37 6 12 6015 
9 37 22 13 5954 
9 37 36 12 5954 
9 37 52 13 5954 
9 38 6 12 5954 
9 38 22 13 6015 
9 38 36 12 5954 
7 50 39 12 5954 
7 50 55 13 6137 
7 51 9 12 6197 
7 51 25 13 6197 
7 51 39 12 6197 
7 51 55 13 6197 
7 52 9 12 6805 
7 52 25 13 7777 
7 52 39 12 8324 
7 52 55 13 8689 
7 53 9 12 8810 
7 53 25 13 8750 
7 53 39 12 8932 
7 53 55 13 9053 
7 54 9 12 9053 
7 54 25 13 9053 
7 54 39 12 9053 
7 54 55 13 9053 
7 55 9 12 9053 
7 55 25 13 9053 
7 55 39 12 9053 
7 55 55 13 9053 
7 56 9 12 9053 
7 56 25 13 9053 
7 56 39 12 9053 
7 56 55 13 9053 
7 57 9 12 9053 
7 57 25 13 9053 
7 57 39 12 9053 
7 57 55 13 9053 
7 58 9 12 9053 
7 58 25 13 9053 
7 58 39 12 9053 
7 58 55 13 9053 
7 59 9 12 9053 
7 59 25 13 9053 
7 59 39 12 9053 
7 59 55 13 9053 
8 0 9 12 9053 
8 0 25 13 9053 
8 0 39 12 9053 
8 0 55 13 9053 
8 1 9 12 9053 
8 1 25 13 9053 
8 1 39 12 9053 
8 1 55 13 9053 
8 2 9 12 9053 
8 2 25 13 9053 
8 2 39 12 9053 
8 2 55 13 9053 
8 3 9 12 9053 
8 3 25 13 9053 
8 3 39 12 9053 
8 6 14 13 9053 
8 6 28 12 9053 
8 6 44 13 9053 
8 6 58 12 9053 
8 7 14 13 9053 
8 7 28 12 9053 
8 7 44 13 9053 
8 7 58 12 9053 
8 8 14 13 9053 
8 8 28 12 9053 
8 8 44 13 9053 
8 8 58 12 9053 
8 9 14 13 9053 
8 9 28 12 9053 
8 9 44 13 9053 
8 9 58 12 9053 
8 10 14 13 9053 
8 10 28 12 9053 
8 10 44 13 9053 
8 10 58 12 9053 
8 11 14 13 9053 
8 11 28 12 9053 
8 11 44 13 9053 
8 11 58 12 9053 
8 12 14 13 9053 
8 12 28 12 9053 
8 12 44 13 9053 
8 12 58 12 9053 
8 13 14 13 9053 
8 13 28 12 9053 
8 13 44 13 9053 
8 13 58 12 9053 
8 14 14 13 9053 
8 14 28 12 9053 
8 14 44 13 9053 
8 14 58 12 9053 
8 15 14 13 9053 
8 15 28 12 9053 
8 15 44 13 9053 
8 15 58 12 9053 
8 16 14 13 9053 
8 16 28 12 9053 
8 16 44 13 9053 
8 16 58 12 9053 
8 17 14 13 9053 
8 17 28 12 9053 
8 17 44 13 9053 
8 17 58 12 9053 
8 18 14 13 9053 
8 18 28 12 9053 
8 18 44 13 9053 
8 18 58 12 9053 
8 19 14 13 9053 
8 19 28 12 9053 
8 19 44 13 9053 
8 19 58 12 9053 
8 20 14 13 9053 
8 20 28 12 9053 
8 20 44 13 9053 
8 23 15 13 9053 
8 23 30 12 9053 
8 35 21 12 5711 
8 35 37 13 6623 
8 35 51 12 6623 
8 36 7 13 6684 
8 36 21 12 6684 
8 36 37 13 7534 
8 36 51 12 8263 
8 37 7 13 8446 
8 37 21 12 8506 
8 37 37 13 8506 
8 37 51 12 8628 
8 38 7 13 9357 
8 38 21 12 9783 
8 38 37 13 9965 
8 38 51 12 10026 
8 39 7 13 10026 
8 39 21 12 10026 
8 39 37 13 10026 
8 39 51 12 10026 
8 40 7 13 10026 
8 40 21 12 10026 
8 40 37 13 10026 
8 40 51 12 10026 
8 41 7 13 10026 
8 41 21 12 10026 
8 41 37 13 10026 
8 41 51 12 10026 
8 42 7 13 10026 
8 42 21 12 10026 
8 42 37 13 10026 
8 42 51 12 10026 
8 43 7 13 10026 
8 43 21 12 10026 
8 43 37 13 10026 
8 43 51 12 10026 
8 44 7 13 10026 
8 44 21 12 10026 
8 44 37 13 10026 
8 44 51 12 10026 
8 45 7 13 10026 
8 45 21 12 10026 
8 45 37 13 10026 
8 45 51 12 10026 
8 46 7 13 10026 
8 46 21 12 10026 
8 46 37 13 10026 
8 46 51 12 10026 
8 47 7 13 10026 
8 47 21 12 10026 
8 47 37 13 10026 
8 47 51 12 10026 
8 48 7 13 10026 
8 48 21 12 10026 
8 48 37 13 10026 
8 48 51 12 10026 
8 49 7 13 10026 
8 51 40 13 10026 
8 51 54 12 10026 
8 52 10 13 10026 
8 52 24 12 10026 
8 52 40 13 10026 
8 52 54 12 10026 
8 53 10 13 10026 
8 53 24 12 10026 
8 53 40 13 10026 
8 53 54 12 10026 
8 54 10 13 10026 
8 54 24 12 10026 
8 54 40 13 10026 
8 54 54 12 10026 
8 55 10 13 10026 
8 55 24 12 10026 
8 55 40 13 10026 
8 55 54 12 10026 
8 56 10 13 10026 
8 56 24 12 10026 
8 56 40 13 10026 
8 56 54 12 10026 
8 57 10 13 10026 
8 57 24 12 10026 
8 57 40 13 10026 
8 57 54 12 10026 
8 58 10 13 10026 
8 58 24 12 10026 
8 58 40 13 10026 
8 58 54 12 10026 
8 59 10 13 10026 
8 59 24 12 10026 
8 59 40 13 10026 
8 59 54 12 10026 
9 0 10 13 10026 
9 0 24 12 10026 
9 0 40 13 10026 
9 0 54 12 10026 
9 1 10 13 10026 
9 1 24 12 10026 
9 1 40 13 10026 
9 1 54 12 10026 
9 2 10 13 10026 
9 2 24 12 10026 
9 2 40 13 10026 
9 2 54 12 10026 
9 3 10 13 10026 
9 3 24 12 10026 
9 3 40 13 10026 
9 3 54 12 10026 
9 4 10 13 10026 
9 4 24 12 10026 
9 4 40 13 10026 
9 4 54 12 10026 
9 5 10 13 10026 
9 5 24 12 10026 
9 5 40 13 10026 
9 5 54 12 10026 
9 6 10 13 10026 
9 8 41 13 10026 
9 8 56 12 10026 
9 9 11 13 10026 
9 9 26 12 10026 
9 9 41 13 10026 
9 9 56 12 10026 
9 10 11 13 10026 
9 10 26 12 10026 
9 10 41 13 10026 
9 10 56 12 10026 
9 11 11 13 10026 
9 11 26 12 10026 
9 11 41 13 10026 
9 11 56 12 10026 
9 12 11 13 10026 
9 12 26 12 10026 
9 12 41 13 10026 
9 12 56 12 10026 
9 13 11 13 10026 
9 13 26 12 10026 
9 13 41 13 10026 
9 13 56 12 10026 
9 14 11 13 10026 
9 14 26 12 10026 
9 14 41 13 10026 
9 14 56 12 10026 
9 15 11 13 10026 
9 15 26 12 10026 
9 15 41 13 10026 
9 15 56 12 10026 
9 16 11 13 10026 
9 16 26 12 10026 
9 16 41 13 10026 
9 16 56 12 10026 
9 17 11 13 10026 
9 17 26 12 10026 
9 17 41 13 10026 
9 17 56 12 10026 
9 18 11 13 10026 
9 18 26 12 10026 
9 18 41 13 10026 
9 18 56 12 10026 
9 19 11 13 10026 
9 19 26 12 10026 
9 19 41 13 10026 
9 19 56 12 10026 
9 20 11 13 10026 
9 20 26 12 10026 
9 20 41 13 10026 
9 20 56 12 10026 
9 21 11 13 10026 
9 21 26 12 10026 
9 21 41 13 10026 
9 21 56 12 10026 
9 22 11 13 10026 
9 22 26 12 10026 
9 22 41 13 10026 
9 22 56 12 10026 
9 23 11 13 10026 
9 25 42 13 10026 
9 25 57 12 10026 
9 26 12 13 10026 
9 26 27 12 10026 
9 26 42 13 10026 
9 26 57 12 10026 
9 27 12 13 10026 
9 27 27 12 10026 
9 27 42 13 10026 
9 27 57 12 10026 
9 28 12 13 10026 
9 28 27 12 10026 
9 28 42 13 10026 
9 28 57 12 10026 
9 29 12 13 10026 
9 29 27 12 10026 
9 29 42 13 10026 
9 29 57 12 10026 
9 30 12 13 10026 
9 30 27 12 10026 
9 30 42 13 10026 
9 30 57 12 10026 
9 31 12 13 10026 
9 31 27 12 10026 
9 31 42 13 10026 
9 31 57 12 10026 
9 32 12 13 10026 
9 32 27 12 10026 
9 32 42 13 10026 
9 32 57 12 10026 
9 33 12 13 10026 
9 33 27 12 10026 
9 33 42 13 10026 
9 33 57 12 10026 
9 34 12 13 10026 
9 34 27 12 10026 
9 34 42 13 10026 
9 34 57 12 10026 
9 35 12 13 10026 
9 35 27 12 10026 
9 35 42 13 10026 
9 35 57 12 10026 
9 36 12 13 10026 
9 36 27 12 10026 
9 36 42 13 10026 
9 36 57 12 10026 
9 37 12 13 10026 
9 37 27 12 10026 
9 37 42 13 10026 
9 37 57 12 10026 
9 38 12 13 10026 
9 38 27 12 10026 
9 38 42 13 10026 
9 38 57 12 10026 
9 39 12 13 10026 
9 39 27 12 10026 
9 39 42 13 10026 
9 39 57 12 10026 
9 40 12 13 10026 
9 42 42 13 10026 
9 42 57 12 10026 
9 43 12 13 10026 
9 43 27 12 10026 
9 43 42 13 10026 
9 43 57 12 10026 
9 44 12 13 10026 
9 44 27 12 10026 
9 44 42 13 10026 
9 44 57 12 10026 
9 45 12 13 10026 
9 45 27 12 10026 
9 45 42 13 10026 
9 45 57 12 10026 
9 46 12 13 10026 
9 46 27 12 10026 
9 46 42 13 10026 
9 46 57 12 10026 
9 47 12 13 10026 
9 47 27 12 10026 
9 47 42 13 10026 
9 47 57 12 10026 
9 48 12 13 10026 
9 48 27 12 10026 
9 48 42 13 10026 
9 48 57 12 10026 
9 49 12 13 10026 
9 49 27 12 10026 
9 49 42 13 10026 
9 49 57 12 10026 
9 50 12 13 10026 
9 50 27 12 10026 
9 50 42 13 10026 
9 50 57 12 10026 
9 51 12 13 10026 
9 51 27 12 10026 
9 51 42 13 10026 
9 51 57 12 10026 
9 52 12 13 10026 
9 52 27 12 10026 
9 52 42 13 10026 
9 52 57 12 10026 
9 53 12 13 10026 
9 53 27 12 10026 
9 53 42 13 10026 
9 53 57 12 10026 
9 54 12 13 10026 
9 54 27 12 10026 
9 54 42 13 10026 
9 54 57 12 10026 
9 55 12 13 10026 
9 55 27 12 10026 
9 55 42 13 10026 
9 55 57 12 10026 
9 56 12 13 10026 
9 56 27 12 10026 
9 56 42 13 10026 
9 56 57 12 10026 
9 57 12 13 10026 
9 59 42 13 10026 
9 59 57 12 10026 
10 0 12 13 10026 
10 0 27 12 10026 
10 0 42 13 10026 
10 0 57 12 10026 
10 1 12 13 10026 
10 1 27 12 10026 
10 1 42 13 10026 
10 1 57 12 10026 
10 2 12 13 10026 
10 2 27 12 10026 
10 2 42 13 10026 
10 2 57 12 10026 
10 3 12 13 10026 
10 3 27 12 10026 
10 3 42 13 10026 
10 3 57 12 10026 
10 4 12 13 10026 
10 4 27 12 10026 
10 4 42 13 10026 
10 4 57 12 10026 
10 5 12 13 10026 
10 5 27 12 10026 
10 5 42 13 10026 
10 5 57 12 10026 
10 6 12 13 10026 
10 6 27 12 10026 
10 6 42 13 10026 
10 6 57 12 10026 
10 7 12 13 10026 
10 7 27 12 10026 
10 7 42 13 10026 
10 7 57 12 10026 
10 8 12 13 10026 
10 8 27 12 10026 
10 8 42 13 10026 
10 8 57 12 10026 
10 9 12 13 10026 
10 9 27 12 10026 
10 9 42 13 10026 
10 9 57 12 10026 
10 10 12 13 10026 
10 10 27 12 10026 
10 10 42 13 10026 
10 10 57 12 10026 
10 11 12 13 10026 
10 11 27 12 10026 
10 11 42 13 10026 
10 11 57 12 10026 
10 12 12 13 10026 
10 12 27 12 10026 
10 12 42 13 10026 
10 12 57 12 10026 
10 13 12 13 10026 
10 13 27 12 10026 
10 13 42 13 10026 
10 13 57 12 10026 
10 14 12 13 10026 
10 16 44 13 10026 
10 16 58 12 10026 
10 17 14 13 10026 
10 17 28 12 10026 
10 17 44 13 10026 
10 17 58 12 10026 
10 18 14 13 10026 
10 18 28 12 10026 
10 18 44 13 10026 
10 18 58 12 10026 
10 19 14 13 10026 
10 19 28 12 10026 
10 19 44 13 10026 
10 19 58 12 10026 
10 20 14 13 10026 
10 20 28 12 10026 
10 20 44 13 10026 
10 20 58 12 10026 
10 21 14 13 10026 
10 21 28 12 10026 
10 21 44 13 10026 
10 21 58 12 10026 
10 22 14 13 10026 
10 22 28 12 10026 
10 22 44 13 10026 
10 22 58 12 10026 
10 23 14 13 10026 
10 23 28 12 10026 
10 23 44 13 10026 
10 23 58 12 10026 
10 24 14 13 10026 
10 24 28 12 10026 
10 24 44 13 10026 
10 24 58 12 10026 
10 25 14 13 10026 
10 25 28 12 10026 
10 25 44 13 10026 
10 25 58 12 10026 
10 26 14 13 10026 
10 26 28 12 10026 
10 26 44 13 10026 
10 26 58 12 10026 
10 27 14 13 10026 
10 27 28 12 10026 
10 27 44 13 10026 
10 27 58 12 10026 
10 28 14 13 10026 
10 28 28 12 10026 
10 28 44 13 10026 
10 28 58 12 10026 
10 29 14 13 10026 
10 29 28 12 10026 
10 29 44 13 10026 
10 29 58 12 10026 
10 30 14 13 10026 
10 30 28 12 10026 
10 30 44 13 10026 
10 30 58 12 10026 
10 31 14 13 10026 
10 33 44 13 10026 
10 33 58 12 10026 
10 34 14 13 10026 
10 34 28 12 10026 
10 34 44 13 10026 
10 34 58 12 10026 
10 35 14 13 10026 
10 35 28 12 10026 
10 35 44 13 10026 
10 35 58 12 10026 
10 36 14 13 10026 
10 36 28 12 10026 
10 36 44 13 10026 
10 36 58 12 10026 
10 37 14 13 10026 
10 37 28 12 10026 
10 37 44 13 10026 
10 37 58 12 10026 
10 38 14 13 10026 
10 38 28 12 10026 
10 38 44 13 10026 
10 38 58 12 10026 
10 39 14 13 10026 
10 39 28 12 10026 
10 39 44 13 10026 
10 39 58 12 10026 
10 40 14 13 10026 
10 40 28 12 10026 
10 40 44 13 10026 
10 40 58 12 10026 
10 41 14 13 10026 
10 41 28 12 10026 
10 41 44 13 10026 
10 41 58 12 10026 
10 42 14 13 10026 
10 42 28 12 10026 
10 42 44 13 10026 
10 42 58 12 10026 
10 43 14 13 10026 
10 43 28 12 10026 
10 43 44 13 10026 
10 43 58 12 10026 
10 44 14 13 10026 
10 44 28 12 10026 
10 44 44 13 10026 
10 44 58 12 10026 
10 45 14 13 10026 
10 45 28 12 10026 
10 45 44 13 10026 
10 45 58 12 10026 
10 46 14 13 10026 
10 46 28 12 10026 
10 46 44 13 10026 
10 46 58 12 10026 
10 47 14 13 10026 
10 47 28 12 10026 
10 47 44 13 10026 
10 47 58 12 10026 
10 48 14 13 10026 
10 50 44 13 10026 
10 50 58 12 10026 
10 51 14 13 10026 
10 51 28 12 10026 
10 51 44 13 10026 
10 51 58 12 10026 
10 52 14 13 10026 
10 52 28 12 10026 
10 52 44 13 10026 
10 52 58 12 10026 
10 53 14 13 10026 
10 53 28 12 10026 
10 53 44 13 10026 
10 53 58 12 10026 
10 54 14 13 10026 
10 54 28 12 10026 
10 54 44 13 10026 
10 54 58 12 10026 
10 55 14 13 10026 
10 55 28 12 10026 
10 55 44 13 10026 
10 55 58 12 10026 
10 56 14 13 10026 
10 56 28 12 10026 
10 56 44 13 10026 
10 56 58 12 10026 
10 57 14 13 10026 
10 57 28 12 10026 
10 57 44 13 10026 
10 57 58 12 10026 
10 58 14 13 10026 
10 58 28 12 10026 
10 58 44 13 10026 
10 58 58 12 10026 
10 59 14 13 10026 
10 59 28 12 10026 
10 59 44 13 10026 
10 59 58 12 10026 
11 0 14 13 10026 
11 0 28 12 10026 
11 0 44 13 10026 
11 0 58 12 10026 
11 1 14 13 10026 
11 1 28 12 10026 
11 1 44 13 10026 
11 1 58 12 10026 
11 2 14 13 10026 
11 2 28 12 10026 
11 2 44 13 10026 
11 2 58 12 10026 
11 3 14 13 10026 
11 3 28 12 10026 
11 3 44 13 10026 
11 3 58 12 10026 
11 4 14 13 10026 
11 4 28 12 10026 
11 4 44 13 10026 
11 4 58 12 10026 
11 5 14 13 10026 
11 7 45 13 10026 
11 7 59 12 10026 
11 8 15 13 10026 
11 8 29 12 10026 
11 8 45 13 10026 
11 8 59 12 10026 
11 9 15 13 10026 
11 9 29 12 10026 
11 9 45 13 10026 
11 9 59 12 10026 
11 10 15 13 10026 
11 10 29 12 10026 
11 10 45 13 10026 
11 10 59 12 10026 
11 11 15 13 10026 
11 11 29 12 10026 
11 11 45 13 10026 
11 11 59 12 10026 
11 12 15 13 10026 
11 12 29 12 10026 
11 12 45 13 10026 
11 12 59 12 10026 
11 13 15 13 10026 
11 13 29 12 10026 
11 13 45 13 10026 
11 13 59 12 10026 
11 14 15 13 10026 
11 14 29 12 10026 
11 14 45 13 10026 
11 14 59 12 10026 
11 15 15 13 10026 
11 15 29 12 10026 
11 15 45 13 10026 
11 15 59 12 10026 
11 16 15 13 10026 
11 16 29 12 10026 
11 16 45 13 10026 
11 16 59 12 10026 
11 17 15 13 10026 
11 17 29 12 10026 
11 17 45 13 10026 
11 17 59 12 10026 
11 18 15 13 10026 
11 18 29 12 10026 
11 18 45 13 10026 
11 18 59 12 10026 
11 19 15 13 10026 
11 19 29 12 10026 
11 19 45 13 10026 
11 19 59 12 10026 
11 20 15 13 10026 
11 20 29 12 10026 
11 20 45 13 10026 
11 20 59 12 10026 
11 21 15 13 10026 
11 21 29 12 10026 
11 21 45 13 10026 
11 21 59 12 10026 
11 22 15 13 10026 
11 24 45 13 10026 
11 24 59 12 10026 
11 25 15 13 10026 
11 25 29 12 10026 
11 25 45 13 10026 
11 25 59 12 10026 
11 26 15 13 10026 
11 26 29 12 10026 
11 26 45 13 10026 
11 26 59 12 10026 
11 27 15 13 10026 
11 27 29 12 10026 
11 27 45 13 10026 
11 27 59 12 10026 
11 28 15 13 10026 
11 28 29 12 10026 
11 28 45 13 10026 
11 28 59 12 10026 
11 29 15 13 10026 
11 29 29 12 10026 
11 29 45 13 10026 
11 29 59 12 10026 
11 30 15 13 10026 
11 30 29 12 10026 
11 30 45 13 10026 
11 30 59 12 10026 
11 31 15 13 10026 
11 31 29 12 10026 
11 31 45 13 10026 
11 31 59 12 10026 
11 32 15 13 10026 
11 32 29 12 10026 
11 32 45 13 10026 
11 32 59 12 10026 
11 33 15 13 10026 
11 33 29 12 10026 
11 33 45 13 10026 
11 33 59 12 10026 
11 34 15 13 10026 
11 34 29 12 10026 
11 34 45 13 10026 
11 34 59 12 10026 
11 35 15 13 10026 
11 35 29 12 10026 
11 35 45 13 10026 
11 35 59 12 10026 
11 36 15 13 10026 
11 36 29 12 10026 
11 36 45 13 10026 
11 36 59 12 10026 
11 37 15 13 10026 
11 37 29 12 10026 
11 37 45 13 10026 
11 37 59 12 10026 
11 38 15 13 10026 
11 38 29 12 10026 
11 38 45 13 10026 
11 38 59 12 10026 
11 39 15 13 10026 
11 41 45 13 10026 
11 41 59 12 10026 
11 42 15 13 10026 
11 42 29 12 10026 
11 42 45 13 10026 
11 42 59 12 10026 
11 43 15 13 10026 
11 43 29 12 10026 
11 43 45 13 10026 
11 43 59 12 10026 
11 44 15 13 10026 
11 44 29 12 10026 
11 44 45 13 10026 
11 44 59 12 10026 
11 45 15 13 10026 
11 45 29 12 10026 
11 45 45 13 10026 
11 45 59 12 10026 
11 46 15 13 10026 
11 46 29 12 10026 
11 46 45 13 10026 
11 46 59 12 10026 
11 47 15 13 10026 
11 47 29 12 10026 
11 47 45 13 10026 
11 47 59 12 10026 
11 48 15 13 10026 
11 48 29 12 10026 
11 48 45 13 10026 
11 48 59 12 10026 
11 49 15 13 10026 
11 49 29 12 10026 
11 49 45 13 10026 
11 49 59 12 10026 
11 50 15 13 10026 
11 50 29 12 10026 
11 50 45 13 10026 
11 50 59 12 10026 
11 51 15 13 10026 
11 51 29 12 10026 
11 51 45 13 9965 
11 51 59 12 10026 
11 52 15 13 10026 
11 52 29 12 10026 
11 52 45 13 10026 
11 52 59 12 10026 
11 53 15 13 10026 
11 53 29 12 10026 
11 53 45 13 10026 
11 53 59 12 10026 
11 54 15 13 10026 
11 54 29 12 10026 
11 54 45 13 10026 
11 54 59 12 10026 
11 55 15 13 10026 
11 55 29 12 10026 
11 55 45 13 10026 
11 55 59 12 10026 
11 56 15 13 10026 
11 58 46 13 10026 
11 59 0 12 10026 
11 59 16 13 10026 
11 59 30 12 10026 
11 59 46 13 10026 
12 0 0 12 10026 
12 0 16 13 10026 
12 0 30 12 10026 
12 0 46 13 10026 
12 1 0 12 10026 
12 1 16 13 10026 
12 1 30 12 10026 
12 1 46 13 10026 
12 2 0 12 10026 
12 2 16 13 10026 
12 2 30 12 10026 
12 2 46 13 10026 
12 3 0 12 10026 
12 3 16 13 10026 
12 3 30 12 10026 
12 3 46 13 9965 
12 4 0 12 10026 
12 4 16 13 10026 
12 4 30 12 10026 
12 4 46 13 10026 
12 5 0 12 10026 
12 5 16 13 10026 
12 5 30 12 10026 
12 5 46 13 10026 
12 6 0 12 10026 
12 6 16 13 10026 
12 6 30 12 10026 
12 6 46 13 10026 
12 7 0 12 10026 
12 7 16 13 10026 
12 7 30 12 10026 
12 7 46 13 10026 
12 8 0 12 10026 
12 8 16 13 10026 
12 8 30 12 10026 
12 8 46 13 10026 
12 9 0 12 10026 
12 9 16 13 10026 
12 9 30 12 10026 
12 9 46 13 10026 
12 10 0 12 10026 
12 10 16 13 10026 
12 10 30 12 10026 
12 10 46 13 10026 
12 11 0 12 10026 
12 11 16 13 10026 
12 11 30 12 10026 
12 11 46 13 10026 
12 12 0 12 10026 
12 12 16 13 10026 
12 12 30 12 10026 
12 12 46 13 10026 
12 13 0 12 10026 
12 13 16 13 10026 
12 15 46 13 10026 
12 16 0 12 10026 
12 16 16 13 10026 
12 16 30 12 10026 
12 16 46 13 10026 
12 17 0 12 10026 
12 17 16 13 10026 
12 17 30 12 10026 
12 17 46 13 10026 
12 18 0 12 10026 
12 18 16 13 10026 
12 18 30 12 10026 
12 18 46 13 10026 
12 19 0 12 10026 
12 19 16 13 10026 
12 19 30 12 10026 
12 19 46 13 10026 
12 20 0 12 10026 
12 20 16 13 10026 
12 20 30 12 10026 
12 20 46 13 10026 
12 21 0 12 9965 
12 21 16 13 10026 
12 21 30 12 10026 
12 21 46 13 10026 
12 22 0 12 10026 
12 22 16 13 10026 
12 22 30 12 10026 
12 22 46 13 10026 
12 23 0 12 10026 
12 23 16 13 10026 
12 23 30 12 10026 
12 23 46 13 10026 
12 24 0 12 10026 
12 24 16 13 10026 
12 24 30 12 10026 
12 24 46 13 10026 
12 25 0 12 10026 
12 25 16 13 10026 
12 25 30 12 10026 
12 25 46 13 10026 
12 26 0 12 10026 
12 26 16 13 10026 
12 26 30 12 10026 
12 26 46 13 10026 
12 27 0 12 9965 
12 27 16 13 10026 
12 27 30 12 10026 
12 27 46 13 10026 
12 28 0 12 10026 
12 28 16 13 10026 
12 28 30 12 10026 
12 28 46 13 10026 
12 29 0 12 10026 
12 29 16 13 9965 
12 29 30 12 9965 
12 29 46 13 10026 
12 30 0 12 10026 
12 30 16 13 10026 
12 32 46 13 10026 
12 33 0 12 10026 
12 33 16 13 10026 
12 33 30 12 10026 
12 33 46 13 10026 
12 34 0 12 9965 
12 34 16 13 10026 
12 34 30 12 10026 
12 34 46 13 10026 
12 35 0 12 10026 
12 35 16 13 9965 
12 35 30 12 10026 
12 35 46 13 10026 
12 36 0 12 10026 
12 36 16 13 10026 
12 36 30 12 10026 
12 36 46 13 10026 
12 37 0 12 10026 
12 37 16 13 10026 
12 37 30 12 10026 
12 37 46 13 10026 
12 38 0 12 10026 
12 38 16 13 10026 
12 38 30 12 10026 
12 38 46 13 10026 
12 39 0 12 10026 
12 39 16 13 10026 
12 39 30 12 10026 
12 39 46 13 10026 
12 40 0 12 9965 
12 40 16 13 10026 
12 40 30 12 10026 
12 40 46 13 10026 
12 41 0 12 10026 
12 41 16 13 10026 
12 41 30 12 10026 
12 41 46 13 10026 
12 42 0 12 10026 
12 42 16 13 10026 
12 42 30 12 10026 
12 42 46 13 10026 
12 43 0 12 10026 
12 43 16 13 10026 
12 43 30 12 10026 
12 43 46 13 10026 
12 44 0 12 10026 
12 44 16 13 10026 
12 44 30 12 10026 
12 44 46 13 10026 
12 45 0 12 10026 
12 45 16 13 10026 
12 45 31 12 10026 
12 45 46 13 10026 
12 46 1 12 10026 
12 46 16 13 10026 
12 46 31 12 10026 
12 46 46 13 10026 
12 47 1 12 10026 
12 47 16 13 9965 
12 49 47 13 10026 
12 50 2 12 10026 
12 50 17 13 10026 
12 50 32 12 10026 
12 50 47 13 10026 
12 51 2 12 10026 
12 51 17 13 10026 
12 51 32 12 10026 
12 51 47 13 10026 
12 52 2 12 10026 
12 52 17 13 10026 
12 52 32 12 10026 
12 52 47 13 10026 
12 53 2 12 10026 
12 53 17 13 10026 
12 53 32 12 10026 
12 53 47 13 10026 
12 54 2 12 10026 
12 54 17 13 9965 
12 54 32 12 10026 
12 54 47 13 10026 
12 55 2 12 9965 
12 55 17 13 10026 
12 55 32 12 9965 
12 55 47 13 10026 
12 56 2 12 10026 
12 56 17 13 10026 
12 56 32 12 10026 
12 56 47 13 10026 
12 57 2 12 10026 
12 57 17 13 10026 
12 57 32 12 10026 
12 57 47 13 10026 
12 58 2 12 10026 
12 58 17 13 10026 
12 58 32 12 10026 
12 58 47 13 10026 
12 59 2 12 10026 
12 59 17 13 10026 
12 59 32 12 10026 
13 20 57 11 9661 
13 22 39 13 10026 
13 22 53 12 10026 
13 23 9 13 10026 
13 23 23 12 10026 
13 23 39 13 10026 
13 23 53 12 10026 
13 24 9 13 10026 
13 24 23 12 10026 
13 24 39 13 10026 
13 24 53 12 10026 
13 25 9 13 10026 
13 25 23 12 10026 
13 25 39 13 10026 
13 25 53 12 10026 
13 26 9 13 10026 
13 26 23 12 10026 
13 26 39 13 10026 
13 26 53 12 10026 
13 27 9 13 10026 
13 27 23 12 10026 
13 27 39 13 10026 
13 27 53 12 10026 
13 28 9 13 10026 
13 28 23 12 10026 
13 28 39 13 10026 
13 28 53 12 10026 
13 29 9 13 10026 
13 29 23 12 10026 
13 29 39 13 10026 
13 29 53 12 10026 

/> 