ls
ls
<CR>
         TIME          Size       File name 
----A 2021/03/02 13:59      9488  0302
----A 2021/03/02 08:18    128000  03020803
----A 2021/03/02 08:35    128000  03020820
----A 2021/03/02 08:54    128000  03020837
----A 2021/03/02 09:11    128000  03020854
----A 2021/03/02 09:26    128000  03020911
----A 2021/03/02 09:43    128000  03020928
----A 2021/03/02 10:02    128000  03020945
----A 2021/03/02 10:19    128000  03021002
----A 2021/03/02 10:34    128000  03021019
----A 2021/03/02 10:51    128000  03021036
----A 2021/03/02 11:10    128000  03021053
----A 2021/03/02 11:37    129280  03021121
----A 2021/03/02 11:39      2560  03021138
----A 2021/03/02 12:09      2560  03021208
----A 2021/03/02 12:57    128000  03021242
----A 2021/03/02 13:15    128000  03021259
----A 2021/03/02 13:31    128000  03021316
----A 2021/03/02 13:49    128000  03021333
----A 2021/03/02 13:51      2560  03021350

  20 File(s),   2066448 bytes total
   0 Dir(s),     998464K bytes free

/> 
read 0302
read 0302
<CR>Time:2021/03/02 13:51
Hours Minutes Seconds  Nb_Samples    Aver. Current 
7 47 32 12 4131 
7 47 48 13 5347 
7 48 2 12 5408 
7 48 18 13 5408 
7 48 32 12 5468 
7 48 48 13 5772 
7 49 2 12 6197 
7 49 18 13 6927 
7 49 32 12 7413 
7 49 48 13 7413 
7 50 2 12 7656 
7 50 18 13 8506 
7 50 32 12 9114 
7 50 48 13 9053 
7 51 2 12 9053 
7 51 18 13 9053 
7 51 32 12 9053 
7 51 48 13 9053 
7 52 2 12 9053 
7 52 18 13 9053 
7 52 32 12 9053 
7 52 48 13 9053 
7 53 2 12 9053 
7 53 18 13 9053 
7 53 32 12 9053 
7 53 48 13 9053 
7 54 2 12 9053 
7 54 18 13 9053 
7 54 32 12 9053 
7 54 48 13 9053 
7 55 2 12 8993 
7 55 18 13 8993 
7 55 32 12 9053 
7 55 48 13 9053 
7 56 2 12 9053 
7 56 18 13 8993 
7 56 32 12 8993 
7 56 48 13 8993 
7 57 2 12 8993 
7 57 18 13 8993 
7 57 32 12 8993 
7 57 48 13 8993 
7 58 2 12 9053 
7 58 18 13 9053 
7 58 32 12 9053 
7 58 48 13 9053 
7 59 2 12 9053 
7 59 18 13 9053 
7 59 32 12 9053 
7 59 48 13 9053 
8 0 2 12 9053 
8 0 18 13 9053 
8 0 32 12 9053 
8 0 48 13 9053 
8 1 2 12 9053 
8 1 18 13 9053 
8 1 32 12 9053 
8 4 3 12 9053 
8 4 19 13 9053 
8 4 33 12 9053 
8 4 49 13 9053 
8 5 3 12 9053 
8 5 19 13 9053 
8 5 33 12 9053 
8 5 49 13 9053 
8 6 3 12 9053 
8 6 19 13 9053 
8 6 33 12 9053 
8 6 49 13 9053 
8 7 3 12 9053 
8 7 19 13 9053 
8 7 33 12 9053 
8 7 49 13 9053 
8 8 3 12 9053 
8 8 19 13 9053 
8 8 33 12 9053 
8 8 49 13 9053 
8 9 3 12 9053 
8 9 19 13 9053 
8 9 33 12 9053 
8 9 49 13 9053 
8 10 3 12 9053 
8 10 19 13 9053 
8 10 33 12 9053 
8 10 49 13 9053 
8 11 3 12 9053 
8 11 19 13 9053 
8 11 33 12 9053 
8 11 49 13 9053 
8 12 3 12 9053 
8 12 19 13 9053 
8 12 33 12 9053 
8 12 49 13 9053 
8 13 3 12 9053 
8 13 19 13 9053 
8 13 33 12 9053 
8 13 49 13 9053 
8 14 3 12 9053 
8 14 19 13 9053 
8 14 33 12 9053 
8 14 49 13 9053 
8 15 3 12 9053 
8 15 19 13 9053 
8 15 33 12 9053 
8 15 49 13 9053 
8 16 3 12 9053 
8 16 19 13 9053 
8 16 33 12 9053 
8 16 49 13 9053 
8 17 3 12 9053 
8 17 19 13 9053 
8 17 33 12 9053 
8 17 49 13 9053 
8 18 3 12 9053 
8 18 19 13 9053 
8 18 33 12 9053 
8 21 3 12 9053 
8 21 19 13 9053 
8 21 33 12 9053 
8 21 49 13 9053 
8 22 3 12 9053 
8 22 19 13 9053 
8 22 33 12 9053 
8 22 49 13 9053 
8 23 3 12 9053 
8 23 19 13 9053 
8 23 33 12 9053 
8 23 49 13 9053 
8 24 3 12 9053 
8 24 19 13 9053 
8 24 33 12 9053 
8 24 49 13 9053 
8 25 3 12 9053 
8 25 19 13 9053 
8 25 33 12 9053 
8 25 49 13 9053 
8 26 3 12 9053 
8 26 19 13 9053 
8 26 33 12 9053 
8 26 49 13 9053 
8 27 3 12 9053 
8 27 19 13 9053 
8 27 33 12 9053 
8 27 49 13 9053 
8 28 3 12 9053 
8 28 19 13 9053 
8 28 33 12 9053 
8 28 49 13 9053 
8 29 3 12 9053 
8 29 19 13 9053 
8 29 33 12 9053 
8 29 49 13 9053 
8 30 3 12 9053 
8 30 19 13 8993 
8 30 33 12 9053 
8 30 49 13 9053 
8 31 3 12 9053 
8 31 19 13 9053 
8 31 33 12 9053 
8 31 49 13 9053 
8 32 3 12 9053 
8 32 19 13 9053 
8 32 33 12 9053 
8 32 49 13 9053 
8 33 3 12 9053 
8 33 19 13 9053 
8 33 33 12 9053 
8 33 49 13 9053 
8 34 3 12 9053 
8 34 19 13 9053 
8 34 33 12 9053 
8 34 49 13 9053 
8 35 3 12 9053 
8 35 19 13 9053 
8 35 33 12 9053 
8 38 3 12 9053 
8 38 19 13 9053 
8 38 33 12 8993 
8 38 49 13 9053 
8 39 3 12 9053 
8 39 19 13 8993 
8 39 33 12 9053 
8 39 49 13 9053 
8 40 3 12 9053 
8 40 19 13 8993 
8 40 33 12 9053 
8 40 49 13 9053 
8 41 3 12 8993 
8 41 19 13 9053 
8 41 33 12 9053 
8 41 49 13 8993 
8 42 3 12 8993 
8 42 19 13 8993 
8 42 33 12 9053 
8 42 49 13 8993 
8 43 3 12 8993 
8 43 19 13 8993 
8 43 33 12 8993 
8 43 49 13 9053 
8 44 3 12 9053 
8 44 19 13 9053 
8 44 33 12 9053 
8 44 49 13 9053 
8 45 3 12 9053 
8 45 19 13 8993 
8 45 33 12 8993 
8 45 49 13 9053 
8 46 3 12 8993 
8 46 19 13 8993 
8 46 33 12 8993 
8 46 49 13 8993 
8 47 3 12 8993 
8 47 19 13 9053 
8 47 33 12 9053 
8 47 49 13 9053 
8 48 3 12 8993 
8 48 19 13 8993 
8 48 33 12 9053 
8 48 49 13 8993 
8 49 3 12 9053 
8 49 19 13 8993 
8 49 33 12 8993 
8 49 49 13 8993 
8 50 3 12 8993 
8 50 19 13 8993 
8 50 33 12 8993 
8 50 49 13 8993 
8 51 3 12 8993 
8 51 19 13 8993 
8 51 33 12 8993 
8 51 49 13 8993 
8 52 3 12 8993 
8 52 19 13 8993 
8 52 33 12 8993 
8 55 3 12 9053 
8 55 19 13 8993 
8 55 33 12 8993 
8 55 49 13 8993 
8 56 3 12 8993 
8 56 19 13 8993 
8 56 33 12 8993 
8 56 49 13 8993 
8 57 3 12 8993 
8 57 19 13 8993 
8 57 33 12 8993 
8 57 49 13 8993 
8 58 3 12 8993 
8 58 19 13 8993 
8 58 33 12 8993 
8 58 49 13 8993 
8 59 3 12 8993 
8 59 19 13 8993 
8 59 33 12 8993 
8 59 49 13 8993 
9 0 3 12 8993 
9 0 19 13 8993 
9 0 33 12 8993 
9 0 49 13 8993 
9 1 3 12 8993 
9 1 19 13 8993 
9 1 33 12 8993 
9 1 49 13 8993 
9 2 3 12 8993 
9 2 19 13 8993 
9 2 33 12 8993 
9 2 49 13 8993 
9 3 3 12 8993 
9 3 19 13 8993 
9 3 33 12 8993 
9 3 49 13 8993 
9 4 3 12 8993 
9 4 19 13 8993 
9 4 33 12 8993 
9 4 49 13 8993 
9 5 3 12 8993 
9 5 19 13 8993 
9 5 33 12 8993 
9 5 49 13 8993 
9 6 3 12 8993 
9 6 19 13 8993 
9 6 33 12 8993 
9 6 49 13 8993 
9 7 3 12 8993 
9 7 19 13 8993 
9 7 33 12 8993 
9 7 49 13 8993 
9 8 3 12 8993 
9 8 19 13 8993 
9 8 33 12 8993 
9 8 49 13 8993 
9 9 3 12 8993 
9 9 19 13 8993 
9 9 33 12 8993 
9 12 3 12 8993 
9 12 19 13 8993 
9 12 33 12 8993 
9 12 49 13 8993 
9 13 3 12 8993 
9 13 19 13 8993 
9 13 33 12 8993 
9 13 49 13 8993 
9 14 3 12 8993 
9 14 19 13 8993 
9 14 33 12 8993 
9 14 49 13 8993 
9 15 3 12 8993 
9 15 19 13 8993 
9 15 33 12 8993 
9 15 49 13 8993 
9 16 3 12 8993 
9 16 19 13 8993 
9 16 33 12 8993 
9 16 49 13 8993 
9 17 3 12 8993 
9 17 19 13 8993 
9 17 33 12 8993 
9 17 49 13 8993 
9 18 3 12 8993 
9 18 19 13 8993 
9 18 33 12 8993 
9 18 49 13 8993 
9 19 3 12 8993 
9 19 19 13 8993 
9 19 33 12 8993 
9 19 49 13 8993 
9 20 3 12 8993 
9 20 19 13 8993 
9 20 33 12 8993 
9 20 49 13 8993 
9 21 3 12 8993 
9 21 19 13 8993 
9 21 33 12 8993 
9 21 49 13 8993 
9 22 3 12 8993 
9 22 19 13 8993 
9 22 33 12 8993 
9 22 49 13 8993 
9 23 3 12 8993 
9 23 19 13 8993 
9 23 33 12 8993 
9 23 49 13 8993 
9 24 3 12 8993 
9 24 19 13 8993 
9 24 33 12 8993 
9 24 49 13 8993 
9 25 3 12 8993 
9 25 19 13 8993 
9 25 33 12 8993 
9 25 49 13 8993 
9 26 3 12 8993 
9 26 19 13 8993 
9 26 33 12 8993 
9 29 5 13 8993 
9 29 19 12 8993 
9 29 35 13 8993 
9 29 49 12 8993 
9 30 5 13 8993 
9 30 19 12 8993 
9 30 35 13 8993 
9 30 49 12 8993 
9 31 5 13 8993 
9 31 19 12 8993 
9 31 35 13 8993 
9 31 49 12 8993 
9 32 5 13 8993 
9 32 19 12 8993 
9 32 35 13 8993 
9 32 49 12 8993 
9 33 4 13 8993 
9 33 19 12 8993 
9 33 35 13 8993 
9 33 49 12 8993 
9 34 5 13 8993 
9 34 19 12 8993 
9 34 35 13 8993 
9 34 49 12 8993 
9 35 5 13 8993 
9 35 19 12 8993 
9 35 35 13 8993 
9 35 49 12 8993 
9 36 5 13 8993 
9 36 19 12 8993 
9 36 35 13 8993 
9 36 49 12 8993 
9 37 5 13 8993 
9 37 19 12 8993 
9 37 35 13 8993 
9 37 49 12 8993 
9 38 5 13 8993 
9 38 19 12 8993 
9 38 35 13 8993 
9 38 49 12 8993 
9 39 5 13 8993 
9 39 19 12 8993 
9 39 35 13 8993 
9 39 49 12 8993 
9 40 5 13 8993 
9 40 19 12 8993 
9 40 35 13 8993 
9 40 49 12 8993 
9 41 5 13 8993 
9 41 19 12 8993 
9 41 35 13 8993 
9 41 49 12 8993 
9 42 5 13 8993 
9 42 19 12 8993 
9 42 35 13 8993 
9 42 49 12 8993 
9 43 5 13 8993 
9 43 19 12 8993 
9 43 35 13 8993 
9 46 5 13 8993 
9 46 19 12 8993 
9 46 35 13 8993 
9 46 49 12 8993 
9 47 5 13 8993 
9 47 19 12 8993 
9 47 35 13 8993 
9 47 49 12 8993 
9 48 5 13 8993 
9 48 19 12 8993 
9 48 35 13 8993 
9 48 49 12 8993 
9 49 5 13 8993 
9 49 19 12 8993 
9 49 35 13 8993 
9 49 49 12 8993 
9 50 5 13 8993 
9 50 19 12 8993 
9 50 35 13 8993 
9 50 49 12 8993 
9 51 5 13 8993 
9 51 19 12 8993 
9 51 35 13 8993 
9 51 49 12 8993 
9 52 5 13 8993 
9 52 19 12 8993 
9 52 35 13 8993 
9 52 49 12 8993 
9 53 5 13 8993 
9 53 19 12 8993 
9 53 35 13 8993 
9 53 49 12 8993 
9 54 5 13 8993 
9 54 19 12 8993 
9 54 35 13 8993 
9 54 49 12 8993 
9 55 5 13 8993 
9 55 19 12 8993 
9 55 35 13 8993 
9 55 49 12 8993 
9 56 5 13 8993 
9 56 19 12 8993 
9 56 35 13 8993 
9 56 49 12 8993 
9 57 5 13 8993 
9 57 19 12 8993 
9 57 35 13 8993 
9 57 49 12 8993 
9 58 5 13 8993 
9 58 19 12 8993 
9 58 35 13 8993 
9 58 49 12 8993 
9 59 5 13 8993 
9 59 19 12 8993 
9 59 35 13 8993 
9 59 49 12 8993 
10 0 5 13 8993 
10 0 19 12 8993 
10 0 35 13 8993 
10 3 5 13 8993 
10 3 19 12 8993 
10 3 35 13 8993 
10 3 49 12 8993 
10 4 5 13 8993 
10 4 19 12 8993 
10 4 35 13 8993 
10 4 49 12 8993 
10 5 5 13 8993 
10 5 19 12 8993 
10 5 35 13 8993 
10 5 49 12 8993 
10 6 5 13 8993 
10 6 19 12 8993 
10 6 35 13 8993 
10 6 49 12 8993 
10 7 5 13 8993 
10 7 19 12 8993 
10 7 35 13 8993 
10 7 49 12 8993 
10 8 5 13 8993 
10 8 19 12 8993 
10 8 35 13 8993 
10 8 49 12 8993 
10 9 5 13 8993 
10 9 19 12 8993 
10 9 35 13 8993 
10 9 49 12 8993 
10 10 5 13 8993 
10 10 19 12 8993 
10 10 35 13 8993 
10 10 49 12 8993 
10 11 5 13 8993 
10 11 19 12 8993 
10 11 35 13 8993 
10 11 49 12 8993 
10 12 5 13 8993 
10 12 19 12 8993 
10 12 35 13 8993 
10 12 49 12 8993 
10 13 5 13 8993 
10 13 19 12 8993 
10 13 35 13 8993 
10 13 49 12 8993 
10 14 5 13 8993 
10 14 19 12 8993 
10 14 35 13 8993 
10 14 49 12 8993 
10 15 5 13 8993 
10 15 19 12 8993 
10 15 35 13 8993 
10 15 49 12 8993 
10 16 5 13 8993 
10 16 19 12 8993 
10 16 35 13 8993 
10 16 49 12 8993 
10 17 5 13 8993 
10 17 19 12 8993 
10 17 35 13 8993 
10 20 5 13 8993 
10 20 19 12 8993 
10 20 35 13 8993 
10 20 49 12 8993 
10 21 5 13 8993 
10 21 19 12 8993 
10 21 35 13 8993 
10 21 49 12 8993 
10 22 5 13 8993 
10 22 19 12 8993 
10 22 35 13 8993 
10 22 49 12 8993 
10 23 5 13 8993 
10 23 19 12 8993 
10 23 35 13 8993 
10 23 49 12 8993 
10 24 5 13 8993 
10 24 19 12 8993 
10 24 35 13 8993 
10 24 49 12 8993 
10 25 5 13 8993 
10 25 19 12 8993 
10 25 35 13 8993 
10 25 49 12 8993 
10 26 5 13 8993 
10 26 19 12 8993 
10 26 35 13 8993 
10 26 49 12 8993 
10 27 5 13 8993 
10 27 19 12 8993 
10 27 35 13 8993 
10 27 49 12 8993 
10 28 5 13 8993 
10 28 19 12 8993 
10 28 35 13 8993 
10 28 49 12 8993 
10 29 5 13 8993 
10 29 19 12 8993 
10 29 35 13 8993 
10 29 49 12 8993 
10 30 5 13 8993 
10 30 19 12 8993 
10 30 35 13 8993 
10 30 49 12 8993 
10 31 5 13 8993 
10 31 19 12 8993 
10 31 35 13 8993 
10 31 49 12 8993 
10 32 5 13 8993 
10 32 19 12 8993 
10 32 35 13 8993 
10 32 49 12 8993 
10 33 5 13 8993 
10 33 19 12 8993 
10 33 35 13 8993 
10 33 49 12 8993 
10 34 5 13 8993 
10 34 19 12 8993 
10 34 35 13 8993 
10 37 5 13 8993 
10 37 19 12 8993 
10 37 35 13 8993 
10 37 49 12 8993 
10 38 5 13 8993 
10 38 19 12 8993 
10 38 35 13 8993 
10 38 49 12 8993 
10 39 5 13 8993 
10 39 19 12 8993 
10 39 35 13 8993 
10 39 49 12 8993 
10 40 5 13 8993 
10 40 19 12 8993 
10 40 35 13 8993 
10 40 49 12 8993 
10 41 5 13 8993 
10 41 19 12 8993 
10 41 35 13 8993 
10 41 49 12 8993 
10 42 5 13 8993 
10 42 19 12 8993 
10 42 35 13 8993 
10 42 49 12 8993 
10 43 5 13 8993 
10 43 19 12 8993 
10 43 35 13 8993 
10 43 49 12 8993 
10 44 5 13 8993 
10 44 19 12 8993 
10 44 35 13 8993 
10 44 49 12 8993 
10 45 5 13 8993 
10 45 19 12 8993 
10 45 35 13 8993 
10 45 49 12 8993 
10 46 5 13 8993 
10 46 19 12 8993 
10 46 35 13 8993 
10 46 49 12 8993 
10 47 5 13 8993 
10 47 19 12 8993 
10 47 35 13 8993 
10 47 49 12 8993 
10 48 5 13 8993 
10 48 19 12 8993 
10 48 35 13 8993 
10 48 49 12 8993 
10 49 5 13 8993 
10 49 19 12 8993 
10 49 35 13 8993 
10 49 49 12 8993 
10 50 5 13 8993 
10 50 19 12 8993 
10 50 35 13 8993 
10 50 49 12 8993 
10 51 5 13 8993 
10 51 19 12 8993 
10 51 35 13 8993 
10 54 6 13 8932 
10 54 20 12 8993 
10 54 36 13 8993 
10 54 50 12 8993 
10 55 6 13 8993 
10 55 20 12 8993 
10 55 36 13 8993 
10 55 50 12 8993 
10 56 6 13 8993 
10 56 20 12 8993 
10 56 36 13 8993 
10 56 50 12 8993 
10 57 6 13 8993 
10 57 20 12 8993 
10 57 36 13 8993 
10 57 50 12 8993 
10 58 6 13 8993 
10 58 20 12 8993 
10 58 36 13 8993 
10 58 50 12 8993 
10 59 6 13 8993 
10 59 20 12 8993 
10 59 36 13 8993 
10 59 50 12 8993 
11 0 6 13 8993 
11 0 20 12 8993 
11 0 36 13 8993 
11 0 50 12 8993 
11 1 6 13 8993 
11 1 20 12 8993 
11 1 36 13 8993 
11 1 50 12 8993 
11 2 6 13 8993 
11 2 20 12 8993 
11 2 36 13 8993 
11 2 50 12 8993 
11 3 6 13 8993 
11 3 20 12 8993 
11 3 36 13 8993 
11 3 50 12 8993 
11 4 6 13 8993 
11 4 20 12 8993 
11 4 36 13 8993 
11 4 50 12 8993 
11 5 6 13 8993 
11 5 20 12 8993 
11 5 36 13 8993 
11 5 50 12 8993 
11 6 6 13 8993 
11 6 20 12 8993 
11 6 36 13 8993 
11 6 50 12 8993 
11 7 6 13 8993 
11 7 20 12 8993 
11 7 36 13 8993 
11 7 50 12 8993 
11 8 6 13 8993 
11 8 20 12 8993 
11 8 36 13 8993 
11 21 55 13 8993 
11 22 29 12 8993 
11 22 45 13 8993 
11 22 59 12 9053 
11 23 15 13 9114 
11 23 29 12 9053 
11 23 45 13 9053 
11 23 59 12 9053 
11 24 15 13 9053 
11 24 29 12 9053 
11 24 45 13 9053 
11 24 59 12 9053 
11 25 15 13 9053 
11 25 29 12 9053 
11 25 45 13 9053 
11 25 59 12 9053 
11 26 15 13 9053 
11 26 29 12 9053 
11 26 45 13 9053 
11 26 59 12 9053 
11 27 15 13 9053 
11 27 29 12 9053 
11 27 45 13 9053 
11 27 59 12 9053 
11 28 15 13 9053 
11 28 29 12 9053 
11 28 45 13 9053 
11 28 59 12 9053 
11 29 15 13 9053 
11 29 29 12 9053 
11 29 45 13 9053 
11 29 59 12 9053 
11 30 15 13 9053 
11 30 29 12 8993 
11 30 45 13 9053 
11 30 59 12 9053 
11 31 15 13 9053 
11 31 29 12 8993 
11 31 45 13 9053 
11 31 59 12 9053 
11 32 15 13 9053 
11 32 29 12 9053 
11 32 45 13 9053 
11 32 59 12 9053 
11 33 15 13 9053 
11 33 29 12 9053 
11 33 45 13 9053 
11 33 59 12 9053 
11 34 15 13 8993 
11 34 29 12 9053 
11 34 45 13 9053 
11 34 59 12 9053 
11 35 15 13 9053 
11 35 29 12 9053 
11 35 45 13 9053 
11 35 59 12 8993 
11 36 15 13 9053 
11 36 29 12 8993 
11 39 1 13 8993 
11 39 16 12 9053 
11 39 31 13 8993 
11 39 46 12 8993 
11 40 1 13 8993 
11 40 16 12 8993 
11 40 31 13 8993 
11 40 46 12 8993 
11 41 1 13 8993 
11 41 16 12 8993 
11 41 31 13 8993 
11 41 46 12 8810 
11 52 3 12 7717 
11 52 19 13 8932 
11 52 33 12 9053 
11 52 49 13 9053 
11 53 3 12 9053 
11 53 19 13 9053 
11 53 33 12 9053 
11 53 49 13 9053 
11 54 3 12 9053 
11 54 19 13 9053 
11 54 33 12 9053 
11 54 49 13 9053 
11 55 4 13 9053 
11 55 19 12 9053 
11 55 33 12 9053 
11 55 49 13 9053 
11 56 3 12 9053 
11 56 19 13 9053 
11 56 33 12 9053 
11 56 49 13 9053 
11 57 3 12 9053 
11 57 19 13 9053 
11 57 33 12 9053 
11 57 49 13 9053 
11 58 3 12 9053 
11 58 19 13 9053 
11 58 33 12 9053 
11 58 49 13 9053 
11 59 3 12 9053 
11 59 19 13 8993 
11 59 33 12 9053 
11 59 49 13 9053 
12 0 3 12 9053 
12 0 19 13 9053 
12 0 33 12 9053 
12 0 49 13 9053 
12 1 3 12 9053 
12 1 19 13 9053 
12 1 33 12 8993 
12 1 49 13 9053 
12 2 3 12 9053 
12 2 19 13 9053 
12 2 33 12 9053 
12 2 49 13 9053 
12 3 3 12 9053 
12 3 19 13 9053 
12 3 33 12 9053 
12 3 49 13 8993 
12 4 3 12 9053 
12 4 19 13 8993 
12 4 33 12 8993 
12 4 49 13 9053 
12 5 3 12 8993 
12 5 19 13 8993 
12 5 33 12 8993 
12 5 49 13 9053 
12 6 3 12 9053 
12 6 19 13 9053 
12 6 33 12 8993 
12 9 3 12 8993 
12 9 19 13 8993 
12 9 33 12 8993 
12 9 49 13 8993 
12 10 3 12 8993 
12 10 19 13 8993 
12 10 33 12 8993 
12 10 49 13 8993 
12 11 3 12 8993 
12 11 19 13 8993 
12 11 33 12 8993 
12 11 49 13 8993 
12 12 3 12 8993 
12 12 19 13 8993 
12 12 33 12 8993 
12 12 49 13 8993 
12 13 3 12 8993 
12 13 19 13 8993 
12 13 33 12 8993 
12 13 49 13 8993 
12 14 3 12 8993 
12 14 19 13 8993 
12 14 33 12 8993 
12 14 49 13 8993 
12 15 3 12 8993 
12 15 19 13 8993 
12 15 33 12 8993 
12 15 49 13 8993 
12 16 3 12 8993 
12 16 19 13 8993 
12 26 27 12 8142 
12 26 43 13 8993 
12 26 57 12 9053 
12 27 13 13 9053 
12 27 27 12 8993 
12 27 43 13 8993 
12 27 57 12 9053 
12 28 13 13 8993 
12 28 27 12 8993 
12 28 43 13 8993 
12 28 57 12 8993 
12 29 13 13 8993 
12 29 27 12 8993 
12 29 43 13 8993 
12 29 57 12 8993 
12 30 13 13 8993 
12 30 27 12 8993 
12 30 43 13 8993 
12 30 57 12 8993 
12 31 13 13 8993 
12 31 27 12 8993 
12 31 43 13 8993 
12 31 57 12 8993 
12 32 13 13 8993 
12 32 27 12 8993 
12 32 43 13 8993 
12 32 57 12 8993 
12 33 13 13 8993 
12 33 27 12 8993 
12 33 43 13 8993 
12 33 57 12 8993 
12 34 13 13 8993 
12 34 27 12 8993 
12 34 43 13 8993 
12 34 57 12 8993 
12 35 13 13 8993 
12 35 27 12 8993 
12 35 43 13 8993 
12 35 57 12 8993 
12 38 21 3 7109 
12 38 27 5 6684 
12 38 43 13 8142 
12 38 57 12 8932 
12 39 13 13 8993 
12 39 27 12 8993 
12 39 43 13 8993 
12 39 57 12 8993 
12 40 13 13 8993 
12 42 49 12 8993 
12 43 5 13 8993 
12 43 19 12 8993 
12 43 35 13 8993 
12 43 49 12 8993 
12 44 5 13 8993 
12 44 19 12 8993 
12 44 35 13 8993 
12 44 49 12 8993 
12 45 5 13 8993 
12 45 19 12 8993 
12 45 35 13 8993 
12 45 49 12 8993 
12 46 5 13 8993 
12 46 19 12 8993 
12 46 35 13 8993 
12 46 49 12 8993 
12 47 5 13 8993 
12 47 19 12 8993 
12 47 35 13 8993 
12 47 49 12 8993 
12 48 5 13 8993 
12 48 19 12 8993 
12 48 35 13 8993 
12 48 49 12 8993 
12 49 5 13 8993 
12 49 19 12 8993 
12 49 35 13 8993 
12 49 49 12 8993 
12 50 5 13 8993 
12 50 19 12 8993 
12 50 35 13 8993 
12 50 49 12 8993 
12 51 5 13 8993 
12 51 19 12 8993 
12 51 35 13 8993 
12 51 49 12 8993 
12 52 5 13 8993 
12 52 19 12 8993 
12 52 35 13 8993 
12 52 49 12 8993 
12 53 5 13 8993 
12 53 19 12 8993 
12 53 35 13 8993 
12 53 49 12 8993 
12 54 5 13 8993 
12 54 19 12 8993 
12 54 35 13 8993 
12 54 49 12 8993 
12 55 5 13 8993 
12 55 19 12 8993 
12 55 35 13 8993 
12 55 49 12 8993 
12 56 5 13 8993 
12 56 19 12 8993 
12 56 35 13 8993 
12 56 49 12 8993 
12 57 5 13 8993 
12 57 19 12 8993 
12 59 49 12 8993 
13 0 5 13 8993 
13 0 19 12 8993 
13 0 35 13 8993 
13 0 49 12 8993 
13 1 5 13 8993 
13 1 19 12 8993 
13 1 35 13 8993 
13 1 49 12 8993 
13 2 5 13 8993 
13 2 19 12 8993 
13 2 35 13 8993 
13 2 49 12 8993 
13 3 5 13 8993 
13 3 19 12 8993 
13 3 35 13 8993 
13 3 49 12 8993 
13 4 5 13 8993 
13 4 19 12 8993 
13 4 35 13 8993 
13 4 49 12 8993 
13 5 5 13 8993 
13 5 19 12 8993 
13 5 35 13 8993 
13 5 49 12 8993 
13 6 5 13 8993 
13 6 19 12 8993 
13 6 35 13 8993 
13 6 49 12 8993 
13 7 5 13 8993 
13 7 19 12 8993 
13 7 35 13 8993 
13 7 49 12 8993 
13 8 5 13 8993 
13 8 19 12 8993 
13 8 35 13 8993 
13 8 49 12 8993 
13 9 5 13 8993 
13 9 19 12 8993 
13 9 35 13 8993 
13 9 49 12 8993 
13 10 5 13 8993 
13 10 19 12 8993 
13 10 35 13 8993 
13 10 49 12 8993 
13 11 5 13 8993 
13 11 19 12 8993 
13 11 35 13 8993 
13 11 49 12 8993 
13 12 5 13 8993 
13 12 19 12 8993 
13 12 35 13 8993 
13 12 49 12 8993 
13 13 5 13 8993 
13 13 19 12 8993 
13 13 35 13 8993 
13 13 49 12 8993 
13 14 5 13 8993 
13 14 19 12 8993 
13 16 49 12 8993 
13 17 5 13 8993 
13 17 19 12 8993 
13 17 35 13 8993 
13 17 49 12 8993 
13 18 5 13 8993 
13 18 19 12 8993 
13 18 35 13 8993 
13 18 49 12 8993 
13 19 5 13 8993 
13 19 19 12 8993 
13 19 35 13 8993 
13 19 49 12 8993 
13 20 5 13 8993 
13 20 19 12 8993 
13 20 35 13 8993 
13 20 49 12 8993 
13 21 5 13 8993 
13 21 19 12 8993 
13 21 35 13 8993 
13 21 49 12 8993 
13 22 5 13 8993 
13 22 19 12 8993 
13 22 35 13 8993 
13 22 49 12 8993 
13 23 5 13 8993 
13 23 19 12 8993 
13 23 35 13 8993 
13 23 49 12 8993 
13 24 5 13 8993 
13 24 19 12 8993 
13 24 35 13 8993 
13 24 49 12 8993 
13 25 5 13 8993 
13 25 19 12 8993 
13 25 35 13 8993 
13 25 49 12 8993 
13 26 5 13 8993 
13 26 19 12 8993 
13 26 35 13 8993 
13 26 49 12 8993 
13 27 5 13 8993 
13 27 19 12 8993 
13 27 35 13 8993 
13 27 49 12 8993 
13 28 5 13 8993 
13 28 19 12 8993 
13 28 35 13 8993 
13 28 49 12 8993 
13 29 5 13 8993 
13 29 19 12 8993 
13 29 35 13 8993 
13 29 49 12 8993 
13 30 5 13 8993 
13 30 19 12 8993 
13 30 35 13 8993 
13 30 49 12 8993 
13 31 5 13 8993 
13 31 19 12 8993 
13 33 49 12 8993 
13 34 5 13 8993 
13 34 19 12 8993 
13 34 35 13 8993 
13 34 49 12 8993 
13 35 5 13 8993 
13 35 19 12 8993 
13 35 35 13 8993 
13 35 49 12 8993 
13 36 5 13 8993 
13 36 19 12 8993 
13 36 35 13 8993 
13 36 49 12 8993 
13 37 5 13 8993 
13 37 19 12 8993 
13 37 35 13 8993 
13 37 49 12 8993 
13 38 5 13 8993 
13 38 19 12 8993 
13 38 35 13 8993 
13 38 49 12 8993 
13 39 5 13 8993 
13 39 19 12 8993 
13 39 35 13 8993 
13 39 49 12 8993 
13 40 5 13 8993 
13 40 19 12 8993 
13 40 35 13 8993 
13 40 49 12 8993 
13 41 5 13 8993 
13 41 19 12 8993 
13 41 35 13 8993 
13 41 49 12 8993 
13 42 5 13 8993 
13 42 19 12 8993 
13 42 35 13 8993 
13 42 49 12 8993 
13 43 5 13 8993 
13 43 19 12 8993 
13 43 35 13 8993 
13 43 49 12 8993 
13 44 5 13 8993 
13 44 19 12 8993 
13 44 35 13 8993 
13 44 49 12 8993 
13 45 5 13 8993 
13 45 19 12 8993 
13 45 35 13 8993 
13 45 49 12 8993 
13 46 5 13 8993 
13 46 19 12 8993 
13 46 35 13 8993 
13 46 49 12 8993 
13 47 5 13 8993 
13 47 19 12 8993 
13 47 35 13 8993 
13 47 49 12 8993 
13 48 5 13 8993 
13 48 19 12 8993 
13 50 49 12 8993 
13 51 5 13 8993 
13 51 19 12 8993 
13 51 35 13 8993 
13 51 49 12 8993 
13 52 5 13 8993 
13 52 19 12 8993 
13 52 35 13 8993 
13 52 49 12 8993 
13 53 5 13 8993 
13 53 19 12 8993 
13 53 35 13 8993 
13 53 49 12 8993 
13 54 5 13 8993 
13 54 19 12 8993 
13 54 35 13 8993 
13 54 49 12 8993 
13 55 5 13 8993 
13 55 19 12 8993 
13 55 35 13 8993 
13 55 49 12 8993 
13 56 5 13 8993 
13 56 19 12 8993 
13 56 35 13 8993 
13 56 49 12 8993 
13 57 5 13 8993 
13 57 19 12 8993 
13 57 35 13 8993 
13 57 49 12 8993 
13 58 5 13 8993 
13 58 19 12 8993 
13 58 35 13 8993 
13 58 49 12 8993 
13 59 5 13 8993 
13 59 19 12 8993 
13 59 35 13 8993 
13 59 49 12 8993 

/> 