ls

ls
<CR>
         TIME          Size       File name 
----A 2021/03/02 13:59      9488  0302
----A 2021/03/02 08:18    128000  03020803
----A 2021/03/02 08:35    128000  03020820
----A 2021/03/02 08:54    128000  03020837
----A 2021/03/02 09:11    128000  03020854
----A 2021/03/02 09:26    128000  03020911
----A 2021/03/02 09:43    128000  03020928
----A 2021/03/02 10:02    128000  03020945
----A 2021/03/02 10:19    128000  03021002
----A 2021/03/02 10:34    128000  03021019
----A 2021/03/02 10:51    128000  03021036
----A 2021/03/02 11:10    128000  03021053
----A 2021/03/02 11:37    129280  03021121
----A 2021/03/02 11:39      2560  03021138
----A 2021/03/02 12:09      2560  03021208
----A 2021/03/02 12:57    128000  03021242
----A 2021/03/02 13:15    128000  03021259
----A 2021/03/02 13:31    128000  03021316
----A 2021/03/02 13:49    128000  03021333
----A 2021/03/02 13:51      2560  03021350
----A 2021/03/03 13:35      9200  0303
----A 2021/03/03 08:23    128000  03030807
----A 2021/03/03 08:39    128000  03030824
----A 2021/03/03 08:57    128000  03030841
----A 2021/03/03 09:13    128000  03030858
----A 2021/03/03 09:31    128000  03030915
----A 2021/03/03 09:47    138880  03030932
----A 2021/03/03 10:06    128000  03030949
----A 2021/03/03 10:23    128000  03031006
----A 2021/03/03 10:38    128000  03031023
----A 2021/03/03 10:55    128000  03031040
----A 2021/03/03 11:14    128000  03031057
----A 2021/03/03 11:14      2560  03031114
----A 2021/03/03 11:55    128000  03031140
----A 2021/03/03 12:14    128000  03031157
----A 2021/03/03 12:31    128000  03031214
----A 2021/03/03 12:46    128000  03031231
----A 2021/03/03 13:03    128000  03031248
----A 2021/03/03 13:22    128000  03031305
----A 2021/03/03 13:22      2560  03031322

  40 File(s),   4267648 bytes total
   0 Dir(s),     996224K bytes free

/> 
read 0303
read 0303
<CR>Time:2021/03/03 13:22
Hours Minutes Seconds  Nb_Samples    Aver. Current 
7 51 41 3 1640 
7 51 48 6 3281 
7 52 4 13 4739 
7 52 18 12 5286 
7 52 34 13 5711 
7 52 48 12 6623 
7 53 4 13 6866 
7 53 18 12 8263 
7 53 34 13 8506 
7 53 48 12 8506 
7 54 4 13 8871 
7 54 18 12 9053 
7 54 34 13 9053 
7 54 48 12 9053 
7 55 4 13 9053 
7 55 18 12 8932 
7 55 34 13 8871 
7 55 48 12 8932 
7 56 4 13 8993 
7 56 18 12 9053 
7 56 34 13 9053 
7 56 48 12 9053 
7 57 4 13 9053 
7 57 18 12 9053 
7 57 34 13 9053 
7 57 48 12 9053 
7 58 4 13 9053 
7 58 18 12 9053 
7 58 34 13 9053 
7 58 48 12 9053 
7 59 4 13 9053 
7 59 18 12 9053 
7 59 34 13 9053 
7 59 48 12 9053 
8 0 4 13 9053 
8 0 18 12 9053 
8 0 34 13 9053 
8 0 48 12 9053 
8 1 4 13 9053 
8 1 18 12 9053 
8 1 34 13 9053 
8 1 48 12 9053 
8 2 4 13 9053 
8 2 18 12 9053 
8 2 34 13 9053 
8 2 48 12 9053 
8 3 4 13 9053 
8 3 18 12 9053 
8 3 34 13 9053 
8 3 48 12 9053 
8 4 4 13 9053 
8 4 18 12 9053 
8 4 34 13 9053 
8 4 48 12 9053 
8 5 4 13 9053 
8 5 18 12 9053 
8 7 51 13 9053 
8 8 6 12 9053 
8 8 21 13 9053 
8 8 36 12 9053 
8 8 51 13 9053 
8 9 6 12 9053 
8 9 21 13 9053 
8 9 36 12 9053 
8 9 51 13 9053 
8 10 6 12 9053 
8 10 21 13 8993 
8 10 36 12 9053 
8 10 51 13 9053 
8 11 6 12 8993 
8 11 21 13 9053 
8 11 36 12 8993 
8 11 51 13 9053 
8 12 6 12 8993 
8 12 21 13 8993 
8 12 36 12 8993 
8 12 51 13 9053 
8 13 6 12 8993 
8 13 21 13 9053 
8 13 36 12 8993 
8 13 51 13 8993 
8 14 6 12 8993 
8 14 21 13 8993 
8 14 36 12 8993 
8 14 51 13 8993 
8 15 6 12 8993 
8 15 21 13 9053 
8 15 36 12 8993 
8 15 51 13 9053 
8 16 6 12 8993 
8 16 21 13 8993 
8 16 36 12 8993 
8 16 51 13 9053 
8 17 6 12 8993 
8 17 21 13 8993 
8 17 36 12 8993 
8 17 51 13 8993 
8 18 6 12 8993 
8 18 21 13 8993 
8 18 36 12 8993 
8 18 51 13 8993 
8 19 6 12 8993 
8 19 21 13 8993 
8 19 36 12 8993 
8 19 51 13 8993 
8 20 6 12 8993 
8 20 21 13 8993 
8 20 36 12 8993 
8 20 51 13 8993 
8 21 6 12 8993 
8 21 21 13 8993 
8 21 36 12 8993 
8 21 51 13 8993 
8 22 6 12 8993 
8 22 21 13 8993 
8 24 51 13 8993 
8 25 6 12 8993 
8 25 21 13 8993 
8 25 36 12 8993 
8 25 51 13 8993 
8 26 6 12 8993 
8 26 21 13 8993 
8 26 36 12 8993 
8 26 51 13 8993 
8 27 6 12 8993 
8 27 21 13 8993 
8 27 36 12 8993 
8 27 51 13 8993 
8 28 6 12 8993 
8 28 21 13 8993 
8 28 36 12 8993 
8 28 51 13 8993 
8 29 6 12 8993 
8 29 21 13 8993 
8 29 36 12 8993 
8 29 51 13 8993 
8 30 6 12 8993 
8 30 21 13 8993 
8 30 36 12 8993 
8 30 51 13 8993 
8 31 6 12 8993 
8 31 21 13 8993 
8 31 36 12 8993 
8 31 51 13 8993 
8 32 6 12 8993 
8 32 21 13 8993 
8 32 36 12 8993 
8 32 51 13 8993 
8 33 6 12 8993 
8 33 21 13 8993 
8 33 36 12 8993 
8 33 51 13 8993 
8 34 6 12 8993 
8 34 21 13 8993 
8 34 36 12 8993 
8 34 51 13 8993 
8 35 6 12 8993 
8 35 21 13 8993 
8 35 36 12 8993 
8 35 51 13 8993 
8 36 6 12 8993 
8 36 21 13 8993 
8 36 36 12 8993 
8 36 51 13 8993 
8 37 6 12 8993 
8 37 21 13 8993 
8 37 36 12 8993 
8 37 51 13 8993 
8 38 6 12 8993 
8 38 21 13 8993 
8 38 35 12 8993 
8 38 51 13 8993 
8 39 6 12 8993 
8 39 21 13 8993 
8 41 51 13 8993 
8 42 6 12 8993 
8 42 21 13 8993 
8 42 36 12 8993 
8 42 51 13 8993 
8 43 6 12 8993 
8 43 21 13 8993 
8 43 36 12 8993 
8 43 51 13 8993 
8 44 6 12 8993 
8 44 21 13 8993 
8 44 36 12 8993 
8 44 51 13 8993 
8 45 6 12 8993 
8 45 21 13 8993 
8 45 36 12 8993 
8 45 51 13 8993 
8 46 6 12 8993 
8 46 21 13 8993 
8 46 36 12 8993 
8 46 51 13 8993 
8 47 6 12 8993 
8 47 21 13 8993 
8 47 36 12 8993 
8 47 51 13 8993 
8 48 6 12 8993 
8 48 21 13 8993 
8 48 36 12 8993 
8 48 51 13 8993 
8 49 6 12 8993 
8 49 21 13 8993 
8 49 36 12 8993 
8 49 51 13 8993 
8 50 6 12 8993 
8 50 21 13 8993 
8 50 36 12 8993 
8 50 51 13 8993 
8 51 6 12 8993 
8 51 21 13 8993 
8 51 36 12 8993 
8 51 51 13 8993 
8 52 6 12 8993 
8 52 21 13 8993 
8 52 36 12 8993 
8 52 51 13 8993 
8 53 6 12 8993 
8 53 21 13 8993 
8 53 36 12 8993 
8 53 51 13 8993 
8 54 6 12 8993 
8 54 21 13 8993 
8 54 36 12 8993 
8 54 51 13 8993 
8 55 6 12 8993 
8 55 21 13 8993 
8 55 36 12 8993 
8 55 51 13 8993 
8 56 6 12 8993 
8 56 21 13 8993 
8 58 51 13 8993 
8 59 6 12 8993 
8 59 21 13 8993 
8 59 36 12 8993 
8 59 51 13 8993 
9 0 6 12 8993 
9 0 21 13 8993 
9 0 36 12 8993 
9 0 51 13 8993 
9 1 6 12 8993 
9 1 21 13 8993 
9 1 36 12 8993 
9 1 51 13 8993 
9 2 6 12 8993 
9 2 21 13 8993 
9 2 36 12 8993 
9 2 51 13 8993 
9 3 6 12 8993 
9 3 21 13 8993 
9 3 36 12 8993 
9 3 51 13 8993 
9 4 6 12 8993 
9 4 21 13 8993 
9 4 36 12 8993 
9 4 51 13 8993 
9 5 6 12 8993 
9 5 21 13 8993 
9 5 36 12 8993 
9 5 51 13 8993 
9 6 6 12 8993 
9 6 21 13 8993 
9 6 36 12 8993 
9 6 51 13 8993 
9 7 6 12 8993 
9 7 21 13 8993 
9 7 36 12 8993 
9 7 51 13 8993 
9 8 6 12 8993 
9 8 21 13 8993 
9 8 36 12 8993 
9 8 51 13 8993 
9 9 6 12 8993 
9 9 21 13 8993 
9 9 36 12 8993 
9 9 51 13 8993 
9 10 6 12 8993 
9 10 21 13 8993 
9 10 36 12 8993 
9 10 51 13 8993 
9 11 6 12 8993 
9 11 21 13 8993 
9 11 36 12 8993 
9 11 51 13 8993 
9 12 6 12 8993 
9 12 21 13 8993 
9 12 36 12 8993 
9 12 51 13 8993 
9 13 6 12 8993 
9 13 21 13 8993 
9 15 52 13 8993 
9 16 7 12 8993 
9 16 22 13 8993 
9 16 37 12 8993 
9 16 52 13 8993 
9 17 7 12 8993 
9 17 22 13 8993 
9 17 37 12 8993 
9 17 52 13 8993 
9 18 7 12 8993 
9 18 22 13 8993 
9 18 37 12 8993 
9 18 52 13 8993 
9 19 7 12 8993 
9 19 22 13 8993 
9 19 37 12 8993 
9 19 52 13 8993 
9 20 7 12 8993 
9 20 22 13 8993 
9 20 37 12 8993 
9 20 52 13 8993 
9 21 7 12 8993 
9 21 22 13 8993 
9 21 37 12 8993 
9 21 52 13 8993 
9 22 7 12 8993 
9 22 22 13 8993 
9 22 37 12 8993 
9 22 52 13 8993 
9 23 7 12 8993 
9 23 22 13 8993 
9 23 37 12 8993 
9 23 52 13 8993 
9 24 7 12 8993 
9 24 22 13 8993 
9 24 37 12 8993 
9 24 52 13 8993 
9 25 7 12 8993 
9 25 22 13 8993 
9 25 37 12 8993 
9 25 52 13 8993 
9 26 7 12 8993 
9 26 22 13 8993 
9 26 37 12 8993 
9 26 52 13 8993 
9 27 7 12 8993 
9 27 22 13 8993 
9 27 37 12 8993 
9 27 52 13 8993 
9 28 7 12 8993 
9 28 22 13 8993 
9 28 37 12 8993 
9 28 52 13 8993 
9 29 7 12 8993 
9 29 22 13 8993 
9 29 37 12 8993 
9 29 52 13 8993 
9 30 7 12 8993 
9 30 22 13 8993 
9 32 52 13 8993 
9 33 7 12 8993 
9 33 22 13 8993 
9 33 37 12 8993 
9 33 52 13 8993 
9 34 7 12 8993 
9 34 22 13 8993 
9 34 37 12 8993 
9 34 52 13 8993 
9 35 7 12 8993 
9 35 22 13 8993 
9 35 37 12 8993 
9 35 52 13 8993 
9 36 7 12 8993 
9 36 22 13 8993 
9 36 37 12 8993 
9 36 52 13 8993 
9 37 7 12 8993 
9 37 22 13 8993 
9 37 37 12 8993 
9 37 52 13 8993 
9 38 7 12 8993 
9 38 22 13 8993 
9 38 37 12 8993 
9 38 52 13 8993 
9 39 7 12 8993 
9 39 22 13 8993 
9 39 37 12 8993 
9 39 52 13 8993 
9 40 7 12 8993 
9 40 22 13 8993 
9 40 37 12 8993 
9 40 52 13 8993 
9 41 7 12 8993 
9 41 22 13 8993 
9 41 37 12 8993 
9 41 52 13 8993 
9 42 7 12 8993 
9 42 22 13 8993 
9 47 1 3 7656 
9 47 7 5 6744 
9 47 22 13 8446 
9 50 3 13 8993 
9 50 17 12 8993 
9 50 33 13 8993 
9 50 47 12 8993 
9 51 3 13 8993 
9 51 17 12 8993 
9 51 33 13 8993 
9 51 47 12 8993 
9 52 3 13 8993 
9 52 17 12 8993 
9 52 33 13 8993 
9 52 47 12 8993 
9 53 3 13 8993 
9 53 17 12 8993 
9 53 33 13 8993 
9 53 47 12 8993 
9 54 3 13 8993 
9 54 17 12 8993 
9 54 33 13 8993 
9 54 47 12 8993 
9 55 3 13 8993 
9 55 17 12 8993 
9 55 33 13 8993 
9 55 47 12 8993 
9 56 3 13 8993 
9 56 17 12 8993 
9 56 33 13 8993 
9 56 47 12 8993 
9 57 3 13 8993 
9 57 17 12 8993 
9 57 33 13 8993 
9 57 47 12 8993 
9 58 3 13 8993 
9 58 17 12 8993 
9 58 33 13 8993 
9 58 47 12 8993 
9 59 3 13 8993 
9 59 17 12 8993 
9 59 33 13 8993 
9 59 47 12 8993 
10 0 3 13 8993 
10 0 17 12 8993 
10 0 33 13 8993 
10 0 47 12 8932 
10 1 3 13 8993 
10 1 17 12 8993 
10 1 33 13 8993 
10 1 47 12 8993 
10 2 3 13 8993 
10 2 17 12 8993 
10 2 33 13 8993 
10 2 47 12 8993 
10 3 3 13 8993 
10 3 17 12 8993 
10 3 33 13 8993 
10 3 47 12 8993 
10 4 3 13 8993 
10 4 17 12 8993 
10 4 33 13 8993 
10 7 3 13 8993 
10 7 17 12 8993 
10 7 33 13 8993 
10 7 47 12 8993 
10 8 3 13 8993 
10 8 17 12 8993 
10 8 33 13 8993 
10 8 47 12 8993 
10 9 3 13 8932 
10 9 17 12 8993 
10 9 33 13 8932 
10 9 47 12 8993 
10 10 3 13 8993 
10 10 17 12 8993 
10 10 33 13 8993 
10 10 47 12 8932 
10 11 3 13 8993 
10 11 17 12 8993 
10 11 33 13 8993 
10 11 47 12 8993 
10 12 3 13 8993 
10 12 17 12 8993 
10 12 33 13 8993 
10 12 47 12 8993 
10 13 3 13 8993 
10 13 17 12 8932 
10 13 33 13 8993 
10 13 47 12 8993 
10 14 3 13 8993 
10 14 17 12 8932 
10 14 33 13 8993 
10 14 47 12 8993 
10 15 3 13 8993 
10 15 17 12 8993 
10 15 33 13 8993 
10 15 47 12 8993 
10 16 3 13 8993 
10 16 17 12 8993 
10 16 33 13 8993 
10 16 47 12 8993 
10 17 3 13 8993 
10 17 17 12 8993 
10 17 33 13 8993 
10 17 47 12 8932 
10 18 3 13 8993 
10 18 17 12 8993 
10 18 33 13 8993 
10 18 47 12 8993 
10 19 3 13 8993 
10 19 17 12 8993 
10 19 33 13 8993 
10 19 47 12 8932 
10 20 3 13 8993 
10 20 17 12 8993 
10 20 33 13 8993 
10 20 47 12 8932 
10 21 3 13 8932 
10 21 17 12 8932 
10 21 33 13 8932 
10 24 3 13 8993 
10 24 17 12 8932 
10 24 33 13 8993 
10 24 47 12 8993 
10 25 3 13 8993 
10 25 17 12 8993 
10 25 33 13 8932 
10 25 47 12 8993 
10 26 3 13 8932 
10 26 17 12 8932 
10 26 33 13 8993 
10 26 47 12 8993 
10 27 3 13 8993 
10 27 17 12 8993 
10 27 33 13 8993 
10 27 47 12 8993 
10 28 3 13 8993 
10 28 17 12 8993 
10 28 33 13 8932 
10 28 47 12 8993 
10 29 3 13 8932 
10 29 17 12 8932 
10 29 33 13 8993 
10 29 47 12 8932 
10 30 3 13 8932 
10 30 17 12 8932 
10 30 33 13 8932 
10 30 47 12 8993 
10 31 3 13 8993 
10 31 17 12 8932 
10 31 33 13 8932 
10 31 47 12 8932 
10 32 3 13 8993 
10 32 17 12 8932 
10 32 33 13 8932 
10 32 47 12 8932 
10 33 3 13 8932 
10 33 17 12 8932 
10 33 33 13 8932 
10 33 47 12 8932 
10 34 3 13 8932 
10 34 17 12 8932 
10 34 33 13 8993 
10 34 47 12 8932 
10 35 3 13 8993 
10 35 17 12 8932 
10 35 33 13 8932 
10 35 47 12 8932 
10 36 3 13 8932 
10 36 17 12 8932 
10 36 33 13 8932 
10 36 47 12 8932 
10 37 3 13 8932 
10 37 17 12 8932 
10 37 33 13 8932 
10 37 47 12 8932 
10 38 3 13 8932 
10 38 17 12 8932 
10 38 33 13 8932 
10 41 3 13 8932 
10 41 17 12 8932 
10 41 33 13 8932 
10 41 47 12 8932 
10 42 3 13 8932 
10 42 17 12 8932 
10 42 33 13 8932 
10 42 47 12 8932 
10 43 3 13 8932 
10 43 17 12 8932 
10 43 33 13 8932 
10 43 47 12 8932 
10 44 3 13 8932 
10 44 17 12 8932 
10 44 33 13 8932 
10 44 47 12 8932 
10 45 3 13 8932 
10 45 17 12 8932 
10 45 33 13 8932 
10 45 47 12 8932 
10 46 3 13 8932 
10 46 17 12 8932 
10 46 33 13 8932 
10 46 47 12 8932 
10 47 3 13 8932 
10 47 17 12 8932 
10 47 33 13 8932 
10 47 47 12 8932 
10 48 3 13 8932 
10 48 17 12 8932 
10 48 33 13 8932 
10 48 47 12 8932 
10 49 3 13 8932 
10 49 17 12 8932 
10 49 33 13 8932 
10 49 47 12 8932 
10 50 3 13 8932 
10 50 17 12 8932 
10 50 33 13 8932 
10 50 47 12 8932 
10 51 3 13 8932 
10 51 17 12 8932 
10 51 33 13 8932 
10 51 47 12 8932 
10 52 3 13 8932 
10 52 17 12 8932 
10 52 33 13 8932 
10 52 47 12 8932 
10 53 3 13 8932 
10 53 17 12 8932 
10 53 33 13 8932 
10 53 47 12 8932 
10 54 3 13 8932 
10 54 17 12 8932 
10 54 33 13 8932 
10 54 47 12 8932 
10 55 3 13 8932 
10 55 17 12 8932 
10 55 33 13 8932 
10 58 4 13 8932 
10 58 18 12 8932 
10 58 34 13 8932 
10 58 48 12 8932 
10 59 4 13 8932 
10 59 18 12 8932 
10 59 34 13 8932 
10 59 48 12 8932 
11 0 4 13 8932 
11 0 18 12 8932 
11 0 34 13 8932 
11 0 48 12 8932 
11 1 4 13 8932 
11 1 18 12 8932 
11 1 34 13 8932 
11 1 48 12 8932 
11 2 4 13 8932 
11 2 18 12 8932 
11 2 34 13 8932 
11 2 48 12 8932 
11 3 4 13 8932 
11 3 18 12 8932 
11 3 34 13 8932 
11 3 48 12 8932 
11 4 4 13 8932 
11 4 18 12 8932 
11 4 34 13 8932 
11 4 48 12 8932 
11 5 4 13 8932 
11 5 18 12 8932 
11 5 34 13 8932 
11 5 48 12 8932 
11 6 4 13 8932 
11 6 18 12 8932 
11 6 34 13 8932 
11 6 48 12 8932 
11 7 4 13 8932 
11 7 18 12 8932 
11 7 34 13 8932 
11 7 48 12 8932 
11 8 4 13 8932 
11 8 18 12 8932 
11 8 34 13 8932 
11 8 48 12 8932 
11 9 4 13 8932 
11 9 18 12 8932 
11 9 34 13 8932 
11 9 48 12 8932 
11 10 4 13 8932 
11 10 18 12 8932 
11 10 34 13 8932 
11 10 48 12 8932 
11 11 4 13 8932 
11 11 18 12 8932 
11 11 34 13 8932 
11 11 48 12 8932 
11 12 4 13 8932 
11 12 18 12 8932 
11 12 34 13 8932 
11 24 6 13 7838 
11 24 21 12 8871 
11 24 36 13 8932 
11 24 51 12 8932 
11 25 6 13 8932 
11 25 21 12 8932 
11 25 36 13 8932 
11 25 51 12 8932 
11 26 6 13 8932 
11 26 21 12 8932 
11 26 36 13 8932 
11 26 51 12 8932 
11 27 6 13 8932 
11 27 21 12 8932 
11 27 36 13 8932 
11 27 51 12 8932 
11 28 6 13 8932 
11 28 21 12 8932 
11 28 36 13 8932 
11 28 51 12 8932 
11 29 6 13 8932 
11 29 21 12 8932 
11 29 36 13 8932 
11 29 51 12 8932 
11 30 6 13 8932 
11 30 21 12 8932 
11 30 36 13 8932 
11 30 51 12 8932 
11 31 6 13 8932 
11 31 21 12 8932 
11 31 36 13 8932 
11 31 51 12 8932 
11 32 6 13 8932 
11 32 21 12 8932 
11 32 36 13 8932 
11 32 51 12 8932 
11 33 6 13 8932 
11 33 21 12 8932 
11 33 36 13 8932 
11 33 51 12 8932 
11 34 6 13 8932 
11 34 21 12 8932 
11 34 36 13 8932 
11 34 51 12 8932 
11 35 6 13 8932 
11 35 21 12 8932 
11 35 36 13 8932 
11 35 51 12 8932 
11 36 6 13 8932 
11 36 21 12 8932 
11 36 36 13 8932 
11 36 51 12 8932 
11 37 6 13 8932 
11 37 21 12 8932 
11 37 36 13 8932 
11 37 51 12 8932 
11 38 6 13 8932 
11 38 21 12 8932 
11 38 36 13 8932 
11 41 7 13 8932 
11 41 22 12 8932 
11 41 37 13 8932 
11 41 52 12 8932 
11 42 7 13 8932 
11 42 22 12 8932 
11 42 37 13 8932 
11 42 52 12 8932 
11 43 7 13 8932 
11 43 22 12 8932 
11 43 37 13 8932 
11 43 52 12 8932 
11 44 7 13 8932 
11 44 22 12 8932 
11 44 37 13 8932 
11 44 52 12 8932 
11 45 7 13 8932 
11 45 22 12 8932 
11 45 37 13 8932 
11 45 52 12 8932 
11 46 7 13 8932 
11 46 22 12 8932 
11 46 37 13 8932 
11 46 52 12 8932 
11 47 7 13 8932 
11 47 22 12 8932 
11 47 37 13 8932 
11 47 52 12 8932 
11 48 7 13 8932 
11 48 22 12 8932 
11 48 37 13 8932 
11 48 52 12 8932 
11 49 7 13 8932 
11 49 22 12 8932 
11 49 37 13 8932 
11 49 52 12 8932 
11 50 7 13 8932 
11 50 22 12 8932 
11 50 37 13 8932 
11 50 52 12 8932 
11 51 7 13 8932 
11 51 22 12 8932 
11 51 37 13 8932 
11 51 52 12 8932 
11 52 7 13 8932 
11 52 22 12 8932 
11 52 37 13 8932 
11 52 52 12 8932 
11 53 7 13 8932 
11 53 22 12 8932 
11 53 37 13 8932 
11 53 52 12 8932 
11 54 7 13 8932 
11 54 22 12 8932 
11 54 37 13 8932 
11 54 52 12 8932 
11 55 7 13 8932 
11 55 22 12 8932 
11 55 37 13 8932 
11 58 9 13 8932 
11 58 23 12 8932 
11 58 39 13 8932 
11 58 53 12 8932 
11 59 9 13 8932 
11 59 23 12 8932 
11 59 39 13 8932 
11 59 53 12 8932 
12 0 9 13 8932 
12 0 23 12 8932 
12 0 39 13 8932 
12 0 53 12 8932 
12 1 9 13 8932 
12 1 23 12 8932 
12 1 39 13 8932 
12 1 53 12 8932 
12 2 9 13 8932 
12 2 23 12 8932 
12 2 39 13 8932 
12 2 53 12 8932 
12 3 9 13 8932 
12 3 23 12 8932 
12 3 39 13 8932 
12 3 53 12 8932 
12 4 9 13 8932 
12 4 23 12 8932 
12 4 39 13 8932 
12 4 53 12 8932 
12 5 9 13 8932 
12 5 23 12 8932 
12 5 39 13 8932 
12 5 53 12 8932 
12 6 9 13 8932 
12 6 23 12 8932 
12 6 39 13 8932 
12 6 53 12 8932 
12 7 9 13 8932 
12 7 23 12 8932 
12 7 39 13 8932 
12 7 53 12 8932 
12 8 9 13 8932 
12 8 23 12 8932 
12 8 39 13 8932 
12 8 53 12 8932 
12 9 9 13 8932 
12 9 23 12 8932 
12 9 39 13 8932 
12 9 53 12 8871 
12 10 9 13 8932 
12 10 23 12 8932 
12 10 39 13 8932 
12 10 53 12 8932 
12 11 9 13 8932 
12 11 23 12 8932 
12 11 39 13 8932 
12 11 53 12 8932 
12 12 9 13 8932 
12 12 23 12 8932 
12 12 39 13 8932 
12 15 9 13 8932 
12 15 23 12 8932 
12 15 39 13 8932 
12 15 53 12 8932 
12 16 9 13 8932 
12 16 23 12 8932 
12 16 39 13 8932 
12 16 53 12 8932 
12 17 9 13 8932 
12 17 23 12 8932 
12 17 39 13 8932 
12 17 53 12 8932 
12 18 9 13 8932 
12 18 23 12 8932 
12 18 39 13 8932 
12 18 53 12 8932 
12 19 9 13 8932 
12 19 23 12 8932 
12 19 39 13 8932 
12 19 53 12 8932 
12 20 9 13 8932 
12 20 23 12 8932 
12 20 39 13 8932 
12 20 53 12 8932 
12 21 9 13 8932 
12 21 23 12 8932 
12 21 39 13 8932 
12 21 53 12 8932 
12 22 9 13 8932 
12 22 23 12 8932 
12 22 39 13 8932 
12 22 53 12 8932 
12 23 9 13 8932 
12 23 23 12 8932 
12 23 39 13 8932 
12 23 53 12 8932 
12 24 9 13 8932 
12 24 23 12 8932 
12 24 39 13 8932 
12 24 53 12 8932 
12 25 9 13 8932 
12 25 23 12 8932 
12 25 39 13 8932 
12 25 53 12 8932 
12 26 9 13 8932 
12 26 23 12 8932 
12 26 39 13 8932 
12 26 53 12 8932 
12 27 9 13 8932 
12 27 23 12 8932 
12 27 39 13 8932 
12 27 53 12 8932 
12 28 9 13 8932 
12 28 23 12 8932 
12 28 39 13 8932 
12 28 53 12 8932 
12 29 9 13 8932 
12 29 23 12 8932 
12 29 39 13 8932 
12 32 9 13 8932 
12 32 23 12 8932 
12 32 39 13 8932 
12 32 53 12 8932 
12 33 9 13 8932 
12 33 23 12 8932 
12 33 39 13 8932 
12 33 53 12 8932 
12 34 9 13 8932 
12 34 23 12 8932 
12 34 39 13 8932 
12 34 53 12 8932 
12 35 9 13 8932 
12 35 23 12 8932 
12 35 39 13 8932 
12 35 53 12 8932 
12 36 9 13 8932 
12 36 23 12 8932 
12 36 39 13 8932 
12 36 53 12 8932 
12 37 9 13 8932 
12 37 23 12 8932 
12 37 39 13 8932 
12 37 53 12 8932 
12 38 9 13 8932 
12 38 23 12 8932 
12 38 39 13 8932 
12 38 53 12 8932 
12 39 9 13 8932 
12 39 23 12 8932 
12 39 39 13 8932 
12 39 53 12 8932 
12 40 9 13 8932 
12 40 23 12 8932 
12 40 39 13 8932 
12 40 53 12 8932 
12 41 9 13 8932 
12 41 23 12 8932 
12 41 39 13 8932 
12 41 53 12 8932 
12 42 9 13 8932 
12 42 23 12 8932 
12 42 39 13 8932 
12 42 53 12 8932 
12 43 9 13 8932 
12 43 23 12 8932 
12 43 39 13 8932 
12 43 53 12 8932 
12 44 9 13 8932 
12 44 23 12 8932 
12 44 39 13 8932 
12 44 53 12 8932 
12 45 9 13 8932 
12 45 23 12 8932 
12 45 39 13 8932 
12 45 53 12 8932 
12 46 9 13 8932 
12 46 23 12 8932 
12 46 39 13 8932 
12 49 10 13 8932 
12 49 24 12 8932 
12 49 40 13 8932 
12 49 54 12 8932 
12 50 10 13 8932 
12 50 24 12 8932 
12 50 40 13 8932 
12 50 54 12 8932 
12 51 10 13 8932 
12 51 24 12 8932 
12 51 40 13 8932 
12 51 54 12 8932 
12 52 10 13 8932 
12 52 24 12 8932 
12 52 40 13 8932 
12 52 54 12 8932 
12 53 10 13 8932 
12 53 24 12 8932 
12 53 40 13 8932 
12 53 54 12 8932 
12 54 10 13 8932 
12 54 24 12 8932 
12 54 40 13 8932 
12 54 54 12 8932 
12 55 10 13 8932 
12 55 24 12 8932 
12 55 40 13 8932 
12 55 54 12 8932 
12 56 10 13 8932 
12 56 24 12 8932 
12 56 40 13 8932 
12 56 54 12 8932 
12 57 10 13 8932 
12 57 24 12 8932 
12 57 40 13 8932 
12 57 54 12 8932 
12 58 10 13 8932 
12 58 24 12 8932 
12 58 40 13 8932 
12 58 54 12 8932 
12 59 10 13 8932 
12 59 24 12 8932 
12 59 40 13 8932 
12 59 54 12 8932 
13 0 10 13 8932 
13 0 24 12 8932 
13 0 40 13 8932 
13 0 54 12 8932 
13 1 10 13 8932 
13 1 24 12 8932 
13 1 40 13 8932 
13 1 54 12 8932 
13 2 10 13 8932 
13 2 24 12 8932 
13 2 40 13 8932 
13 2 54 12 8932 
13 3 10 13 8932 
13 3 24 12 8932 
13 3 40 13 8932 
13 6 10 13 8932 
13 6 24 12 8932 
13 6 40 13 8932 
13 6 54 12 8932 
13 7 10 13 8932 
13 7 24 12 8932 
13 7 40 13 8932 
13 7 54 12 8932 
13 8 10 13 8932 
13 8 24 12 8932 
13 8 40 13 8932 
13 8 54 12 8932 
13 9 10 13 8932 
13 9 24 12 8932 
13 9 40 13 8932 
13 9 54 12 8932 
13 10 10 13 8932 
13 10 24 12 8932 
13 10 40 13 8932 
13 10 54 12 8932 
13 11 10 13 8932 
13 11 24 12 8932 
13 11 40 13 8932 
13 11 54 12 8932 
13 12 10 13 8932 
13 12 24 12 8932 
13 12 40 13 8932 
13 12 54 12 8932 
13 13 10 13 8932 
13 13 24 12 8932 
13 13 40 13 8932 
13 13 54 12 8932 
13 14 10 13 8932 
13 14 24 12 8932 
13 14 40 13 8871 
13 14 54 12 8932 
13 15 10 13 8932 
13 15 24 12 8871 
13 15 40 13 8932 
13 15 54 12 8932 
13 16 10 13 8932 
13 16 24 12 8932 
13 16 40 13 8932 
13 16 54 12 8932 
13 17 10 13 8932 
13 17 24 12 8932 
13 17 40 13 8932 
13 17 54 12 8932 
13 18 10 13 8871 
13 18 24 12 8932 
13 18 40 13 8932 
13 18 54 12 8932 
13 19 10 13 8932 
13 19 24 12 8932 
13 19 40 13 8932 
13 19 54 12 8932 
13 20 10 13 8932 
13 20 24 12 8932 
13 20 40 13 8932 
13 23 10 13 8932 
13 23 24 12 8932 
13 23 40 13 8932 
13 23 54 12 8932 
13 24 10 13 8932 
13 24 24 12 8932 
13 24 40 13 8871 
13 24 54 12 8932 
13 25 10 13 8932 
13 25 24 12 8932 
13 25 40 13 8932 
13 25 54 12 8932 
13 26 10 13 8932 
13 26 24 12 8932 
13 26 40 13 8932 
13 26 54 12 8932 
13 27 10 13 8932 
13 27 24 12 8932 
13 27 40 13 8932 
13 27 54 12 8932 
13 28 10 13 8932 
13 28 24 12 8932 
13 28 40 13 8932 
13 28 54 12 8932 
13 29 10 13 8932 
13 29 24 12 8932 
13 29 40 13 8932 
13 29 54 12 8932 
13 30 10 13 8932 
13 30 24 12 8932 
13 30 40 13 8932 
13 30 54 12 8932 
13 31 10 13 8932 
13 31 24 12 8932 
13 31 40 13 8932 
13 31 54 12 8932 
13 32 10 13 8932 
13 32 24 12 8932 
13 32 40 13 8932 
13 32 54 12 8932 
13 33 10 13 8932 
13 33 24 12 8932 
13 33 40 13 8932 
13 33 54 12 8932 
13 34 10 13 8932 
13 34 24 12 8932 
13 34 40 13 8932 
13 34 54 12 8750 
13 35 10 13 4375 

/> 