ls

ls
<CR>
         TIME          Size       File name 
----A 2021/03/16 10:07      8768  0316
----A 2021/03/16 05:21    128000  03160506
----A 2021/03/16 05:39    128000  03160523
----A 2021/03/16 05:55    128000  03160540
----A 2021/03/16 06:13    128000  03160557
----A 2021/03/16 06:29    128000  03160614
----A 2021/03/16 06:47    128000  03160631
----A 2021/03/16 07:03    128000  03160648
----A 2021/03/16 07:21    128000  03160705
----A 2021/03/16 07:37    128000  03160722
----A 2021/03/16 07:55    128000  03160739
----A 2021/03/16 08:11    128000  03160756
----A 2021/03/16 08:29    128000  03160813
----A 2021/03/16 08:45    128000  03160830
----A 2021/03/16 09:02    128000  03160847
----A 2021/03/16 09:19    128000  03160904
----A 2021/03/16 09:38    128000  03160921
----A 2021/03/16 09:55    128000  03160938
----A 2021/03/16 09:55      2560  03160955

  19 File(s),   2187328 bytes total
   0 Dir(s),     998368K bytes free

/> 
read 0316
<LF>read 0316
<CR>Time:2021/03/16 09:55
Hours Minutes Seconds  Nb_Samples    Aver. Current 
4 50 25 13 5023 
4 50 39 12 4418 
4 50 55 13 3752 
4 51 9 12 4055 
4 51 25 13 5145 
4 51 39 12 5447 
4 51 55 13 5447 
4 52 9 12 6113 
4 52 25 13 6779 
4 52 39 12 7324 
4 52 55 13 7566 
4 53 9 12 7808 
4 53 25 13 8353 
4 53 39 12 8534 
4 53 55 13 8716 
4 54 9 12 9018 
4 54 25 13 8958 
4 54 39 12 9018 
4 54 55 13 9079 
4 55 9 12 9079 
4 55 25 13 9079 
4 55 39 12 9079 
4 55 55 13 9079 
4 56 9 12 9079 
4 56 25 13 9079 
4 56 39 12 9018 
4 56 55 13 9079 
4 57 9 12 9079 
4 57 25 13 9079 
4 57 39 12 9079 
4 57 55 13 9079 
4 58 9 12 9079 
4 58 25 13 9079 
4 58 39 12 9079 
4 58 55 13 9079 
4 59 9 12 9079 
4 59 25 13 9079 
4 59 39 12 9079 
4 59 55 13 9079 
5 0 9 12 9079 
5 0 25 13 9079 
5 0 39 12 9079 
5 0 55 13 9079 
5 1 9 12 9079 
5 1 25 13 9018 
5 1 39 12 9079 
5 1 55 13 9018 
5 2 9 12 9079 
5 2 25 13 9079 
5 2 39 12 9079 
5 2 55 13 9079 
5 3 9 12 9079 
5 3 25 13 9018 
5 3 39 12 9018 
5 3 55 13 9018 
5 4 9 12 9018 
5 4 25 13 9018 
5 6 56 12 9018 
5 7 12 13 9018 
5 7 26 12 9018 
5 7 42 13 9018 
5 7 56 12 9018 
5 8 12 13 9018 
5 8 26 12 9018 
5 8 42 13 9018 
5 8 56 12 9018 
5 9 12 13 9018 
5 9 26 12 9018 
5 9 42 13 9018 
5 9 56 12 9018 
5 10 12 13 9018 
5 10 26 12 9018 
5 10 42 13 9018 
5 10 56 12 9018 
5 11 12 13 9018 
5 11 26 12 9018 
5 11 42 13 9018 
5 11 56 12 9018 
5 12 12 13 9018 
5 12 26 12 9018 
5 12 42 13 9018 
5 12 56 12 9018 
5 13 12 13 9018 
5 13 26 12 9018 
5 13 42 13 9018 
5 13 56 12 9018 
5 14 12 13 9018 
5 14 26 12 9018 
5 14 42 13 9018 
5 14 56 12 9018 
5 15 12 13 9018 
5 15 26 12 9018 
5 15 42 13 9018 
5 15 56 12 9018 
5 16 12 13 9079 
5 16 26 12 9018 
5 16 42 13 9018 
5 16 56 12 9018 
5 17 12 13 9018 
5 17 26 12 9018 
5 17 42 13 9018 
5 17 56 12 9018 
5 18 12 13 9018 
5 18 28 13 9018 
5 18 42 12 9018 
5 18 58 13 9018 
5 19 12 12 9018 
5 19 28 13 9018 
5 19 42 12 9018 
5 19 58 13 9018 
5 20 12 12 9018 
5 20 28 13 9018 
5 20 42 12 9018 
5 20 58 13 9018 
5 21 12 12 9018 
5 21 28 13 9018 
5 23 58 13 9018 
5 24 12 12 9018 
5 24 28 13 9018 
5 24 42 12 9018 
5 24 58 13 9018 
5 25 12 12 9018 
5 25 28 13 9018 
5 25 42 12 9018 
5 25 58 13 9018 
5 26 12 12 9018 
5 26 28 13 9018 
5 26 42 12 9018 
5 26 58 13 9018 
5 27 12 12 9018 
5 27 28 13 9018 
5 27 42 12 9018 
5 27 58 13 9018 
5 28 12 12 9018 
5 28 28 13 9018 
5 28 42 12 9018 
5 28 58 13 9018 
5 29 12 12 9018 
5 29 28 13 9018 
5 29 42 12 9018 
5 29 58 13 9018 
5 30 12 12 9018 
5 30 28 13 9018 
5 30 42 12 9018 
5 30 58 13 9018 
5 31 12 12 9018 
5 31 28 13 9018 
5 31 42 12 9018 
5 31 58 13 9018 
5 32 12 12 9018 
5 32 28 13 9018 
5 32 42 12 9018 
5 32 58 13 9018 
5 33 12 12 9018 
5 33 28 13 9018 
5 33 42 12 9018 
5 33 58 13 9018 
5 34 12 12 9018 
5 34 28 13 9018 
5 34 42 12 9018 
5 34 58 13 9018 
5 35 12 12 9018 
5 35 28 13 9079 
5 35 42 12 9018 
5 35 58 13 9079 
5 36 12 12 9018 
5 36 28 13 9018 
5 36 42 12 9018 
5 36 58 13 9018 
5 37 12 12 9018 
5 37 28 13 9018 
5 37 42 12 9018 
5 37 58 13 9018 
5 38 12 12 9018 
5 38 28 13 9018 
5 40 58 13 9018 
5 41 12 12 9018 
5 41 28 13 9018 
5 41 42 12 9018 
5 41 58 13 9018 
5 42 12 12 9018 
5 42 28 13 9018 
5 42 42 12 9018 
5 42 58 13 9018 
5 43 12 12 9018 
5 43 28 13 9018 
5 43 42 12 9018 
5 43 58 13 9018 
5 44 12 12 9018 
5 44 28 13 9018 
5 44 42 12 9018 
5 44 58 13 9018 
5 45 12 12 9018 
5 45 28 13 9018 
5 45 42 12 9018 
5 45 58 13 9018 
5 46 12 12 9018 
5 46 28 13 9018 
5 46 42 12 9018 
5 46 58 13 9018 
5 47 12 12 9018 
5 47 28 13 9018 
5 47 42 12 9018 
5 47 58 13 9018 
5 48 12 12 9018 
5 48 28 13 9018 
5 48 42 12 9018 
5 48 58 13 9018 
5 49 12 12 9018 
5 49 28 13 9018 
5 49 42 12 9018 
5 49 58 13 9018 
5 50 12 12 9018 
5 50 28 13 9018 
5 50 42 12 9018 
5 50 58 13 9018 
5 51 12 12 9018 
5 51 28 13 9018 
5 51 42 12 9018 
5 51 58 13 9018 
5 52 12 12 9018 
5 52 28 13 9018 
5 52 42 12 9018 
5 52 58 13 9018 
5 53 12 12 9018 
5 53 28 13 9018 
5 53 42 12 9018 
5 53 58 13 9018 
5 54 12 12 9018 
5 54 28 13 9018 
5 54 42 12 9018 
5 54 58 13 9018 
5 55 12 12 9018 
5 55 28 13 9018 
5 57 58 13 9018 
5 58 12 12 9018 
5 58 28 13 9018 
5 58 42 12 9018 
5 58 58 13 9018 
5 59 12 12 9018 
5 59 28 13 9018 
5 59 42 12 9018 
5 59 58 13 9018 
6 0 12 12 9018 
6 0 28 13 9018 
6 0 42 12 9018 
6 0 58 13 9018 
6 1 12 12 9018 
6 1 28 13 9018 
6 1 42 12 9018 
6 1 58 13 9018 
6 2 12 12 9018 
6 2 28 13 9018 
6 2 42 12 9018 
6 2 58 13 9018 
6 3 12 12 9018 
6 3 28 13 9018 
6 3 42 12 9018 
6 3 58 13 9018 
6 4 12 12 9018 
6 4 28 13 9018 
6 4 42 12 9018 
6 4 58 13 9018 
6 5 12 12 9018 
6 5 28 13 9018 
6 5 42 12 9018 
6 5 58 13 9018 
6 6 12 12 9018 
6 6 28 13 9018 
6 6 42 12 9018 
6 6 58 13 9018 
6 7 12 12 9018 
6 7 28 13 9018 
6 7 42 12 9018 
6 7 58 13 9018 
6 8 12 12 9018 
6 8 28 13 9018 
6 8 42 12 9018 
6 8 58 13 9018 
6 9 12 12 9018 
6 9 28 13 9018 
6 9 42 12 9018 
6 9 58 13 9018 
6 10 12 12 9018 
6 10 28 13 9018 
6 10 42 12 9018 
6 10 58 13 9018 
6 11 12 12 9018 
6 11 28 13 9018 
6 11 42 12 9018 
6 11 58 13 9018 
6 12 12 12 9018 
6 12 28 13 9018 
6 14 58 13 9018 
6 15 12 12 9018 
6 15 28 13 9018 
6 15 42 12 9018 
6 15 58 13 9018 
6 16 12 12 9018 
6 16 28 13 9018 
6 16 42 12 9018 
6 16 58 13 9018 
6 17 12 12 9018 
6 17 28 13 9018 
6 17 42 12 9018 
6 17 58 13 9018 
6 18 12 12 9018 
6 18 28 13 9018 
6 18 42 12 9018 
6 18 58 13 9018 
6 19 12 12 9018 
6 19 28 13 9018 
6 19 42 12 9018 
6 19 58 13 9018 
6 20 12 12 9018 
6 20 28 13 9018 
6 20 42 12 9018 
6 20 58 13 9018 
6 21 12 12 9018 
6 21 28 13 9018 
6 21 42 12 9018 
6 21 58 13 9018 
6 22 12 12 9018 
6 22 28 13 9018 
6 22 42 12 9018 
6 22 58 13 9018 
6 23 12 12 9018 
6 23 28 13 9018 
6 23 42 12 9018 
6 23 58 13 9018 
6 24 12 12 9018 
6 24 28 13 9018 
6 24 42 12 8958 
6 24 58 13 9018 
6 25 12 12 9018 
6 25 28 13 9018 
6 25 42 12 9018 
6 25 58 13 9018 
6 26 12 12 9018 
6 26 28 13 9018 
6 26 42 12 9018 
6 26 58 13 9018 
6 27 12 12 9018 
6 27 28 13 9018 
6 27 42 12 9018 
6 27 58 13 9018 
6 28 12 12 9018 
6 28 28 13 9018 
6 28 42 12 9018 
6 28 58 13 9018 
6 29 12 12 9018 
6 29 28 13 9018 
6 31 59 13 9018 
6 32 13 12 9018 
6 32 29 13 9018 
6 32 43 12 9018 
6 32 59 13 9018 
6 33 13 12 9018 
6 33 29 13 9018 
6 33 43 12 9018 
6 33 59 13 9018 
6 34 13 12 8958 
6 34 29 13 9018 
6 34 43 12 9018 
6 34 59 13 9018 
6 35 13 12 9018 
6 35 29 13 9018 
6 35 43 12 9018 
6 35 59 13 9018 
6 36 13 12 9018 
6 36 29 13 9018 
6 36 43 12 9018 
6 36 59 13 8958 
6 37 13 12 9018 
6 37 29 13 9018 
6 37 43 12 9018 
6 37 59 13 9018 
6 38 13 12 9018 
6 38 29 13 9018 
6 38 43 12 9018 
6 38 59 13 9018 
6 39 13 12 9018 
6 39 29 13 9018 
6 39 43 12 9018 
6 39 59 13 9018 
6 40 13 12 9018 
6 40 29 13 9018 
6 40 43 12 9018 
6 40 59 13 9018 
6 41 13 12 9018 
6 41 29 13 9018 
6 41 43 12 9018 
6 41 59 13 9018 
6 42 13 12 9018 
6 42 29 13 9018 
6 42 43 12 9018 
6 42 59 13 9018 
6 43 13 12 9018 
6 43 29 13 9018 
6 43 43 12 9018 
6 43 59 13 9018 
6 44 13 12 9018 
6 44 29 13 9018 
6 44 43 12 9018 
6 44 59 13 9018 
6 45 13 12 9018 
6 45 29 13 9018 
6 45 43 12 9018 
6 45 59 13 9018 
6 46 13 12 9018 
6 46 29 13 9018 
6 48 59 13 9018 
6 49 13 12 9018 
6 49 29 13 9018 
6 49 43 12 9018 
6 49 59 13 9018 
6 50 13 12 9018 
6 50 29 13 8958 
6 50 43 12 9018 
6 50 59 13 9018 
6 51 13 12 8958 
6 51 29 13 9018 
6 51 43 12 9018 
6 51 59 13 9018 
6 52 13 12 8958 
6 52 29 13 9018 
6 52 43 12 9018 
6 52 59 13 9018 
6 53 13 12 9018 
6 53 29 13 9018 
6 53 43 12 9018 
6 53 59 13 9018 
6 54 13 12 9018 
6 54 29 13 9018 
6 54 43 12 8958 
6 54 59 13 9018 
6 55 13 12 9018 
6 55 29 13 9018 
6 55 43 12 9018 
6 55 59 13 9018 
6 56 13 12 9018 
6 56 29 13 9018 
6 56 43 12 9018 
6 56 59 13 9018 
6 57 13 12 9018 
6 57 29 13 9018 
6 57 43 12 9018 
6 57 59 13 9018 
6 58 13 12 9018 
6 58 29 13 9018 
6 58 43 12 8958 
6 58 59 13 9018 
6 59 13 12 9018 
6 59 29 13 9018 
6 59 43 12 9018 
6 59 59 13 9018 
7 0 13 12 9018 
7 0 29 13 9018 
7 0 43 12 9018 
7 0 59 13 9018 
7 1 13 12 9018 
7 1 29 13 9018 
7 1 43 12 9018 
7 1 59 13 9018 
7 2 13 12 9018 
7 2 29 13 9018 
7 2 43 12 9018 
7 2 59 13 9018 
7 3 13 12 9018 
7 3 29 13 9018 
7 5 59 13 9018 
7 6 13 12 9018 
7 6 29 13 8958 
7 6 43 12 9018 
7 6 59 13 9018 
7 7 13 12 9018 
7 7 29 13 9018 
7 7 43 12 9018 
7 7 59 13 9018 
7 8 13 12 9018 
7 8 29 13 9018 
7 8 43 12 9018 
7 8 59 13 8958 
7 9 13 12 9018 
7 9 29 13 9018 
7 9 43 12 9018 
7 9 59 13 9018 
7 10 13 12 9018 
7 10 29 13 9018 
7 10 43 12 9018 
7 10 59 13 9018 
7 11 13 12 9018 
7 11 29 13 9018 
7 11 43 12 9018 
7 11 59 13 9018 
7 12 13 12 9018 
7 12 29 13 9018 
7 12 43 12 9018 
7 12 59 13 9018 
7 13 13 12 9018 
7 13 29 13 9018 
7 13 43 12 9018 
7 13 59 13 9018 
7 14 13 12 9018 
7 14 29 13 9018 
7 14 43 12 9018 
7 14 59 13 9018 
7 15 13 12 9018 
7 15 29 13 9018 
7 15 43 12 9018 
7 15 59 13 8958 
7 16 13 12 9018 
7 16 29 13 9018 
7 16 43 12 9018 
7 16 59 13 9018 
7 17 13 12 9018 
7 17 29 13 9018 
7 17 43 12 8958 
7 17 59 13 9018 
7 18 13 12 9018 
7 18 29 13 8958 
7 18 43 12 9018 
7 18 59 13 9018 
7 19 13 12 9018 
7 19 29 13 9018 
7 19 43 12 9018 
7 19 59 13 9018 
7 20 13 12 9018 
7 20 29 13 9018 
7 23 0 13 9018 
7 23 14 12 9018 
7 23 30 13 8958 
7 23 44 12 9018 
7 24 0 13 9018 
7 24 14 12 9018 
7 24 30 13 9018 
7 24 44 12 9018 
7 25 0 13 9018 
7 25 14 12 9018 
7 25 30 13 8958 
7 25 44 12 8958 
7 26 0 13 8958 
7 26 14 12 9018 
7 26 30 13 9018 
7 26 44 12 9018 
7 27 0 13 9018 
7 27 14 12 9018 
7 27 30 13 9018 
7 27 44 12 8958 
7 28 0 13 9018 
7 28 14 12 9018 
7 28 30 13 8958 
7 28 44 12 9018 
7 29 0 13 9018 
7 29 14 12 9018 
7 29 30 13 9018 
7 29 44 12 9018 
7 30 0 13 9018 
7 30 14 12 9018 
7 30 30 13 9018 
7 30 44 12 9018 
7 31 0 13 9018 
7 31 14 12 9018 
7 31 30 13 9018 
7 31 44 12 9018 
7 32 0 13 9018 
7 32 14 12 9018 
7 32 30 13 9018 
7 32 44 12 9018 
7 33 0 13 9018 
7 33 14 12 9018 
7 33 30 13 9018 
7 33 44 12 9018 
7 34 0 13 9018 
7 34 14 12 8958 
7 34 30 13 9018 
7 34 44 12 9018 
7 35 0 13 9018 
7 35 14 12 9018 
7 35 30 13 9018 
7 35 44 12 8958 
7 36 0 13 9018 
7 36 14 12 9018 
7 36 30 13 9018 
7 36 44 12 9018 
7 37 0 13 9018 
7 37 14 12 9018 
7 37 30 13 9018 
7 40 0 13 9018 
7 40 14 12 9018 
7 40 30 13 9018 
7 40 44 12 9018 
7 41 0 13 9018 
7 41 14 12 9018 
7 41 30 13 8958 
7 41 44 12 9018 
7 42 0 13 9018 
7 42 14 12 9018 
7 42 30 13 9018 
7 42 44 12 9018 
7 43 0 13 9018 
7 43 14 12 9018 
7 43 30 13 9018 
7 43 44 12 9018 
7 44 0 13 9018 
7 44 14 12 9018 
7 44 30 13 9018 
7 44 44 12 9018 
7 45 0 13 9018 
7 45 14 12 9018 
7 45 30 13 9018 
7 45 44 12 9018 
7 46 0 13 9018 
7 46 14 12 9018 
7 46 30 13 8958 
7 46 44 12 8958 
7 47 0 13 9018 
7 47 14 12 9018 
7 47 30 13 9018 
7 47 44 12 9018 
7 48 0 13 9018 
7 48 14 12 9018 
7 48 30 13 9018 
7 48 44 12 9018 
7 49 0 13 9018 
7 49 14 12 9018 
7 49 30 13 9018 
7 49 44 12 9018 
7 50 0 13 9018 
7 50 14 12 9018 
7 50 30 13 9018 
7 50 44 12 9018 
7 51 0 13 9018 
7 51 14 12 9018 
7 51 30 13 9018 
7 51 44 12 9018 
7 52 0 13 9018 
7 52 14 12 9018 
7 52 30 13 9018 
7 52 44 12 9018 
7 53 0 13 9018 
7 53 14 12 9018 
7 53 30 13 9018 
7 53 44 12 9018 
7 54 0 13 9018 
7 54 14 12 9018 
7 54 30 13 9018 
7 57 0 13 9018 
7 57 14 12 9018 
7 57 30 13 9018 
7 57 44 12 8958 
7 58 0 13 9018 
7 58 14 12 9018 
7 58 30 13 9018 
7 58 44 12 9018 
7 59 0 13 9018 
7 59 14 12 9018 
7 59 30 13 9018 
7 59 44 12 9018 
8 0 0 13 9018 
8 0 14 12 9018 
8 0 30 13 9018 
8 0 44 12 9018 
8 1 0 13 9018 
8 1 14 12 9018 
8 1 30 13 9018 
8 1 44 12 9018 
8 2 0 13 9018 
8 2 14 12 9018 
8 2 30 13 9018 
8 2 44 12 9018 
8 3 0 13 9018 
8 3 14 12 9018 
8 3 30 13 9018 
8 3 44 12 9018 
8 4 0 13 9018 
8 4 14 12 9018 
8 4 30 13 9018 
8 4 44 12 9018 
8 5 0 13 9018 
8 5 14 12 9018 
8 5 30 13 9018 
8 5 44 12 9018 
8 6 0 13 9018 
8 6 14 12 9018 
8 6 30 13 9018 
8 6 44 12 9018 
8 7 0 13 9018 
8 7 14 12 9018 
8 7 30 13 9018 
8 7 44 12 8958 
8 8 0 13 9018 
8 8 14 12 9018 
8 8 30 13 9018 
8 8 44 12 9018 
8 9 0 13 9018 
8 9 14 12 8958 
8 9 30 13 9018 
8 9 44 12 9018 
8 10 0 13 9018 
8 10 14 12 9018 
8 10 30 13 9018 
8 10 44 12 9018 
8 11 0 13 9018 
8 11 14 12 9018 
8 11 30 13 9018 
8 14 1 13 9018 
8 14 16 12 9018 
8 14 31 13 9018 
8 14 46 12 9018 
8 15 1 13 9018 
8 15 16 12 9018 
8 15 31 13 9018 
8 15 46 12 9018 
8 16 1 13 9018 
8 16 16 12 9018 
8 16 31 13 9018 
8 16 46 12 9018 
8 17 1 13 9018 
8 17 16 12 9018 
8 17 31 13 9018 
8 17 46 12 9018 
8 18 1 13 9018 
8 18 16 12 8958 
8 18 31 13 9018 
8 18 46 12 9018 
8 19 1 13 9018 
8 19 16 12 9018 
8 19 31 13 9018 
8 19 46 12 9018 
8 20 1 13 9018 
8 20 16 12 9018 
8 20 31 13 8958 
8 20 46 12 9018 
8 21 1 13 9018 
8 21 16 12 9018 
8 21 31 13 8958 
8 21 46 12 9018 
8 22 1 13 9018 
8 22 16 12 8958 
8 22 31 13 9018 
8 22 46 12 9018 
8 23 1 13 9018 
8 23 16 12 9018 
8 23 31 13 9018 
8 23 46 12 9018 
8 24 1 13 9018 
8 24 16 12 9018 
8 24 31 13 8958 
8 24 46 12 9018 
8 25 1 13 9018 
8 25 16 12 9018 
8 25 31 13 9018 
8 25 46 12 9018 
8 26 1 13 9018 
8 26 16 12 9018 
8 26 31 13 9018 
8 26 45 12 9018 
8 27 1 13 8958 
8 27 16 12 8958 
8 27 31 13 9018 
8 27 46 12 9018 
8 28 1 13 9018 
8 28 16 12 8958 
8 28 31 13 9018 
8 31 1 13 9018 
8 31 16 12 9018 
8 31 31 13 9018 
8 31 46 12 8958 
8 32 1 13 8958 
8 32 16 12 8958 
8 32 31 13 9018 
8 32 46 12 9018 
8 33 1 13 9018 
8 33 16 12 9018 
8 33 31 13 9018 
8 33 46 12 9018 
8 34 1 13 9018 
8 34 16 12 9018 
8 34 31 13 9018 
8 34 46 12 9018 
8 35 1 13 9018 
8 35 16 12 9018 
8 35 31 13 9018 
8 35 46 12 9018 
8 36 1 13 8958 
8 36 16 12 8958 
8 36 31 13 9018 
8 36 46 12 9018 
8 37 1 13 9018 
8 37 16 12 9018 
8 37 31 13 9018 
8 37 46 12 8958 
8 38 1 13 9018 
8 38 16 12 9018 
8 38 31 13 9018 
8 38 46 12 9018 
8 39 1 13 9018 
8 39 16 12 9018 
8 39 31 13 8958 
8 39 46 12 9018 
8 40 1 13 9018 
8 40 16 12 9018 
8 40 31 13 9018 
8 40 46 12 9018 
8 41 1 13 9018 
8 41 16 12 8958 
8 41 31 13 9018 
8 41 46 12 9018 
8 42 1 13 9018 
8 42 16 12 9018 
8 42 31 13 8958 
8 42 46 12 9018 
8 43 1 13 9018 
8 43 16 12 9018 
8 43 31 13 9018 
8 43 46 12 9018 
8 44 1 13 9018 
8 44 16 12 9018 
8 44 31 13 9018 
8 44 46 12 9018 
8 45 1 13 9018 
8 45 16 12 9018 
8 45 31 13 9018 
8 48 2 13 9018 
8 48 17 12 9018 
8 48 32 13 9018 
8 48 47 12 9018 
8 49 2 13 9018 
8 49 17 12 8958 
8 49 32 13 9018 
8 49 47 12 9018 
8 50 2 13 9018 
8 50 17 12 9018 
8 50 32 13 9018 
8 50 47 12 9018 
8 51 2 13 9018 
8 51 17 12 9018 
8 51 32 13 9018 
8 51 47 12 9018 
8 52 2 13 8958 
8 52 17 12 9018 
8 52 32 13 9018 
8 52 47 12 9018 
8 53 2 13 9018 
8 53 17 12 9018 
8 53 32 13 9018 
8 53 47 12 9018 
8 54 2 13 9018 
8 54 17 12 9018 
8 54 32 13 9018 
8 54 47 12 9018 
8 55 2 13 9018 
8 55 17 12 9018 
8 55 32 13 9018 
8 55 47 12 9018 
8 56 2 13 9018 
8 56 17 12 9018 
8 56 32 13 9018 
8 56 47 12 8958 
8 57 2 13 9018 
8 57 17 12 9018 
8 57 32 13 9018 
8 57 47 12 9018 
8 58 2 13 9018 
8 58 17 12 9018 
8 58 32 13 9018 
8 58 47 12 8958 
8 59 2 13 8958 
8 59 17 12 9018 
8 59 32 13 9018 
8 59 47 12 9018 
9 0 2 13 9018 
9 0 17 12 9018 
9 0 32 13 9018 
9 0 47 12 8958 
9 1 2 13 8958 
9 1 17 12 9018 
9 1 32 13 9018 
9 1 47 12 9018 
9 2 2 13 9018 
9 2 17 12 9018 
9 2 32 13 9018 
9 5 2 13 9018 
9 5 17 12 9018 
9 5 32 13 9018 
9 5 47 12 9018 
9 6 2 13 9018 
9 6 17 12 9018 
9 6 32 13 9018 
9 6 47 12 9018 
9 7 2 13 9018 
9 7 17 12 9018 
9 7 32 13 8958 
9 7 47 12 8958 
9 8 2 13 9018 
9 8 17 12 9018 
9 8 32 13 9018 
9 8 47 12 9018 
9 9 2 13 8958 
9 9 17 12 8958 
9 9 32 13 9018 
9 9 47 12 8958 
9 10 2 13 9018 
9 10 17 12 9018 
9 10 32 13 9018 
9 10 47 12 9018 
9 11 2 13 9018 
9 11 17 12 9018 
9 11 32 13 9018 
9 11 47 12 9018 
9 12 2 13 9018 
9 12 17 12 9018 
9 12 32 13 9018 
9 12 47 12 9018 
9 13 2 13 8958 
9 13 17 12 8958 
9 13 32 13 8958 
9 13 47 12 9018 
9 14 2 13 9018 
9 14 17 12 9018 
9 14 32 13 8958 
9 14 47 12 9018 
9 15 2 13 9018 
9 15 17 12 9018 
9 15 32 13 9018 
9 15 47 12 9018 
9 16 2 13 9018 
9 16 17 12 8958 
9 16 32 13 9018 
9 16 47 12 9018 
9 17 2 13 9018 
9 17 17 12 9018 
9 17 32 13 8958 
9 17 47 12 9018 
9 18 2 13 9018 
9 18 17 12 9018 
9 18 32 13 9018 
9 18 47 12 9018 
9 19 2 13 9018 
9 19 17 12 9018 
9 19 32 13 9018 
9 22 2 13 9018 
9 22 17 12 9018 
9 22 32 13 9018 
9 22 47 12 9018 
9 23 2 13 9018 
9 23 17 12 8958 
9 23 32 13 9018 
9 23 47 12 8958 
9 24 2 13 9018 
9 24 17 12 8958 
9 24 32 13 8958 
9 24 47 12 9018 
9 25 2 13 9018 
9 25 17 12 9018 
9 25 32 13 9018 
9 25 47 12 9018 
9 26 2 13 9018 
9 26 17 12 8958 
9 26 32 13 9018 
9 26 47 12 8958 
9 27 2 13 9018 
9 27 17 12 8958 
9 27 32 13 9018 
9 27 47 12 8958 
9 28 2 13 9018 
9 28 17 12 9018 
9 28 32 13 9018 
9 28 47 12 9018 
9 29 2 13 9018 
9 29 17 12 9018 
9 29 32 13 9018 
9 29 47 12 9018 
9 30 2 13 9018 
9 30 17 12 8958 
9 30 32 13 8958 
9 30 47 12 9018 
9 31 2 13 9018 
9 31 17 12 9018 
9 31 32 13 9018 
9 31 47 12 9018 
9 32 2 13 9018 
9 32 17 12 8958 
9 32 32 13 8958 
9 32 47 12 9018 
9 33 2 13 9018 
9 33 17 12 8958 
9 33 32 13 9018 
9 33 47 12 9018 
9 34 2 13 9018 
9 34 17 12 9018 
9 34 32 13 8958 
9 34 47 12 8958 
9 35 2 13 9018 
9 35 17 12 9018 
9 35 32 13 9018 
9 35 47 12 9018 
9 36 2 13 9018 
9 36 17 12 9018 
9 36 32 13 9018 
9 39 4 13 9018 
9 39 18 12 9018 
9 39 34 13 9018 
9 39 48 12 9018 
9 40 4 13 9018 
9 40 18 12 9018 
9 40 34 13 9018 
9 40 48 12 9018 
9 41 4 13 8958 
9 41 18 12 8958 
9 41 34 13 9018 
9 41 48 12 9018 
9 42 4 13 8958 
9 42 18 12 9018 
9 42 34 13 8958 
9 42 48 12 8958 
9 43 4 13 9018 
9 43 18 12 9018 
9 43 34 13 8958 
9 43 48 12 9018 
9 44 4 13 9018 
9 44 18 12 9018 
9 44 34 13 9018 
9 44 48 12 9018 
9 45 4 13 9018 
9 45 18 12 8958 
9 45 34 13 9018 
9 45 48 12 9018 
9 46 4 13 9018 
9 46 18 12 9018 
9 46 34 13 8958 
9 46 48 12 8958 
9 47 4 13 8958 
9 47 18 12 9018 
9 47 34 13 9018 
9 47 48 12 8958 
9 48 4 13 9018 
9 48 18 12 9018 
9 48 34 13 9018 
9 48 48 12 9018 
9 49 4 13 8958 
9 49 18 12 8958 
9 49 34 13 9018 
9 49 48 12 9018 
9 50 4 13 9018 
9 50 18 12 8958 
9 50 34 13 8958 
9 50 48 12 9018 
9 51 4 13 8958 
9 51 18 12 8958 
9 51 34 13 8958 
9 51 48 12 9018 
9 52 4 13 9018 
9 52 18 12 9018 
9 52 34 13 8958 
9 52 48 12 8958 
9 53 4 13 9018 
9 53 18 12 9018 
9 53 33 13 9018 
9 56 5 13 9018 
9 56 19 12 9018 
9 56 35 13 9018 
9 56 49 12 9018 
9 57 5 13 9018 
9 57 19 12 9018 
9 57 35 13 9018 
9 57 49 12 9018 
9 58 5 13 9018 
9 58 19 12 9018 
9 58 35 13 9018 
9 58 49 12 9018 
9 59 5 13 9018 
9 59 19 12 9018 
9 59 35 13 9018 
9 59 49 12 9018 
10 0 5 13 9018 
10 0 19 12 9018 
10 0 35 13 9018 
10 0 49 12 9018 
10 1 5 13 9018 
10 1 19 12 9018 
10 1 35 13 9018 
10 1 49 12 9018 
10 2 5 13 9018 
10 2 19 12 9018 
10 2 35 13 9018 
10 2 49 12 9018 
10 3 5 13 9018 
10 3 19 12 9018 
10 3 35 13 8958 
10 3 49 12 8958 
10 4 5 13 9018 
10 4 19 12 9018 
10 4 35 13 9018 
10 4 49 12 9018 

/> 