h
h

<CR>
Available commands
------------------
h or ?  ---------------> Alias for Help 
ls      ---------------> List of Files 
read XXXX -------------> read the daily file XXXX  (month/day) 
read_ramp XXXXXXXX ----> read the text file XXXXXXXX  (month/day/Hours/Minutes) 

/> 
ls
ls
<CR>
         TIME          Size       File name 
----A 2021/03/18 14:37     11272  0318
----A 2021/03/19 12:58      7736  0319
----A 2021/03/19 08:50    128000  03190833
----A 2021/03/19 09:07    128000  03190850
----A 2021/03/19 09:22    128000  03190907
----A 2021/03/19 09:39    128000  03190924
----A 2021/03/19 09:58    128000  03190941
----A 2021/03/19 10:15    128000  03190958
----A 2021/03/19 10:30    128000  03191015
----A 2021/03/19 10:47    128000  03191032
----A 2021/03/19 11:06    128000  03191049
----A 2021/03/19 11:23    128000  03191106
----A 2021/03/19 11:38    128000  03191123
----A 2021/03/19 11:55    128000  03191140
----A 2021/03/19 12:14    128000  03191157
----A 2021/03/19 12:31    128000  03191214
----A 2021/03/18 12:39    128000  03181222
----A 2021/03/18 12:55    128000  03181239
----A 2021/03/18 13:12    128000  03181256
----A 2021/03/19 12:46    128000  03191231
----A 2021/03/18 13:29    128000  03181313
----A 2021/03/18 13:46    128000  03181330
----A 2021/03/18 14:03    128000  03181347
----A 2021/03/18 14:20    128000  03181404
----A 2021/03/18 14:23      2560  03181421
----A 2021/03/19 12:50      2560  03191248
----A 2021/03/20 12:35      8024  0320
----A 2021/03/20 08:15    128000  03200759
----A 2021/03/20 08:31    128000  03200816
----A 2021/03/20 08:51    128000  03200833
----A 2021/03/20 09:07    128000  03200850
----A 2021/03/20 09:23    128000  03200907
----A 2021/03/20 09:39    128000  03200924
----A 2021/03/20 09:59    128000  03200941
----A 2021/03/20 10:15    128000  03200958
----A 2021/03/20 10:31    128000  03201015
----A 2021/03/20 10:47    128000  03201032
----A 2021/03/20 11:07    128000  03201049
----A 2021/03/20 11:23    128000  03201106
----A 2021/03/20 11:39    128000  03201123
----A 2021/03/20 11:55    128000  03201140
----A 2021/03/20 12:15    128000  03201157
----A 2021/03/20 12:31    128000  03201214
----A 2021/03/20 12:31      2560  03201231
----A 2021/03/21 12:47      4224  0321
----A 2021/03/21 10:47    128000  03211032
----A 2021/03/21 11:05    128000  03211049
----A 2021/03/21 11:21    128000  03211106
----A 2021/03/21 11:39    128000  03211123
----A 2021/03/21 11:55    128000  03211140
----A 2021/03/21 12:13    128000  03211157
----A 2021/03/21 12:29    128000  03211214
----A 2021/03/21 12:47     97920  03211231
----A 2021/03/22 13:27      9072  0322
----A 2021/03/22 08:30    128000  03220815
----A 2021/03/22 08:47    128000  03220832
----A 2021/03/22 09:04    128000  03220849
----A 2021/03/22 09:21    128000  03220906
----A 2021/03/22 09:38    128000  03220923
----A 2021/03/22 09:55    128000  03220940
----A 2021/03/22 10:12    128000  03220957
----A 2021/03/22 10:29    128000  03221014
----A 2021/03/22 10:46    128000  03221031
----A 2021/03/22 11:03    128000  03221048
----A 2021/03/22 11:21    128000  03221105
----A 2021/03/22 11:37    128000  03221122
----A 2021/03/22 11:55    128000  03221139
----A 2021/03/22 12:11    128000  03221156
----A 2021/03/22 12:29    128000  03221213
----A 2021/03/22 12:45    128000  03221230
----A 2021/03/22 13:03    128000  03221247
----A 2021/03/22 13:19    128000  03221304
----A 2021/03/22 13:21      2560  03221321

  73 File(s),   8212488 bytes total
   0 Dir(s),     992256K bytes free

/> 
read 0322
read 0322
<CR>Time:2021/03/22 13:21
Hours Minutes Seconds  Nb_Samples    Aver. Current 
7 58 49 12 4921 
7 59 5 13 5468 
7 59 19 12 6137 
7 59 35 13 6380 
7 59 49 12 6684 
8 0 5 13 6684 
8 0 19 12 7170 
8 0 35 13 7777 
8 0 49 12 7899 
8 1 5 13 7960 
8 1 19 12 8385 
8 1 35 13 8506 
8 1 49 12 8506 
8 2 5 13 8689 
8 2 19 12 8871 
8 2 35 13 8871 
8 3 16 12 8871 
8 3 31 13 8871 
8 3 46 12 8993 
8 4 1 13 8993 
8 4 16 12 8993 
8 4 31 13 8993 
8 4 46 12 8932 
8 5 1 13 8993 
8 5 16 12 8993 
8 5 31 13 8993 
8 5 46 12 8993 
8 6 1 13 8932 
8 6 16 12 8993 
8 6 31 13 8993 
8 6 46 12 8993 
8 7 1 13 8993 
8 7 16 12 8993 
8 7 31 13 8993 
8 7 46 12 8993 
8 8 1 13 8993 
8 8 16 12 8993 
8 8 31 13 8932 
8 8 46 12 8932 
8 9 1 13 8993 
8 9 16 12 8932 
8 9 31 13 8993 
8 9 46 12 8993 
8 10 1 13 8993 
8 10 16 12 8993 
8 10 31 13 8993 
8 10 46 12 8993 
8 11 1 13 8932 
8 11 16 12 8993 
8 11 31 13 8993 
8 11 46 12 8932 
8 12 1 13 8993 
8 12 16 12 8993 
8 12 31 13 8932 
8 12 46 12 8993 
8 13 1 13 8993 
8 15 43 12 8993 
8 15 58 13 8993 
8 16 13 12 8993 
8 16 28 13 8993 
8 16 43 12 8932 
8 16 58 13 8993 
8 17 13 12 8993 
8 17 28 13 8993 
8 17 43 12 8993 
8 17 58 13 8932 
8 18 13 12 8993 
8 18 28 13 8993 
8 18 43 12 8993 
8 18 58 13 8993 
8 19 13 12 8932 
8 19 28 13 8993 
8 19 43 12 8932 
8 19 58 13 8932 
8 20 13 12 8993 
8 20 28 13 8932 
8 20 43 12 8993 
8 20 58 13 8993 
8 21 13 12 8993 
8 21 28 13 8932 
8 21 44 13 8932 
8 21 58 12 8932 
8 22 13 12 8932 
8 22 28 13 8993 
8 22 43 12 8993 
8 22 58 13 8932 
8 23 13 12 8932 
8 23 28 13 8932 
8 23 43 12 8932 
8 23 58 13 8993 
8 24 13 12 8932 
8 24 28 13 8932 
8 24 44 13 8993 
8 24 58 12 8993 
8 25 13 12 8993 
8 25 28 13 8993 
8 25 43 12 8993 
8 25 58 13 8932 
8 26 13 12 8932 
8 26 28 13 8993 
8 26 43 12 8993 
8 26 58 13 8993 
8 27 13 12 8993 
8 27 28 13 8932 
8 27 43 12 8993 
8 27 58 13 8932 
8 28 13 12 8993 
8 28 28 13 8932 
8 28 43 12 8993 
8 28 58 13 8993 
8 29 13 12 8993 
8 29 28 13 8993 
8 29 43 12 8932 
8 29 58 13 8993 
8 30 13 12 8993 
8 32 43 12 8993 
8 32 58 13 8993 
8 33 13 12 8932 
8 33 28 13 8993 
8 33 43 12 8932 
8 33 58 13 8932 
8 34 13 12 8993 
8 34 28 13 8932 
8 34 43 12 8993 
8 34 58 13 8932 
8 35 13 12 8932 
8 35 28 13 8993 
8 35 43 12 8993 
8 35 58 13 8993 
8 36 13 12 8993 
8 36 28 13 8993 
8 36 43 12 8993 
8 36 58 13 8993 
8 37 13 12 8932 
8 37 28 13 8993 
8 37 43 12 8932 
8 37 58 13 8993 
8 38 13 12 8993 
8 38 28 13 8932 
8 38 43 12 8993 
8 38 58 13 8993 
8 39 13 12 8993 
8 39 28 13 8993 
8 39 43 12 8993 
8 39 58 13 8993 
8 40 14 13 8993 
8 40 28 12 8932 
8 40 44 13 8993 
8 40 58 12 8932 
8 41 14 13 8993 
8 41 28 12 8993 
8 41 44 13 8932 
8 41 58 12 8932 
8 42 14 13 8932 
8 42 28 12 8993 
8 42 44 13 8993 
8 42 58 12 8932 
8 43 14 13 8932 
8 43 28 12 8993 
8 43 44 13 8993 
8 43 58 12 8932 
8 44 14 13 8993 
8 44 28 12 8993 
8 44 44 13 8993 
8 44 58 12 8993 
8 45 14 13 8993 
8 45 28 12 8993 
8 45 44 13 8993 
8 45 58 12 8993 
8 46 14 13 8932 
8 46 28 12 8932 
8 46 44 13 8993 
8 46 58 12 8993 
8 47 14 13 8993 
8 49 44 13 8932 
8 49 58 12 8993 
8 50 14 13 8932 
8 50 28 12 8993 
8 50 44 13 8993 
8 50 58 12 8993 
8 51 14 13 8993 
8 51 28 12 8993 
8 51 44 13 8932 
8 51 58 12 8993 
8 52 14 13 8993 
8 52 28 12 8993 
8 52 44 13 8932 
8 52 58 12 8932 
8 53 14 13 8993 
8 53 28 12 8993 
8 53 44 13 8993 
8 53 58 12 8993 
8 54 14 13 8993 
8 54 28 12 8993 
8 54 44 13 8993 
8 54 58 12 8993 
8 55 14 13 8932 
8 55 28 12 8932 
8 55 44 13 8932 
8 55 58 12 8993 
8 56 14 13 8993 
8 56 28 12 8993 
8 56 44 13 8932 
8 56 58 12 8993 
8 57 14 13 8993 
8 57 28 12 8932 
8 57 44 13 8993 
8 57 58 12 8932 
8 58 14 13 8993 
8 58 28 12 8993 
8 58 44 13 8993 
8 58 58 12 8932 
8 59 14 13 8932 
8 59 28 12 8993 
8 59 44 13 8993 
8 59 58 12 8993 
9 0 14 13 8932 
9 0 28 12 8932 
9 0 44 13 8993 
9 0 58 12 8932 
9 1 14 13 8932 
9 1 28 12 8993 
9 1 44 13 8993 
9 1 58 12 8932 
9 2 14 13 8993 
9 2 28 12 8993 
9 2 44 13 8993 
9 2 58 12 8993 
9 3 14 13 8993 
9 3 28 12 8932 
9 3 44 13 8993 
9 3 58 12 8932 
9 4 14 13 8993 
9 6 44 13 8932 
9 6 58 12 8993 
9 7 14 13 8932 
9 7 28 12 8993 
9 7 44 13 8932 
9 7 58 12 8993 
9 8 14 13 8993 
9 8 28 12 8993 
9 8 44 13 8993 
9 8 58 12 8932 
9 9 14 13 8993 
9 9 28 12 8932 
9 9 44 13 8932 
9 9 58 12 8932 
9 10 14 13 8932 
9 10 28 12 8993 
9 10 44 13 8993 
9 10 58 12 8932 
9 11 14 13 8993 
9 11 28 12 8993 
9 11 44 13 8993 
9 11 58 12 8993 
9 12 14 13 8993 
9 12 28 12 8993 
9 12 44 13 8993 
9 12 58 12 8993 
9 13 14 13 8993 
9 13 28 12 8993 
9 13 44 13 8932 
9 13 58 12 8993 
9 14 14 13 8993 
9 14 28 12 8993 
9 14 44 13 8932 
9 14 58 12 8993 
9 15 14 13 8993 
9 15 28 12 8993 
9 15 44 13 8932 
9 15 58 12 8993 
9 16 14 13 8993 
9 16 28 12 8993 
9 16 44 13 8993 
9 16 58 12 8932 
9 17 14 13 8993 
9 17 28 12 8993 
9 17 44 13 8993 
9 17 58 12 8993 
9 18 14 13 8993 
9 18 28 12 8932 
9 18 44 13 8993 
9 18 58 12 8932 
9 19 14 13 8993 
9 19 28 12 8993 
9 19 44 13 8993 
9 19 58 12 8993 
9 20 14 13 8993 
9 20 28 12 8993 
9 20 44 13 8932 
9 20 58 12 8932 
9 21 14 13 8932 
9 23 44 13 8932 
9 23 58 12 8932 
9 24 14 13 8993 
9 24 28 12 8993 
9 24 44 13 8993 
9 24 58 12 8993 
9 25 14 13 8993 
9 25 28 12 8932 
9 25 44 13 8932 
9 25 58 12 8993 
9 26 14 13 8932 
9 26 28 12 8993 
9 26 44 13 8993 
9 26 58 12 8993 
9 27 14 13 8932 
9 27 28 12 8993 
9 27 44 13 8993 
9 27 58 12 8993 
9 28 14 13 8993 
9 28 28 12 8993 
9 28 44 13 8993 
9 28 58 12 8993 
9 29 14 13 8932 
9 29 28 12 8932 
9 29 44 13 8932 
9 29 58 12 8993 
9 30 14 13 8932 
9 30 28 12 8993 
9 30 44 13 8932 
9 30 58 12 8932 
9 31 14 13 8993 
9 31 28 12 8993 
9 31 44 13 8932 
9 31 58 12 8932 
9 32 14 13 8932 
9 32 28 12 8993 
9 32 44 13 8932 
9 32 58 12 8932 
9 33 14 13 8993 
9 33 28 12 8993 
9 33 44 13 8993 
9 33 58 12 8932 
9 34 14 13 8932 
9 34 28 12 8932 
9 34 44 13 8932 
9 34 58 12 8932 
9 35 14 13 8993 
9 35 28 12 8932 
9 35 44 13 8993 
9 35 58 12 8993 
9 36 14 13 8932 
9 36 28 12 8932 
9 36 44 13 8932 
9 36 58 12 8993 
9 37 14 13 8932 
9 37 28 12 8993 
9 37 44 13 8932 
9 37 58 12 8993 
9 38 14 13 8932 
9 40 44 13 8932 
9 40 58 12 8993 
9 41 14 13 8993 
9 41 28 12 8993 
9 41 44 13 8932 
9 41 58 12 8932 
9 42 14 13 8993 
9 42 28 12 8993 
9 42 44 13 8993 
9 42 58 12 8993 
9 43 14 13 8993 
9 43 28 12 8993 
9 43 44 13 8932 
9 43 58 12 8932 
9 44 14 13 8993 
9 44 28 12 8993 
9 44 44 13 8993 
9 44 58 12 8993 
9 45 14 13 8932 
9 45 28 12 8993 
9 45 44 13 8932 
9 45 58 12 8932 
9 46 14 13 8993 
9 46 28 12 8932 
9 46 44 13 8993 
9 46 58 12 8993 
9 47 14 13 8993 
9 47 28 12 8932 
9 47 44 13 8993 
9 47 58 12 8993 
9 48 14 13 8993 
9 48 28 12 8993 
9 48 44 13 8993 
9 48 58 12 8993 
9 49 14 13 8993 
9 49 28 12 8993 
9 49 44 13 8993 
9 49 58 12 8993 
9 50 14 13 8993 
9 50 28 12 8932 
9 50 44 13 8993 
9 50 58 12 8993 
9 51 14 13 8932 
9 51 28 12 8993 
9 51 44 13 8993 
9 51 58 12 8993 
9 52 14 13 8993 
9 52 28 12 8993 
9 52 44 13 8932 
9 52 58 12 8993 
9 53 14 13 8932 
9 53 28 12 8932 
9 53 44 13 8932 
9 53 58 12 8993 
9 54 14 13 8993 
9 54 28 12 8993 
9 54 44 13 8932 
9 54 58 12 8993 
9 55 14 13 8932 
9 57 45 13 8993 
9 57 59 12 8993 
9 58 15 13 8993 
9 58 29 12 8932 
9 58 45 13 8993 
9 58 59 12 8932 
9 59 15 13 8993 
9 59 29 12 8932 
9 59 45 13 8932 
9 59 59 12 8932 
10 0 15 13 8932 
10 0 29 12 8993 
10 0 45 13 8993 
10 0 59 12 8993 
10 1 15 13 8993 
10 1 29 12 8993 
10 1 45 13 8932 
10 1 59 12 8993 
10 2 15 13 8993 
10 2 29 12 8993 
10 2 45 13 8993 
10 2 59 12 8993 
10 3 15 13 8932 
10 3 29 12 8993 
10 3 45 13 8932 
10 3 59 12 8993 
10 4 15 13 8932 
10 4 29 12 8932 
10 4 45 13 8993 
10 4 59 12 8993 
10 5 15 13 8993 
10 5 29 12 8932 
10 5 45 13 8932 
10 5 59 12 8993 
10 6 15 13 8993 
10 6 29 12 8993 
10 6 45 13 8993 
10 6 59 12 8993 
10 7 15 13 8993 
10 7 29 12 8932 
10 7 45 13 8932 
10 7 59 12 8993 
10 8 15 13 8932 
10 8 29 12 8993 
10 8 45 13 8993 
10 8 59 12 8932 
10 9 15 13 8993 
10 9 29 12 8993 
10 9 45 13 8932 
10 9 59 12 8993 
10 10 15 13 8993 
10 10 29 12 8932 
10 10 45 13 8932 
10 10 59 12 8932 
10 11 15 13 8993 
10 11 29 12 8932 
10 11 45 13 8993 
10 11 59 12 8932 
10 12 15 13 8993 
10 14 45 13 8932 
10 14 59 12 8993 
10 15 15 13 8932 
10 15 29 12 8993 
10 15 45 13 8932 
10 15 59 12 8993 
10 16 15 13 8993 
10 16 29 12 8932 
10 16 45 13 8993 
10 16 59 12 8993 
10 17 15 13 8993 
10 17 29 12 8993 
10 17 45 13 8932 
10 17 59 12 8993 
10 18 15 13 8993 
10 18 29 12 8993 
10 18 45 13 8932 
10 18 59 12 8993 
10 19 15 13 8993 
10 19 29 12 8993 
10 19 45 13 8993 
10 19 59 12 8993 
10 20 15 13 8932 
10 20 29 12 8993 
10 20 45 13 8993 
10 20 59 12 8993 
10 21 15 13 8932 
10 21 29 12 8932 
10 21 45 13 8993 
10 21 59 12 8932 
10 22 15 13 8932 
10 22 29 12 8993 
10 22 45 13 8932 
10 22 59 12 8993 
10 23 15 13 8932 
10 23 29 12 8932 
10 23 45 13 8932 
10 23 59 12 8993 
10 24 15 13 8993 
10 24 29 12 8993 
10 24 45 13 8993 
10 24 59 12 8932 
10 25 15 13 8932 
10 25 29 12 8932 
10 25 45 13 8932 
10 25 59 12 8932 
10 26 15 13 8993 
10 26 29 12 8993 
10 26 45 13 8932 
10 26 59 12 8993 
10 27 15 13 8993 
10 27 29 12 8932 
10 27 45 13 8993 
10 27 59 12 8993 
10 28 15 13 8993 
10 28 29 12 8993 
10 28 45 13 8993 
10 28 59 12 8993 
10 29 15 13 8993 
10 31 45 13 8993 
10 31 59 12 8993 
10 32 15 13 8932 
10 32 29 12 8993 
10 32 45 13 8932 
10 32 59 12 8932 
10 33 15 13 8932 
10 33 29 12 8993 
10 33 45 13 8932 
10 33 59 12 8932 
10 34 15 13 8932 
10 34 29 12 8993 
10 34 45 13 8932 
10 34 59 12 8993 
10 35 15 13 8993 
10 35 29 12 8993 
10 35 45 13 8993 
10 35 59 12 8932 
10 36 15 13 8993 
10 36 29 12 8993 
10 36 45 13 8932 
10 36 59 12 8993 
10 37 15 13 8993 
10 37 29 12 8932 
10 37 45 13 8993 
10 37 59 12 8932 
10 38 15 13 8932 
10 38 29 12 8932 
10 38 45 13 8932 
10 38 59 12 8932 
10 39 15 13 8932 
10 39 29 12 8993 
10 39 45 13 8932 
10 39 59 12 8993 
10 40 15 13 8993 
10 40 29 12 8993 
10 40 45 13 8932 
10 40 59 12 8993 
10 41 15 13 8993 
10 41 29 12 8993 
10 41 45 13 8993 
10 41 59 12 8993 
10 42 15 13 8993 
10 42 29 12 8993 
10 42 45 13 8993 
10 42 59 12 8932 
10 43 15 13 8932 
10 43 29 12 8932 
10 43 45 13 8932 
10 43 59 12 8993 
10 44 15 13 8993 
10 44 29 12 8993 
10 44 45 13 8993 
10 44 59 12 8932 
10 45 15 13 8993 
10 45 29 12 8932 
10 45 45 13 8993 
10 45 59 12 8932 
10 46 15 13 8932 
10 48 46 13 8932 
10 49 1 12 8932 
10 49 16 13 8932 
10 49 31 12 8932 
10 49 46 13 8993 
10 50 1 12 8932 
10 50 16 13 8932 
10 50 31 12 8932 
10 50 46 13 8932 
10 51 1 12 8993 
10 51 16 13 8932 
10 51 31 12 8932 
10 51 46 13 8932 
10 52 1 12 8932 
10 52 16 13 8932 
10 52 31 12 8932 
10 52 46 13 8932 
10 53 1 12 8932 
10 53 16 13 8932 
10 53 31 12 8993 
10 53 46 13 8932 
10 54 1 12 8932 
10 54 16 13 8932 
10 54 31 12 8932 
10 54 46 13 8932 
10 55 1 12 8932 
10 55 16 13 8993 
10 55 31 12 8993 
10 55 46 13 8932 
10 56 1 12 8932 
10 56 16 13 8932 
10 56 31 12 8932 
10 56 46 13 8993 
10 57 1 12 8932 
10 57 16 13 8932 
10 57 31 12 8993 
10 57 46 13 8932 
10 58 1 12 8993 
10 58 16 13 8993 
10 58 31 12 8993 
10 58 46 13 8932 
10 59 1 12 8932 
10 59 16 13 8932 
10 59 31 12 8993 
10 59 46 13 8932 
11 0 1 12 8932 
11 0 16 13 8932 
11 0 31 12 8932 
11 0 46 13 8932 
11 1 1 12 8932 
11 1 16 13 8932 
11 1 31 12 8932 
11 1 46 13 8932 
11 2 1 12 8932 
11 2 16 13 8993 
11 2 31 12 8932 
11 2 46 13 8932 
11 3 1 12 8993 
11 3 16 13 8932 
11 5 46 13 8932 
11 6 1 12 8932 
11 6 16 13 8932 
11 6 31 12 8932 
11 6 46 13 8932 
11 7 1 12 8932 
11 7 16 13 8932 
11 7 31 12 8932 
11 7 46 13 8932 
11 8 1 12 8932 
11 8 16 13 8871 
11 8 30 12 8932 
11 8 46 13 8932 
11 9 1 12 8932 
11 9 16 13 8932 
11 9 31 12 8932 
11 9 46 13 8932 
11 10 1 12 8932 
11 10 16 13 8932 
11 10 31 12 8932 
11 10 46 13 8932 
11 11 1 12 8932 
11 11 16 13 8932 
11 11 31 12 8932 
11 11 46 13 8932 
11 12 0 12 8932 
11 12 16 13 8932 
11 12 31 12 8932 
11 12 46 13 8932 
11 13 1 12 8932 
11 13 16 13 8932 
11 13 31 12 8993 
11 13 46 13 8932 
11 14 1 12 8932 
11 14 16 13 8932 
11 14 31 12 8932 
11 14 46 13 8932 
11 15 1 12 8932 
11 15 16 13 8932 
11 15 31 12 8932 
11 15 46 13 8932 
11 16 1 12 8932 
11 16 16 13 8932 
11 16 31 12 8932 
11 16 46 13 8932 
11 17 1 12 8932 
11 17 16 13 8932 
11 17 31 12 8932 
11 17 46 13 8932 
11 18 1 12 8993 
11 18 16 13 8932 
11 18 31 12 8932 
11 18 46 13 8932 
11 19 1 12 8932 
11 19 16 13 8932 
11 19 31 12 8993 
11 19 46 13 8932 
11 20 1 12 8932 
11 20 16 13 8932 
11 22 46 13 8932 
11 23 1 12 8993 
11 23 16 13 8932 
11 23 31 12 8932 
11 23 46 13 8993 
11 24 1 12 8932 
11 24 16 13 8932 
11 24 31 12 8993 
11 24 46 13 8993 
11 25 1 12 8932 
11 25 16 13 8932 
11 25 31 12 8932 
11 25 46 13 8932 
11 26 1 12 8993 
11 26 16 13 8993 
11 26 31 12 8993 
11 26 46 13 8993 
11 27 1 12 8932 
11 27 16 13 8932 
11 27 31 12 8993 
11 27 46 13 8993 
11 28 1 12 8932 
11 28 16 13 8932 
11 28 31 12 8932 
11 28 46 13 8993 
11 29 1 12 8932 
11 29 16 13 8932 
11 29 31 12 8932 
11 29 46 13 8932 
11 30 1 12 8932 
11 30 16 13 8993 
11 30 31 12 8932 
11 30 46 13 8932 
11 31 1 12 8932 
11 31 16 13 8932 
11 31 31 12 8932 
11 31 46 13 8932 
11 32 1 12 8932 
11 32 16 13 8932 
11 32 31 12 8993 
11 32 46 13 8993 
11 33 1 12 8932 
11 33 16 13 8932 
11 33 31 12 8932 
11 33 46 13 8932 
11 34 1 12 8932 
11 34 16 13 8932 
11 34 31 12 8932 
11 34 46 13 8993 
11 35 1 12 8932 
11 35 16 13 8932 
11 35 31 12 8932 
11 35 46 13 8932 
11 36 1 12 8932 
11 36 16 13 8932 
11 36 31 12 8932 
11 36 46 13 8932 
11 37 1 12 8932 
11 37 16 13 8932 
11 39 47 13 8932 
11 40 2 12 8932 
11 40 17 13 8932 
11 40 32 12 8932 
11 40 47 13 8932 
11 41 2 12 8932 
11 41 17 13 8932 
11 41 32 12 8932 
11 41 47 13 8932 
11 42 2 12 8932 
11 42 17 13 8932 
11 42 32 12 8932 
11 42 47 13 8932 
11 43 2 12 8993 
11 43 17 13 8932 
11 43 32 12 8932 
11 43 47 13 8932 
11 44 2 12 8993 
11 44 17 13 8932 
11 44 32 12 8932 
11 44 47 13 8932 
11 45 2 12 8932 
11 45 17 13 8932 
11 45 32 12 8993 
11 45 47 13 8993 
11 46 2 12 8932 
11 46 17 13 8993 
11 46 32 12 8993 
11 46 47 13 8993 
11 47 2 12 8932 
11 47 17 13 8932 
11 47 32 12 8932 
11 47 47 13 8932 
11 48 2 12 8993 
11 48 17 13 8993 
11 48 32 12 8993 
11 48 47 13 8993 
11 49 2 12 8993 
11 49 17 13 8993 
11 49 32 12 8932 
11 49 47 13 8932 
11 50 2 12 8993 
11 50 17 13 8932 
11 50 32 12 8932 
11 50 47 13 8993 
11 51 2 12 8993 
11 51 17 13 8932 
11 51 32 12 8932 
11 51 47 13 8932 
11 52 2 12 8932 
11 52 17 13 8932 
11 52 32 12 8993 
11 52 47 13 8993 
11 53 2 12 8993 
11 53 17 13 8932 
11 53 32 12 8993 
11 53 47 13 8993 
11 54 2 12 8993 
11 54 17 13 8993 
11 56 47 13 8932 
11 57 2 12 8932 
11 57 17 13 8993 
11 57 32 12 8993 
11 57 47 13 8993 
11 58 2 12 8932 
11 58 17 13 8932 
11 58 32 12 8932 
11 58 47 13 8932 
11 59 2 12 8993 
11 59 17 13 8932 
11 59 32 12 8932 
11 59 47 13 8993 
12 0 2 12 8993 
12 0 17 13 8993 
12 0 32 12 8993 
12 0 47 13 8932 
12 1 2 12 8932 
12 1 17 13 8932 
12 1 32 12 8993 
12 1 47 13 8932 
12 2 2 12 8932 
12 2 17 13 8993 
12 2 32 12 8993 
12 2 47 13 8932 
12 3 2 12 8932 
12 3 17 13 8993 
12 3 32 12 8993 
12 3 47 13 8993 
12 4 2 12 8993 
12 4 17 13 8993 
12 4 32 12 8993 
12 4 47 13 8932 
12 5 2 12 8932 
12 5 17 13 8993 
12 5 32 12 8993 
12 5 47 13 8993 
12 6 2 12 8932 
12 6 17 13 8993 
12 6 32 12 8993 
12 6 47 13 8993 
12 7 2 12 8932 
12 7 17 13 8932 
12 7 32 12 8993 
12 7 47 13 8993 
12 8 2 12 8993 
12 8 17 13 8932 
12 8 32 12 8993 
12 8 47 13 8932 
12 9 2 12 8932 
12 9 17 13 8993 
12 9 32 12 8993 
12 9 47 13 8993 
12 10 2 12 8932 
12 10 17 13 8993 
12 10 32 12 8993 
12 10 47 13 8932 
12 11 2 12 8932 
12 11 17 13 8993 
12 13 47 13 8993 
12 14 2 12 8993 
12 14 17 13 8932 
12 14 32 12 8932 
12 14 47 13 8932 
12 15 2 12 8932 
12 15 17 13 8932 
12 15 32 12 8993 
12 15 47 13 8932 
12 16 2 12 8932 
12 16 17 13 8993 
12 16 32 12 8932 
12 16 47 13 8932 
12 17 2 12 8932 
12 17 17 13 8932 
12 17 32 12 8932 
12 17 47 13 8932 
12 18 2 12 8932 
12 18 17 13 8932 
12 18 32 12 8932 
12 18 47 13 8932 
12 19 2 12 8932 
12 19 17 13 8932 
12 19 32 12 8932 
12 19 47 13 8993 
12 20 2 12 8932 
12 20 17 13 8932 
12 20 32 12 8932 
12 20 47 13 8932 
12 21 2 12 8993 
12 21 17 13 8932 
12 21 32 12 8932 
12 21 47 13 8932 
12 22 2 12 8932 
12 22 17 13 8932 
12 22 32 12 8932 
12 22 47 13 8932 
12 23 2 12 8932 
12 23 17 13 8932 
12 23 32 12 8932 
12 23 47 13 8932 
12 24 2 12 8932 
12 24 17 13 8932 
12 24 32 12 8932 
12 24 47 13 8932 
12 25 2 12 8932 
12 25 17 13 8932 
12 25 32 12 8932 
12 25 47 13 8932 
12 26 2 12 8932 
12 26 17 13 8932 
12 26 32 12 8993 
12 26 47 13 8932 
12 27 2 12 8932 
12 27 17 13 8932 
12 27 32 12 8932 
12 27 47 13 8932 
12 28 2 12 8932 
12 28 17 13 8932 
12 30 49 13 8932 
12 31 3 12 8932 
12 31 19 13 8932 
12 31 33 12 8932 
12 31 49 13 8932 
12 32 3 12 8932 
12 32 19 13 8932 
12 32 33 12 8932 
12 32 49 13 8932 
12 33 3 12 8932 
12 33 19 13 8932 
12 33 33 12 8932 
12 33 49 13 8932 
12 34 3 12 8932 
12 34 19 13 8932 
12 34 33 12 8932 
12 34 49 13 8993 
12 35 3 12 8993 
12 35 19 13 8932 
12 35 33 12 8932 
12 35 49 13 8932 
12 36 3 12 8932 
12 36 19 13 8932 
12 36 33 12 8932 
12 36 49 13 8993 
12 37 3 12 8932 
12 37 19 13 8932 
12 37 33 12 8993 
12 37 49 13 8932 
12 38 3 12 8993 
12 38 19 13 8993 
12 38 33 12 8993 
12 38 49 13 8932 
12 39 3 12 8932 
12 39 19 13 8932 
12 39 33 12 8932 
12 39 49 13 8993 
12 40 3 12 8993 
12 40 19 13 8993 
12 40 33 12 8932 
12 40 49 13 8993 
12 41 3 12 8932 
12 41 19 13 8932 
12 41 33 12 8993 
12 41 49 13 8932 
12 42 3 12 8932 
12 42 19 13 8932 
12 42 33 12 8993 
12 42 49 13 8932 
12 43 3 12 8932 
12 43 19 13 8932 
12 43 33 12 8993 
12 43 49 13 8993 
12 44 3 12 8993 
12 44 19 13 8993 
12 44 33 12 8932 
12 44 49 13 8993 
12 45 3 12 8993 
12 45 19 13 8932 
12 47 49 13 8932 
12 48 3 12 8932 
12 48 19 13 8993 
12 48 33 12 8993 
12 48 49 13 8993 
12 49 3 12 8993 
12 49 19 13 8993 
12 49 33 12 8993 
12 49 49 13 8932 
12 50 3 12 8932 
12 50 19 13 8993 
12 50 33 12 8993 
12 50 49 13 8993 
12 51 3 12 8932 
12 51 19 13 8993 
12 51 33 12 8993 
12 51 49 13 8993 
12 52 3 12 8932 
12 52 19 13 8932 
12 52 33 12 8993 
12 52 49 13 8993 
12 53 3 12 8932 
12 53 19 13 8993 
12 53 33 12 8932 
12 53 49 13 8993 
12 54 3 12 8932 
12 54 19 13 8932 
12 54 33 12 8932 
12 54 49 13 8932 
12 55 3 12 8932 
12 55 19 13 8932 
12 55 33 12 8993 
12 55 49 13 8932 
12 56 3 12 8993 
12 56 19 13 8993 
12 56 33 12 8993 
12 56 49 13 8932 
12 57 3 12 8993 
12 57 19 13 8932 
12 57 33 12 8993 
12 57 49 13 8932 
12 58 3 12 8932 
12 58 19 13 8932 
12 58 33 12 8932 
12 58 49 13 8932 
12 59 3 12 8993 
12 59 19 13 8993 
12 59 33 12 8993 
12 59 49 13 8993 
13 0 3 12 8993 
13 0 19 13 8932 
13 0 33 12 8932 
13 0 49 13 8932 
13 1 3 12 8993 
13 1 18 13 8932 
13 1 33 12 8932 
13 1 49 13 8993 
13 2 3 12 8932 
13 2 19 13 8932 
13 4 50 13 8932 
13 5 4 12 8932 
13 5 20 13 8932 
13 5 34 12 8932 
13 5 50 13 8932 
13 6 4 12 8932 
13 6 20 13 8932 
13 6 34 12 8932 
13 6 50 13 8932 
13 7 4 12 8932 
13 7 20 13 8932 
13 7 34 12 8932 
13 7 50 13 8932 
13 8 4 12 8932 
13 8 20 13 8932 
13 8 34 12 8993 
13 8 50 13 8932 
13 9 4 12 8932 
13 9 20 13 8932 
13 9 34 12 8932 
13 9 50 13 8932 
13 10 4 12 8932 
13 10 20 13 8932 
13 10 34 12 8932 
13 10 50 13 8932 
13 11 4 12 8932 
13 11 20 13 8993 
13 11 34 12 8932 
13 11 50 13 8932 
13 12 4 12 8932 
13 12 20 13 8932 
13 12 34 12 8932 
13 12 50 13 8932 
13 13 4 12 8932 
13 13 20 13 8932 
13 13 34 12 8932 
13 13 50 13 8932 
13 14 4 12 8932 
13 14 20 13 8932 
13 14 34 12 8993 
13 14 50 13 8932 
13 15 4 12 8932 
13 15 20 13 8932 
13 15 34 12 8932 
13 15 50 13 8932 
13 16 4 12 8932 
13 16 20 13 8932 
13 16 34 12 8993 
13 16 50 13 8932 
13 17 4 12 8932 
13 17 20 13 8932 
13 17 34 12 8993 
13 17 50 13 8932 
13 18 4 12 8932 
13 18 20 13 8932 
13 18 34 12 8932 
13 18 50 13 8993 
13 19 4 12 8932 
13 19 20 13 8932 
13 21 50 13 8932 
13 22 4 12 8932 
13 22 20 13 8932 
13 22 34 12 8932 
13 22 50 13 8932 
13 23 4 12 8932 
13 23 20 13 8932 
13 23 34 12 8932 
13 23 50 13 8993 
13 24 4 12 8932 
13 24 20 13 8932 
13 24 34 12 8932 
13 24 50 13 8932 
13 25 4 12 8932 
13 25 20 13 8993 
13 25 51 2 6744 

/> 