h
h
<CR>
Available commands
------------------
h or ?  ---------------> Alias for Help 
ls      ---------------> List of Files 
read XXXX -------------> read the daily file XXXX  (month/day) 
read_ramp XXXXXXXX ----> read the text file XXXXXXXX  (month/day/Hours/Minutes) 

/> 
ls
ls
<CR>
         TIME          Size       File name 
----A 2021/03/18 14:35     11264  0318
----A 2021/03/19 12:57      7784  0319
----A 2021/03/19 08:46    128000  03190831
----A 2021/03/19 09:03    128000  03190848
----A 2021/03/19 09:22    128000  03190905
----A 2021/03/19 09:39    128000  03190922
----A 2021/03/19 09:54    128000  03190939
----A 2021/03/19 10:11    128000  03190956
----A 2021/03/19 10:30    128000  03191013
----A 2021/03/19 10:47    128000  03191030
----A 2021/03/19 11:02    128000  03191047
----A 2021/03/19 11:19    128000  03191104
----A 2021/03/19 11:38    128000  03191121
----A 2021/03/19 11:55    128000  03191138
----A 2021/03/19 12:10    128000  03191155
----A 2021/03/19 12:27    128000  03191212
----A 2021/03/18 12:39    128000  03181221
----A 2021/03/18 12:55    128000  03181238
----A 2021/03/18 13:11    128000  03181255
----A 2021/03/19 12:46    128000  03191229
----A 2021/03/18 13:27    128000  03181312
----A 2021/03/18 13:47    128000  03181329
----A 2021/03/18 14:03    128000  03181346
----A 2021/03/18 14:19    128000  03181403
----A 2021/03/18 14:23      2560  03181420
----A 2021/03/19 12:46      2560  03191246
----A 2021/03/20 12:35      8120  0320
----A 2021/03/20 08:11    128000  03200756
----A 2021/03/20 08:31    128000  03200813
----A 2021/03/20 08:47    128000  03200830
----A 2021/03/20 09:03    128000  03200847
----A 2021/03/20 09:19    128640  03200904
----A 2021/03/20 09:37    128000  03200921
----A 2021/03/20 09:54    128000  03200938
----A 2021/03/20 10:11    128000  03200955
----A 2021/03/20 10:28    128000  03201013
----A 2021/03/20 10:45    128000  03201030
----A 2021/03/20 11:02    128000  03201047
----A 2021/03/20 11:19    128000  03201104
----A 2021/03/20 11:36    128000  03201121
----A 2021/03/20 11:53    128000  03201138
----A 2021/03/20 12:10    128000  03201155
----A 2021/03/20 12:27    128000  03201212
----A 2021/03/20 12:29      2560  03201229
----A 2021/03/21 12:47      4224  0321
----A 2021/03/21 10:47    128000  03211032
----A 2021/03/21 11:05    128000  03211049
----A 2021/03/21 11:21    128000  03211106
----A 2021/03/21 11:39    128000  03211123
----A 2021/03/21 11:55    128000  03211140
----A 2021/03/21 12:13    128000  03211157
----A 2021/03/21 12:29    128000  03211214
----A 2021/03/21 12:47    111360  03211231
----A 2021/03/22 13:26      9008  0322
----A 2021/03/22 08:30    128000  03220814
----A 2021/03/22 08:47    128000  03220831
----A 2021/03/22 09:04    129280  03220849
----A 2021/03/22 09:21    128000  03220906
----A 2021/03/22 09:38    128000  03220923
----A 2021/03/22 09:55    128640  03220940
----A 2021/03/22 10:12    128640  03220957
----A 2021/03/22 10:29    128000  03221014
----A 2021/03/22 10:46    128000  03221031
----A 2021/03/22 11:03    128000  03221048
----A 2021/03/22 11:20    128000  03221105
----A 2021/03/22 11:37    128000  03221122
----A 2021/03/22 11:54    128640  03221139
----A 2021/03/22 12:11    128000  03221156
----A 2021/03/22 12:29    129280  03221213
----A 2021/03/22 12:45    128640  03221230
----A 2021/03/22 13:02    128000  03221247
----A 2021/03/22 13:19    128000  03221304
----A 2021/03/22 13:21      2560  03221321

  73 File(s),   8231760 bytes total
   0 Dir(s),     992256K bytes free

/> 
read 0322
read 0322
<CR>Time:2021/03/22 13:21
Hours Minutes Seconds  Nb_Samples    Aver. Current 
7 59 12 12 5084 
7 59 27 13 6113 
7 59 42 12 6234 
7 59 57 13 6658 
8 0 12 12 6658 
8 0 27 13 6900 
8 0 42 12 7626 
8 0 57 13 7868 
8 1 12 12 7868 
8 1 27 13 8232 
8 1 42 12 8413 
8 1 57 13 8474 
8 2 12 12 8595 
8 2 27 13 8837 
8 2 42 12 8837 
8 2 57 13 8897 
8 3 12 12 8897 
8 3 27 13 8897 
8 3 43 13 8837 
8 3 57 12 8958 
8 4 12 12 8958 
8 4 27 13 8958 
8 4 42 12 8958 
8 4 57 13 8958 
8 5 12 12 8958 
8 5 27 13 8958 
8 5 42 12 8958 
8 5 57 13 8958 
8 6 12 12 8958 
8 6 27 13 8958 
8 6 42 12 8958 
8 6 57 13 8958 
8 7 12 12 8958 
8 7 27 13 8958 
8 7 42 12 8958 
8 7 57 13 8958 
8 8 12 12 8958 
8 8 42 13 8958 
8 8 58 13 8958 
8 9 12 12 8958 
8 9 27 12 8897 
8 9 42 13 8958 
8 9 57 12 8958 
8 10 12 13 8958 
8 10 27 12 8958 
8 10 42 13 8958 
8 10 58 13 8958 
8 11 12 12 8958 
8 11 27 12 8958 
8 11 42 13 8958 
8 11 57 12 8958 
8 12 12 13 8958 
8 12 27 12 8958 
8 12 42 13 8958 
8 12 57 12 8958 
8 15 30 13 8958 
8 15 45 12 8958 
8 16 0 13 8958 
8 16 15 12 8958 
8 16 30 13 8958 
8 16 45 12 8958 
8 17 0 13 8897 
8 17 15 12 8958 
8 17 30 13 8958 
8 17 45 12 8958 
8 18 0 13 8958 
8 18 15 12 8897 
8 18 30 13 8958 
8 18 45 12 8958 
8 19 0 13 8958 
8 19 15 12 8897 
8 19 30 13 8958 
8 19 45 12 8897 
8 20 0 13 8897 
8 20 15 12 8897 
8 20 30 13 8958 
8 20 45 12 8958 
8 21 0 13 8958 
8 21 15 12 8958 
8 21 30 13 8958 
8 21 45 12 8897 
8 22 0 13 8897 
8 22 15 12 8897 
8 22 30 13 8958 
8 22 45 12 8958 
8 23 0 13 8958 
8 23 15 12 8897 
8 23 30 13 8897 
8 23 45 12 8958 
8 24 0 13 8958 
8 24 15 12 8897 
8 24 30 13 8958 
8 24 45 12 8958 
8 25 0 13 8958 
8 25 15 12 8958 
8 25 30 13 8958 
8 25 45 12 8958 
8 26 0 13 8958 
8 26 15 12 8897 
8 26 30 13 8897 
8 26 45 12 8958 
8 27 0 13 8958 
8 27 15 12 8958 
8 27 30 13 8958 
8 27 45 12 8897 
8 28 0 13 8958 
8 28 15 12 8897 
8 28 30 13 8958 
8 28 45 12 8897 
8 29 0 13 8958 
8 29 15 12 8958 
8 29 30 13 8958 
8 29 45 12 8958 
8 30 0 13 8958 
8 32 32 13 8897 
8 32 46 12 8958 
8 33 2 13 8958 
8 33 16 12 8897 
8 33 32 13 8897 
8 33 46 12 8958 
8 34 2 13 8958 
8 34 16 12 8958 
8 34 32 13 8958 
8 34 46 12 8958 
8 35 2 13 8958 
8 35 16 12 8897 
8 35 32 13 8958 
8 35 46 12 8958 
8 36 2 13 8958 
8 36 16 12 8958 
8 36 32 13 8958 
8 36 46 12 8958 
8 37 2 13 8958 
8 37 16 12 8897 
8 37 32 13 8958 
8 37 46 12 8958 
8 38 2 13 8958 
8 38 16 12 8958 
8 38 32 13 8958 
8 38 46 12 8897 
8 39 2 13 8958 
8 39 16 12 8958 
8 39 32 13 8958 
8 39 46 12 8958 
8 40 2 13 8958 
8 40 16 12 8897 
8 40 32 13 8958 
8 40 46 12 8958 
8 41 2 13 8958 
8 41 16 12 8958 
8 41 32 13 8958 
8 41 46 12 8897 
8 42 2 13 8958 
8 42 16 12 8897 
8 42 32 13 8958 
8 42 46 12 8958 
8 43 2 13 8897 
8 43 16 12 8897 
8 43 32 13 8958 
8 43 46 12 8958 
8 44 2 13 8958 
8 44 17 13 8958 
8 44 32 12 8958 
8 44 46 12 8958 
8 45 2 13 8958 
8 45 16 12 8958 
8 45 32 13 8958 
8 45 46 12 8958 
8 46 2 13 8897 
8 46 16 12 8958 
8 46 32 13 8897 
8 46 46 12 8958 
8 47 2 13 8958 
8 49 33 13 8958 
8 49 47 12 8897 
8 50 3 13 8958 
8 50 17 12 8958 
8 50 47 12 8958 
8 51 3 13 8958 
8 51 17 12 8958 
8 51 33 13 8958 
8 51 47 12 8958 
8 52 3 13 8897 
8 52 17 12 8958 
8 52 33 13 8958 
8 52 47 12 8958 
8 53 3 13 8897 
8 53 17 12 8897 
8 53 33 13 8958 
8 53 47 12 8958 
8 54 3 13 8958 
8 54 17 12 8958 
8 54 33 13 8958 
8 54 47 12 8958 
8 55 3 13 8897 
8 55 17 12 8958 
8 55 33 13 8897 
8 55 47 12 8897 
8 56 3 13 8958 
8 56 17 12 8958 
8 56 33 13 8958 
8 56 47 12 8958 
8 57 3 13 8897 
8 57 17 12 8958 
8 57 33 13 8958 
8 57 47 12 8897 
8 58 3 13 8958 
8 58 17 12 8958 
8 58 33 13 8958 
8 59 3 13 8958 
8 59 17 12 8958 
8 59 33 13 8897 
8 59 47 12 8958 
9 0 3 13 8958 
9 0 17 12 8897 
9 0 33 13 8958 
9 0 47 12 8897 
9 1 3 13 8958 
9 1 17 12 8897 
9 1 33 13 8897 
9 1 47 12 8958 
9 2 3 13 8958 
9 2 17 12 8897 
9 2 33 13 8958 
9 2 47 12 8958 
9 3 3 13 8958 
9 3 17 12 8958 
9 3 33 13 8958 
9 3 47 12 8897 
9 4 3 13 8958 
9 6 34 12 8897 
9 6 50 13 8958 
9 7 4 12 8958 
9 7 20 13 8897 
9 7 35 13 8958 
9 7 50 12 8958 
9 8 4 12 8897 
9 8 20 13 8958 
9 8 34 12 8958 
9 8 50 13 8958 
9 9 4 12 8958 
9 9 20 13 8958 
9 9 34 12 8897 
9 9 50 13 8897 
9 10 4 12 8897 
9 10 20 13 8897 
9 10 34 12 8958 
9 10 50 13 8958 
9 11 4 12 8897 
9 11 20 13 8897 
9 11 34 12 8958 
9 11 49 13 8958 
9 12 4 12 8958 
9 12 20 13 8958 
9 12 34 12 8958 
9 12 50 13 8958 
9 13 4 12 8958 
9 13 20 13 8958 
9 13 34 12 8958 
9 13 50 13 8958 
9 14 4 12 8897 
9 14 20 13 8958 
9 14 34 12 8958 
9 14 50 13 8958 
9 15 4 12 8897 
9 15 20 13 8958 
9 15 35 13 8958 
9 15 50 12 8958 
9 16 4 12 8958 
9 16 20 13 8958 
9 16 34 12 8958 
9 16 50 13 8958 
9 17 4 12 8958 
9 17 20 13 8958 
9 17 34 12 8958 
9 17 50 13 8958 
9 18 4 12 8958 
9 18 20 13 8958 
9 18 34 12 8897 
9 18 50 13 8958 
9 19 4 12 8958 
9 19 20 13 8958 
9 19 34 12 8958 
9 19 50 13 8958 
9 20 4 12 8958 
9 20 20 13 8958 
9 20 34 12 8958 
9 20 50 13 8958 
9 21 4 12 8897 
9 23 34 12 8958 
9 23 50 13 8958 
9 24 4 12 8897 
9 24 20 13 8958 
9 24 35 13 8958 
9 24 50 12 8958 
9 25 5 13 8958 
9 25 20 12 8897 
9 25 35 13 8897 
9 25 50 12 8958 
9 26 5 13 8958 
9 26 20 12 8897 
9 26 35 13 8958 
9 26 50 12 8958 
9 27 5 13 8958 
9 27 20 12 8897 
9 27 35 13 8958 
9 27 50 12 8958 
9 28 5 13 8958 
9 28 20 12 8958 
9 28 35 13 8958 
9 28 50 12 8958 
9 29 5 13 8958 
9 29 20 12 8958 
9 29 35 13 8897 
9 29 50 12 8897 
9 30 5 13 8958 
9 30 20 12 8897 
9 30 35 13 8958 
9 30 50 12 8958 
9 31 5 13 8897 
9 31 20 12 8958 
9 31 35 13 8958 
9 31 50 12 8958 
9 32 5 13 8897 
9 32 20 12 8897 
9 32 35 13 8958 
9 32 50 12 8958 
9 33 5 13 8958 
9 33 20 12 8958 
9 33 35 13 8958 
9 33 50 12 8958 
9 34 5 13 8897 
9 34 20 12 8897 
9 34 35 13 8897 
9 34 50 12 8958 
9 35 5 13 8897 
9 35 20 12 8958 
9 35 35 13 8958 
9 35 50 12 8897 
9 36 5 13 8958 
9 36 20 12 8897 
9 36 35 13 8897 
9 36 50 12 8897 
9 37 5 13 8897 
9 37 20 12 8897 
9 37 35 13 8958 
9 37 50 12 8897 
9 38 5 13 8958 
9 40 35 13 8897 
9 40 50 12 8897 
9 41 5 13 8958 
9 41 20 12 8958 
9 41 35 13 8958 
9 41 50 12 8958 
9 42 5 13 8897 
9 42 20 12 8958 
9 42 35 13 8958 
9 42 50 12 8958 
9 43 5 13 8958 
9 43 20 12 8958 
9 43 35 13 8958 
9 43 50 12 8897 
9 44 5 13 8958 
9 44 20 12 8958 
9 44 35 13 8958 
9 44 50 12 8958 
9 45 5 13 8958 
9 45 20 12 8958 
9 45 35 13 8897 
9 45 50 12 8897 
9 46 5 13 8958 
9 46 35 13 8958 
9 46 50 12 8958 
9 47 5 13 8958 
9 47 19 12 8958 
9 47 35 13 8897 
9 47 50 12 8958 
9 48 5 13 8958 
9 48 19 12 8958 
9 48 35 13 8958 
9 48 50 12 8958 
9 49 5 13 8958 
9 49 20 12 8958 
9 49 35 13 8958 
9 49 50 12 8958 
9 50 5 13 8958 
9 50 20 12 8958 
9 50 35 13 8897 
9 50 50 12 8958 
9 51 5 13 8958 
9 51 20 12 8897 
9 51 35 13 8958 
9 51 50 12 8958 
9 52 5 13 8958 
9 52 20 12 8958 
9 52 35 13 8958 
9 52 50 12 8897 
9 53 5 13 8958 
9 53 20 12 8958 
9 53 35 13 8897 
9 53 50 12 8897 
9 54 5 13 8897 
9 54 20 12 8958 
9 54 35 13 8958 
9 54 50 12 8897 
9 55 5 13 8958 
9 57 36 13 8958 
9 57 50 12 8958 
9 58 6 13 8958 
9 58 20 12 8958 
9 58 36 13 8897 
9 58 50 12 8958 
9 59 6 13 8897 
9 59 20 12 8897 
9 59 36 13 8897 
9 59 50 12 8897 
10 0 6 13 8897 
10 0 21 13 8958 
10 0 36 12 8958 
10 0 50 12 8958 
10 1 6 13 8958 
10 1 20 12 8958 
10 1 36 13 8958 
10 1 50 12 8897 
10 2 6 13 8958 
10 2 20 12 8958 
10 2 36 13 8958 
10 2 50 12 8958 
10 3 6 13 8958 
10 3 20 12 8958 
10 3 36 13 8958 
10 3 50 12 8958 
10 4 6 13 8897 
10 4 21 13 8897 
10 4 36 12 8897 
10 4 50 12 8958 
10 5 6 13 8958 
10 5 20 12 8958 
10 5 36 13 8897 
10 5 50 12 8897 
10 6 6 13 8958 
10 6 20 12 8958 
10 6 36 13 8958 
10 6 50 12 8958 
10 7 6 13 8958 
10 7 20 12 8958 
10 7 51 13 8897 
10 8 5 12 8958 
10 8 21 13 8958 
10 8 35 12 8897 
10 8 51 13 8958 
10 9 6 13 8958 
10 9 21 12 8897 
10 9 36 13 8958 
10 9 51 12 8897 
10 10 6 13 8958 
10 10 21 12 8958 
10 10 36 13 8958 
10 10 51 12 8897 
10 11 6 13 8897 
10 11 21 12 8958 
10 11 36 13 8897 
10 11 51 12 8958 
10 12 6 13 8897 
10 14 37 13 8958 
10 14 53 13 8958 
10 15 7 12 8897 
10 15 21 12 8958 
10 15 37 13 8897 
10 15 51 12 8897 
10 16 7 13 8958 
10 16 21 12 8958 
10 16 37 13 8897 
10 16 51 12 8958 
10 17 7 13 8958 
10 17 21 12 8958 
10 17 37 13 8958 
10 17 51 12 8958 
10 18 7 13 8958 
10 18 21 12 8958 
10 18 37 13 8958 
10 18 51 12 8897 
10 19 7 13 8958 
10 19 21 12 8958 
10 19 37 13 8958 
10 19 51 12 8958 
10 20 7 13 8958 
10 20 21 12 8897 
10 20 37 13 8958 
10 20 51 12 8958 
10 21 7 13 8958 
10 21 21 12 8897 
10 21 37 13 8897 
10 21 51 12 8958 
10 22 7 13 8897 
10 22 21 12 8897 
10 22 37 13 8958 
10 22 51 12 8897 
10 23 7 13 8958 
10 23 21 12 8897 
10 23 37 13 8958 
10 23 51 12 8897 
10 24 7 13 8958 
10 24 21 12 8958 
10 24 37 13 8958 
10 24 51 12 8958 
10 25 7 13 8897 
10 25 21 12 8958 
10 25 37 13 8897 
10 25 51 12 8897 
10 26 7 13 8958 
10 26 21 12 8897 
10 26 37 13 8958 
10 26 51 12 8958 
10 27 7 13 8897 
10 27 21 12 8958 
10 27 37 13 8897 
10 27 51 12 8958 
10 28 7 13 8958 
10 28 21 12 8958 
10 28 37 13 8958 
10 28 51 12 8958 
10 29 7 13 8958 
10 31 38 13 8958 
10 31 53 12 8958 
10 32 8 13 8958 
10 32 23 12 8897 
10 32 38 13 8958 
10 32 53 12 8897 
10 33 8 13 8897 
10 33 23 12 8897 
10 33 38 13 8897 
10 33 53 12 8958 
10 34 8 13 8897 
10 34 23 12 8897 
10 34 38 13 8958 
10 34 53 12 8897 
10 35 8 13 8958 
10 35 23 12 8958 
10 35 38 13 8958 
10 35 53 12 8958 
10 36 8 13 8958 
10 36 23 12 8958 
10 36 38 13 8958 
10 36 52 12 8897 
10 37 8 13 8897 
10 37 23 12 8958 
10 37 38 13 8897 
10 37 53 12 8958 
10 38 8 13 8958 
10 38 23 12 8897 
10 38 38 13 8897 
10 38 53 12 8897 
10 39 8 13 8958 
10 39 23 12 8897 
10 39 38 13 8958 
10 39 53 12 8897 
10 40 8 13 8958 
10 40 23 12 8958 
10 40 38 13 8958 
10 40 53 12 8958 
10 41 8 13 8958 
10 41 23 12 8958 
10 41 38 13 8958 
10 41 53 12 8958 
10 42 8 13 8958 
10 42 23 12 8958 
10 42 38 13 8958 
10 42 53 12 8958 
10 43 8 13 8958 
10 43 23 12 8958 
10 43 38 13 8897 
10 43 53 12 8897 
10 44 8 13 8958 
10 44 23 12 8958 
10 44 38 13 8958 
10 44 53 12 8958 
10 45 8 13 8897 
10 45 23 12 8958 
10 45 38 13 8958 
10 45 53 12 8958 
10 46 8 13 8897 
10 48 39 13 8958 
10 48 54 12 8958 
10 49 9 13 8958 
10 49 24 12 8897 
10 49 39 13 8897 
10 49 54 12 8958 
10 50 9 13 8897 
10 50 24 12 8897 
10 50 39 13 8958 
10 50 54 12 8897 
10 51 9 13 8958 
10 51 24 12 8958 
10 51 39 13 8897 
10 51 54 12 8897 
10 52 9 13 8958 
10 52 24 12 8958 
10 52 39 13 8958 
10 52 54 12 8958 
10 53 9 13 8897 
10 53 24 12 8897 
10 53 39 13 8958 
10 53 54 12 8958 
10 54 9 13 8897 
10 54 24 12 8958 
10 54 39 13 8958 
10 54 54 12 8958 
10 55 9 13 8958 
10 55 24 12 8897 
10 55 39 13 8958 
10 55 54 12 8958 
10 56 9 13 8897 
10 56 24 12 8897 
10 56 39 13 8958 
10 56 54 12 8958 
10 57 9 13 8897 
10 57 24 12 8897 
10 57 39 13 8958 
10 57 54 12 8897 
10 58 9 13 8958 
10 58 24 12 8958 
10 58 39 13 8958 
10 58 54 12 8958 
10 59 9 13 8958 
10 59 24 12 8897 
10 59 39 13 8958 
10 59 54 12 8958 
11 0 9 13 8958 
11 0 24 12 8897 
11 0 39 13 8897 
11 0 54 12 8897 
11 1 9 13 8958 
11 1 24 12 8958 
11 1 39 13 8958 
11 1 54 12 8958 
11 2 9 13 8958 
11 2 24 12 8958 
11 2 39 13 8958 
11 2 54 12 8897 
11 3 9 13 8958 
11 5 39 13 8958 
11 5 54 12 8958 
11 6 9 13 8897 
11 6 24 12 8958 
11 6 39 13 8958 
11 6 54 12 8958 
11 7 9 13 8897 
11 7 24 12 8958 
11 7 39 13 8897 
11 7 54 12 8897 
11 8 9 13 8958 
11 8 24 12 8897 
11 8 39 13 8897 
11 8 54 12 8897 
11 9 9 13 8958 
11 9 24 12 8958 
11 9 39 13 8958 
11 9 54 12 8958 
11 10 9 13 8897 
11 10 24 12 8897 
11 10 39 13 8958 
11 10 54 12 8958 
11 11 9 13 8958 
11 11 24 12 8958 
11 11 39 13 8958 
11 11 54 12 8958 
11 12 9 13 8897 
11 12 24 12 8897 
11 12 39 13 8958 
11 12 54 12 8958 
11 13 9 13 8958 
11 13 24 12 8958 
11 13 39 13 8958 
11 13 54 12 8958 
11 14 9 13 8958 
11 14 24 12 8897 
11 14 39 13 8897 
11 14 54 12 8897 
11 15 9 13 8958 
11 15 24 12 8897 
11 15 39 13 8958 
11 15 54 12 8958 
11 16 9 13 8897 
11 16 24 12 8958 
11 16 39 13 8958 
11 16 54 12 8897 
11 17 9 13 8897 
11 17 24 12 8897 
11 17 39 13 8958 
11 17 54 12 8897 
11 18 9 13 8958 
11 18 24 12 8958 
11 18 39 13 8958 
11 18 54 12 8897 
11 19 9 13 8897 
11 19 24 12 8958 
11 19 39 13 8958 
11 19 54 12 8958 
11 20 9 13 8897 
11 22 41 13 8958 
11 22 55 12 8897 
11 23 11 13 8958 
11 23 25 12 8897 
11 23 41 13 8897 
11 23 55 12 8958 
11 24 11 13 8958 
11 24 25 12 8958 
11 24 41 13 8958 
11 24 55 12 8958 
11 25 11 13 8958 
11 25 25 12 8897 
11 25 41 13 8958 
11 25 55 12 8958 
11 26 11 13 8958 
11 26 25 12 8958 
11 26 41 13 8958 
11 26 55 12 8958 
11 27 11 13 8897 
11 27 25 12 8897 
11 27 41 13 8958 
11 27 55 12 8958 
11 28 10 13 8958 
11 28 25 12 8897 
11 28 41 13 8958 
11 28 55 12 8958 
11 29 11 13 8897 
11 29 25 12 8958 
11 29 41 13 8958 
11 29 55 12 8958 
11 30 11 13 8897 
11 30 25 12 8958 
11 30 41 13 8958 
11 30 55 12 8958 
11 31 11 13 8897 
11 31 25 12 8897 
11 31 40 13 8958 
11 31 55 12 8897 
11 32 11 13 8897 
11 32 25 12 8958 
11 32 41 13 8958 
11 32 55 12 8958 
11 33 11 13 8897 
11 33 25 12 8958 
11 33 41 13 8897 
11 33 55 12 8897 
11 34 11 13 8958 
11 34 25 12 8958 
11 34 41 13 8897 
11 34 55 12 8958 
11 35 11 13 8958 
11 35 25 12 8897 
11 35 41 13 8897 
11 35 55 12 8897 
11 36 11 13 8958 
11 36 25 12 8958 
11 36 41 13 8958 
11 36 55 12 8958 
11 37 11 13 8958 
11 39 41 13 8958 
11 39 55 12 8897 
11 40 11 13 8958 
11 40 25 12 8958 
11 40 41 13 8897 
11 40 55 12 8897 
11 41 11 13 8958 
11 41 25 12 8958 
11 41 41 13 8958 
11 41 55 12 8958 
11 42 11 13 8958 
11 42 25 12 8897 
11 42 41 13 8958 
11 42 55 12 8897 
11 43 11 13 8958 
11 43 25 12 8897 
11 43 40 13 8958 
11 43 55 12 8897 
11 44 11 13 8958 
11 44 25 12 8958 
11 44 41 13 8897 
11 45 11 13 8897 
11 45 25 12 8897 
11 45 41 13 8958 
11 45 55 12 8958 
11 46 11 13 8958 
11 46 25 12 8958 
11 46 41 13 8958 
11 46 55 12 8958 
11 47 11 13 8958 
11 47 25 12 8897 
11 47 41 13 8897 
11 47 55 12 8958 
11 48 11 13 8958 
11 48 25 12 8958 
11 48 41 13 8958 
11 48 55 12 8958 
11 49 11 13 8958 
11 49 25 12 8958 
11 49 41 13 8897 
11 49 55 12 8897 
11 50 11 13 8897 
11 50 25 12 8897 
11 50 41 13 8897 
11 50 55 12 8958 
11 51 11 13 8958 
11 51 25 12 8958 
11 51 41 13 8897 
11 51 55 12 8897 
11 52 11 13 8958 
11 52 25 12 8897 
11 52 41 13 8958 
11 52 55 12 8958 
11 53 11 13 8958 
11 53 25 12 8897 
11 53 41 13 8958 
11 53 55 12 8958 
11 54 11 13 8958 
11 56 41 12 8958 
11 56 57 13 8958 
11 57 11 12 8958 
11 57 27 13 8958 
11 57 41 12 8958 
11 57 57 13 8958 
11 58 11 12 8897 
11 58 27 13 8897 
11 58 41 12 8897 
11 58 57 13 8958 
11 59 11 12 8958 
11 59 27 13 8897 
11 59 41 12 8958 
11 59 57 13 8958 
12 0 11 12 8958 
12 0 27 13 8958 
12 0 41 12 8958 
12 0 57 13 8897 
12 1 11 12 8897 
12 1 27 13 8897 
12 1 41 12 8958 
12 1 57 13 8897 
12 2 11 12 8897 
12 2 27 13 8958 
12 2 41 12 8958 
12 2 57 13 8958 
12 3 11 12 8897 
12 3 27 13 8958 
12 3 41 12 8958 
12 3 57 13 8958 
12 4 11 12 8958 
12 4 27 13 8958 
12 4 41 12 8958 
12 4 57 13 8897 
12 5 11 12 8897 
12 5 27 13 8958 
12 5 41 12 8958 
12 5 57 13 8958 
12 6 11 12 8897 
12 6 27 13 8958 
12 6 41 12 8958 
12 6 57 13 8958 
12 7 11 12 8897 
12 7 27 13 8958 
12 7 41 12 8958 
12 7 57 13 8958 
12 8 11 12 8958 
12 8 27 13 8958 
12 8 41 12 8958 
12 8 57 13 8897 
12 9 11 12 8897 
12 9 27 13 8958 
12 9 41 12 8958 
12 9 57 13 8958 
12 10 11 12 8958 
12 10 27 13 8958 
12 10 41 12 8958 
12 10 57 13 8897 
12 11 11 12 8958 
12 13 42 13 8958 
12 13 57 12 8958 
12 14 12 13 8958 
12 14 27 12 8897 
12 14 42 13 8897 
12 14 57 12 8897 
12 15 12 13 8958 
12 15 27 12 8897 
12 15 42 13 8958 
12 15 57 12 8958 
12 16 12 13 8958 
12 16 27 12 8958 
12 16 42 13 8958 
12 16 57 12 8958 
12 17 12 13 8958 
12 17 27 12 8958 
12 17 57 12 8958 
12 18 12 13 8958 
12 18 27 12 8958 
12 18 42 13 8897 
12 18 57 12 8897 
12 19 12 13 8958 
12 19 27 12 8958 
12 19 42 13 8897 
12 19 57 12 8958 
12 20 12 13 8897 
12 20 27 12 8958 
12 20 42 13 8958 
12 20 57 12 8897 
12 21 27 12 8958 
12 21 42 13 8958 
12 21 57 12 8958 
12 22 12 13 8958 
12 22 27 12 8958 
12 22 42 13 8958 
12 22 57 12 8958 
12 23 12 13 8958 
12 23 27 12 8958 
12 23 42 13 8958 
12 23 58 13 8958 
12 24 12 12 8958 
12 24 28 13 8958 
12 24 42 12 8958 
12 24 58 13 8958 
12 25 12 12 8897 
12 25 28 13 8958 
12 25 42 12 8958 
12 25 58 13 8958 
12 26 12 12 8897 
12 26 28 13 8897 
12 26 42 12 8958 
12 26 58 13 8958 
12 27 12 12 8958 
12 27 28 13 8958 
12 27 42 12 8958 
12 27 58 13 8897 
12 28 28 13 8958 
12 30 58 12 8897 
12 31 14 13 8958 
12 31 28 12 8958 
12 31 44 13 8958 
12 31 58 12 8958 
12 32 14 13 8897 
12 32 28 12 8897 
12 32 44 13 8958 
12 32 58 12 8958 
12 33 14 13 8958 
12 33 28 12 8958 
12 33 44 13 8958 
12 33 58 12 8958 
12 34 14 13 8958 
12 34 28 12 8958 
12 34 44 13 8958 
12 34 58 12 8958 
12 35 14 13 8958 
12 35 28 12 8897 
12 35 44 13 8958 
12 35 58 12 8958 
12 36 14 13 8958 
12 36 28 12 8958 
12 36 43 13 8958 
12 36 58 12 8958 
12 37 14 13 8958 
12 37 28 12 8958 
12 37 44 13 8958 
12 37 58 12 8958 
12 38 14 13 8958 
12 38 28 12 8958 
12 38 44 13 8958 
12 38 58 12 8958 
12 39 14 13 8958 
12 39 28 12 8897 
12 39 44 13 8958 
12 39 58 12 8958 
12 40 14 13 8958 
12 40 28 12 8958 
12 40 44 13 8958 
12 40 58 12 8958 
12 41 14 13 8897 
12 41 28 12 8958 
12 41 44 13 8958 
12 41 58 12 8958 
12 42 14 13 8958 
12 42 28 12 8958 
12 42 44 13 8958 
12 42 58 12 8958 
12 43 14 13 8897 
12 43 28 12 8958 
12 43 44 13 8958 
12 43 58 12 8958 
12 44 14 13 8958 
12 44 28 12 8958 
12 44 44 13 8958 
12 44 58 12 8958 
12 45 14 13 8958 
12 47 44 12 8958 
12 48 0 13 8958 
12 48 14 12 8958 
12 48 30 13 8958 
12 48 44 12 8958 
12 49 0 13 8958 
12 49 14 12 8958 
12 49 30 13 8958 
12 49 44 12 8958 
12 50 0 13 8958 
12 50 14 12 8958 
12 50 30 13 8958 
12 50 44 12 8958 
12 51 0 13 8958 
12 51 14 12 8958 
12 51 30 13 8958 
12 51 44 12 8958 
12 52 0 13 8958 
12 52 14 12 8958 
12 52 30 13 8958 
12 52 44 12 8958 
12 53 0 13 8958 
12 53 14 12 8958 
12 53 30 13 8958 
12 53 44 12 8897 
12 54 0 13 8958 
12 54 14 12 8958 
12 54 30 13 8958 
12 54 44 12 8958 
12 55 0 13 8958 
12 55 14 12 8958 
12 55 30 13 8958 
12 55 44 12 8958 
12 56 0 13 8958 
12 56 14 12 8958 
12 56 30 13 8958 
12 56 44 12 8958 
12 57 0 13 8958 
12 57 14 12 8958 
12 57 30 13 8958 
12 57 44 12 8958 
12 58 0 13 8958 
12 58 14 12 8958 
12 58 30 13 8958 
12 58 44 12 8897 
12 59 0 13 8958 
12 59 14 12 8958 
12 59 30 13 8958 
12 59 44 12 8958 
13 0 0 13 8958 
13 0 14 12 8958 
13 0 30 13 8897 
13 0 44 12 8958 
13 1 0 13 8958 
13 1 14 12 8958 
13 1 30 13 8958 
13 1 44 12 8897 
13 2 0 13 8958 
13 2 14 12 8958 
13 4 44 12 8958 
13 5 0 13 8958 
13 5 14 12 8958 
13 5 30 13 8958 
13 5 44 12 8958 
13 6 0 13 8958 
13 6 14 12 8958 
13 6 30 13 8958 
13 6 44 12 8958 
13 7 0 13 8958 
13 7 14 12 8958 
13 7 30 13 8958 
13 7 44 12 8958 
13 8 0 13 8958 
13 8 14 12 8958 
13 8 30 13 8958 
13 8 44 12 8958 
13 9 0 13 8897 
13 9 14 12 8958 
13 9 30 13 8958 
13 9 44 12 8897 
13 10 0 13 8897 
13 10 14 12 8897 
13 10 30 13 8897 
13 10 44 12 8958 
13 11 0 13 8958 
13 11 14 12 8958 
13 11 30 13 8958 
13 11 44 12 8958 
13 12 0 13 8958 
13 12 14 12 8958 
13 12 30 13 8958 
13 12 44 12 8958 
13 13 0 13 8958 
13 13 14 12 8958 
13 13 30 13 8958 
13 13 44 12 8958 
13 14 0 13 8958 
13 14 14 12 8958 
13 14 30 13 8897 
13 14 44 12 8958 
13 15 0 13 8958 
13 15 14 12 8958 
13 15 30 13 8958 
13 15 44 12 8958 
13 16 0 13 8958 
13 16 14 12 8958 
13 16 30 13 8958 
13 16 44 12 8958 
13 17 0 13 8958 
13 17 14 12 8958 
13 17 30 13 8897 
13 17 44 12 8958 
13 18 0 13 8897 
13 18 14 12 8958 
13 18 30 13 8958 
13 18 44 12 8958 
13 19 0 13 8958 
13 19 14 12 8897 
13 21 44 12 8897 
13 22 0 13 8958 
13 22 14 12 8958 
13 22 30 13 8897 
13 22 44 12 8958 
13 23 0 13 8958 
13 23 14 12 8958 
13 23 30 13 8897 
13 23 44 12 8897 
13 24 0 13 8958 
13 24 14 12 8958 
13 24 30 13 8897 
13 24 44 12 8897 
13 25 0 13 8897 
13 25 14 12 8958 
13 25 30 13 8958 
13 26 1 4 7808 

/> 