ls
ls
<CR>
         TIME          Size       File name 
----A 2021/02/03 11:15      5400  0203
----A 2021/02/03 08:33    128000  02030818
----A 2021/02/03 08:50    128000  02030835
----A 2021/02/03 09:07    128000  02030852
----A 2021/02/03 09:24    128000  02030909
----A 2021/02/03 09:41    128000  02030926
----A 2021/02/03 09:58    128000  02030943
----A 2021/02/03 10:15    128000  02031000
----A 2021/02/03 10:32    128000  02031017
----A 2021/02/03 10:49    128000  02031034
----A 2021/02/03 11:06    128000  02031051
----A 2021/02/03 11:08      2560  02031108

  12 File(s),   1287960 bytes total
   0 Dir(s),     999264K bytes free

/> 
read 0203
read 0203
<CR>Time:2021/02/03 11:08
Hours Minutes Seconds  Nb_Samples    Aver. Current 
8 2 38 13 6234 
8 2 52 12 6295 
8 3 8 13 6355 
8 3 22 12 6355 
8 3 37 13 6355 
8 3 52 12 7021 
8 4 8 13 7989 
8 4 22 12 8413 
8 4 38 13 8776 
8 4 52 12 8958 
8 5 8 13 9018 
8 5 22 12 9018 
8 5 38 13 9018 
8 5 52 12 9018 
8 6 8 13 9018 
8 6 22 12 9018 
8 6 38 13 9018 
8 6 52 12 9018 
8 7 8 13 9018 
8 7 22 12 9018 
8 7 38 13 9018 
8 7 52 12 9018 
8 8 8 13 9018 
8 8 22 12 9018 
8 8 38 13 9018 
8 8 52 12 9018 
8 9 8 13 9018 
8 9 22 12 9018 
8 9 38 13 9018 
8 9 52 12 9018 
8 10 8 13 9018 
8 10 22 12 9018 
8 10 38 13 9018 
8 10 53 13 9018 
8 11 8 12 9018 
8 11 22 12 9018 
8 11 38 13 9018 
8 11 53 13 9018 
8 12 8 12 9018 
8 12 23 13 9018 
8 12 38 12 9018 
8 12 53 13 9018 
8 13 8 12 9018 
8 13 23 13 9018 
8 13 38 12 9018 
8 13 53 13 9018 
8 14 8 12 9018 
8 14 23 13 9018 
8 14 38 12 9018 
8 14 53 13 9018 
8 15 8 12 9018 
8 15 23 13 9018 
8 15 38 12 9018 
8 15 53 13 9018 
8 16 8 12 9018 
8 18 41 13 9018 
8 18 56 12 9018 
8 19 11 13 9018 
8 19 26 12 9018 
8 19 41 13 9018 
8 19 56 12 9018 
8 20 11 13 9018 
8 20 26 12 9018 
8 20 41 13 9018 
8 20 56 12 9018 
8 21 11 13 8958 
8 21 26 12 9018 
8 21 41 13 9018 
8 21 56 12 9018 
8 22 11 13 9018 
8 22 26 12 9018 
8 22 41 13 9018 
8 22 56 12 9018 
8 23 11 13 9018 
8 23 26 12 9018 
8 23 41 13 9018 
8 23 56 12 9018 
8 24 11 13 9018 
8 24 26 12 9018 
8 24 41 13 9018 
8 24 56 12 9018 
8 25 11 13 9018 
8 25 26 12 9018 
8 25 41 13 9018 
8 25 56 12 9018 
8 26 11 13 9018 
8 26 26 12 9018 
8 26 41 13 9018 
8 26 56 12 9018 
8 27 11 13 9018 
8 27 26 12 9018 
8 27 41 13 9018 
8 27 56 12 9018 
8 28 11 13 9018 
8 28 26 12 9018 
8 28 41 13 9018 
8 28 56 12 9018 
8 29 11 13 9018 
8 29 26 12 9018 
8 29 41 13 9018 
8 29 56 12 9018 
8 30 11 13 9018 
8 30 26 12 9018 
8 30 41 13 9018 
8 30 56 12 9018 
8 31 11 13 9018 
8 31 26 12 9018 
8 31 41 13 9018 
8 31 56 12 9018 
8 32 11 13 9018 
8 32 26 12 9018 
8 32 41 13 9018 
8 32 56 12 9018 
8 33 11 13 9018 
8 35 41 13 9018 
8 35 56 12 9018 
8 36 11 13 9018 
8 36 26 12 9018 
8 36 41 13 9018 
8 36 56 12 9018 
8 37 11 13 9018 
8 37 26 12 9018 
8 37 41 13 9018 
8 37 56 12 9018 
8 38 11 13 9018 
8 38 26 12 9018 
8 38 41 13 9018 
8 38 56 12 9018 
8 39 11 13 9018 
8 39 26 12 9018 
8 39 41 13 9018 
8 39 56 12 9018 
8 40 11 13 9018 
8 40 26 12 9018 
8 40 41 13 9018 
8 40 56 12 9018 
8 41 11 13 9018 
8 41 26 12 9018 
8 41 41 13 9018 
8 41 56 12 9018 
8 42 11 13 9018 
8 42 26 12 9018 
8 42 41 13 9018 
8 42 56 12 9018 
8 43 11 13 9018 
8 43 26 12 9018 
8 43 41 13 9018 
8 43 56 12 9018 
8 44 11 13 9018 
8 44 26 12 9018 
8 44 41 13 9018 
8 44 56 12 9018 
8 45 11 13 9018 
8 45 26 12 9018 
8 45 41 13 9018 
8 45 56 12 9018 
8 46 11 13 9018 
8 46 26 12 9018 
8 46 41 13 8958 
8 46 56 12 9018 
8 47 11 13 9018 
8 47 26 12 9018 
8 47 41 13 9018 
8 47 56 12 9018 
8 48 11 13 9018 
8 48 26 12 9018 
8 48 41 13 9018 
8 48 56 12 8958 
8 49 11 13 9018 
8 49 26 12 9018 
8 49 41 13 9018 
8 49 56 12 9018 
8 50 11 13 9018 
8 52 41 13 9018 
8 52 56 12 9018 
8 53 11 13 9018 
8 53 26 12 9018 
8 53 41 13 9018 
8 53 56 12 9018 
8 54 11 13 9018 
8 54 26 12 9018 
8 54 41 13 9018 
8 54 56 12 9018 
8 55 11 13 9018 
8 55 26 12 9018 
8 55 41 13 9018 
8 55 56 12 9018 
8 56 11 13 9018 
8 56 26 12 9018 
8 56 41 13 9018 
8 56 56 12 9018 
8 57 11 13 9018 
8 57 26 12 9018 
8 57 41 13 9018 
8 57 56 12 9018 
8 58 11 13 9018 
8 58 26 12 9018 
8 58 41 13 9018 
8 58 56 12 9018 
8 59 11 13 9018 
8 59 26 12 9018 
8 59 41 13 9018 
8 59 56 12 9018 
9 0 11 13 9018 
9 0 26 12 9018 
9 0 41 13 9018 
9 0 56 12 9018 
9 1 11 13 9018 
9 1 26 12 9018 
9 1 41 13 9018 
9 1 56 12 9018 
9 2 11 13 9018 
9 2 26 12 9018 
9 2 41 13 9018 
9 2 56 12 9018 
9 3 11 13 9018 
9 3 26 12 9018 
9 3 41 13 9018 
9 3 56 12 9018 
9 4 11 13 9018 
9 4 26 12 9018 
9 4 41 13 9018 
9 4 56 12 9018 
9 5 11 13 9018 
9 5 26 12 9018 
9 5 41 13 9018 
9 5 56 12 9018 
9 6 11 13 9018 
9 6 26 12 9018 
9 6 41 13 9018 
9 6 56 12 9018 
9 7 11 13 9018 
9 9 41 13 9018 
9 9 56 12 9018 
9 10 11 13 9018 
9 10 26 12 9018 
9 10 41 13 9018 
9 10 56 12 9018 
9 11 11 13 9018 
9 11 26 12 9018 
9 11 41 13 9018 
9 11 56 12 9018 
9 12 11 13 9018 
9 12 26 12 9018 
9 12 41 13 9018 
9 12 56 12 9018 
9 13 11 13 9018 
9 13 26 12 9018 
9 13 41 13 9018 
9 13 56 12 9018 
9 14 11 13 9018 
9 14 26 12 9018 
9 14 41 13 9018 
9 14 56 12 9018 
9 15 11 13 9018 
9 15 26 12 9018 
9 15 41 13 9018 
9 15 56 12 9018 
9 16 11 13 9018 
9 16 26 12 9018 
9 16 41 13 9018 
9 16 56 12 9018 
9 17 11 13 9018 
9 17 26 12 9018 
9 17 41 13 9018 
9 17 56 12 9018 
9 18 11 13 9018 
9 18 26 12 9018 
9 18 41 13 9018 
9 18 56 12 9018 
9 19 11 13 9018 
9 19 26 12 9018 
9 19 41 13 9018 
9 19 56 12 9018 
9 20 11 13 9018 
9 20 26 12 9018 
9 20 41 13 9018 
9 20 56 12 9018 
9 21 11 13 9018 
9 21 26 12 9018 
9 21 41 13 9018 
9 21 56 12 9018 
9 22 11 13 9018 
9 22 26 12 8958 
9 22 41 13 9018 
9 22 56 12 9018 
9 23 11 13 9018 
9 23 26 12 9018 
9 23 41 13 9018 
9 23 56 12 9018 
9 24 11 13 9018 
9 26 43 13 9018 
9 26 57 12 9018 
9 27 13 13 9018 
9 27 27 12 9018 
9 27 43 13 9018 
9 27 57 12 9018 
9 28 13 13 9018 
9 28 27 12 9018 
9 28 43 13 9018 
9 28 57 12 9018 
9 29 13 13 9018 
9 29 27 12 9018 
9 29 43 13 9018 
9 29 57 12 8958 
9 30 13 13 9018 
9 30 27 12 9018 
9 30 43 13 9018 
9 30 57 12 9018 
9 31 13 13 9018 
9 31 27 12 9018 
9 31 43 13 9018 
9 31 57 12 9018 
9 32 13 13 9018 
9 32 27 12 9018 
9 32 43 13 9018 
9 32 57 12 9018 
9 33 13 13 9018 
9 33 27 12 9018 
9 33 43 13 9018 
9 33 57 12 9018 
9 34 13 13 9018 
9 34 27 12 9018 
9 34 43 13 9018 
9 34 57 12 9018 
9 35 13 13 9018 
9 35 27 12 9018 
9 35 43 13 9018 
9 35 57 12 9018 
9 36 13 13 9018 
9 36 27 12 9018 
9 36 43 13 9018 
9 36 57 12 9018 
9 37 13 13 9018 
9 37 27 12 9018 
9 37 43 13 9018 
9 37 57 12 9018 
9 38 13 13 9018 
9 38 27 12 9018 
9 38 43 13 9018 
9 38 57 12 9018 
9 39 13 13 9018 
9 39 27 12 9018 
9 39 43 13 9018 
9 39 57 12 9018 
9 40 13 13 9018 
9 40 27 12 9018 
9 40 43 13 9018 
9 40 57 12 9018 
9 41 13 13 9018 
9 43 43 13 9018 
9 43 57 12 9018 
9 44 13 13 9018 
9 44 27 12 9018 
9 44 43 13 9018 
9 44 57 12 9018 
9 45 13 13 9018 
9 45 27 12 9018 
9 45 43 13 9018 
9 45 57 12 9018 
9 46 13 13 9018 
9 46 27 12 9018 
9 46 43 13 9018 
9 46 57 12 9018 
9 47 13 13 9018 
9 47 27 12 9018 
9 47 43 13 9018 
9 47 57 12 9018 
9 48 13 13 9018 
9 48 27 12 9018 
9 48 43 13 9018 
9 48 57 12 9018 
9 49 13 13 9018 
9 49 27 12 9018 
9 49 43 13 9018 
9 49 57 12 9018 
9 50 13 13 9018 
9 50 27 12 8958 
9 50 43 13 9018 
9 50 57 12 9018 
9 51 13 13 9018 
9 51 27 12 9018 
9 51 43 13 9018 
9 51 57 12 9018 
9 52 13 13 8958 
9 52 27 12 9018 
9 52 43 13 9018 
9 52 57 12 9018 
9 53 13 13 9018 
9 53 27 12 9018 
9 53 43 13 8958 
9 53 57 12 9018 
9 54 13 13 9018 
9 54 27 12 8958 
9 54 43 13 9018 
9 54 57 12 9018 
9 55 13 13 9018 
9 55 27 12 9018 
9 55 43 13 9018 
9 55 57 12 9018 
9 56 13 13 9018 
9 56 27 12 9018 
9 56 43 13 9018 
9 56 57 12 9018 
9 57 13 13 9018 
9 57 27 12 9018 
9 57 43 13 9018 
9 57 57 12 9018 
9 58 13 13 9018 
10 0 43 13 9018 
10 0 57 12 9018 
10 1 13 13 9018 
10 1 27 12 9018 
10 1 43 13 9018 
10 1 57 12 9018 
10 2 13 13 9018 
10 2 27 12 9018 
10 2 43 13 9018 
10 2 57 12 9018 
10 3 13 13 9018 
10 3 27 12 9018 
10 3 43 13 9018 
10 3 57 12 9018 
10 4 13 13 8958 
10 4 27 12 9018 
10 4 43 13 9018 
10 4 57 12 9018 
10 5 13 13 9018 
10 5 27 12 9018 
10 5 43 13 9018 
10 5 57 12 9018 
10 6 13 13 9018 
10 6 27 12 9018 
10 6 43 13 9018 
10 6 57 12 9018 
10 7 13 13 9018 
10 7 27 12 8958 
10 7 43 13 9018 
10 7 57 12 8958 
10 8 13 13 9018 
10 8 27 12 9018 
10 8 43 13 9018 
10 8 57 12 9018 
10 9 13 13 9018 
10 9 27 12 9018 
10 9 43 13 9018 
10 9 57 12 9018 
10 10 13 13 9018 
10 10 27 12 9018 
10 10 43 13 9018 
10 10 57 12 9018 
10 11 13 13 9018 
10 11 27 12 9018 
10 11 43 13 9018 
10 11 57 12 9018 
10 12 13 13 9018 
10 12 27 12 9018 
10 12 43 13 8958 
10 12 57 12 9018 
10 13 13 13 9018 
10 13 27 12 9018 
10 13 43 13 9018 
10 13 57 12 9018 
10 14 13 13 8958 
10 14 27 12 9018 
10 14 43 13 9018 
10 14 57 12 9018 
10 15 13 13 9018 
10 17 44 13 8958 
10 17 58 12 9018 
10 18 14 13 9018 
10 18 28 12 8958 
10 18 44 13 9018 
10 18 58 12 9018 
10 19 14 13 9018 
10 19 28 12 9018 
10 19 44 13 9018 
10 19 58 12 9018 
10 20 14 13 9018 
10 20 28 12 9018 
10 20 44 13 9018 
10 20 58 12 9018 
10 21 14 13 9018 
10 21 28 12 9018 
10 21 44 13 8958 
10 21 58 12 9018 
10 22 14 13 9018 
10 22 28 12 9018 
10 22 44 13 9018 
10 22 58 12 9018 
10 23 14 13 9018 
10 23 28 12 9018 
10 23 44 13 9018 
10 23 58 12 9018 
10 24 14 13 9018 
10 24 28 12 9018 
10 24 44 13 9018 
10 24 58 12 9018 
10 25 14 13 9018 
10 25 28 12 9018 
10 25 44 13 9018 
10 25 58 12 9018 
10 26 14 13 9018 
10 26 28 12 9018 
10 26 44 13 9018 
10 26 58 12 9018 
10 27 14 13 9018 
10 27 28 12 9018 
10 27 44 13 9018 
10 27 58 12 9018 
10 28 14 13 9018 
10 28 28 12 9018 
10 28 44 13 9018 
10 28 58 12 9018 
10 29 14 13 9018 
10 29 28 12 9018 
10 29 44 13 9018 
10 29 58 12 9018 
10 30 14 13 9018 
10 30 28 12 9018 
10 30 44 13 9018 
10 30 58 12 9018 
10 31 14 13 9018 
10 31 28 12 9018 
10 31 44 13 9018 
10 31 58 12 9018 
10 32 14 13 9018 
10 34 44 13 9018 
10 34 58 12 9018 
10 35 14 13 9018 
10 35 28 12 9018 
10 35 44 13 9018 
10 35 58 12 9018 
10 36 14 13 8958 
10 36 28 12 9018 
10 36 44 13 9018 
10 36 58 12 8958 
10 37 14 13 9018 
10 37 28 12 9018 
10 37 44 13 9018 
10 37 58 12 9018 
10 38 14 13 9018 
10 38 28 12 9018 
10 38 44 13 9018 
10 38 58 12 9018 
10 39 14 13 9018 
10 39 28 12 9018 
10 39 44 13 9018 
10 39 58 12 9018 
10 40 14 13 9018 
10 40 28 12 9018 
10 40 44 13 9018 
10 40 58 12 9018 
10 41 14 13 9018 
10 41 28 12 9018 
10 41 44 13 9018 
10 41 58 12 9018 
10 42 14 13 9018 
10 42 28 12 9018 
10 42 44 13 9018 
10 42 58 12 9018 
10 43 14 13 9018 
10 43 28 12 9018 
10 43 44 13 8958 
10 43 58 12 9018 
10 44 14 13 9018 
10 44 28 12 9018 
10 44 44 13 9018 
10 44 58 12 9018 
10 45 14 13 9018 
10 45 28 12 9018 
10 45 44 13 9018 
10 45 58 12 9018 
10 46 14 13 9018 
10 46 28 12 9018 
10 46 44 13 9018 
10 46 58 12 9018 
10 47 14 13 9018 
10 47 28 12 8958 
10 47 44 13 9018 
10 47 58 12 9018 
10 48 14 13 9018 
10 48 28 12 9018 
10 48 44 13 9018 
10 48 58 12 9018 
10 49 14 13 9018 
10 51 44 13 9018 
10 51 58 12 9018 
10 52 14 13 9018 
10 52 28 12 9018 
10 52 44 13 9018 
10 52 58 12 9018 
10 53 14 13 9018 
10 53 28 12 9018 
10 53 44 13 9018 
10 53 58 12 9018 
10 54 14 13 9018 
10 54 28 12 9018 
10 54 44 13 9018 
10 54 58 12 9018 
10 55 14 13 9018 
10 55 28 12 9018 
10 55 44 13 9018 
10 55 58 12 9018 
10 56 14 13 9018 
10 56 28 12 9018 
10 56 44 13 9018 
10 56 58 12 9018 
10 57 14 13 8958 
10 57 28 12 9018 
10 57 44 13 9018 
10 57 58 12 9018 
10 58 14 13 9018 
10 58 28 12 9018 
10 58 44 13 9018 
10 58 58 12 9018 
10 59 14 13 9018 
10 59 28 12 9018 
10 59 44 13 9018 
10 59 58 12 9018 
11 0 14 13 9018 
11 0 28 12 9018 
11 0 44 13 9018 
11 0 58 12 9018 
11 1 14 13 9018 
11 1 28 12 9018 
11 1 44 13 9018 
11 1 58 12 9018 
11 2 14 13 9018 
11 2 28 12 9018 
11 2 44 13 9018 
11 2 58 12 9018 
11 3 14 13 9018 
11 3 28 12 9018 
11 3 44 13 9018 
11 3 58 12 9018 
11 4 14 13 9018 
11 4 28 12 9018 
11 4 44 13 9018 
11 4 58 12 8958 
11 5 14 13 9018 
11 5 28 12 9018 
11 5 44 13 9018 
11 5 58 12 9018 
11 6 14 13 9018 
11 8 45 13 9018 
11 8 59 12 9018 
11 9 15 13 9018 
11 9 29 12 9018 
11 9 45 13 8958 
11 9 59 12 9018 
11 10 15 13 9018 
11 10 29 12 9018 
11 10 45 13 9018 
11 10 59 12 9018 
11 11 15 13 9018 
11 11 29 12 9018 
11 11 45 13 9018 
11 11 59 12 9018 
11 12 15 13 9018 
11 12 29 12 9018 
11 12 45 13 9018 
11 12 59 12 9018 
11 13 15 13 9018 
11 13 29 12 8958 
11 13 45 13 9018 
11 13 59 12 9018 
11 14 15 13 9018 
11 14 29 12 9018 
11 14 45 13 9018 
11 14 59 12 9018 
11 15 15 13 9018 
11 15 29 12 9018 
11 15 45 13 9018 
11 15 59 12 9018 

/> 