ls
ls
<CR>
         TIME          Size       File name 
----A 2021/02/03 11:15      5400  0203
----A 2021/02/03 08:33    128000  02030818
----A 2021/02/03 08:50    128000  02030835
----A 2021/02/03 09:07    128000  02030852
----A 2021/02/03 09:24    128000  02030909
----A 2021/02/03 09:41    128000  02030926
----A 2021/02/03 09:58    128000  02030943
----A 2021/02/03 10:15    128000  02031000
----A 2021/02/03 10:32    128000  02031017
----A 2021/02/03 10:49    128000  02031034
----A 2021/02/03 11:06    128000  02031051
----A 2021/02/03 11:08      2560  02031108
----A 2021/02/04 11:41      7632  0204
----A 2021/02/04 07:10    128000  02040655
----A 2021/02/04 07:27    128000  02040712
----A 2021/02/04 07:44    128000  02040729
----A 2021/02/04 08:01    128000  02040746
----A 2021/02/04 08:18    128000  02040803
----A 2021/02/04 08:35    128000  02040820
----A 2021/02/04 08:52    128000  02040837
----A 2021/02/04 09:09    128000  02040854
----A 2021/02/04 09:26    128000  02040911
----A 2021/02/04 09:28      2560  02040928
----A 2021/02/04 10:41    128000  02041025
----A 2021/02/04 10:57    128000  02041042
----A 2021/02/04 11:15    128000  02041059
----A 2021/02/04 11:31    128000  02041116
----A 2021/02/04 11:33      2560  02041133
----A 2021/02/05 10:19      7416  0205
----A 2021/02/05 05:49    128000  02050534
----A 2021/02/05 06:07    128000  02050551
----A 2021/02/05 06:23    128000  02050608
----A 2021/02/05 06:41    128000  02050625
----A 2021/02/05 06:57    128000  02050642
----A 2021/02/05 07:15    128000  02050659
----A 2021/02/05 07:31    128000  02050716
----A 2021/02/05 07:49    128000  02050733
----A 2021/02/05 08:05    128000  02050750
----A 2021/02/05 08:07      2560  02050807
----A 2021/02/05 09:14    128000  02050857
----A 2021/02/05 09:31    128000  02050914
----A 2021/02/05 09:46    128000  02050931
----A 2021/02/05 09:50      2560  02050948

  43 File(s),   4513248 bytes total
   0 Dir(s),     995968K bytes free

/> 
read 0205
read 0205
<CR>Time:2021/02/05 09:50
Hours Minutes Seconds  Nb_Samples    Aver. Current 
5 19 6 13 6597 
5 19 20 12 6658 
5 19 36 13 6658 
5 19 50 12 6658 
5 20 6 13 6718 
5 20 20 12 6839 
5 20 36 13 7929 
5 20 50 12 8413 
5 21 6 13 8655 
5 21 20 12 8837 
5 21 36 13 8958 
5 21 50 12 8958 
5 22 6 13 9018 
5 22 20 12 9018 
5 22 36 13 8958 
5 22 50 12 9018 
5 23 6 13 8958 
5 23 20 12 9018 
5 23 36 13 8958 
5 23 50 12 8958 
5 24 6 13 8958 
5 24 20 12 8958 
5 24 36 13 8958 
5 24 50 12 9018 
5 25 6 13 8958 
5 25 22 13 8958 
5 25 36 12 8958 
5 25 50 12 8958 
5 26 6 13 9018 
5 26 20 12 8958 
5 26 36 13 8958 
5 26 50 12 8958 
5 27 6 13 8958 
5 27 20 12 8958 
5 27 36 13 8958 
5 27 50 12 8958 
5 28 6 13 8958 
5 28 20 12 8958 
5 28 36 13 8958 
5 28 50 12 8958 
5 29 6 13 8958 
5 29 20 12 8958 
5 29 36 13 8958 
5 29 50 12 8958 
5 30 6 13 8958 
5 30 20 12 8958 
5 30 36 13 8958 
5 30 50 12 8958 
5 31 6 13 8958 
5 31 20 12 8958 
5 31 36 13 8958 
5 31 51 12 9018 
5 32 6 13 8958 
5 32 21 12 8958 
5 34 54 12 8958 
5 35 9 13 8958 
5 35 24 12 8958 
5 35 39 13 8958 
5 35 54 12 8958 
5 36 9 13 8958 
5 36 24 12 8958 
5 36 39 13 8958 
5 36 54 12 8958 
5 37 9 13 8958 
5 37 24 12 8958 
5 37 39 13 8958 
5 37 54 12 8958 
5 38 9 13 8958 
5 38 24 12 8958 
5 38 39 13 8958 
5 38 54 12 8958 
5 39 9 13 8958 
5 39 24 12 8958 
5 39 39 13 8958 
5 39 54 12 8958 
5 40 9 13 8958 
5 40 24 12 8958 
5 40 39 13 9018 
5 40 54 12 9018 
5 41 9 13 9018 
5 41 24 12 8958 
5 41 39 13 8958 
5 41 54 12 8958 
5 42 9 13 8958 
5 42 24 12 8958 
5 42 39 13 8958 
5 42 54 12 8958 
5 43 9 13 8958 
5 43 24 12 8958 
5 43 39 13 8958 
5 43 54 12 8958 
5 44 9 13 8958 
5 44 24 12 8958 
5 44 39 13 8958 
5 44 54 12 9018 
5 45 9 13 8958 
5 45 24 12 8958 
5 45 39 13 8958 
5 45 54 12 8958 
5 46 9 13 8958 
5 46 24 12 8958 
5 46 39 13 8958 
5 46 54 12 8958 
5 47 9 13 8958 
5 47 24 12 8958 
5 47 39 13 8958 
5 47 54 12 8958 
5 48 9 13 8958 
5 48 24 12 9018 
5 48 39 13 8958 
5 48 54 12 8958 
5 49 9 13 8958 
5 49 24 12 8958 
5 51 54 12 8958 
5 52 9 13 8958 
5 52 24 12 8958 
5 52 39 13 8958 
5 52 54 12 8958 
5 53 9 13 8958 
5 53 24 12 8958 
5 53 39 13 8958 
5 53 54 12 8958 
5 54 9 13 8958 
5 54 24 12 8958 
5 54 39 13 8958 
5 54 54 12 8958 
5 55 9 13 8958 
5 55 24 12 8958 
5 55 39 13 8958 
5 55 55 13 8958 
5 56 9 12 8958 
5 56 25 13 8958 
5 56 39 12 8958 
5 56 55 13 8958 
5 57 9 12 8958 
5 57 25 13 8958 
5 57 39 12 8958 
5 57 55 13 8958 
5 58 9 12 8958 
5 58 25 13 8958 
5 58 39 12 8958 
5 58 55 13 8958 
5 59 9 12 8958 
5 59 25 13 8958 
5 59 39 12 8958 
5 59 55 13 8958 
6 0 9 12 8958 
6 0 25 13 8958 
6 0 39 12 8958 
6 0 55 13 8958 
6 1 9 12 8958 
6 1 25 13 8958 
6 1 39 12 8958 
6 1 55 13 8958 
6 2 9 12 8958 
6 2 25 13 8958 
6 2 39 12 8958 
6 2 55 13 8958 
6 3 9 12 8958 
6 3 25 13 8958 
6 3 39 12 8958 
6 3 55 13 8958 
6 4 9 12 8958 
6 4 25 13 8958 
6 4 39 12 8958 
6 4 55 13 8958 
6 5 9 12 8958 
6 5 25 13 8958 
6 5 39 12 8958 
6 5 55 13 8958 
6 6 9 12 8958 
6 6 25 13 8958 
6 8 55 13 8958 
6 9 9 12 8958 
6 9 25 13 8958 
6 9 39 12 8958 
6 9 55 13 8958 
6 10 9 12 8958 
6 10 25 13 8958 
6 10 39 12 8958 
6 10 55 13 8958 
6 11 9 12 8958 
6 11 25 13 8958 
6 11 39 12 8958 
6 11 55 13 8958 
6 12 9 12 8958 
6 12 25 13 8958 
6 12 39 12 8958 
6 12 55 13 8958 
6 13 9 12 8958 
6 13 25 13 8958 
6 13 39 12 8958 
6 13 55 13 8958 
6 14 9 12 8958 
6 14 25 13 8958 
6 14 39 12 8958 
6 14 55 13 8958 
6 15 9 12 8958 
6 15 25 13 8958 
6 15 39 12 8958 
6 15 55 13 8958 
6 16 9 12 8958 
6 16 25 13 8958 
6 16 39 12 8958 
6 16 55 13 8958 
6 17 9 12 8958 
6 17 25 13 8958 
6 17 39 12 8958 
6 17 55 13 8958 
6 18 9 12 8958 
6 18 25 13 8958 
6 18 39 12 8958 
6 18 55 13 8958 
6 19 9 12 8958 
6 19 25 13 8958 
6 19 39 12 8958 
6 19 55 13 8958 
6 20 9 12 8958 
6 20 25 13 8958 
6 20 39 12 8958 
6 20 55 13 8958 
6 21 9 12 8958 
6 21 25 13 8958 
6 21 39 12 8958 
6 21 55 13 8958 
6 22 9 12 8958 
6 22 25 13 8958 
6 22 39 12 8958 
6 22 55 13 8958 
6 23 9 12 8958 
6 23 25 13 8958 
6 25 55 13 8958 
6 26 9 12 8958 
6 26 25 13 8958 
6 26 39 12 8958 
6 26 55 13 8958 
6 27 9 12 8958 
6 27 25 13 8958 
6 27 39 12 8958 
6 27 55 13 8958 
6 28 9 12 8958 
6 28 25 13 8958 
6 28 39 12 8958 
6 28 55 13 8958 
6 29 9 12 8958 
6 29 25 13 8958 
6 29 39 12 8958 
6 29 55 13 8958 
6 30 9 12 8958 
6 30 25 13 8958 
6 30 39 12 8958 
6 30 55 13 8958 
6 31 9 12 8958 
6 31 25 13 8958 
6 31 39 12 8958 
6 31 55 13 8958 
6 32 9 12 8958 
6 32 25 13 8958 
6 32 39 12 8958 
6 32 55 13 8958 
6 33 9 12 8958 
6 33 25 13 8958 
6 33 39 12 8958 
6 33 55 13 8958 
6 34 9 12 8958 
6 34 25 13 8958 
6 34 39 12 8958 
6 34 55 13 8958 
6 35 9 12 8958 
6 35 25 13 8958 
6 35 39 12 8958 
6 35 55 13 8958 
6 36 9 12 8958 
6 36 25 13 8958 
6 36 39 12 8958 
6 36 55 13 8958 
6 37 9 12 8958 
6 37 25 13 8958 
6 37 39 12 8958 
6 37 55 13 8958 
6 38 9 12 8958 
6 38 25 13 8958 
6 38 39 12 8958 
6 38 55 13 8958 
6 39 9 12 8958 
6 39 25 13 8958 
6 39 39 12 8958 
6 39 55 13 8958 
6 40 9 12 8958 
6 40 25 13 8958 
6 42 55 13 8958 
6 43 9 12 8958 
6 43 25 13 8958 
6 43 39 12 8958 
6 43 55 13 8958 
6 44 9 12 8958 
6 44 25 13 8958 
6 44 39 12 8958 
6 44 55 13 8958 
6 45 9 12 8958 
6 45 25 13 8958 
6 45 39 12 8958 
6 45 55 13 8958 
6 46 9 12 8958 
6 46 25 13 8958 
6 46 39 12 8958 
6 46 55 13 8958 
6 47 9 12 8958 
6 47 25 13 8958 
6 47 39 12 8958 
6 47 55 13 8958 
6 48 9 12 8958 
6 48 25 13 8958 
6 48 39 12 8958 
6 48 55 13 8958 
6 49 9 12 8958 
6 49 25 13 8958 
6 49 39 12 8958 
6 49 55 13 8958 
6 50 9 12 8958 
6 50 25 13 8958 
6 50 39 12 8958 
6 50 55 13 8958 
6 51 9 12 8958 
6 51 25 13 8958 
6 51 39 12 8958 
6 51 55 13 8958 
6 52 9 12 8958 
6 52 25 13 8958 
6 52 39 12 8958 
6 52 55 13 8958 
6 53 9 12 8958 
6 53 25 13 8958 
6 53 39 12 8958 
6 53 55 13 8958 
6 54 9 12 8958 
6 54 25 13 8958 
6 54 39 12 8958 
6 54 55 13 8958 
6 55 9 12 8958 
6 55 25 13 8958 
6 55 39 12 8958 
6 55 55 13 8958 
6 56 9 12 8958 
6 56 25 13 8958 
6 56 39 12 8958 
6 56 55 13 8958 
6 57 9 12 8958 
6 57 25 13 8958 
6 59 55 13 8958 
7 0 9 12 8958 
7 0 25 13 8958 
7 0 39 12 8958 
7 0 55 13 8958 
7 1 9 12 8958 
7 1 25 13 8958 
7 1 39 12 8958 
7 1 55 13 8958 
7 2 9 12 8958 
7 2 25 13 8958 
7 2 39 12 8958 
7 2 55 13 8958 
7 3 9 12 8958 
7 3 25 13 8958 
7 3 39 12 8958 
7 3 55 13 8958 
7 4 9 12 8958 
7 4 25 13 8958 
7 4 39 12 8958 
7 4 55 13 8958 
7 5 9 12 8958 
7 5 25 13 8958 
7 5 39 12 8958 
7 5 55 13 8958 
7 6 9 12 8958 
7 6 25 13 8958 
7 6 39 12 8958 
7 6 55 13 8958 
7 7 9 12 8958 
7 7 25 13 8958 
7 7 39 12 8958 
7 7 55 13 8958 
7 8 9 12 8958 
7 8 25 13 8958 
7 8 39 12 8958 
7 8 55 13 8958 
7 9 9 12 8958 
7 9 25 13 8958 
7 9 39 12 8958 
7 9 55 13 8958 
7 10 9 12 8958 
7 10 25 13 8958 
7 10 39 12 8958 
7 10 55 13 8958 
7 11 9 12 8958 
7 11 25 13 8958 
7 11 39 12 8958 
7 11 55 13 8958 
7 12 9 12 8958 
7 12 25 13 8958 
7 12 39 12 8958 
7 12 55 13 8958 
7 13 9 12 8958 
7 13 25 13 8958 
7 13 39 12 8958 
7 13 55 13 8958 
7 14 9 12 8958 
7 14 25 13 8958 
7 16 56 13 8958 
7 17 10 12 8958 
7 17 26 13 8958 
7 17 40 12 8958 
7 17 56 13 8958 
7 18 10 12 8958 
7 18 26 13 8958 
7 18 40 12 8958 
7 18 56 13 8958 
7 19 10 12 8958 
7 19 26 13 8958 
7 19 40 12 8958 
7 19 56 13 8958 
7 20 10 12 8958 
7 20 26 13 8958 
7 20 40 12 8958 
7 20 56 13 8958 
7 21 10 12 8958 
7 21 26 13 8958 
7 21 40 12 8958 
7 21 56 13 8958 
7 22 10 12 8958 
7 22 26 13 8958 
7 22 40 12 8958 
7 22 56 13 8958 
7 23 10 12 8958 
7 23 26 13 8958 
7 23 40 12 8958 
7 23 56 13 8958 
7 24 10 12 8958 
7 24 26 13 8958 
7 24 40 12 8958 
7 24 56 13 8958 
7 25 10 12 8958 
7 25 26 13 8958 
7 25 40 12 8958 
7 25 56 13 8958 
7 26 10 12 8958 
7 26 26 13 8958 
7 26 40 12 8958 
7 26 56 13 8958 
7 27 10 12 8958 
7 27 26 13 8958 
7 27 40 12 8958 
7 27 56 13 8958 
7 28 10 12 8958 
7 28 26 13 8958 
7 28 40 12 8958 
7 28 56 13 8958 
7 29 10 12 8958 
7 29 26 13 8958 
7 29 40 12 8958 
7 29 56 13 8958 
7 30 10 12 8958 
7 30 26 13 8958 
7 30 40 12 8958 
7 30 56 13 8958 
7 31 10 12 8958 
7 31 26 13 8958 
7 33 56 13 8958 
7 34 10 12 8958 
7 34 26 13 8958 
7 34 40 12 8958 
7 34 56 13 8958 
7 35 10 12 8958 
7 35 26 13 8958 
7 35 40 12 8958 
7 35 56 13 8958 
7 36 10 12 8958 
7 36 26 13 8958 
7 36 40 12 8958 
7 36 56 13 8958 
7 37 10 12 8958 
7 37 26 13 8958 
7 37 40 12 8958 
7 37 56 13 8958 
7 38 10 12 8958 
7 38 26 13 8958 
7 38 40 12 8958 
7 38 56 13 8958 
7 39 10 12 8958 
7 39 26 13 8958 
7 39 40 12 8958 
7 39 56 13 8958 
7 40 10 12 8958 
7 40 26 13 8958 
7 40 40 12 8958 
7 40 56 13 8958 
7 41 10 12 8958 
7 41 26 13 8958 
7 41 40 12 8958 
7 41 56 13 8958 
7 42 10 12 8958 
7 42 26 13 8958 
7 42 40 12 8958 
7 42 56 13 8958 
7 43 10 12 8958 
7 43 26 13 8958 
7 43 40 12 8958 
7 43 56 13 8958 
7 44 10 12 8958 
7 44 26 13 8958 
7 44 40 12 8958 
7 44 56 13 8958 
7 45 10 12 8958 
7 45 26 13 8958 
7 45 40 12 8958 
7 45 56 13 8958 
7 46 10 12 8958 
7 46 26 13 8958 
7 46 40 12 8958 
7 46 56 13 8958 
7 47 10 12 8958 
7 47 26 13 8958 
7 47 40 12 8958 
7 47 56 13 8958 
7 48 10 12 8958 
7 48 26 13 8958 
7 50 56 13 8958 
7 51 10 12 8958 
7 51 26 13 8958 
7 51 40 12 8958 
7 51 56 13 8958 
7 52 10 12 8958 
7 52 26 13 8958 
7 52 40 12 8958 
7 52 56 13 8958 
7 53 10 12 8958 
7 53 26 13 8958 
7 53 40 12 8958 
7 53 56 13 8958 
7 54 10 12 8958 
7 54 26 13 8958 
7 54 40 12 8958 
7 54 56 13 8958 
7 55 10 12 8958 
7 55 26 13 8958 
7 55 40 12 8958 
7 55 56 13 8958 
7 56 10 12 8958 
7 56 26 13 8958 
7 56 40 12 8958 
7 56 56 13 8958 
7 57 10 12 8958 
7 57 26 13 8958 
7 57 40 12 8958 
7 57 56 13 8958 
7 58 10 12 8958 
7 58 26 13 8958 
7 58 40 12 8958 
7 58 56 13 8958 
7 59 10 12 8958 
7 59 26 13 8958 
7 59 40 12 8958 
7 59 56 13 8958 
8 0 10 12 8958 
8 0 26 13 8958 
8 0 40 12 8958 
8 0 56 13 8897 
8 1 10 12 8958 
8 1 26 13 8958 
8 1 40 12 8958 
8 1 56 13 8958 
8 2 10 12 8958 
8 2 26 13 8958 
8 2 40 12 8958 
8 2 56 13 8958 
8 3 10 12 8958 
8 3 26 13 8958 
8 3 40 12 8958 
8 3 56 13 8958 
8 4 10 12 8958 
8 4 26 13 8958 
8 4 40 12 8958 
8 4 56 13 8958 
8 5 10 12 8958 
8 5 26 13 8958 
8 7 57 13 8958 
8 8 12 12 8958 
8 8 27 13 8958 
8 8 42 12 8958 
8 8 57 13 8958 
8 9 12 12 8958 
8 9 27 13 8958 
8 9 42 12 8958 
8 9 57 13 8958 
8 10 12 12 8958 
8 10 27 13 8958 
8 10 42 12 8958 
8 10 57 13 8958 
8 11 12 12 8958 
8 11 27 13 8958 
8 11 42 12 8958 
8 11 57 13 8958 
8 12 12 12 8958 
8 12 27 13 8958 
8 12 41 12 8958 
8 12 57 13 8958 
8 13 12 12 8958 
8 13 27 13 8958 
8 13 42 12 8958 
8 13 57 13 8958 
8 14 12 12 8958 
8 14 27 13 8958 
8 14 42 12 8897 
8 14 57 13 8958 
8 15 12 12 8958 
8 15 27 13 8958 
8 15 42 12 8958 
8 15 57 13 8958 
8 16 12 12 8958 
8 16 27 13 8958 
8 16 42 12 8958 
8 16 57 13 8897 
8 17 12 12 8958 
8 17 27 13 8958 
8 17 42 12 8958 
8 17 57 13 8958 
8 18 12 12 8958 
8 18 27 13 8958 
8 18 42 12 8958 
8 18 57 13 8958 
8 19 12 12 8958 
8 19 27 13 8958 
8 19 42 12 8958 
8 19 57 13 8958 
8 20 12 12 8958 
8 20 27 13 8958 
8 20 42 12 8958 
8 20 57 13 8958 
8 21 12 12 8958 
8 21 27 13 8958 
8 21 42 12 8958 
8 21 57 13 8958 
8 36 0 2 5629 
8 42 22 12 6718 
8 42 37 13 6718 
8 42 52 12 6718 
8 43 7 13 5810 
8 43 22 12 4781 
8 43 37 13 5023 
8 43 52 12 5568 
8 44 7 13 6658 
8 44 22 12 7747 
8 44 37 13 8232 
8 44 52 12 8655 
8 45 7 13 8958 
8 45 22 12 9018 
8 45 37 13 9018 
8 45 52 12 9018 
8 46 7 13 9018 
8 46 22 12 9018 
8 46 37 13 8958 
8 46 52 12 9018 
8 47 7 13 9018 
8 47 22 12 9018 
8 47 37 13 8958 
8 47 52 12 9018 
8 48 7 13 9018 
8 48 22 12 8958 
8 48 37 13 8958 
8 48 52 12 9018 
8 49 7 13 9018 
8 49 22 12 9018 
8 49 37 13 8958 
8 49 52 12 8958 
8 50 7 13 9018 
8 50 22 12 8958 
8 50 37 13 9018 
8 50 52 12 9018 
8 51 7 13 8958 
8 51 22 12 9018 
8 51 37 13 9018 
8 51 52 12 9018 
8 52 7 13 9018 
8 52 22 12 8958 
8 52 37 13 9018 
8 52 52 12 9018 
8 53 7 13 8958 
8 53 22 12 8958 
8 53 37 13 8958 
8 53 52 12 9018 
8 54 7 13 9018 
8 54 22 12 9018 
8 54 37 13 9018 
8 54 52 12 9018 
8 55 7 13 9018 
8 55 22 12 8958 
8 55 37 13 8958 
8 58 10 13 9018 
8 58 25 12 9018 
8 58 40 13 9018 
8 58 55 12 8958 
8 59 10 13 9018 
8 59 25 12 8958 
8 59 40 13 9018 
8 59 55 12 8958 
9 0 10 13 8958 
9 0 25 12 8958 
9 0 40 13 8958 
9 0 55 12 8958 
9 1 10 13 8958 
9 1 25 12 9018 
9 1 40 13 8958 
9 1 55 12 9018 
9 2 10 13 8958 
9 2 25 12 9018 
9 2 40 13 9018 
9 2 55 12 8958 
9 3 10 13 8958 
9 3 25 12 9018 
9 3 40 13 8958 
9 3 55 12 9018 
9 4 10 13 8958 
9 4 25 12 9018 
9 4 40 13 8958 
9 4 55 12 8958 
9 5 10 13 8958 
9 5 25 12 9018 
9 5 40 13 9018 
9 5 55 12 8958 
9 6 10 13 9018 
9 6 25 12 8958 
9 6 40 13 9018 
9 6 55 12 9018 
9 7 10 13 9018 
9 7 25 12 9018 
9 7 40 13 9018 
9 7 55 12 8958 
9 8 10 13 8958 
9 8 25 12 8958 
9 8 40 13 8958 
9 8 55 12 8958 
9 9 10 13 8958 
9 9 25 12 8958 
9 9 40 13 8958 
9 9 55 12 8958 
9 10 10 13 9018 
9 10 25 12 9018 
9 10 40 13 9018 
9 10 55 12 8958 
9 11 10 13 8958 
9 11 25 12 8958 
9 11 40 13 9018 
9 11 55 12 8958 
9 12 10 13 9018 
9 12 25 12 8958 
9 12 40 13 9018 
9 15 10 13 8958 
9 15 25 12 8958 
9 15 40 13 9018 
9 15 55 12 8958 
9 16 10 13 8958 
9 16 25 12 8958 
9 16 40 13 9018 
9 16 55 12 8958 
9 17 10 13 9018 
9 17 25 12 9018 
9 17 40 13 8958 
9 17 55 12 9018 
9 18 10 13 9018 
9 18 25 12 8958 
9 18 40 13 8958 
9 18 55 12 9018 
9 19 10 13 9018 
9 19 25 12 8958 
9 19 40 13 8958 
9 19 55 12 8958 
9 20 10 13 8958 
9 20 25 12 8958 
9 20 40 13 8958 
9 20 55 12 8958 
9 21 10 13 8958 
9 21 25 12 9018 
9 21 40 13 8958 
9 21 55 12 8958 
9 22 10 13 8958 
9 22 25 12 8958 
9 22 40 13 8958 
9 22 55 12 8958 
9 23 10 13 8958 
9 23 25 12 8958 
9 23 40 13 8958 
9 23 55 12 8958 
9 24 10 13 8958 
9 24 25 12 9018 
9 24 40 13 8958 
9 24 55 12 9018 
9 25 10 13 8958 
9 25 25 12 8958 
9 25 40 13 8958 
9 25 55 12 8958 
9 26 10 13 8958 
9 26 25 12 9018 
9 26 40 13 8958 
9 26 55 12 8958 
9 27 10 13 8958 
9 27 25 12 8958 
9 27 40 13 8958 
9 27 55 12 8958 
9 28 10 13 8958 
9 28 25 12 8958 
9 28 40 13 8958 
9 28 55 12 8958 
9 29 10 13 9018 
9 29 25 12 8958 
9 29 40 13 8958 
9 32 12 13 8958 
9 32 26 12 8958 
9 32 42 13 9018 
9 32 56 12 8958 
9 33 12 13 8958 
9 33 26 12 8958 
9 33 42 13 8958 
9 33 56 12 9018 
9 34 12 13 9018 
9 34 26 12 8958 
9 34 42 13 9018 
9 34 56 12 8958 
9 35 12 13 9018 
9 35 26 12 8958 
9 35 42 13 8958 
9 35 56 12 9018 
9 36 12 13 8958 
9 36 26 12 8958 
9 36 42 13 8958 
9 36 56 12 8958 
9 37 12 13 8958 
9 37 26 12 8958 
9 37 42 13 8958 
9 37 56 12 8958 
9 38 12 13 9018 
9 38 26 12 8958 
9 38 42 13 9018 
9 38 56 12 9018 
9 39 12 13 8958 
9 39 26 12 8958 
9 39 42 13 9018 
9 39 56 12 9018 
9 40 12 13 9018 
9 40 26 12 9018 
9 40 42 13 8958 
9 40 56 12 8958 
9 41 12 13 8958 
9 41 26 12 8958 
9 41 42 13 8958 
9 41 56 12 8958 
9 42 12 13 9018 
9 42 26 12 8958 
9 42 42 13 8958 
9 42 56 12 8958 
9 43 12 13 8958 
9 43 26 12 8958 
9 43 42 13 8958 
9 43 56 12 8958 
9 44 12 13 8958 
9 44 26 12 8958 
9 44 42 13 8958 
9 44 56 12 8958 
9 45 12 13 8958 
9 45 26 12 8958 
9 45 42 13 8958 
9 45 56 12 9018 
9 46 12 13 9018 
9 46 26 12 8958 
9 46 41 13 8958 
9 49 13 13 9018 
9 49 27 12 8958 
9 49 43 13 9018 
9 49 57 12 8958 
9 50 13 13 8958 
9 50 27 12 8958 
9 50 43 13 8958 
9 50 57 12 8958 
9 51 13 13 8958 
9 51 27 12 8958 
9 51 43 13 8958 
9 51 57 12 8958 
9 52 13 13 8958 
9 52 27 12 9018 
9 52 43 13 8958 
9 52 57 12 9018 
9 53 13 13 8958 
9 53 27 12 8958 
9 53 43 13 8958 
9 53 57 12 8958 
10 8 29 3 6779 
10 11 11 12 6174 
10 11 27 13 5447 
10 11 41 12 3873 
10 11 57 13 3147 
10 12 11 12 3571 
10 12 27 13 4297 
10 12 41 12 4479 
10 12 57 13 5145 
10 13 11 12 6295 
10 13 27 13 6960 
10 13 41 12 7747 
10 13 57 13 8534 
10 14 11 12 8958 
10 14 27 13 9018 
10 14 41 12 9018 
10 14 57 13 9018 
10 15 11 12 9018 
10 15 27 13 9018 
10 15 41 12 9018 
10 15 57 13 9018 
10 16 11 12 9018 
10 16 27 13 9018 
10 16 41 12 9018 
10 16 57 13 9018 
10 17 11 12 9018 
10 17 27 13 8958 
10 17 41 12 8958 
10 17 57 13 9018 
10 18 11 12 9018 
10 18 27 13 9018 
10 18 41 12 9018 
10 18 57 13 8534 

/> 