ls

ls
<CR>
         TIME          Size       File name 
----A 2021/02/03 11:15      5400  0203
----A 2021/02/03 08:33    128000  02030818
----A 2021/02/03 08:50    128000  02030835
----A 2021/02/03 09:07    128000  02030852
----A 2021/02/03 09:24    128000  02030909
----A 2021/02/03 09:41    128000  02030926
----A 2021/02/03 09:58    128000  02030943
----A 2021/02/03 10:15    128000  02031000
----A 2021/02/03 10:32    128000  02031017
----A 2021/02/03 10:49    128000  02031034
----A 2021/02/03 11:06    128000  02031051
----A 2021/02/03 11:08      2560  02031108
----A 2021/02/04 11:41      7632  0204
----A 2021/02/04 07:10    128000  02040655
----A 2021/02/04 07:27    128000  02040712
----A 2021/02/04 07:44    128000  02040729
----A 2021/02/04 08:01    128000  02040746
----A 2021/02/04 08:18    128000  02040803
----A 2021/02/04 08:35    128000  02040820
----A 2021/02/04 08:52    128000  02040837
----A 2021/02/04 09:09    128000  02040854
----A 2021/02/04 09:26    128000  02040911
----A 2021/02/04 09:28      2560  02040928
----A 2021/02/04 10:41    128000  02041025
----A 2021/02/04 10:57    128000  02041042
----A 2021/02/04 11:15    128000  02041059
----A 2021/02/04 11:31    128000  02041116
----A 2021/02/04 11:33      2560  02041133
----A 2021/02/05 10:19      7416  0205
----A 2021/02/05 05:49    128000  02050534
----A 2021/02/05 06:07    128000  02050551
----A 2021/02/05 06:23    128000  02050608
----A 2021/02/05 06:41    128000  02050625
----A 2021/02/05 06:57    128000  02050642
----A 2021/02/05 07:15    128000  02050659
----A 2021/02/05 07:31    128000  02050716
----A 2021/02/05 07:49    128000  02050733
----A 2021/02/05 08:05    128000  02050750
----A 2021/02/05 08:07      2560  02050807
----A 2021/02/05 09:14    128000  02050857
----A 2021/02/05 09:31    128000  02050914
----A 2021/02/05 09:46    128000  02050931
----A 2021/02/05 09:50      2560  02050948
----A 2021/02/06 10:11      5800  0206
----A 2021/02/06 07:13    128000  02060658
----A 2021/02/06 07:31    128000  02060715
----A 2021/02/06 07:47    128000  02060732
----A 2021/02/06 08:06    128000  02060749
----A 2021/02/06 08:23    128000  02060806
----A 2021/02/06 08:38    128000  02060823
----A 2021/02/06 08:55    128000  02060840
----A 2021/02/06 09:14    128000  02060857
----A 2021/02/06 09:31    128000  02060914
----A 2021/02/06 09:46    128000  02060931
----A 2021/02/06 10:03     66560  02060948
----A 2021/02/08 11:14      6504  0208
----A 2021/02/08 07:41    128000  02080725
----A 2021/02/08 07:58     35200  02080742
----A 2021/02/08 08:59    128000  02080844
----A 2021/02/08 09:17    128000  02080901
----A 2021/02/08 09:33    128000  02080918
----A 2021/02/08 09:51    128000  02080935
----A 2021/02/08 10:07    128000  02080952
----A 2021/02/08 10:25    128000  02081009
----A 2021/02/08 10:41    128000  02081026
----A 2021/02/08 10:59    128000  02081043
----A 2021/02/08 11:01      2560  02081100
----A 2021/02/09 11:37      9352  0209
----A 2021/02/09 06:24    128000  02090608
----A 2021/02/09 06:57    221440  02090625
----A 2021/02/09 07:15    128000  02090659
----A 2021/02/09 07:31    128000  02090716
----A 2021/02/09 07:33      2560  02090733
----A 2021/02/09 08:30    128000  02090814
----A 2021/02/09 08:47    128000  02090831
----A 2021/02/09 09:04    128000  02090848
----A 2021/02/09 09:21    128000  02090905
----A 2021/02/09 09:38    128000  02090922
----A 2021/02/09 09:55    128000  02090940
----A 2021/02/09 10:12    128000  02090957
----A 2021/02/09 10:29    128000  02091014
----A 2021/02/09 10:46    128000  02091031
----A 2021/02/09 11:03    128000  02091048
----A 2021/02/09 11:20    128000  02091105
----A 2021/02/09 11:37    128000  02091122
----A 2021/02/09 11:39      2560  02091139

  86 File(s),   9217784 bytes total
   0 Dir(s),     991168K bytes free

/> 
read 0209
read 0209
<CR>Time:2021/02/09 11:39
Hours Minutes Seconds  Nb_Samples    Aver. Current 
5 53 41 13 6174 
5 53 55 12 6900 
5 54 11 13 6960 
5 54 25 12 6960 
5 54 41 13 7021 
5 54 55 12 6960 
5 55 11 13 7384 
5 55 25 12 7929 
5 55 41 13 8171 
5 55 55 12 8110 
5 56 11 13 8534 
5 56 25 12 9018 
5 56 41 13 9018 
5 56 55 12 9018 
5 57 11 13 9018 
5 57 25 12 9018 
5 57 41 13 9018 
5 57 55 12 9018 
5 58 11 13 9018 
5 58 25 12 9018 
5 58 41 13 9018 
5 58 55 12 9018 
5 59 11 13 9018 
5 59 25 12 9018 
5 59 41 13 9018 
5 59 55 12 9018 
6 0 11 13 9018 
6 0 25 12 9018 
6 0 41 13 9018 
6 0 55 12 9018 
6 1 11 13 9018 
6 1 25 12 9018 
6 1 41 13 9018 
6 1 55 12 9018 
6 2 11 13 9018 
6 2 25 12 9018 
6 2 41 13 9018 
6 2 55 12 9018 
6 3 11 13 9018 
6 3 25 12 9018 
6 3 41 13 9018 
6 3 55 12 9018 
6 4 11 13 9018 
6 4 25 12 9018 
6 4 41 13 9018 
6 4 55 12 9018 
6 5 11 13 9018 
6 5 25 12 9018 
6 5 41 13 9018 
6 5 55 12 9018 
6 6 11 13 9018 
6 6 25 12 9018 
6 6 41 13 9018 
6 6 55 12 9018 
6 9 29 13 9018 
6 9 44 12 9018 
6 9 59 13 9018 
6 10 14 12 9018 
6 10 29 13 9018 
6 10 44 12 9018 
6 10 59 13 9018 
6 11 14 12 9018 
6 11 29 13 9018 
6 11 44 12 9018 
6 11 59 13 9018 
6 12 14 12 9018 
6 12 29 13 9018 
6 12 44 12 9018 
6 12 59 13 9018 
6 13 14 12 9018 
6 13 29 13 9018 
6 13 44 12 9018 
6 13 59 13 9018 
6 14 14 12 9018 
6 14 29 13 9018 
6 14 44 12 9018 
6 14 59 13 9018 
6 15 14 12 9018 
6 15 29 13 9018 
6 15 44 12 9018 
6 15 59 13 9018 
6 16 14 12 9018 
6 16 29 13 9018 
6 16 44 12 9018 
6 16 59 13 9018 
6 17 14 12 9018 
6 17 29 13 9018 
6 17 44 12 9018 
6 17 59 13 9018 
6 18 14 12 9018 
6 18 29 13 9018 
6 18 44 12 9018 
6 18 59 13 9018 
6 19 14 12 9018 
6 19 29 13 9018 
6 19 44 12 9018 
6 19 59 13 9018 
6 20 14 12 9018 
6 20 29 13 9018 
6 20 44 12 9018 
6 20 59 13 9018 
6 21 14 12 9018 
6 21 29 13 9018 
6 21 44 12 9018 
6 21 59 13 9018 
6 22 14 12 9018 
6 22 29 13 9018 
6 22 44 12 9018 
6 22 59 13 9018 
6 23 14 12 9018 
6 23 29 13 9018 
6 23 44 12 9018 
6 23 59 13 9018 
6 26 31 13 9018 
6 26 45 12 9018 
6 27 1 13 9018 
6 27 15 12 9018 
6 27 31 13 9018 
6 27 45 12 9018 
6 28 1 13 9018 
6 28 15 12 9018 
6 28 31 13 9018 
6 28 45 12 9018 
6 29 1 13 9018 
6 29 15 12 9018 
6 29 31 13 9018 
6 29 45 12 9018 
6 30 1 13 9018 
6 30 15 12 9018 
6 30 31 13 9018 
6 30 45 12 9018 
6 31 1 13 9018 
6 31 15 12 9018 
6 31 30 13 9018 
6 31 45 12 9018 
6 32 1 13 9018 
6 32 15 12 9018 
6 32 31 13 9018 
6 32 45 12 9018 
6 33 1 13 9018 
6 33 15 12 9018 
6 33 31 13 9018 
6 33 45 12 9018 
6 34 1 13 9018 
6 34 15 12 9018 
6 34 31 13 9018 
6 34 45 12 9018 
6 35 1 13 9018 
6 35 15 12 9018 
6 35 31 13 9018 
6 35 45 12 9018 
6 36 1 13 9018 
6 36 15 12 9018 
6 36 31 13 9018 
6 36 45 12 9018 
6 37 1 13 9018 
6 37 15 12 9018 
6 37 31 13 9018 
6 37 45 12 9018 
6 38 1 13 9018 
6 38 15 12 9018 
6 38 31 13 9018 
6 38 45 12 9018 
6 39 1 13 9018 
6 39 15 12 9018 
6 39 31 13 9018 
6 39 45 12 9018 
6 40 1 13 9018 
6 40 15 12 9018 
6 40 31 13 9018 
6 40 45 12 9018 
6 41 1 13 9018 
6 43 0 12 9018 
6 43 16 13 9018 
6 43 30 12 9018 
6 43 46 13 9018 
6 44 0 12 9018 
6 44 16 13 9018 
6 44 30 12 9018 
6 44 46 13 9018 
6 45 0 12 9018 
6 45 16 13 9018 
6 45 30 12 9018 
6 45 46 13 9018 
6 46 0 12 9018 
6 46 16 13 9018 
6 46 30 12 9018 
6 46 46 13 9018 
6 47 0 12 9018 
6 47 16 13 9018 
6 47 30 12 9018 
6 47 46 13 9018 
6 48 0 12 9018 
6 48 16 13 9018 
6 48 30 12 9018 
6 48 46 13 9018 
6 49 0 12 9018 
6 49 16 13 9018 
6 49 30 12 9018 
6 49 46 13 9018 
6 50 0 12 9018 
6 50 16 13 9018 
6 50 30 12 9018 
6 50 46 13 9018 
6 51 0 12 9018 
6 51 16 13 9018 
6 51 30 12 9018 
6 51 46 13 9018 
6 52 0 12 9018 
6 52 16 13 9018 
6 52 30 12 9018 
6 52 46 13 9018 
6 53 0 12 9018 
6 53 16 13 9018 
6 53 30 12 9018 
6 53 46 13 9018 
6 54 0 12 9018 
6 54 16 13 9018 
6 54 30 12 9018 
6 54 46 13 9018 
6 55 0 12 9018 
6 55 16 13 9018 
6 55 30 12 9018 
6 55 46 13 9018 
6 56 0 12 9018 
6 56 16 13 9018 
6 56 30 12 9018 
6 56 46 13 9018 
6 57 0 12 9018 
6 57 16 13 9018 
6 57 30 12 9018 
7 0 0 12 9018 
7 0 16 13 9018 
7 0 30 12 9018 
7 0 46 13 9018 
7 1 0 12 9018 
7 1 16 13 9018 
7 1 30 12 9018 
7 1 46 13 9018 
7 2 0 12 9018 
7 2 16 13 9018 
7 2 30 12 9018 
7 2 46 13 9018 
7 3 0 12 9018 
7 3 16 13 9018 
7 3 30 12 9018 
7 3 46 13 9018 
7 4 0 12 9018 
7 4 16 13 9018 
7 4 30 12 9018 
7 4 46 13 9018 
7 5 0 12 9018 
7 5 16 13 9018 
7 5 30 12 9018 
7 5 46 13 9018 
7 6 0 12 9018 
7 6 16 13 9018 
7 6 30 12 9018 
7 6 46 13 9018 
7 7 0 12 9018 
7 7 16 13 9018 
7 7 30 12 9018 
7 7 46 13 9018 
7 8 0 12 9018 
7 8 16 13 9018 
7 8 30 12 9018 
7 8 46 13 9018 
7 9 0 12 9018 
7 9 16 13 9018 
7 9 30 12 9018 
7 9 46 13 9018 
7 10 0 12 9018 
7 10 16 13 9018 
7 10 30 12 9018 
7 10 46 13 9018 
7 11 0 12 9018 
7 11 16 13 9018 
7 11 30 12 9018 
7 11 46 13 9018 
7 12 0 12 9018 
7 12 16 13 9018 
7 12 30 12 9018 
7 12 46 13 9018 
7 13 0 12 9018 
7 13 16 13 9018 
7 13 30 12 9018 
7 13 46 13 9018 
7 14 0 12 9018 
7 14 16 13 9018 
7 14 30 12 9018 
7 17 0 12 9018 
7 17 16 13 9018 
7 17 30 12 9018 
7 17 46 13 9018 
7 18 0 12 9018 
7 18 16 13 9018 
7 18 30 12 9018 
7 18 46 13 9018 
7 19 0 12 9018 
7 19 16 13 9018 
7 19 30 12 9018 
7 19 46 13 9018 
7 20 0 12 9018 
7 20 16 13 9018 
7 20 30 12 9018 
7 20 46 13 9018 
7 21 0 12 9018 
7 21 16 13 9018 
7 21 30 12 9018 
7 21 46 13 9018 
7 22 0 12 9018 
7 22 16 13 9018 
7 22 30 12 9018 
7 22 46 13 9018 
7 23 0 12 9018 
7 23 16 13 9018 
7 23 30 12 9018 
7 23 46 13 9018 
7 24 0 12 9018 
7 24 16 13 9018 
7 24 30 12 9018 
7 24 46 13 9018 
7 25 0 12 9018 
7 25 16 13 9018 
7 25 30 12 9018 
7 25 46 13 9018 
7 26 0 12 9018 
7 26 16 13 9018 
7 26 30 12 9018 
7 26 46 13 9018 
7 27 0 12 9018 
7 27 16 13 9018 
7 27 30 12 9018 
7 27 46 13 9018 
7 28 0 12 9018 
7 28 16 13 9018 
7 28 30 12 9018 
7 28 46 13 9018 
7 29 0 12 9018 
7 29 16 13 9018 
7 29 30 12 9018 
7 29 46 13 9018 
7 30 0 12 9018 
7 30 16 13 9018 
7 30 30 12 9018 
7 30 46 13 9018 
7 31 0 12 9018 
7 31 16 13 9018 
7 31 30 12 9018 
7 34 0 12 9018 
7 34 16 13 9018 
7 34 30 12 9018 
7 34 46 13 9018 
7 35 0 12 9018 
7 35 16 13 9018 
7 35 30 12 9018 
7 35 46 13 9018 
7 36 0 12 9018 
7 36 16 13 9018 
7 36 30 12 9018 
7 36 46 13 9018 
7 37 0 12 9018 
7 37 16 13 9018 
7 37 30 12 9018 
7 37 46 13 9018 
7 38 0 12 9018 
7 38 16 13 9018 
7 38 30 12 9018 
7 38 46 13 9018 
7 39 0 12 9018 
7 39 16 13 9018 
7 39 30 12 9018 
7 39 46 13 9018 
7 40 0 12 9018 
7 40 16 13 9018 
7 40 30 12 9018 
7 40 46 13 9018 
7 41 0 12 9018 
7 41 16 13 9018 
7 41 30 12 9018 
7 41 46 13 9018 
7 42 0 12 9018 
7 42 16 13 9018 
7 42 30 12 9018 
7 42 46 13 9018 
7 43 0 12 9018 
7 43 16 13 9018 
7 43 30 12 9018 
7 43 46 13 9018 
7 44 0 12 9018 
7 44 16 13 9018 
7 44 30 12 9018 
7 44 46 13 9018 
7 45 0 12 9018 
7 45 16 13 9018 
7 45 30 12 9018 
7 45 46 13 9018 
7 46 0 12 9018 
7 46 16 13 9018 
7 46 30 12 9018 
7 46 46 13 9018 
7 47 0 12 9018 
7 47 16 13 9018 
7 58 44 12 9018 
7 59 0 13 9018 
7 59 14 12 9018 
7 59 30 13 9018 
7 59 44 12 9018 
8 0 0 13 9018 
8 0 14 12 9018 
8 0 30 13 9018 
8 0 44 12 9018 
8 1 0 13 9018 
8 1 14 12 9018 
8 1 30 13 9018 
8 1 44 12 9018 
8 2 0 13 9018 
8 2 14 12 9018 
8 2 30 13 9018 
8 2 44 12 9018 
8 3 0 13 9018 
8 3 14 12 9018 
8 3 30 13 9018 
8 3 44 12 9018 
8 4 0 13 9018 
8 4 14 12 9018 
8 4 30 13 9018 
8 4 44 12 9018 
8 5 0 13 9018 
8 5 14 12 9018 
8 5 30 13 9018 
8 5 44 12 9018 
8 6 0 13 9018 
8 6 14 12 9018 
8 6 30 13 9018 
8 6 44 12 9018 
8 7 0 13 9018 
8 7 14 12 9018 
8 7 30 13 9018 
8 7 44 12 9018 
8 8 0 13 9018 
8 8 14 12 9018 
8 8 30 13 9018 
8 8 44 12 9018 
8 9 0 13 9018 
8 9 14 12 9018 
8 9 30 13 9018 
8 9 44 12 9018 
8 10 0 13 9018 
8 10 14 12 9018 
8 10 30 13 9018 
8 10 44 12 9018 
8 11 0 13 9018 
8 11 14 12 9018 
8 11 30 13 9018 
8 11 44 12 9018 
8 12 0 13 9018 
8 12 14 12 9018 
8 12 30 13 9018 
8 12 44 12 9018 
8 13 0 13 9018 
8 15 30 12 9018 
8 15 46 13 9018 
8 16 0 12 9018 
8 16 16 13 9018 
8 16 30 12 9018 
8 16 46 13 9018 
8 17 0 12 9018 
8 17 16 13 9018 
8 17 30 12 9018 
8 17 46 13 9018 
8 18 0 12 9018 
8 18 16 13 9018 
8 18 30 12 9018 
8 18 46 13 9018 
8 19 0 12 9018 
8 19 16 13 9018 
8 19 30 12 9018 
8 19 46 13 9018 
8 20 0 12 9018 
8 20 16 13 9018 
8 20 30 12 9018 
8 20 46 13 9018 
8 21 0 12 9018 
8 21 16 13 9018 
8 21 30 12 9018 
8 21 46 13 9018 
8 22 0 12 9018 
8 22 16 13 9018 
8 22 30 12 9018 
8 22 46 13 9018 
8 23 0 12 9018 
8 23 16 13 9018 
8 23 30 12 9018 
8 23 46 13 9018 
8 24 0 12 9018 
8 24 16 13 9018 
8 24 30 12 9018 
8 24 46 13 9018 
8 25 0 12 9018 
8 25 16 13 9018 
8 25 30 12 9018 
8 25 46 13 9018 
8 26 0 12 9018 
8 26 16 13 9018 
8 26 30 12 9018 
8 26 46 13 9018 
8 27 0 12 9018 
8 27 16 13 9018 
8 27 30 12 9018 
8 27 46 13 9018 
8 28 0 12 9018 
8 28 16 13 9018 
8 28 31 12 9018 
8 28 46 13 9018 
8 29 1 12 9018 
8 29 16 13 9018 
8 29 31 12 9018 
8 29 46 13 9018 
8 30 1 12 9018 
8 32 31 12 9018 
8 32 46 13 9018 
8 33 1 12 9018 
8 33 16 13 9018 
8 33 31 12 9018 
8 33 46 13 9018 
8 34 1 12 9018 
8 34 16 13 9018 
8 34 31 12 9018 
8 34 46 13 9018 
8 35 1 12 9018 
8 35 16 13 9018 
8 35 31 12 9018 
8 35 46 13 9018 
8 36 1 12 9018 
8 36 16 13 9018 
8 36 31 12 9018 
8 36 46 13 9018 
8 37 1 12 9018 
8 37 16 13 9018 
8 37 31 12 9018 
8 37 46 13 9018 
8 38 1 12 9018 
8 38 16 13 9018 
8 38 31 12 9018 
8 38 46 13 9018 
8 39 1 12 9018 
8 39 16 13 9018 
8 39 31 12 9018 
8 39 46 13 9018 
8 40 1 12 9018 
8 40 16 13 9018 
8 40 31 12 9018 
8 40 46 13 9018 
8 41 1 12 9018 
8 41 16 13 9018 
8 41 31 12 9018 
8 41 46 13 9018 
8 42 1 12 9018 
8 42 16 13 9018 
8 42 31 12 9018 
8 42 46 13 9018 
8 43 1 12 9018 
8 43 16 13 9018 
8 43 31 12 9018 
8 43 46 13 9018 
8 44 1 12 9018 
8 44 16 13 9018 
8 44 31 12 9018 
8 44 46 13 9018 
8 45 1 12 9018 
8 45 16 13 9018 
8 45 31 12 9018 
8 45 46 13 9018 
8 46 1 12 9018 
8 46 16 13 9018 
8 46 31 12 9018 
8 46 46 13 9018 
8 47 1 12 9018 
8 49 31 12 9018 
8 49 46 13 9018 
8 50 1 12 9018 
8 50 16 13 9018 
8 50 31 12 9018 
8 50 46 13 9018 
8 51 1 12 9018 
8 51 16 13 9018 
8 51 31 12 9018 
8 51 46 13 9018 
8 52 1 12 9018 
8 52 16 13 9018 
8 52 31 12 9018 
8 52 46 13 9018 
8 53 1 12 9018 
8 53 16 13 9018 
8 53 31 12 9018 
8 53 46 13 9018 
8 54 1 12 9018 
8 54 16 13 9018 
8 54 31 12 9018 
8 54 46 13 9018 
8 55 1 12 9018 
8 55 16 13 9018 
8 55 31 12 9018 
8 55 46 13 9018 
8 56 1 12 9018 
8 56 16 13 9018 
8 56 31 12 9018 
8 56 46 13 9018 
8 57 1 12 9018 
8 57 16 13 9018 
8 57 31 12 9018 
8 57 46 13 9018 
8 58 1 12 9018 
8 58 16 13 9018 
8 58 31 12 9018 
8 58 46 13 9018 
8 59 1 12 9018 
8 59 16 13 9018 
8 59 31 12 9018 
8 59 46 13 9018 
9 0 1 12 9018 
9 0 16 13 9018 
9 0 31 12 9018 
9 0 46 13 9018 
9 1 1 12 9018 
9 1 16 13 9018 
9 1 31 12 9018 
9 1 46 13 9018 
9 2 1 12 9018 
9 2 16 13 9018 
9 2 31 12 9018 
9 2 46 13 9018 
9 3 1 12 9018 
9 3 16 13 9018 
9 3 31 12 9018 
9 3 46 13 9018 
9 4 1 12 9018 
9 6 31 12 9018 
9 6 46 13 9018 
9 7 1 12 9018 
9 7 16 13 9018 
9 7 31 12 9018 
9 7 46 13 9018 
9 8 1 12 9018 
9 8 16 13 9018 
9 8 31 12 9018 
9 8 46 13 9018 
9 9 1 12 9018 
9 9 16 13 9018 
9 9 31 12 9018 
9 9 46 13 9018 
9 10 1 12 9018 
9 10 16 13 9018 
9 10 31 12 9018 
9 10 46 13 9018 
9 11 1 12 9018 
9 11 16 13 9018 
9 11 31 12 9018 
9 11 46 13 9018 
9 12 1 12 9018 
9 12 16 13 9018 
9 12 31 12 9018 
9 12 46 13 9018 
9 13 1 12 9018 
9 13 16 13 9018 
9 13 31 12 9018 
9 13 46 13 9018 
9 14 1 12 9018 
9 14 16 13 9018 
9 14 31 12 9018 
9 14 46 13 9018 
9 15 1 12 9018 
9 15 16 13 9018 
9 15 31 12 9018 
9 15 46 13 9018 
9 16 1 12 9018 
9 16 16 13 9018 
9 16 31 12 9018 
9 16 46 13 9018 
9 17 1 12 9018 
9 17 16 13 9018 
9 17 31 12 9018 
9 17 46 13 9018 
9 18 1 12 9018 
9 18 16 13 9018 
9 18 31 12 9018 
9 18 46 13 9018 
9 19 1 12 9018 
9 19 16 13 9018 
9 19 31 12 9018 
9 19 46 13 9018 
9 20 1 12 9018 
9 20 16 13 9018 
9 20 31 12 9018 
9 20 46 13 9018 
9 21 1 12 9018 
9 23 31 12 9018 
9 23 46 13 9018 
9 24 1 12 9018 
9 24 16 13 9018 
9 24 31 12 9018 
9 24 46 13 9018 
9 25 1 12 9018 
9 25 16 13 9018 
9 25 31 12 9018 
9 25 46 13 9018 
9 26 1 12 9018 
9 26 16 13 9018 
9 26 31 12 9018 
9 26 46 13 9018 
9 27 1 12 9018 
9 27 16 13 9018 
9 27 31 12 9018 
9 27 46 13 9018 
9 28 1 12 9018 
9 28 16 13 9018 
9 28 31 12 9018 
9 28 46 13 9018 
9 29 1 12 9018 
9 29 16 13 9018 
9 29 31 12 9018 
9 29 46 13 9018 
9 30 1 12 9018 
9 30 16 13 9018 
9 30 31 12 9018 
9 30 46 13 9018 
9 31 2 13 9018 
9 31 16 12 9018 
9 31 32 13 9018 
9 31 46 12 9018 
9 32 2 13 9018 
9 32 16 12 9018 
9 32 32 13 9018 
9 32 46 12 9018 
9 33 2 13 9018 
9 33 16 12 9018 
9 33 32 13 9018 
9 33 46 12 9018 
9 34 2 13 9018 
9 34 16 12 9018 
9 34 32 13 9018 
9 34 46 12 9018 
9 35 2 13 9018 
9 35 16 12 9018 
9 35 32 13 9018 
9 35 46 12 9018 
9 36 2 13 9018 
9 36 16 12 9018 
9 36 32 13 9018 
9 36 46 12 9018 
9 37 2 13 9018 
9 37 16 12 9018 
9 37 32 13 9018 
9 37 46 12 9018 
9 38 2 13 9018 
9 40 32 13 9018 
9 40 46 12 9018 
9 41 2 13 9018 
9 41 16 12 9018 
9 41 32 13 9018 
9 41 46 12 9018 
9 42 2 13 9018 
9 42 16 12 9018 
9 42 32 13 9018 
9 42 46 12 9018 
9 43 2 13 9018 
9 43 16 12 9018 
9 43 32 13 9018 
9 43 46 12 9018 
9 44 2 13 9018 
9 44 16 12 9018 
9 44 32 13 9018 
9 44 46 12 9018 
9 45 2 13 9018 
9 45 16 12 9018 
9 45 32 13 9018 
9 45 46 12 9018 
9 46 2 13 9018 
9 46 16 12 9018 
9 46 32 13 9018 
9 46 46 12 9018 
9 47 2 13 9018 
9 47 16 12 9018 
9 47 32 13 9018 
9 47 46 12 9018 
9 48 2 13 9018 
9 48 16 12 9018 
9 48 32 13 9018 
9 48 46 12 9018 
9 49 2 13 9018 
9 49 16 12 9018 
9 49 32 13 9018 
9 49 46 12 9018 
9 50 2 13 9018 
9 50 16 12 9018 
9 50 32 13 9018 
9 50 46 12 9018 
9 51 2 13 9018 
9 51 16 12 9018 
9 51 32 13 9018 
9 51 46 12 9018 
9 52 2 13 9018 
9 52 16 12 9018 
9 52 32 13 9018 
9 52 46 12 9018 
9 53 2 13 9018 
9 53 16 12 9018 
9 53 32 13 9018 
9 53 46 12 9018 
9 54 2 13 9018 
9 54 16 12 9018 
9 54 32 13 9018 
9 54 46 12 9018 
9 55 2 13 9018 
9 57 32 13 9018 
9 57 46 12 9018 
9 58 2 13 9018 
9 58 16 12 9018 
9 58 32 13 9018 
9 58 46 12 9018 
9 59 2 13 9018 
9 59 16 12 9018 
9 59 32 13 9018 
9 59 46 12 9018 
10 0 2 13 9018 
10 0 16 12 9018 
10 0 32 13 9018 
10 0 46 12 9018 
10 1 2 13 9018 
10 1 16 12 9018 
10 1 32 13 9018 
10 1 46 12 9018 
10 2 2 13 9018 
10 2 16 12 9018 
10 2 32 13 9018 
10 2 46 12 9018 
10 3 2 13 9018 
10 3 16 12 9018 
10 3 32 13 9018 
10 3 46 12 9018 
10 4 2 13 9018 
10 4 16 12 9018 
10 4 32 13 9018 
10 4 46 12 9018 
10 5 2 13 9018 
10 5 16 12 9018 
10 5 32 13 9018 
10 5 46 12 9018 
10 6 2 13 9018 
10 6 16 12 9018 
10 6 32 13 9018 
10 6 46 12 9018 
10 7 2 13 9018 
10 7 16 12 9018 
10 7 32 13 9018 
10 7 46 12 9018 
10 8 2 13 9018 
10 8 16 12 9018 
10 8 32 13 9018 
10 8 46 12 9018 
10 9 2 13 9018 
10 9 16 12 9018 
10 9 32 13 9018 
10 9 46 12 9018 
10 10 2 13 9018 
10 10 16 12 9018 
10 10 32 13 9018 
10 10 46 12 9018 
10 11 2 13 9018 
10 11 16 12 9018 
10 11 32 13 9018 
10 11 46 12 9018 
10 12 2 13 9018 
10 14 32 13 9018 
10 14 46 12 9018 
10 15 2 13 9018 
10 15 16 12 9018 
10 15 32 13 9018 
10 15 46 12 9018 
10 16 2 13 9018 
10 16 16 12 9018 
10 16 32 13 9018 
10 16 46 12 9018 
10 17 2 13 9018 
10 17 16 12 9018 
10 17 32 13 9018 
10 17 46 12 9018 
10 18 2 13 9018 
10 18 16 12 9018 
10 18 32 13 9018 
10 18 46 12 9018 
10 19 2 13 9018 
10 19 16 12 9018 
10 19 32 13 9018 
10 19 46 12 9018 
10 20 2 13 9018 
10 20 16 12 9018 
10 20 32 13 9018 
10 20 46 12 9018 
10 21 2 13 9018 
10 21 16 12 9018 
10 21 32 13 9018 
10 21 46 12 9018 
10 22 2 13 9018 
10 22 16 12 9018 
10 22 32 13 9018 
10 22 46 12 9018 
10 23 2 13 9018 
10 23 16 12 9018 
10 23 32 13 9018 
10 23 46 12 9018 
10 24 2 13 9018 
10 24 16 12 9018 
10 24 32 13 9018 
10 24 46 12 9018 
10 25 2 13 9018 
10 25 16 12 8958 
10 25 32 13 9018 
10 25 46 12 9018 
10 26 2 13 9018 
10 26 16 12 9018 
10 26 32 13 9018 
10 26 46 12 9018 
10 27 2 13 9018 
10 27 16 12 9018 
10 27 32 13 9018 
10 27 46 12 9018 
10 28 2 13 9018 
10 28 16 12 9018 
10 28 32 13 9018 
10 28 46 12 9018 
10 29 2 13 9018 
10 31 32 13 9018 
10 31 46 12 9018 
10 32 2 13 9018 
10 32 16 12 9018 
10 32 32 13 9018 
10 32 46 12 9018 
10 33 2 13 9018 
10 33 16 12 9018 
10 33 32 13 9018 
10 33 46 12 9018 
10 34 2 13 9018 
10 34 16 12 9018 
10 34 32 13 9018 
10 34 46 12 9018 
10 35 2 13 9018 
10 35 16 12 9018 
10 35 32 13 9018 
10 35 46 12 9018 
10 36 2 13 9018 
10 36 16 12 9018 
10 36 32 13 9018 
10 36 46 12 9018 
10 37 2 13 9018 
10 37 16 12 9018 
10 37 32 13 9018 
10 37 46 12 9018 
10 38 2 13 9018 
10 38 16 12 9018 
10 38 32 13 9018 
10 38 46 12 9018 
10 39 2 13 9018 
10 39 16 12 9018 
10 39 32 13 9018 
10 39 46 12 9018 
10 40 2 13 9018 
10 40 16 12 9018 
10 40 32 13 9018 
10 40 46 12 9018 
10 41 2 13 9018 
10 41 16 12 9018 
10 41 32 13 9018 
10 41 46 12 9018 
10 42 2 13 9018 
10 42 16 12 9018 
10 42 32 13 9018 
10 42 46 12 9018 
10 43 2 13 9018 
10 43 16 12 9018 
10 43 32 13 9018 
10 43 46 12 9018 
10 44 2 13 9018 
10 44 16 12 9018 
10 44 32 13 9018 
10 44 46 12 9018 
10 45 2 13 9018 
10 45 16 12 9018 
10 45 32 13 9018 
10 45 46 12 9018 
10 46 2 13 9018 
10 48 33 13 9018 
10 48 47 12 9018 
10 49 3 13 9018 
10 49 17 12 9018 
10 49 33 13 9018 
10 49 47 12 9018 
10 50 3 13 9018 
10 50 17 12 9018 
10 50 33 13 9018 
10 50 47 12 9018 
10 51 3 13 9018 
10 51 17 12 9018 
10 51 33 13 9018 
10 51 47 12 9018 
10 52 3 13 9018 
10 52 17 12 9018 
10 52 33 13 9018 
10 52 47 12 9018 
10 53 3 13 9018 
10 53 17 12 9018 
10 53 33 13 9018 
10 53 47 12 9018 
10 54 3 13 9018 
10 54 17 12 9018 
10 54 33 13 9018 
10 54 47 12 9018 
10 55 3 13 9018 
10 55 17 12 9018 
10 55 33 13 9018 
10 55 47 12 9018 
10 56 3 13 9018 
10 56 17 12 9018 
10 56 33 13 9018 
10 56 47 12 9018 
10 57 3 13 9018 
10 57 17 12 9018 
10 57 33 13 9018 
10 57 47 12 9018 
10 58 3 13 9018 
10 58 17 12 9018 
10 58 33 13 9018 
10 58 47 12 9018 
10 59 3 13 9018 
10 59 17 12 9018 
10 59 33 13 9018 
10 59 47 12 9018 
11 0 3 13 9018 
11 0 17 12 9018 
11 0 33 13 9018 
11 0 47 12 9018 
11 1 3 13 9018 
11 1 17 12 9018 
11 1 33 13 9018 
11 1 47 12 9018 
11 2 3 13 9018 
11 2 17 12 9018 
11 2 33 13 9018 
11 2 47 12 9018 
11 3 3 13 9018 
11 5 33 13 9018 
11 5 47 12 9018 
11 6 3 13 9018 
11 6 17 12 9018 
11 6 33 13 9018 
11 6 47 12 9018 
11 7 3 13 9018 
11 7 17 12 9018 
11 7 33 13 9018 
11 7 47 12 9018 
11 8 3 13 9018 
11 8 17 12 9018 
11 8 33 13 9018 
11 8 47 12 9018 
11 9 3 13 9018 
11 9 17 12 9018 
11 9 33 13 9018 
11 9 47 12 9018 
11 10 3 13 9018 
11 10 17 12 9018 
11 10 33 13 9018 
11 10 47 12 9018 
11 11 3 13 9018 
11 11 17 12 9018 
11 11 33 13 9018 
11 11 47 12 9018 
11 12 3 13 9018 
11 12 17 12 9018 
11 12 33 13 9018 
11 12 47 12 9018 
11 13 3 13 9018 
11 13 17 12 9018 
11 13 33 13 9018 
11 13 47 12 9018 
11 14 3 13 9018 
11 14 17 12 9018 
11 14 33 13 9018 
11 14 47 12 9018 
11 15 3 13 9018 
11 15 17 12 9018 
11 15 33 13 9018 
11 15 47 12 9018 
11 16 3 13 9018 
11 16 17 12 9018 
11 16 33 13 9018 
11 16 47 12 9018 
11 17 3 13 9018 
11 17 17 12 9018 
11 17 33 13 9018 
11 17 47 12 9018 
11 18 3 13 9018 
11 18 17 12 9018 
11 18 33 13 9018 
11 18 47 12 9018 
11 19 3 13 9018 
11 19 17 12 9018 
11 19 33 13 9018 
11 19 47 12 9018 
11 20 3 13 9018 
11 22 33 13 9018 
11 22 47 12 9018 
11 23 3 13 9018 
11 23 17 12 9018 
11 23 33 13 9018 
11 23 47 12 9018 
11 24 3 13 9018 
11 24 17 12 9018 
11 24 33 13 9018 
11 24 47 12 9018 
11 25 3 13 9018 
11 25 17 12 9018 
11 25 33 13 9018 
11 25 47 12 9018 
11 26 3 13 9018 
11 26 17 12 9018 
11 26 33 13 9018 
11 26 47 12 9018 
11 27 3 13 9018 
11 27 17 12 9018 
11 27 33 13 9018 
11 27 47 12 9018 
11 28 3 13 9018 
11 28 17 12 9018 
11 28 33 13 9018 
11 28 47 12 9018 
11 29 3 13 9018 
11 29 17 12 9018 
11 29 33 13 9018 
11 29 47 12 9018 
11 30 3 13 9018 
11 30 17 12 9018 
11 30 33 13 9018 
11 30 47 12 9018 
11 31 3 13 9018 
11 31 17 12 9018 
11 31 33 13 9018 
11 31 47 12 9018 
11 32 3 13 9018 
11 32 17 12 9018 
11 32 33 13 9018 
11 32 47 12 9018 
11 33 3 13 9018 
11 33 17 12 9018 
11 33 33 13 9018 
11 33 47 12 9018 
11 34 3 13 9018 
11 34 17 12 9018 
11 34 33 13 9018 
11 34 47 12 9018 
11 35 3 13 9018 
11 35 17 12 9018 
11 35 33 13 9018 
11 35 47 12 9018 
11 36 3 13 9018 
11 36 17 12 9018 
11 36 33 13 9018 
11 36 47 12 9018 
11 37 3 13 9018 

/> 