read 0209
read 0209
<CR>Time:2021/02/09 14:35
Hours Minutes Seconds  Nb_Samples    Aver. Current 
8 48 44 12 4435 
8 49 0 13 6440 
8 49 14 12 6927 
8 49 30 13 6987 
8 49 44 12 6987 
8 50 0 13 6987 
8 50 14 12 7048 
8 50 30 13 7534 
8 50 44 12 8020 
8 51 0 13 8142 
8 51 14 12 8142 
8 51 30 13 8689 
8 51 44 12 9053 
8 52 0 13 9053 
8 52 14 12 9053 
8 52 30 13 9053 
8 52 44 12 9053 
8 53 0 13 9053 
8 53 14 12 8993 
8 53 30 13 9053 
8 53 44 12 9053 
8 54 0 13 9053 
8 54 14 12 9053 
8 54 30 13 9053 
8 54 44 12 9053 
8 55 0 13 9053 
8 55 14 12 9053 
8 55 30 13 9053 
8 55 44 12 9053 
8 56 0 13 9053 
8 56 14 12 9053 
8 56 30 13 9053 
8 56 44 12 9053 
8 57 0 13 9053 
8 57 14 12 9053 
8 57 30 13 9053 
8 57 45 12 9053 
8 58 0 13 9053 
8 58 15 12 9053 
8 58 30 13 9053 
8 58 45 12 9053 
8 59 0 13 9053 
8 59 15 12 9053 
8 59 30 13 9053 
8 59 45 12 9053 
9 0 0 13 9053 
9 0 15 12 9053 
9 0 30 13 9053 
9 0 45 12 9053 
9 1 0 13 9053 
9 1 15 12 9053 
9 1 30 13 9053 
9 1 45 12 9053 
9 2 0 13 9053 
9 2 15 12 9053 
9 4 48 13 9053 
9 5 3 12 9053 
9 5 18 13 9053 
9 5 33 12 9053 
9 5 48 13 9053 
9 6 3 12 9053 
9 6 18 13 8993 
9 6 33 12 9053 
9 6 48 13 9053 
9 7 3 12 8993 
9 7 18 13 9053 
9 7 33 12 9053 
9 7 48 13 9053 
9 8 3 12 9053 
9 8 18 13 9053 
9 8 33 12 9053 
9 8 48 13 9053 
9 9 3 12 9053 
9 9 18 13 9053 
9 9 33 12 9053 
9 9 48 13 9053 
9 10 3 12 8993 
9 10 18 13 9053 
9 10 33 12 9053 
9 10 48 13 9053 
9 11 3 12 9053 
9 11 18 13 9053 
9 11 33 12 9053 
9 11 48 13 9053 
9 12 3 12 9053 
9 12 18 13 9053 
9 12 33 12 9053 
9 12 48 13 9053 
9 13 3 12 9053 
9 13 18 13 9053 
9 13 33 12 9053 
9 13 48 13 9053 
9 14 3 12 9053 
9 14 18 13 9053 
9 14 33 12 9053 
9 14 48 13 9053 
9 15 3 12 9053 
9 15 18 13 9053 
9 15 33 12 9053 
9 15 48 13 9053 
9 16 3 12 9053 
9 16 18 13 9053 
9 16 33 12 9053 
9 16 48 13 9053 
9 17 3 12 9053 
9 17 18 13 9053 
9 17 33 12 9053 
9 17 48 13 9053 
9 18 3 12 9053 
9 18 18 13 9053 
9 18 32 12 9053 
9 18 48 13 9053 
9 19 3 12 9053 
9 19 18 13 9053 
9 21 49 13 9053 
9 22 4 12 9053 
9 22 19 13 9053 
9 22 34 12 9053 
9 22 49 13 9053 
9 23 4 12 9053 
9 23 19 13 9053 
9 23 34 12 9053 
9 23 49 13 9053 
9 24 4 12 9053 
9 24 19 13 9053 
9 24 34 12 9053 
9 24 49 13 9053 
9 25 4 12 9053 
9 25 19 13 9053 
9 25 34 12 9053 
9 25 49 13 9053 
9 26 4 12 9053 
9 26 19 13 9053 
9 26 34 12 9053 
9 26 49 13 9053 
9 27 4 12 9053 
9 27 19 13 9053 
9 27 34 12 9053 
9 27 49 13 9053 
9 28 4 12 9053 
9 28 19 13 9053 
9 28 34 12 9053 
9 28 49 13 9053 
9 29 4 12 9053 
9 29 19 13 9053 
9 29 34 12 9053 
9 29 49 13 9053 
9 30 4 12 9053 
9 30 19 13 9053 
9 30 34 12 9053 
9 30 49 13 9053 
9 31 4 12 9053 
9 31 19 13 9053 
9 31 34 12 9053 
9 31 49 13 9053 
9 32 4 12 9053 
9 32 19 13 9053 
9 32 34 12 9053 
9 32 49 13 9053 
9 33 3 12 9053 
9 33 19 13 9053 
9 33 34 12 9053 
9 33 49 13 9053 
9 34 4 12 9053 
9 34 19 13 9053 
9 34 34 12 9053 
9 34 49 13 9053 
9 35 4 12 9053 
9 35 19 13 9053 
9 35 34 12 9053 
9 35 49 13 9053 
9 36 4 12 9053 
9 36 19 13 9053 
9 38 33 12 9053 
9 38 49 13 9053 
9 39 3 12 9053 
9 39 19 13 9053 
9 39 33 12 9053 
9 39 49 13 9053 
9 40 3 12 9053 
9 40 19 13 9053 
9 40 33 12 9053 
9 40 49 13 9053 
9 41 3 12 9053 
9 41 19 13 9053 
9 41 33 12 9053 
9 41 49 13 9053 
9 42 3 12 9053 
9 42 19 13 9053 
9 42 33 12 8993 
9 42 49 13 9053 
9 43 3 12 9053 
9 43 19 13 9053 
9 43 33 12 9053 
9 43 49 13 9053 
9 44 3 12 9053 
9 44 19 13 9053 
9 44 33 12 9053 
9 44 49 13 9053 
9 45 3 12 9053 
9 45 19 13 9053 
9 45 33 12 9053 
9 45 49 13 9053 
9 46 3 12 9053 
9 46 19 13 9053 
9 46 33 12 9053 
9 46 49 13 9053 
9 47 3 12 9053 
9 47 19 13 9053 
9 47 33 12 8993 
9 47 49 13 9053 
9 48 3 12 9053 
9 48 19 13 9053 
9 48 33 12 9053 
9 48 49 13 9053 
9 49 3 12 9053 
9 49 19 13 9053 
9 49 33 12 9053 
9 49 49 13 9053 
9 50 3 12 9053 
9 50 19 13 9053 
9 50 33 12 9053 
9 50 49 13 9053 
9 51 3 12 9053 
9 51 19 13 9053 
9 51 33 12 9053 
9 51 49 13 9053 
9 52 3 12 9053 
9 52 19 13 9053 
9 52 33 12 9053 
9 52 49 13 9053 
9 53 3 12 9053 
9 55 33 12 9053 
9 55 49 13 9053 
9 56 3 12 9053 
9 56 19 13 9053 
9 56 33 12 9053 
9 56 49 13 9053 
9 57 3 12 9053 
9 57 19 13 9053 
9 57 33 12 9053 
9 57 49 13 9053 
9 58 3 12 9053 
9 58 19 13 9053 
9 58 33 12 9053 
9 58 49 13 9053 
9 59 3 12 9053 
9 59 19 13 9053 
9 59 33 12 9053 
9 59 49 13 9053 
10 0 3 12 9053 
10 0 19 13 9053 
10 0 33 12 9053 
10 0 49 13 9053 
10 1 3 12 9053 
10 1 19 13 9053 
10 1 33 12 9053 
10 1 49 13 9053 
10 2 3 12 9053 
10 2 19 13 9053 
10 2 33 12 9053 
10 2 49 13 9053 
10 3 3 12 9053 
10 3 19 13 9053 
10 3 33 12 9053 
10 3 49 13 9053 
10 4 3 12 9053 
10 4 19 13 9053 
10 4 33 12 9053 
10 4 49 13 9053 
10 5 3 12 9053 
10 5 19 13 9053 
10 5 33 12 9053 
10 5 49 13 9053 
10 6 3 12 9053 
10 6 19 13 9053 
10 6 33 12 9053 
10 6 49 13 9053 
10 7 3 12 8993 
10 7 19 13 9053 
10 7 33 12 9053 
10 7 49 13 9053 
10 8 3 12 9053 
10 8 19 13 9053 
10 8 33 12 9053 
10 8 49 13 9053 
10 9 3 12 9053 
10 9 19 13 9053 
10 9 33 12 9053 
10 9 49 13 9053 
10 10 3 12 9053 
10 12 33 12 9053 
10 12 49 13 9053 
10 13 3 12 9053 
10 13 19 13 9053 
10 13 34 13 9053 
10 13 49 12 8993 
10 14 4 13 9053 
10 14 19 12 9053 
10 14 34 13 9053 
10 14 49 12 9053 
10 15 4 13 9053 
10 15 19 12 9053 
10 15 34 13 9053 
10 15 49 12 9053 
10 16 4 13 9053 
10 16 19 12 9053 
10 16 34 13 9053 
10 16 49 12 9053 
10 17 4 13 9053 
10 17 19 12 9053 
10 17 34 13 9053 
10 17 49 12 9053 
10 18 4 13 8993 
10 18 19 12 9053 
10 18 34 13 9053 
10 18 49 12 9053 
10 19 4 13 9053 
10 19 19 12 9053 
10 19 34 13 9053 
10 19 49 12 9053 
10 20 4 13 9053 
10 20 19 12 9053 
10 20 34 13 9053 
10 20 49 12 9053 
10 21 4 13 9053 
10 21 19 12 9053 
10 21 34 13 9053 
10 21 49 12 9053 
10 22 4 13 9053 
10 22 19 12 9053 
10 22 34 13 9053 
10 22 49 12 9053 
10 23 4 13 9053 
10 23 19 12 9053 
10 23 34 13 9053 
10 23 49 12 9053 
10 24 4 13 9053 
10 24 19 12 8993 
10 24 34 13 9053 
10 24 49 12 9053 
10 25 4 13 9053 
10 25 19 12 9053 
10 25 34 13 9053 
10 25 49 12 9053 
10 26 4 13 9053 
10 26 19 12 9053 
10 26 34 13 9053 
10 26 49 12 9053 
10 27 4 13 9053 
10 29 34 13 9053 
10 29 49 12 9053 
10 30 4 13 9053 
10 30 19 12 8993 
10 30 34 13 9053 
10 30 49 12 9053 
10 31 4 13 9053 
10 31 19 12 9053 
10 31 34 13 9053 
10 31 49 12 9053 
10 32 4 13 9053 
10 32 19 12 9053 
10 32 34 13 9053 
10 32 49 12 9053 
10 33 4 13 9053 
10 33 19 12 9053 
10 33 34 13 9053 
10 33 49 12 9053 
10 34 4 13 9053 
10 34 19 12 9053 
10 34 34 13 9053 
10 34 49 12 8993 
10 35 4 13 9053 
10 35 19 12 9053 
10 35 34 13 9053 
10 35 49 12 9053 
10 36 4 13 9053 
10 36 19 12 9053 
10 36 34 13 9053 
10 36 49 12 9053 
10 37 4 13 9053 
10 37 19 12 9053 
10 37 34 13 9053 
10 37 49 12 9053 
10 38 4 13 9053 
10 38 19 12 9053 
10 38 34 13 9053 
10 38 49 12 9053 
10 39 4 13 9053 
10 39 19 12 9053 
10 39 34 13 9053 
10 39 49 12 9053 
10 40 4 13 9053 
10 40 19 12 9053 
10 40 34 13 9053 
10 40 49 12 9053 
10 41 4 13 9053 
10 41 19 12 9053 
10 41 34 13 9053 
10 41 49 12 9053 
10 42 4 13 9053 
10 42 19 12 9053 
10 42 34 13 9053 
10 53 47 12 7777 
10 54 3 13 8993 
10 54 17 12 9053 
10 54 33 13 9053 
10 54 47 12 9053 
10 55 3 13 9053 
10 55 17 12 9053 
10 55 33 13 9053 
10 55 47 12 9053 
10 56 3 13 9053 
10 56 17 12 9053 
10 56 33 13 9053 
10 56 47 12 9053 
10 57 3 13 9053 
10 57 17 12 9053 
10 57 33 13 9053 
10 57 47 12 9053 
10 58 3 13 9053 
10 58 17 12 9053 
10 58 33 13 9053 
10 58 48 13 9053 
10 59 3 12 9053 
10 59 18 13 9053 
10 59 33 12 9053 
10 59 48 13 9053 
11 0 3 12 9053 
11 0 18 13 9053 
11 0 33 12 9053 
11 0 48 13 9053 
11 1 3 12 9053 
11 1 18 13 9053 
11 1 33 12 9053 
11 1 48 13 9053 
11 2 3 12 9053 
11 2 18 13 9053 
11 2 33 12 9053 
11 2 48 13 9053 
11 3 3 12 9053 
11 3 18 13 9053 
11 3 33 12 9053 
11 3 48 13 9053 
11 4 3 12 9053 
11 4 18 13 9053 
11 4 33 12 9053 
11 4 48 13 9053 
11 5 3 12 9053 
11 5 18 13 9053 
11 5 33 12 9053 
11 5 48 13 9053 
11 6 3 12 9053 
11 6 18 13 9053 
11 6 33 12 9053 
11 6 48 13 9053 
11 7 3 12 9053 
11 7 18 13 9053 
11 7 33 12 9053 
11 7 48 13 9053 
11 8 3 12 9053 
11 8 18 13 9053 
11 10 48 13 9053 
11 11 3 12 9053 
11 11 18 13 9053 
11 11 33 12 9053 
11 11 48 13 9053 
11 12 3 12 9053 
11 12 18 13 9053 
11 12 33 12 9053 
11 12 48 13 9053 
11 13 3 12 9053 
11 13 18 13 9053 
11 13 33 12 9053 
11 13 48 13 9053 
11 14 3 12 9053 
11 14 18 13 9053 
11 14 33 12 9053 
11 14 48 13 9053 
11 15 3 12 9053 
11 15 18 13 9053 
11 15 33 12 9053 
11 15 48 13 9053 
11 16 3 12 9053 
11 16 18 13 9053 
11 16 33 12 9053 
11 16 48 13 9053 
11 17 3 12 9053 
11 17 18 13 9053 
11 17 33 12 9053 
11 17 48 13 8993 
11 18 3 12 9053 
11 18 18 13 9053 
11 18 33 12 9053 
11 18 48 13 9053 
11 19 3 12 9053 
11 19 18 13 9053 
11 19 33 12 9053 
11 19 48 13 9053 
11 20 3 12 9053 
11 20 18 13 9053 
11 20 33 12 9053 
11 20 48 13 9053 
11 21 3 12 9053 
11 21 18 13 9053 
11 21 33 12 9053 
11 21 48 13 9053 
11 22 3 12 9053 
11 22 18 13 9053 
11 22 33 12 9053 
11 22 48 13 9053 
11 23 3 12 9053 
11 23 18 13 9053 
11 23 33 12 9053 
11 23 48 13 9053 
11 24 3 12 9053 
11 24 18 13 9053 
11 24 33 12 9053 
11 24 48 13 9053 
11 25 3 12 9053 
11 25 18 13 9053 
11 27 48 13 9053 
11 28 3 12 9053 
11 28 18 13 9053 
11 28 33 12 9053 
11 28 48 13 9053 
11 29 3 12 9053 
11 29 18 13 9053 
11 29 33 12 9053 
11 29 48 13 9053 
11 30 3 12 9053 
11 30 18 13 9053 
11 30 33 12 9053 
11 30 48 13 9053 
11 31 3 12 9053 
11 31 18 13 9053 
11 31 33 12 9053 
11 31 48 13 9053 
11 32 3 12 9053 
11 32 18 13 9053 
11 32 33 12 9053 
11 32 48 13 9053 
11 33 3 12 9053 
11 33 18 13 9053 
11 33 33 12 9053 
11 33 48 13 9053 
11 34 3 12 9053 
11 34 18 13 9053 
11 34 33 12 9053 
11 34 48 13 9053 
11 35 3 12 9053 
11 35 18 13 9053 
11 35 33 12 9053 
11 35 48 13 9053 
11 36 3 12 9053 
11 36 18 13 9053 
11 36 33 12 9053 
11 36 48 13 9053 
11 37 3 12 9053 
11 37 18 13 9053 
11 37 33 12 9053 
11 37 48 13 9053 
11 38 3 12 9053 
11 38 18 13 9053 
11 38 33 12 9053 
11 38 48 13 9053 
11 39 3 12 9053 
11 39 18 13 9053 
11 39 33 12 9053 
11 39 48 13 9053 
11 40 3 12 9053 
11 40 18 13 9053 
11 40 33 12 9053 
11 40 48 13 9053 
11 41 3 12 9053 
11 41 18 13 9053 
11 41 33 12 9053 
11 41 48 13 9053 
11 42 3 12 9053 
11 42 18 13 9053 
11 44 48 13 9053 
11 45 3 12 9053 
11 45 18 13 9053 
11 45 33 12 9053 
11 45 48 13 9053 
11 46 3 12 9053 
11 46 18 13 9053 
11 46 33 12 9053 
11 46 48 13 9053 
11 47 3 12 9053 
11 47 18 13 9053 
11 47 33 12 9053 
11 47 48 13 9053 
11 48 3 12 9053 
11 48 18 13 9053 
11 48 33 12 9053 
11 48 48 13 9053 
11 49 3 12 9053 
11 49 18 13 9053 
11 49 33 12 9053 
11 49 48 13 9053 
11 50 3 12 9053 
11 50 18 13 9053 
11 50 33 12 8993 
11 50 48 13 9053 
11 51 3 12 9053 
11 51 18 13 9053 
11 51 33 12 9053 
11 51 48 13 9053 
11 52 3 12 9053 
11 52 18 13 9053 
11 52 33 12 9053 
11 52 48 13 9053 
11 53 3 12 9053 
11 53 18 13 9053 
11 53 33 12 9053 
11 53 48 13 9053 
11 54 3 12 9053 
11 54 18 13 9053 
11 54 33 12 9053 
11 54 48 13 9053 
11 55 3 12 9053 
11 55 18 13 9053 
11 55 33 12 9053 
11 55 48 13 9053 
11 56 3 12 9053 
11 56 18 13 9053 
11 56 33 12 9053 
11 56 48 13 9053 
11 57 3 12 9053 
11 57 18 13 9053 
11 57 33 12 9053 
11 57 48 13 9053 
11 58 3 12 9053 
11 58 18 13 9053 
11 58 33 12 9053 
11 58 48 13 9053 
11 59 3 12 9053 
11 59 18 13 9053 
12 1 48 13 9053 
12 2 3 12 9053 
12 2 18 13 8993 
12 2 33 12 9053 
12 2 48 13 9053 
12 3 3 12 9053 
12 3 18 13 9053 
12 3 33 12 9053 
12 3 48 13 9053 
12 4 3 12 9053 
12 4 18 13 9053 
12 4 33 12 9053 
12 4 48 13 9053 
12 5 3 12 9053 
12 5 18 13 9053 
12 5 33 12 9053 
12 5 48 13 9053 
12 6 3 12 9053 
12 6 18 13 9053 
12 6 33 12 9053 
12 6 48 13 9053 
12 7 3 12 9053 
12 7 18 13 9053 
12 7 33 12 9053 
12 7 48 13 9053 
12 8 3 12 9053 
12 8 18 13 9053 
12 8 33 12 9053 
12 8 48 13 9053 
12 9 3 12 9053 
12 9 18 13 9053 
12 9 33 12 9053 
12 9 48 13 9053 
12 10 3 12 9053 
12 10 18 13 9053 
12 10 33 12 9053 
12 10 48 13 9053 
12 11 3 12 9053 
12 11 18 13 9053 
12 11 33 12 9053 
12 11 48 13 9053 
12 12 3 12 9053 
12 12 18 13 9053 
12 12 33 12 9053 
12 12 48 13 9053 
12 13 3 12 9053 
12 13 18 13 9053 
12 13 33 12 9053 
12 13 48 13 9053 
12 14 3 12 9053 
12 14 18 13 9053 
12 14 33 12 9053 
12 14 48 13 9053 
12 15 3 12 9053 
12 15 18 13 9053 
12 15 33 12 9053 
12 15 48 13 9053 
12 16 3 12 9053 
12 16 18 13 9053 
12 18 48 13 9053 
12 19 3 12 9053 
12 19 18 13 9053 
12 19 33 12 9053 
12 19 48 13 9053 
12 20 3 12 9053 
12 20 18 13 9053 
12 20 33 12 9053 
12 20 48 13 9053 
12 21 3 12 9053 
12 21 18 13 9053 
12 21 33 12 9053 
12 21 48 13 9053 
12 22 3 12 9053 
12 22 18 13 9053 
12 22 33 12 9053 
12 22 48 13 9053 
12 23 3 12 9053 
12 23 18 13 9053 
12 23 33 12 9053 
12 23 48 13 9053 
12 24 3 12 9053 
12 24 18 13 9053 
12 24 33 12 9053 
12 24 48 13 9053 
12 25 3 12 9053 
12 25 18 13 9053 
12 25 33 12 9053 
12 25 48 13 9053 
12 26 3 12 9053 
12 26 18 13 9053 
12 26 33 12 9053 
12 26 48 13 9053 
12 27 3 12 9053 
12 27 18 13 9053 
12 27 33 12 9053 
12 27 48 13 9053 
12 28 3 12 9053 
12 28 18 13 9053 
12 28 33 12 9053 
12 28 48 13 9053 
12 29 3 12 9053 
12 29 18 13 9053 
12 29 33 12 9053 
12 29 48 13 9053 
12 30 3 12 9053 
12 30 18 13 9053 
12 30 33 12 9053 
12 30 48 13 9053 
12 31 3 12 9053 
12 31 18 13 9053 
12 31 33 12 9053 
12 31 48 13 9053 
12 32 3 12 9053 
12 32 18 13 9053 
12 32 33 12 9053 
12 32 48 13 9053 
12 33 3 12 9053 
12 33 18 13 9053 
12 35 50 13 9053 
12 36 4 12 9053 
12 36 20 13 9053 
12 36 34 12 9053 
12 36 50 13 9053 
12 37 4 12 9053 
12 37 20 13 9053 
12 37 34 12 9053 
12 37 50 13 9053 
12 38 4 12 9053 
12 38 20 13 9053 
12 38 34 12 9053 
12 38 50 13 9053 
12 39 4 12 9053 
12 39 20 13 9053 
12 39 34 12 9053 
12 39 50 13 9053 
12 40 4 12 9053 
12 40 20 13 9053 
12 40 34 12 9053 
12 40 50 13 9053 
12 41 4 12 9053 
12 41 20 13 8993 
12 41 34 12 9053 
12 41 50 13 9053 
12 42 4 12 9053 
12 42 20 13 9053 
12 42 34 12 9053 
12 42 50 13 9053 
12 43 4 12 9053 
12 43 20 13 9053 
12 43 34 12 9053 
12 43 50 13 9053 
12 44 4 12 9053 
12 44 20 13 9053 
12 44 34 12 9053 
12 44 50 13 9053 
12 45 4 12 9053 
12 45 20 13 9053 
12 45 34 12 9053 
12 45 50 13 9053 
12 46 4 12 9053 
12 46 20 13 9053 
12 46 34 12 9053 
12 46 50 13 9053 
12 47 4 12 8993 
12 47 20 13 9053 
12 47 34 12 9053 
12 47 50 13 9053 
12 48 4 12 9053 
12 48 20 13 9053 
12 48 34 12 9053 
12 48 50 13 9053 
12 49 4 12 9053 
12 49 20 13 9053 
12 49 34 12 9053 
12 49 50 13 9053 
12 50 4 12 9053 
12 50 20 13 9053 
12 52 50 13 9053 
12 53 4 12 9053 
12 53 20 13 9053 
12 53 34 12 9053 
12 53 50 13 9053 
12 54 4 12 9053 
12 54 20 13 9053 
12 54 34 12 9053 
12 54 50 13 9053 
12 55 4 12 9053 
12 55 20 13 9053 
12 55 34 12 9053 
12 55 50 13 9053 
12 56 4 12 9053 
12 56 20 13 9053 
12 56 34 12 9053 
12 56 50 13 9053 
12 57 4 12 9053 
12 57 20 13 9053 
12 57 34 12 9053 
12 57 50 13 9053 
12 58 4 12 9053 
12 58 20 13 8993 
12 58 34 12 9053 
12 58 50 13 9053 
12 59 4 12 9053 
12 59 20 13 9053 
12 59 34 12 9053 
12 59 50 13 9053 
13 0 4 12 9053 
13 0 20 13 9053 
13 0 34 12 9053 
13 0 50 13 9053 
13 1 4 12 9053 
13 1 20 13 9053 
13 1 34 12 9053 
13 1 50 13 9053 
13 2 4 12 9053 
13 2 20 13 9053 
13 2 34 12 9053 
13 2 50 13 9053 
13 3 4 12 9053 
13 3 20 13 9053 
13 3 34 12 9053 
13 3 50 13 9053 
13 4 4 12 9053 
13 4 20 13 9053 
13 4 34 12 9053 
13 4 50 13 9053 
13 5 4 12 9053 
13 5 20 13 9053 
13 5 34 12 9053 
13 5 50 13 9053 
13 6 4 12 9053 
13 6 20 13 9053 
13 6 34 12 9053 
13 6 50 13 9053 
13 7 4 12 9053 
13 7 20 13 9053 
13 9 51 13 9053 
13 10 5 12 9053 
13 10 21 13 9053 
13 10 35 12 9053 
13 10 51 13 9053 
13 11 5 12 9053 
13 11 21 13 9053 
13 11 35 12 9053 
13 11 51 13 9053 
13 12 5 12 9053 
13 12 21 13 9053 
13 12 35 12 9053 
13 12 51 13 9053 
13 13 5 12 9053 
13 13 21 13 9053 
13 13 35 12 9053 
13 13 51 13 9053 
13 14 5 12 9053 
13 14 21 13 9053 
13 14 35 12 9053 
13 14 51 13 9053 
13 15 5 12 9053 
13 15 21 13 9053 
13 15 35 12 9053 
13 15 51 13 9053 
13 16 5 12 9053 
13 16 21 13 9053 
13 16 35 12 9053 
13 16 51 13 9053 
13 17 5 12 9053 
13 17 21 13 9053 
13 17 35 12 9053 
13 17 51 13 9053 
13 18 5 12 9053 
13 18 21 13 9053 
13 18 35 12 9053 
13 18 51 13 9053 
13 19 5 12 9053 
13 19 21 13 9053 
13 19 35 12 9053 
13 19 51 13 9053 
13 20 5 12 9053 
13 20 21 13 9053 
13 20 35 12 8993 
13 20 51 13 9053 
13 21 5 12 9053 
13 21 21 13 9053 
13 21 35 12 9053 
13 21 51 13 9053 
13 22 5 12 9053 
13 22 21 13 9053 
13 22 35 12 9053 
13 22 51 13 9053 
13 23 5 12 9053 
13 23 21 13 9053 
13 23 35 12 9053 
13 23 51 13 9053 
13 24 5 12 9053 
13 24 21 13 9053 
13 26 51 13 9053 
13 27 5 12 9053 
13 27 21 13 9053 
13 27 35 12 9053 
13 27 51 13 9053 
13 28 5 12 9053 
13 28 21 13 9053 
13 28 35 12 9053 
13 28 51 13 9053 
13 29 5 12 9053 
13 29 21 13 9053 
13 29 35 12 9053 
13 29 51 13 9053 
13 30 5 12 9053 
13 30 21 13 9053 
13 30 35 12 9053 
13 30 51 13 9053 
13 31 5 12 9053 
13 31 21 13 9053 
13 31 35 12 9053 
13 31 51 13 9053 
13 32 5 12 9053 
13 32 21 13 9053 
13 32 35 12 9053 
13 32 51 13 9053 
13 33 5 12 9053 
13 33 21 13 9053 
13 33 35 12 9053 
13 33 51 13 9053 
13 34 5 12 9053 
13 34 21 13 9053 
13 34 35 12 9053 
13 34 51 13 9053 
13 35 5 12 9053 
13 35 21 13 9053 
13 35 35 12 9053 
13 35 51 13 9053 
13 36 5 12 9053 
13 36 21 13 9053 
13 36 35 12 9053 
13 36 51 13 9053 
13 37 5 12 9053 
13 37 21 13 9053 
13 37 35 12 9053 
13 37 51 13 8993 
13 38 5 12 9053 
13 38 21 13 9053 
13 38 35 12 9053 
13 38 51 13 9053 
13 39 5 12 9053 
13 39 21 13 9053 
13 39 35 12 9053 
13 39 51 13 9053 
13 40 5 12 9053 
13 40 21 13 9053 
13 40 35 12 9053 
13 40 51 13 9053 
13 41 5 12 9053 
13 41 21 13 9053 
13 43 51 13 9053 
13 44 5 12 9053 
13 44 21 13 9053 
13 44 35 12 9053 
13 44 51 13 9053 
13 45 5 12 9053 
13 45 21 13 9053 
13 45 35 12 9053 
13 45 51 13 9053 
13 46 5 12 9053 
13 46 21 13 9053 
13 46 35 12 9053 
13 46 51 13 9053 
13 47 5 12 9053 
13 47 21 13 9053 
13 47 35 12 9053 
13 47 51 13 9053 
13 48 5 12 9053 
13 48 21 13 9053 
13 48 35 12 9053 
13 48 51 13 9053 
13 49 5 12 9053 
13 49 21 13 9053 
13 49 35 12 9053 
13 49 51 13 9053 
13 50 5 12 9053 
13 50 21 13 9053 
13 50 35 12 9053 
13 50 51 13 9053 
13 51 5 12 9053 
13 51 21 13 9053 
13 51 35 12 9053 
13 51 51 13 9053 
13 52 5 12 9053 
13 52 21 13 9053 
13 52 35 12 9053 
13 52 51 13 9053 
13 53 5 12 9053 
13 53 21 13 9053 
13 53 35 12 9053 
13 53 51 13 9053 
13 54 5 12 9053 
13 54 21 13 9053 
13 54 35 12 9053 
13 54 51 13 9053 
13 55 5 12 9053 
13 55 21 13 9053 
13 55 35 12 9053 
13 55 51 13 9053 
13 56 5 12 9053 
13 56 21 13 9053 
13 56 35 12 9053 
13 56 51 13 9053 
13 57 5 12 9053 
13 57 21 13 9053 
13 57 35 12 9053 
13 57 51 13 9053 
13 58 5 12 9053 
13 58 21 13 9053 
14 0 52 13 9053 
14 1 6 12 9053 
14 1 22 13 9053 
14 1 36 12 9053 
14 1 52 13 9053 
14 2 6 12 9053 
14 2 22 13 9053 
14 2 36 12 9053 
14 2 52 13 9053 
14 3 6 12 9053 
14 3 22 13 9053 
14 3 36 12 9053 
14 3 52 13 9053 
14 4 6 12 9053 
14 4 22 13 9053 
14 4 36 12 9053 
14 4 52 13 9053 
14 5 6 12 9053 
14 5 22 13 9053 
14 5 36 12 9053 
14 5 52 13 9053 
14 6 6 12 9053 
14 6 22 13 9053 
14 6 36 12 9053 
14 6 52 13 9053 
14 7 6 12 9053 
14 7 22 13 9053 
14 7 36 12 9053 
14 7 52 13 9053 
14 8 6 12 9053 
14 8 22 13 9053 
14 8 36 12 9053 
14 8 52 13 9053 
14 9 6 12 9053 
14 9 22 13 9053 
14 9 36 12 9053 
14 9 52 13 9053 
14 10 6 12 9053 
14 10 22 13 9053 
14 10 36 12 9053 
14 10 52 13 9053 
14 11 6 12 9053 
14 11 22 13 9053 
14 11 36 12 9053 
14 11 52 13 9053 
14 12 6 12 9053 
14 12 22 13 9053 
14 12 36 12 9053 
14 12 52 13 9053 
14 13 6 12 9053 
14 13 22 13 9053 
14 13 36 12 9053 
14 13 52 13 9053 
14 14 6 12 9053 
14 14 22 13 9053 
14 14 36 12 9053 
14 14 52 13 9053 
14 15 6 12 9053 
14 15 22 13 9053 
14 17 52 13 9053 
14 18 6 12 9053 
14 18 22 13 9053 
14 18 36 12 9053 
14 18 52 13 9053 
14 19 6 12 9053 
14 19 22 13 9053 
14 19 36 12 9053 
14 19 52 13 9053 
14 20 6 12 9053 
14 20 22 13 9053 
14 20 36 12 9053 
14 20 52 13 9053 
14 21 6 12 9053 
14 21 22 13 9053 
14 21 36 12 9053 
14 21 52 13 9053 
14 22 6 12 9053 
14 22 22 13 9053 
14 22 36 12 9053 
14 22 52 13 9053 
14 23 6 12 9053 
14 23 22 13 9053 
14 23 36 12 9053 
14 23 52 13 9053 
14 24 6 12 9053 
14 24 22 13 9053 
14 24 36 12 9053 
14 24 52 13 9053 
14 25 6 12 9053 
14 25 22 13 9053 
14 25 36 12 9053 
14 25 52 13 9053 
14 26 6 12 9053 
14 26 22 13 9053 
14 26 36 12 9053 
14 26 52 13 9053 
14 27 6 12 9053 
14 27 22 13 9053 
14 27 36 12 9053 
14 27 52 13 9053 
14 28 6 12 9053 
14 28 22 13 9053 
14 28 36 12 9053 
14 28 52 13 9053 
14 29 6 12 9053 
14 29 22 13 9053 
14 29 36 12 9053 
14 29 52 13 9053 
14 30 6 12 9053 
14 30 22 13 9053 
14 30 36 12 9053 
14 30 52 13 9053 
14 31 6 12 9053 
14 31 22 13 9053 
14 31 36 12 9053 
14 31 52 13 9053 
14 32 6 12 9053 
14 32 22 13 9053 

/> 