538753.916 1364588.915 300.951 0  line2400st1500n
538788.703 1364554.626 301.303 0  1450n
538825.834 1364520.562 299.700 0  1400n
538860.579 1364484.027 297.427 0  1350n
538894.849 1364449.211 296.827 0  1300n
538932.397 1364415.209 297.225 0  1250n
538968.378 1364375.412 297.070 0  1200n
539000.558 1364338.405 296.670 0  1150n
539040.131 1364303.471 296.312 0  1100n
539071.401 1364270.544 296.231 0  1050n
538925.178 1364124.176 295.563 0  line2200eST1050n
538889.065 1364157.622 295.276 0  1100n
538854.254 1364194.369 295.084 0  1150n
538818.082 1364227.104 295.450 0  1200n
538785.356 1364260.058 295.441 0  1250n
538750.938 1364296.570 295.082 0  1300n
538715.752 1364330.784 294.892 0  1350n
538677.359 1364368.837 294.618 0  1400n
538643.075 1364403.488 294.687 0  1450n
538608.923 1364437.005 295.485 0  1500n
538463.598 1364293.602 292.697 0  line2000eST1500n
538497.890 1364261.834 292.839 0  1450n
538532.742 1364226.844 292.830 0  1400n
538569.579 1364189.493 293.573 0  1350n
538604.993 1364153.471 293.647 0  1300n
538638.747 1364120.290 293.580 0  1250n
538674.238 1364085.566 293.587 0  1200n
538709.479 1364050.017 293.772 0  1150n
538744.612 1364014.691 293.820 0  1100n
538781.382 1363978.933 293.392 0  1050n
538640.157 1363838.525 291.126 0  liine1800eSt1050n
538603.387 1363874.238 291.047 0  1100n
538568.109 1363909.469 291.023 0  1150n
538534.621 1363943.946 290.461 0  1200n
538499.289 1363979.073 290.884 0  1250n
538462.398 1364012.966 290.638 0  1300n
538428.366 1364051.156 290.306 0  1350n
538394.138 1364085.781 290.200 0  1400n
538359.092 1364122.687 290.093 0  1450n
538326.003 1364160.158 289.833 0  1500n
538186.769 1364021.352 288.955 0  line1600eST1500n
538216.343 1363982.597 288.724 0  1450n
538254.230 1363946.273 288.797 0  1400n
538289.145 1363911.234 288.904 0  1350n
538325.423 1363876.554 288.826 0  1300n
538359.763 1363840.380 288.801 0  1250n
538395.108 1363804.865 288.721 0  1200n
538429.305 1363769.723 290.185 0  1150n
538460.755 1363733.062 289.542 0  1100n
538496.647 1363697.956 289.162 0  1050n
538361.583 1363558.253 288.619 0  line1400eSt1050n
538323.758 1363591.797 288.469 0  1100n
538289.573 1363629.462 288.150 0  1150n
538255.758 1363663.208 289.092 0  1200n
538219.087 1363699.586 288.831 0  1250n
538181.460 1363733.647 288.750 0  1300n
538148.664 1363768.579 288.656 0  1350n
538111.176 1363803.237 288.577 0  1400n
538077.550 1363839.336 288.460 0  1450n
538040.183 1363874.449 288.412 0  1500n
