572441.408 3521803.036 428.678 0  1550e
572390.645 3521802.501 432.508 0  1500e
572340.700 3521804.865 433.520 0  1450e
572291.610 3521805.611 440.037 0  1400e
572237.857 3521807.886 443.796 0  1350e
572188.422 3521813.168 449.091 0  1250e
572134.859 3521814.083 466.973 0  1250e
572084.448 3521818.831 480.174 0  1200e
572039.191 3521823.965 484.494 0  1150e
571992.303 3521825.716 473.390 0  1100e
571941.423 3521825.936 464.894 0  1050e
571887.433 3521826.886 448.824 0  1000e
571844.542 3521825.220 442.919 0  950e
571793.436 3521823.490 440.903 0  900e
571745.167 3521829.199 438.831 0  850e
571648.000 3521836.180 446.433 0  750e
571597.326 3521843.006 446.117 0  700e
571549.673 3521841.985 446.418 0  650e
571501.871 3521845.284 439.180 0  600e
571448.885 3521845.754 438.553 0  550e
571398.788 3521848.544 432.757 0  450e
571345.170 3521847.186 425.178 0  450e
571301.111 3521856.576 425.131 0  400e
571245.931 3521857.077 433.032 0  400e
571197.379 3521855.832 432.154 0  300e
571148.265 3521858.847 431.286 0  250e
571097.359 3521860.218 430.590 0  200e
571046.236 3521855.980 430.839 0  150e
570995.187 3521853.410 432.945 0  100e
570946.064 3521864.604 439.199 0  49e
570900.725 3521868.785 0.0 0  0e
572543.093 3521798.910 422.681 0  1650e
572590.511 3521794.951 423.658 0  1700e
572641.607 3521791.248 421.745 0  1750e
572689.528 3521792.341 418.887 0  1800e
572741.990 3521789.235 0 0  1850e
572794.060 3521789.207 0. 0  1900e
572849.382 3521791.370 0.250 0  1950e
572893.415 3521785.444 414.994 0  2000e
572940.696 3521781.791 416.133 0  2050e
572993.260 3521779.445 418.460 0  2100e
