539485.449 1363278.345 294.017 0  50n
539452.789 1363310.465 293.831 0  100n
539415.412 1363346.801 293.086 0  150n
539380.071 1363380.690 293.605 0  200n
539345.288 1363414.005 294.224 0  250n
539309.221 1363450.227 294.550 0  300n
539272.884 1363485.925 294.041 0  350n
539239.484 1363519.900 294.002 0  400n
539203.182 1363554.610 294.371 0  450n
539167.816 1363591.116 294.618 0  500n
539132.485 1363626.099 294.091 0  550n
539097.525 1363661.614 294.365 0  600n
539061.385 1363697.388 293.902 0  650n
539028.945 1363734.585 293.986 0  700n
538990.386 1363765.609 294.539 0  750m
538955.924 1363800.834 294.119 0  800n
538920.590 1363836.610 294.060 0  850n
538884.855 1363870.727 294.007 0  900n
538852.309 1363907.027 293.759 0  950n
538814.693 1363946.096 294.008 0  1000n
