<P00> 546311.153 1372009.370 293.821 0  50
<P01> 546347.218 1371975.895 296.537 0  100
<P02> 546383.065 1371940.654 296.716 0  150
<P03> 546417.532 1371905.639 295.538 0  200
<P04> 546452.989 1371869.937 296.695 0  250
<P05> 546486.030 1371833.960 298.515 0  300
<P06> 546521.934 1371796.366 298.834 0  350
<P07> 546555.463 1371764.835 300.403 0  400
<P08> 546592.672 1371728.798 301.254 0  450
<P09> 546626.794 1371692.393 301.398 0  500
<P10> 546660.761 1371656.836 304.790 0  550
<P11> 546695.791 1371623.952 310.924 0  600
<P12> 546729.135 1371585.947 307.807 0  650
<P13> 546772.346 1371555.170 306.699 0  700
<P14> 546803.827 1371517.109 307.545 0  750
<P15> 546839.411 1371484.397 314.473 0  800
<P16> 546873.726 1371442.807 309.437 0  850
<P17> 546907.880 1371409.790 308.994 0  900
<P18> 546945.553 1371374.840 310.449 0  950
<P19> 546977.441 1371337.216 309.633 0  1000
<P20> 547007.727 1371306.121 309.159 0  1050
<P21> 547046.388 1371271.554 308.134 0  1100
<P22> 547080.044 1371236.911 307.202 0  1150
<P23> 547116.139 1371201.876 306.453 0  1200
<P24> 547152.109 1371166.123 307.172 0  1250
<P25> 547186.127 1371133.351 307.159 0  1300
<P26> 547222.682 1371095.273 306.932 0  1350
<P27> 547256.190 1371062.513 308.061 0  1400
<P28> 547291.633 1371023.523 308.534 0  1450
<P29> 547331.043 1370988.449 308.520 0  1500
<P30> 547361.864 1370957.022 309.381 0  1550
<P31> 547400.493 1370919.580 310.148 0  1600
<P32> 547436.819 1370885.608 309.255 0  1650
<P33> 547467.430 1370850.044 307.872 0  1700
<P34> 547506.662 1370807.967 310.120 0  1750
<P35> 547538.097 1370776.435 309.309 0  1800
<P36> 547572.960 1370740.301 310.436 0  1850
<P37> 547609.179 1370706.007 309.422 0  1900
<P38> 547644.964 1370671.138 309.358 0  1950
