<P00> 547510.487 1370515.696 312.190 0  1950
<P01> 547475.800 1370549.390 312.144 0  1900
<P02> 547440.092 1370583.758 312.460 0  1850
<P03> 547404.317 1370619.401 313.341 0  1800
<P04> 547370.122 1370656.386 312.028 0  1750
<P05> 547334.223 1370690.129 312.043 0  1700
<P06> 547299.464 1370724.934 313.324 0  1650
<P07> 547260.760 1370760.301 314.168 0  1600
<P08> 547226.804 1370794.151 313.087 0  1550
<P09> 547191.600 1370828.507 312.685 0  1500
<P10> 547156.367 1370863.938 311.054 0  1450
<P11> 547122.981 1370899.974 310.141 0  1400
<P12> 547089.680 1370934.825 308.852 0  1350
<P13> 547051.154 1370972.297 308.296 0  1300
<P14> 547016.379 1371007.359 307.612 0  1250
<P15> 546980.206 1371042.229 307.773 0  1200
<P16> 546947.234 1371074.979 307.269 0  1150
<P17> 546911.822 1371111.461 306.637 0  1100
<P18> 546872.434 1371147.932 306.927 0  1050
<P19> 546840.274 1371186.125 306.943 0  1000
<P20> 546809.136 1371217.167 307.365 0  950
<P21> 546769.990 1371251.180 307.952 0  900
<P22> 546739.100 1371286.958 306.949 0  850
<P23> 546700.827 1371321.530 306.223 0  800
<P24> 546665.994 1371357.174 306.253 0  750
<P25> 546630.414 1371392.212 305.224 0  700
<P26> 546596.088 1371426.669 305.149 0  650
<P27> 546561.008 1371462.107 304.031 0  600
<P28> 546527.808 1371496.825 303.270 0  550
<P29> 546491.173 1371529.671 303.414 0  500
<P30> 546455.385 1371566.597 307.321 0  450
<P31> 546422.383 1371607.834 304.617 0  400
<P32> 546384.383 1371635.976 302.519 0  350
<P33> 546350.823 1371673.703 300.136 0  300
<P34> 546316.976 1371709.875 297.884 0  250
<P35> 546279.814 1371740.672 296.509 0  200
<P36> 546247.565 1371777.539 296.999 0  150
<P37> 546212.473 1371816.040 296.070 0  100
<P38> 546175.240 1371847.682 294.801 0  50
