<P00> 541801.551 1368304.870 288.350 0  1500
<P01> 541835.786 1368272.644 289.100 0  1450
<P02> 541871.789 1368236.276 288.888 0  1400
<P03> 541909.426 1368200.744 289.384 0  1350
<P04> 541948.916 1368169.085 288.665 0  1300
<P05> 541981.891 1368136.014 288.708 0  1250
<P06> 542019.334 1368100.107 288.054 0  1200
<P07> 542054.469 1368065.709 289.069 0  1150
<P08> 542094.262 1368028.934 287.353 0  1100
<P09> 542126.087 1367998.717 288.323 0  1050
<P10> 542161.782 1367962.820 287.298 0  1000
<P11> 542199.829 1367928.292 289.241 0  950
<P12> 542233.992 1367892.542 290.482 0  900
<P13> 542270.565 1367856.195 291.936 0  850
<P14> 542306.374 1367823.452 291.529 0  800
<P15> 542341.789 1367788.123 291.401 0  750
<P16> 542378.995 1367753.329 292.169 0  700
<P17> 542414.369 1367716.923 292.056 0  650
<P18> 542451.444 1367683.990 292.268 0  600
<P19> 542485.360 1367646.957 293.274 0  550
<P20> 542522.229 1367612.145 293.262 0  500
<P21> 542557.913 1367575.197 293.416 0  450
<P22> 542593.749 1367542.228 294.809 0  400
<P23> 542629.684 1367507.861 294.734 0  350
<P24> 542657.201 1367477.509 303.359 0  300
<P25> 542700.455 1367440.652 309.158 0  250
<P26> 542729.144 1367408.451 310.023 0  200
<P27> 542769.617 1367372.023 302.969 0  150
<P28> 542804.828 1367336.932 305.032 0  100
<P29> 542840.134 1367300.852 307.206 0  050
