539194.850 1362991.294 291.272 0  50N
539164.257 1363029.634 290.876 0  100N
539127.511 1363064.470 291.010 0  150N
539093.556 1363101.665 290.429 0  200N
539060.365 1363137.674 290.809 0  250N
539033.821 1363178.044 290.798 0  300N
538991.006 1363219.058 291.780 0  350N
538965.197 1363247.919 290.752 0  400N
538925.677 1363284.892 290.102 0  450N
538887.200 1363320.533 290.089 0  500N
538849.217 1363351.488 290.193 0  550N
538820.611 1363387.152 290.409 0  600N
538784.243 1363425.961 290.472 0  650N
538748.257 1363458.369 290.765 0  700N
538711.236 1363497.191 289.733 0  750N
538673.623 1363528.036 289.912 0  800N
538636.116 1363560.350 290.310 0  850N
538601.973 1363592.958 289.727 0  900N
538563.866 1363630.376 289.694 0  950N
538533.708 1363669.107 289.827 0  1000N
