<P00> 546837.517 1372069.559 300.317 0  400
<P01> 546877.982 1372044.174 301.581 0  450
<P02> 546915.316 1372009.164 301.939 0  500
<P03> 546949.625 1371974.046 305.053 0  550
<P04> 546983.827 1371937.903 308.304 0  600
<P05> 547019.709 1371901.629 310.111 0  650
<P06> 547055.234 1371867.473 311.361 0  700
<P07> 547089.985 1371832.225 312.071 0  750
<P08> 547126.219 1371796.944 312.964 0  800
<P09> 547162.564 1371762.101 311.989 0  850
<P10> 547198.267 1371726.447 310.395 0  900
<P11> 547232.709 1371694.204 309.809 0  950
<P12> 547268.718 1371656.871 309.329 0  1000
<P13> 547302.313 1371620.827 308.625 0  1050
<P14> 547338.882 1371587.558 307.207 0  1100
<P15> 547372.803 1371551.346 307.299 0  1150
<P16> 547408.001 1371517.013 306.206 0  1200
<P17> 547442.402 1371481.508 305.917 0  1250
<P18> 547477.321 1371445.741 306.714 0  1300
<P19> 547514.662 1371411.711 305.814 0  1350
<P20> 547549.071 1371372.178 306.593 0  1400
<P21> 547586.596 1371338.441 304.151 0  1450
<P22> 547615.610 1371305.348 304.199 0  1500
<P23> 547652.299 1371272.976 303.132 0  1550
<P24> 547691.126 1371236.129 302.361 0  1600
<P25> 547726.629 1371202.533 302.699 0  1650
<P26> 547761.093 1371167.456 303.016 0  1700
<P27> 547799.645 1371130.862 304.966 0  1750
<P28> 547833.880 1371097.117 306.289 0  1800
<P29> 547870.429 1371059.328 306.405 0  1850
<P30> 547903.388 1371028.183 305.895 0  1900
<P31> 547939.033 1370991.986 305.165 0  1950
