<P00> 542004.087 1368524.676 285.714 0  1500
<P01> 542037.471 1368495.838 283.304 0  1450
<P02> 542070.959 1368461.912 285.922 0  1400
<P03> 542104.577 1368425.564 286.493 0  1350
<P04> 542140.882 1368392.052 287.873 0  1300
<P05> 542177.916 1368357.245 288.112 0  1250
<P06> 542213.893 1368323.304 287.410 0  1200
<P07> 542246.308 1368285.865 287.673 0  1150
<P08> 542284.727 1368248.612 288.660 0
<P09> 542319.179 1368213.856 289.088 0
<P10> 542353.788 1368179.073 289.039 0
<P11> 542391.495 1368145.160 289.174 0  950
<P12> 542429.332 1368106.252 290.505 0  900
<P13> 542461.410 1368073.073 290.060 0  850
<P14> 542495.210 1368039.387 290.175 0  800
<P15> 542529.553 1368005.127 291.196 0  750
<P16> 542564.183 1367966.428 291.338 0  700
<P17> 542597.411 1367933.907 289.826 0  650
<P18> 542634.109 1367900.915 291.583 0  600
<P19> 542674.000 1367860.996 290.727 0  550
<P20> 542709.706 1367822.205 291.974 0  500
<P21> 542743.563 1367790.867 290.131 0  450
<P22> 542779.025 1367759.058 288.120 0  400
<P23> 542815.641 1367722.976 292.180 0  350
<P24> 542851.536 1367691.167 290.311 0  300
<P25> 542888.500 1367654.289 292.290 0  250
<P26> 542920.309 1367622.009 290.984 0  200
<P27> 542957.364 1367584.471 291.292 0  150
<P28> 542989.088 1367548.773 292.113 0  100
<P29> 543026.582 1367511.158 293.475 0  050
