542944.450 1367429.303 292.460 0  50e
542908.622 1367463.980 291.658 0  100e
542874.265 1367494.883 294.329 0  150e
542843.413 1367530.871 291.397 0  200e
542808.347 1367564.503 291.286 0  250e
542768.507 1367613.228 286.780 0  300e
542732.674 1367647.754 291.187 0  350e
542704.091 1367674.659 290.371 0  400e
542666.336 1367713.448 291.975 0  450e
542624.812 1367741.163 297.044 0  500e
542591.884 1367785.182 298.677 0  550e
542563.057 1367818.580 296.369 0  600e
542528.135 1367849.301 291.178 0  650e
542487.546 1367889.305 290.126 0  700e
542450.800 1367922.962 290.694 0  750e
542418.635 1367960.455 288.935 0  800e
542381.795 1367994.326 289.662 0  850e
542346.303 1368031.669 288.249 0  900e
542308.583 1368068.306 286.124 0  950e
542274.397 1368101.839 286.991 0  1000e
542241.943 1368135.777 287.021 0  1050e
542206.957 1368168.624 286.404 0  1100e
542172.934 1368206.834 286.762 0  1150e
542139.012 1368241.747 286.898 0  1200e
542101.714 1368277.172 286.994 0  1250e
542068.024 1368310.504 287.312 0  1300e
542031.802 1368347.246 285.939 0  1350e
541996.592 1368380.342 287.561 0  1400e
541961.405 1368416.501 286.052 0  1450e
541926.315 1368454.456 285.959 0  1500e
