<P00> 542887.277 1367369.445 297.274 0  050
<P01> 542849.030 1367404.779 304.681 0  100
<P02> 542814.508 1367439.491 304.546 0  150
<P03> 542783.329 1367473.596 294.105 0  200
<P04> 542750.436 1367512.025 293.277 0  250
<P05> 542709.638 1367548.384 291.924 0  300
<P06> 542674.654 1367582.342 290.293 0  350
<P07> 542639.214 1367616.469 293.568 0  400
<P08> 542603.971 1367654.137 292.843 0  450
<P09> 542569.149 1367688.581 292.838 0  500
<P10> 542534.663 1367722.650 294.542 0  550
<P11> 542497.462 1367758.065 292.250 0  600
<P12> 542464.667 1367793.189 291.588 0  650
<P13> 542428.987 1367826.661 292.489 0  700
<P14> 542392.503 1367862.723 291.649 0  750
<P15> 542357.273 1367897.579 291.652 0  800
<P16> 542322.339 1367932.366 291.416 0  850
<P17> 542285.156 1367967.685 291.028 0  900
<P18> 542249.699 1368001.538 290.850 0  950
<P19> 542212.769 1368037.151 289.962 0  1000
<P20> 542178.729 1368071.561 290.351 0  1050
<P21> 542147.812 1368103.719 290.756 0  1100
<P22> 542107.359 1368142.012 289.656 0  1150
<P23> 542075.334 1368173.761 290.583 0  1200
<P24> 542040.286 1368210.499 291.244 0  1250
<P25> 542004.303 1368247.044 289.908 0  1300
<P26> 541967.252 1368281.725 289.042 0  1350
<P27> 541930.889 1368319.012 289.806 0  1400
<P28> 541898.135 1368350.557 289.318 0  1450
<P29> 541863.561 1368383.313 289.173 0  1500
