539771.808 1363559.914 295.418 0  50n
539736.330 1363595.217 295.873 0  100n
539700.465 1363631.445 296.524 0  150n
539666.736 1363664.877 296.207 0  200n
539626.800 1363704.130 297.309 0  250n
539594.011 1363736.860 297.087 0  300n
539559.302 1363770.486 296.604 0  350n
539525.161 1363805.711 296.309 0  400n
539489.471 1363842.574 296.152 0  450n
539452.657 1363876.577 295.996 0  500n
539416.013 1363910.465 295.894 0  550n
539380.022 1363945.883 295.947 0  600n
539345.261 1363984.709 295.642 0  650n
539308.566 1364019.589 297.178 0  700n
539275.012 1364051.797 296.687 0  750n
539240.160 1364088.888 296.750 0  800n
539204.063 1364123.218 296.989 0  850n
539168.018 1364156.974 297.723 0  900n
539134.018 1364194.007 297.588 0  950n
539098.433 1364228.803 297.453 0  1000n
