<P00> 546025.236 1371706.387 296.560 0  50
<P01> 546057.770 1371671.258 297.373 0  100
<P02> 546093.050 1371635.494 298.048 0  150
<P03> 546127.051 1371600.696 297.772 0  200
<P04> 546163.432 1371566.393 298.567 0  250
<P05> 546197.017 1371530.643 300.065 0  300
<P06> 546233.988 1371495.861 300.570 0  350
<P07> 546267.961 1371460.183 300.247 0  400
<P08> 546305.519 1371426.494 300.812 0  450
<P09> 546337.710 1371391.299 301.405 0  500
<P10> 546375.038 1371352.630 303.921 0  550
<P11> 546409.968 1371316.033 305.007 0  600
<P12> 546443.433 1371284.937 305.148 0  650
<P13> 546478.519 1371248.859 305.110 0  700
<P14> 546514.642 1371214.115 306.200 0  750
<P15> 546550.074 1371177.120 306.655 0  800
<P16> 546584.280 1371143.001 306.885 0  850
<P17> 546612.957 1371114.360 306.264 0  900
<P18> 546654.438 1371071.362 306.539 0  950
<P19> 546691.167 1371036.151 306.087 0  1000
<P20> 546723.596 1371001.554 306.139 0  1050
<P21> 546759.091 1370967.963 306.164 0  1100
<P22> 546793.087 1370934.165 306.296 0  1150
<P23> 546828.808 1370896.917 306.745 0  1200
<P24> 546868.042 1370860.232 307.265 0  1250
<P25> 546899.131 1370824.371 308.847 0  1300
<P26> 546934.347 1370789.204 308.834 0  1350
<P27> 546973.233 1370752.542 309.487 0  1400
<P28> 547006.430 1370718.249 310.252 0  1450
<P29> 547039.271 1370683.776 310.958 0  1500
<P30> 547075.135 1370648.914 311.484 0  1550
<P31> 547110.294 1370612.072 313.154 0  1600
<P32> 547145.556 1370575.032 313.288 0  1650
<P33> 547181.007 1370543.873 313.716 0  1700
<P34> 547219.651 1370506.658 316.763 0  1750
<P35> 547251.555 1370472.498 315.735 0  1800
<P36> 547288.333 1370441.729 317.650 0  1850
<P37> 547327.795 1370394.532 318.407 0  1900
<P38> 547356.968 1370368.998 316.048 0  1950
