539055.677 1362845.464 291.147 0  50N
539012.414 1362877.782 290.323 0  100N
538978.650 1362911.756 289.841 0  150N
538931.021 1362944.796 289.025 0  200N
538892.960 1362971.689 289.994 0  250N
538857.495 1363006.403 290.110 0  300N
538822.187 1363042.246 289.062 0  350N
538785.985 1363074.314 289.422 0  400N
538745.427 1363109.170 287.519 0  450N
538714.320 1363144.681 289.112 0  500N
538676.163 1363179.264 288.760 0  550N
538642.180 1363212.056 288.460 0  600N
538605.919 1363247.928 288.423 0  650N
538578.036 1363283.909 288.987 0  700N
538393.113 1363520.782 290.559 0  1000N
538429.404 1363484.998 289.507 0  950N
538461.242 1363450.861 289.237 0  900N
538490.553 1363406.992 289.269 0  850N
538516.966 1363363.880 288.767 0  800N
538542.337 1363323.318 289.176 0  750N
