<P00> 541684.526 1368146.965 287.625 0  1450
<P01> 541720.194 1368110.387 286.938 0  1400
<P02> 541756.385 1368076.008 286.136 0  1350
<P03> 541788.431 1368039.027 286.748 0  1300
<P04> 541824.102 1368006.936 286.307 0  1250
<P05> 541859.083 1367969.690 286.297 0  1200
<P06> 541893.355 1367934.929 286.970 0  1150
<P07> 541930.882 1367898.315 287.976 0  1100
<P08> 541966.570 1367868.869 287.173 0  1050
<P09> 542000.614 1367829.895 285.386 0  1000
<P10> 542036.690 1367793.867 284.944 0  950
<P11> 542074.636 1367759.789 287.107 0  900
<P12> 542107.800 1367724.574 287.924 0  850
<P13> 542142.817 1367689.695 287.805 0  800
<P14> 542181.225 1367653.848 289.530 0  750
<P15> 542216.326 1367618.888 288.875 0  700
<P16> 542250.193 1367583.837 288.786 0  650
<P17> 542286.084 1367548.936 290.165 0  600
<P18> 542323.137 1367513.807 289.051 0  550
<P19> 542357.099 1367479.146 291.142 0  500
<P20> 542392.451 1367442.729 288.590 0  450
<P21> 542427.100 1367408.360 291.342 0  400
<P22> 542460.611 1367373.169 291.430 0  350
<P23> 542495.368 1367339.125 293.391 0  300
<P24> 542533.492 1367301.066 293.146 0  250
<P25> 542573.891 1367267.435 295.304 0  200
<P26> 542604.210 1367233.036 293.743 0  150
<P27> 542639.593 1367196.881 294.545 0  100
<P28> 542675.179 1367160.397 294.099 0  050
