538961.520 1364092.929 296.491 0  1000n
538998.889 1364052.746 296.917 0  950n
539035.962 1364017.817 296.787 0  900n
539069.569 1363982.712 296.304 0  850n
539102.974 1363949.228 295.023 0  800n
539139.501 1363909.677 296.441 0  750n
539175.346 1363877.625 295.356 0  700n
539209.547 1363839.542 294.445 0  650n
539245.354 1363803.419 295.970 0  600n
539277.068 1363768.147 296.611 0  550n
539313.457 1363734.003 295.363 0  500n
539348.568 1363697.923 295.917 0  500n
539380.842 1363664.182 296.076 0  400n
539419.310 1363625.478 296.896 0  350n
539451.306 1363592.761 296.432 0  300n
539485.363 1363555.615 296.688 0  250n
539522.381 1363521.808 296.265 0  200n
539557.758 1363486.868 295.905 0  150n
539592.441 1363449.276 294.675 0  100n
539627.457 1363413.519 294.398 0  50n
