<P00> 541362.032 1367898.779 286.908 0  1500
<P01> 541399.245 1367866.101 286.410 0  1450
<P02> 541439.200 1367827.399 286.880 0  1400
<P03> 541469.810 1367794.881 287.705 0  1350
<P04> 541505.669 1367756.338 287.929 0  1300
<P05> 541539.700 1367722.910 287.546 0  1250
<P06> 541576.286 1367690.733 289.671 0  1200
<P07> 541609.638 1367652.427 288.185 0  1150
<P08> 541647.504 1367618.003 289.036 0  1100
<P09> 541680.731 1367584.139 289.281 0  1050
<P10> 541718.816 1367547.444 289.760 0  1000
<P11> 541754.291 1367510.886 289.916 0  950
<P12> 541789.548 1367474.541 289.360 0  900
<P13> 541825.161 1367439.013 289.866 0  850
<P14> 541861.672 1367403.816 290.098 0  800
<P15> 541895.234 1367369.618 291.381 0  750
<P16> 541931.632 1367332.440 291.395 0  700
<P17> 541964.948 1367295.154 292.482 0  650
<P18> 542002.753 1367261.026 292.087 0  600
<P19> 542036.609 1367225.525 292.232 0  550
<P20> 542068.602 1367191.998 291.268 0  500
<P21> 542106.031 1367155.511 291.603 0  450
<P22> 542141.160 1367120.597 292.888 0  400
<P23> 542175.968 1367086.490 292.709 0  350
<P24> 542209.782 1367051.053 292.796 0  300
<P25> 542246.557 1367015.149 293.064 0  250
<P26> 542280.995 1366980.970 294.720 0  200
<P27> 542315.582 1366944.028 295.707 0  150
<P28> 542350.465 1366910.072 295.835 0  100
