ls
ls
<CR>
         TIME          Size       File name 
----A 2021/10/04 15:18      3368  1004
----A 2021/10/04 13:54    128640  10041339
----A 2021/10/04 14:10    128000  10041355
----A 2021/10/04 14:27    128640  10041410
----A 2021/10/04 14:41    128000  10041426
----A 2021/10/04 14:58    128640  10041441
----A 2021/10/04 15:11    128000  10041456
----A 2021/10/04 15:13      2560  10041512
----A 2021/10/05 15:15      8432  1005
----A 2021/10/05 10:59    128000  10051042
----A 2021/10/05 11:15    128000  10051058
----A 2021/10/05 11:31    128000  10051114
----A 2021/10/05 11:47    128000  10051130
----A 2021/10/05 12:03    128000  10051146
----A 2021/10/05 12:19    128000  10051202
----A 2021/10/05 12:35    128000  10051218
----A 2021/10/05 12:51    128000  10051234
----A 2021/10/05 13:07    128000  10051250
----A 2021/10/05 13:23    128000  10051306
----A 2021/10/05 13:39    128000  10051322
----A 2021/10/05 13:55    128000  10051338
----A 2021/10/05 14:11    128000  10051354
----A 2021/10/05 14:27    128000  10051410
----A 2021/10/05 14:43    128000  10051426
----A 2021/10/05 14:59    128000  10051442
----A 2021/10/05 15:15    128000  10051458
----A 2021/10/05 15:15      2560  10051514
----A 2021/10/06 14:50      8408  1006
----A 2021/10/06 10:37    128000  10061022
----A 2021/10/06 10:53    128000  10061038
----A 2021/10/06 11:09    128000  10061054
----A 2021/10/06 11:25    128000  10061110
----A 2021/10/06 11:41    128000  10061126
----A 2021/10/06 11:57    128000  10061142
----A 2021/10/06 12:13    128000  10061158
----A 2021/10/06 12:29    128000  10061214
----A 2021/10/06 12:45    128000  10061230
----A 2021/10/06 13:01    128000  10061246
----A 2021/10/06 13:17    128000  10061302
----A 2021/10/06 13:33    128000  10061318
----A 2021/10/06 13:49    128000  10061334
----A 2021/10/06 14:05    128000  10061350
----A 2021/10/06 14:21    128000  10061406
----A 2021/10/06 14:37    128000  10061422
----A 2021/10/06 14:38      2560  10061438

  45 File(s),   5021808 bytes total
   0 Dir(s),     995488K bytes free

/> 
read 1006
read 1006
<CR>Time:2021/10/06 14:38
Hours Minutes Seconds  Nb_Samples    Aver. Current 
10 6 57 25 9061 
10 7 12 24 11055 
10 7 27 25 13471 
10 7 42 25 15223 
10 7 57 25 15888 
10 8 12 25 16613 
10 8 27 25 17036 
10 8 42 25 17036 
10 8 57 25 17036 
10 9 12 25 17036 
10 9 27 25 17036 
10 9 42 25 17036 
10 9 57 25 17036 
10 10 12 25 16975 
10 10 27 25 16975 
10 10 42 25 16975 
10 10 57 25 16975 
10 11 12 25 16975 
10 11 27 25 16975 
10 11 42 25 16975 
10 11 57 25 16975 
10 12 12 25 16975 
10 12 27 25 16975 
10 12 42 25 16975 
10 12 57 25 16975 
10 13 12 25 16975 
10 13 27 25 16975 
10 13 42 25 16975 
10 13 57 25 16975 
10 14 12 25 16975 
10 14 27 25 17036 
10 14 42 25 17036 
10 14 57 25 17036 
10 15 12 25 17036 
10 15 27 25 17036 
10 15 42 25 17036 
10 15 57 25 17036 
10 16 12 25 17036 
10 16 27 25 17036 
10 16 42 25 17036 
10 16 57 25 17036 
10 17 12 25 17036 
10 17 27 25 17036 
10 17 42 25 17036 
10 17 57 25 17036 
10 18 12 25 17036 
10 18 27 25 17036 
10 18 42 25 17036 
10 18 57 25 17036 
10 19 12 25 17036 
10 19 27 25 17036 
10 19 42 25 17036 
10 19 57 25 17036 
10 20 12 25 17036 
10 20 27 25 17036 
10 20 42 25 17036 
10 20 57 25 17036 
10 21 12 25 17036 
10 22 42 25 17036 
10 22 57 25 17036 
10 23 12 25 17036 
10 23 27 25 17036 
10 23 42 25 17036 
10 23 57 25 17036 
10 24 12 25 16975 
10 24 27 25 16975 
10 24 42 25 17036 
10 24 57 25 17036 
10 25 12 25 16975 
10 25 27 25 16975 
10 25 42 25 16975 
10 25 57 25 16975 
10 26 12 25 16975 
10 26 27 25 16975 
10 26 42 25 16975 
10 26 57 25 16975 
10 27 12 25 16975 
10 27 27 25 16975 
10 27 42 25 16975 
10 27 57 25 16975 
10 28 12 25 16975 
10 28 27 25 16975 
10 28 42 25 16975 
10 28 57 25 16975 
10 29 12 25 16975 
10 29 27 25 16975 
10 29 42 25 16975 
10 29 57 25 16975 
10 30 12 25 16975 
10 30 27 25 16975 
10 30 42 25 16975 
10 30 57 25 16975 
10 31 12 25 16975 
10 31 27 25 16975 
10 31 42 25 16975 
10 31 57 25 16975 
10 32 12 25 16975 
10 32 27 25 16975 
10 32 42 25 16975 
10 32 57 25 16975 
10 33 12 25 16975 
10 33 27 25 16975 
10 33 42 25 16975 
10 33 57 25 16975 
10 34 12 25 16975 
10 34 27 25 16975 
10 34 42 25 16975 
10 34 57 25 16975 
10 35 12 25 16975 
10 35 27 25 16975 
10 35 42 25 16975 
10 35 57 25 16975 
10 36 12 25 16975 
10 36 27 25 16975 
10 36 42 25 16975 
10 36 57 25 16975 
10 37 12 25 16975 
10 38 42 25 16975 
10 38 57 25 16975 
10 39 12 25 16975 
10 39 27 25 16975 
10 39 42 25 16975 
10 39 57 25 16975 
10 40 12 25 16975 
10 40 27 25 16975 
10 40 42 25 16975 
10 40 57 25 16975 
10 41 12 25 16975 
10 41 27 25 16975 
10 41 42 25 16975 
10 41 57 25 16975 
10 42 12 25 16975 
10 42 27 25 16975 
10 42 42 25 16975 
10 42 57 25 16975 
10 43 12 25 16975 
10 43 27 25 16975 
10 43 42 25 16975 
10 43 57 25 16975 
10 44 12 25 16975 
10 44 27 25 16975 
10 44 42 25 16975 
10 44 57 25 16975 
10 45 12 25 16975 
10 45 27 25 16975 
10 45 42 25 16975 
10 45 57 25 16975 
10 46 12 25 16975 
10 46 27 25 16975 
10 46 42 25 16975 
10 46 57 25 16975 
10 47 12 25 16975 
10 47 27 25 16975 
10 47 42 25 16975 
10 47 57 25 16975 
10 48 12 25 16975 
10 48 27 25 16975 
10 48 42 25 16975 
10 48 57 25 16975 
10 49 12 25 16975 
10 49 27 25 16975 
10 49 42 25 16975 
10 49 57 25 16975 
10 50 12 25 16975 
10 50 27 25 16975 
10 50 42 25 16975 
10 50 57 25 16975 
10 51 12 25 16975 
10 51 27 25 16975 
10 51 42 25 16975 
10 51 57 25 16975 
10 52 12 25 16975 
10 52 27 25 16975 
10 52 42 25 16975 
10 52 57 25 16975 
10 53 12 25 16975 
10 54 42 25 16975 
10 54 57 25 16975 
10 55 12 25 16975 
10 55 27 25 16975 
10 55 42 25 16975 
10 55 57 25 16975 
10 56 12 25 16975 
10 56 27 25 16975 
10 56 42 25 16975 
10 56 57 25 16975 
10 57 12 25 16975 
10 57 27 25 16975 
10 57 42 25 16975 
10 57 57 25 16975 
10 58 12 25 16975 
10 58 27 25 16975 
10 58 42 25 16975 
10 58 57 25 16975 
10 59 12 25 16975 
10 59 27 25 16975 
10 59 42 25 16975 
10 59 57 25 16975 
11 0 12 25 16975 
11 0 27 25 16975 
11 0 42 25 16975 
11 0 57 25 16975 
11 1 12 25 16975 
11 1 27 25 16975 
11 1 42 25 16975 
11 1 57 25 16975 
11 2 12 25 16975 
11 2 27 25 16975 
11 2 42 25 16975 
11 2 57 25 16975 
11 3 12 25 16975 
11 3 27 25 16975 
11 3 42 25 16975 
11 3 57 25 16975 
11 4 12 25 16975 
11 4 27 25 16975 
11 4 42 25 16975 
11 4 57 25 16975 
11 5 12 25 16975 
11 5 27 25 16975 
11 5 42 25 16975 
11 5 57 25 16975 
11 6 12 25 16975 
11 6 27 25 16975 
11 6 42 25 16975 
11 6 57 25 16975 
11 7 12 25 16975 
11 7 27 25 16975 
11 7 42 25 16975 
11 7 57 25 16975 
11 8 12 25 16975 
11 8 27 25 16975 
11 8 42 25 16975 
11 8 57 25 16975 
11 9 12 25 16975 
11 10 42 25 16975 
11 10 57 25 16975 
11 11 12 25 16975 
11 11 27 25 16975 
11 11 42 25 16975 
11 11 57 25 16975 
11 12 12 25 16975 
11 12 27 25 16975 
11 12 42 25 16975 
11 12 57 25 16975 
11 13 12 25 16975 
11 13 27 25 16975 
11 13 42 25 16975 
11 13 57 25 16975 
11 14 12 25 16975 
11 14 27 25 16975 
11 14 42 25 16975 
11 14 57 25 16975 
11 15 12 25 16975 
11 15 27 25 16975 
11 15 42 25 16975 
11 15 57 25 16975 
11 16 12 25 16975 
11 16 27 25 16975 
11 16 42 25 16975 
11 16 57 25 16975 
11 17 12 25 16975 
11 17 27 25 16975 
11 17 42 25 16975 
11 17 57 25 16975 
11 18 12 25 16975 
11 18 27 25 16975 
11 18 42 25 16975 
11 18 57 25 16975 
11 19 12 25 16975 
11 19 27 25 16975 
11 19 42 25 16975 
11 19 57 25 16975 
11 20 12 25 16975 
11 20 27 25 16975 
11 20 42 25 16975 
11 20 57 25 16975 
11 21 12 25 16975 
11 21 27 25 16975 
11 21 42 25 16975 
11 21 57 25 16975 
11 22 12 25 16975 
11 22 27 25 16975 
11 22 42 25 16975 
11 22 57 25 16975 
11 23 12 25 16975 
11 23 27 25 16975 
11 23 42 25 16975 
11 23 57 25 16975 
11 24 12 25 16975 
11 24 27 25 16975 
11 24 42 25 16975 
11 24 57 25 16975 
11 25 12 25 16975 
11 26 42 25 16975 
11 26 57 25 16975 
11 27 12 25 16975 
11 27 27 25 16975 
11 27 42 25 16975 
11 27 57 25 16975 
11 28 12 25 16975 
11 28 27 25 16975 
11 28 42 25 16975 
11 28 57 25 16975 
11 29 12 25 16975 
11 29 27 25 16975 
11 29 42 25 16975 
11 29 57 25 16975 
11 30 12 25 16975 
11 30 27 25 16975 
11 30 42 25 16975 
11 30 57 25 16975 
11 31 12 25 16975 
11 31 27 25 16975 
11 31 42 25 16975 
11 31 57 25 16975 
11 32 12 25 16975 
11 32 27 25 16975 
11 32 42 25 16975 
11 32 57 25 16975 
11 33 12 25 16975 
11 33 27 25 16975 
11 33 42 25 16975 
11 33 57 25 16975 
11 34 12 25 16975 
11 34 27 25 16975 
11 34 42 25 16975 
11 34 57 25 16975 
11 35 12 25 16975 
11 35 27 25 16975 
11 35 42 25 16975 
11 35 57 25 16975 
11 36 12 25 16975 
11 36 27 25 16975 
11 36 42 25 16975 
11 36 57 25 16975 
11 37 12 25 16975 
11 37 27 25 16975 
11 37 42 25 16975 
11 37 57 25 16975 
11 38 12 25 16975 
11 38 27 25 16975 
11 38 42 25 16975 
11 38 57 25 16975 
11 39 12 25 16975 
11 39 27 25 16975 
11 39 42 25 16975 
11 39 57 25 16975 
11 40 12 25 16975 
11 40 27 25 16975 
11 40 42 25 16975 
11 40 57 25 16975 
11 41 12 25 16975 
11 42 42 25 16975 
11 42 57 25 16975 
11 43 12 25 16975 
11 43 27 25 16975 
11 43 42 25 16975 
11 43 57 25 16975 
11 44 12 25 16975 
11 44 27 25 16975 
11 44 42 25 16975 
11 44 57 25 16975 
11 45 12 25 16975 
11 45 27 25 16975 
11 45 42 25 16975 
11 45 57 25 16975 
11 46 12 25 16975 
11 46 27 25 16975 
11 46 42 25 16975 
11 46 57 25 16975 
11 47 12 25 16975 
11 47 27 25 16975 
11 47 42 25 16975 
11 47 57 25 16975 
11 48 12 25 16975 
11 48 27 25 16975 
11 48 42 25 16975 
11 48 57 25 16975 
11 49 12 25 16975 
11 49 27 25 16975 
11 49 42 25 16975 
11 49 57 25 16975 
11 50 12 25 16975 
11 50 27 25 16975 
11 50 42 25 16975 
11 50 57 25 16975 
11 51 12 25 16975 
11 51 27 25 16975 
11 51 42 25 16975 
11 51 57 25 16975 
11 52 12 25 16975 
11 52 27 25 16975 
11 52 42 25 16975 
11 52 57 25 16975 
11 53 12 25 16975 
11 53 27 25 16975 
11 53 42 25 16975 
11 53 57 25 16975 
11 54 12 25 16975 
11 54 27 25 16975 
11 54 42 25 16975 
11 54 57 25 16975 
11 55 12 25 16975 
11 55 27 25 16975 
11 55 42 25 16975 
11 55 57 25 16975 
11 56 12 25 16975 
11 56 27 25 16975 
11 56 42 25 16975 
11 56 57 25 16975 
11 57 12 25 16975 
11 58 42 25 16975 
11 58 57 25 16975 
11 59 12 25 16975 
11 59 27 25 16975 
11 59 42 25 16975 
11 59 57 25 16975 
12 0 12 25 16975 
12 0 27 25 16975 
12 0 42 25 16975 
12 0 57 25 16975 
12 1 12 25 16975 
12 1 27 25 16975 
12 1 42 25 16975 
12 1 57 25 16975 
12 2 12 25 16975 
12 2 27 25 16975 
12 2 42 25 16975 
12 2 57 25 16975 
12 3 12 25 16975 
12 3 27 25 16975 
12 3 42 25 16975 
12 3 57 25 16975 
12 4 12 25 16975 
12 4 27 25 16975 
12 4 42 25 16975 
12 4 57 25 16975 
12 5 12 25 16975 
12 5 27 25 16975 
12 5 42 25 16975 
12 5 57 25 16975 
12 6 12 25 16975 
12 6 27 25 16975 
12 6 42 25 16975 
12 6 57 25 16975 
12 7 12 25 16975 
12 7 27 25 16975 
12 7 42 25 16975 
12 7 57 25 16975 
12 8 12 25 16975 
12 8 27 25 16975 
12 8 42 25 16975 
12 8 57 25 16975 
12 9 12 25 16975 
12 9 27 25 16975 
12 9 42 25 16975 
12 9 57 25 16975 
12 10 12 25 16975 
12 10 27 25 16975 
12 10 42 25 16975 
12 10 57 25 16975 
12 11 12 25 16975 
12 11 27 25 16975 
12 11 42 25 16975 
12 11 57 25 16975 
12 12 12 25 16975 
12 12 27 25 16975 
12 12 42 25 16975 
12 12 57 25 16975 
12 13 12 25 16975 
12 14 42 25 16975 
12 14 57 25 16975 
12 15 12 25 16975 
12 15 27 25 16975 
12 15 42 25 16975 
12 15 57 25 16975 
12 16 12 25 16975 
12 16 27 25 16975 
12 16 42 25 16975 
12 16 57 25 16975 
12 17 12 25 16975 
12 17 27 25 16975 
12 17 42 25 16975 
12 17 57 25 16975 
12 18 12 25 16975 
12 18 27 25 16975 
12 18 42 25 16975 
12 18 57 25 16975 
12 19 12 25 16975 
12 19 27 25 16975 
12 19 42 25 16975 
12 19 57 25 16975 
12 20 12 25 16975 
12 20 27 25 16975 
12 20 42 25 16975 
12 20 57 25 16975 
12 21 12 25 16975 
12 21 27 25 16975 
12 21 42 25 16975 
12 21 57 25 16975 
12 22 12 25 16975 
12 22 27 25 16975 
12 22 42 25 16975 
12 22 57 25 16975 
12 23 12 25 16975 
12 23 27 25 16975 
12 23 42 25 16975 
12 23 57 25 16975 
12 24 12 25 16975 
12 24 27 25 16975 
12 24 42 25 16975 
12 24 57 25 16975 
12 25 12 25 16975 
12 25 27 25 16975 
12 25 42 25 16975 
12 25 57 25 16975 
12 26 12 25 16975 
12 26 27 25 16975 
12 26 42 25 16975 
12 26 57 25 16975 
12 27 12 25 16975 
12 27 27 25 16975 
12 27 42 25 16975 
12 27 57 25 16975 
12 28 12 25 16975 
12 28 27 25 16975 
12 28 42 25 16975 
12 28 58 26 16975 
12 29 13 25 16975 
12 30 43 25 16975 
12 30 58 25 16975 
12 31 13 25 16975 
12 31 28 25 16975 
12 31 43 25 16975 
12 31 58 25 16975 
12 32 13 25 16975 
12 32 28 25 16975 
12 32 43 25 16975 
12 32 58 25 16975 
12 33 13 25 16975 
12 33 28 25 16975 
12 33 43 25 16975 
12 33 58 25 16975 
12 34 13 25 16975 
12 34 28 25 16975 
12 34 43 25 16975 
12 34 58 25 16975 
12 35 13 25 16975 
12 35 28 25 16975 
12 35 43 25 16975 
12 35 58 25 16975 
12 36 13 25 16975 
12 36 28 25 16975 
12 36 43 25 16975 
12 36 58 25 16975 
12 37 13 25 16975 
12 37 28 25 16975 
12 37 43 25 16975 
12 37 58 25 16975 
12 38 13 25 16975 
12 38 28 25 16975 
12 38 43 25 16975 
12 38 58 25 16975 
12 39 13 25 16975 
12 39 28 25 16975 
12 39 43 25 16975 
12 39 58 25 16975 
12 40 13 25 16975 
12 40 28 25 16975 
12 40 43 25 16975 
12 40 58 25 16975 
12 41 13 25 16975 
12 41 28 25 16975 
12 41 43 25 16975 
12 41 58 25 16975 
12 42 13 25 16975 
12 42 28 25 16975 
12 42 43 25 16975 
12 42 58 25 16975 
12 43 13 25 16975 
12 43 28 25 16975 
12 43 43 25 16975 
12 43 58 25 16975 
12 44 13 25 16975 
12 44 28 25 16975 
12 44 43 25 16975 
12 44 58 25 16975 
12 45 13 25 16975 
12 46 43 25 16975 
12 46 58 25 16975 
12 47 13 25 16975 
12 47 28 25 16975 
12 47 43 25 16975 
12 47 58 25 16975 
12 48 13 25 16975 
12 48 28 25 16975 
12 48 43 25 16975 
12 48 58 25 16975 
12 49 13 25 16975 
12 49 28 25 16975 
12 49 43 25 16975 
12 49 58 25 16975 
12 50 13 25 16975 
12 50 28 25 16975 
12 50 43 25 16975 
12 50 58 25 16975 
12 51 13 25 16975 
12 51 28 25 16975 
12 51 43 25 16975 
12 51 58 25 16975 
12 52 13 25 16975 
12 52 28 25 16975 
12 52 43 25 16975 
12 52 58 25 16975 
12 53 13 25 16975 
12 53 28 25 16975 
12 53 43 25 16975 
12 53 58 25 16975 
12 54 13 25 16975 
12 54 28 25 16975 
12 54 43 25 16975 
12 54 58 25 16975 
12 55 13 25 16915 
12 55 28 25 16975 
12 55 43 25 16975 
12 55 58 25 16975 
12 56 13 25 16975 
12 56 28 25 16975 
12 56 43 25 16975 
12 56 58 25 16975 
12 57 13 25 16975 
12 57 28 25 16975 
12 57 43 25 16975 
12 57 58 25 16975 
12 58 13 25 16975 
12 58 28 25 16975 
12 58 43 25 16975 
12 58 58 25 16975 
12 59 13 25 16975 
12 59 28 25 16975 
12 59 43 25 16975 
12 59 58 25 16975 
13 0 13 25 16975 
13 0 28 25 16975 
13 0 43 25 16975 
13 0 58 25 16975 
13 1 13 25 16975 
13 2 43 25 16975 
13 2 58 25 16975 
13 3 13 25 16975 
13 3 28 25 16975 
13 3 43 25 16975 
13 3 58 25 16975 
13 4 13 25 16975 
13 4 28 25 16975 
13 4 43 25 16975 
13 4 58 25 16975 
13 5 13 25 16975 
13 5 28 25 16975 
13 5 43 25 16975 
13 5 58 25 16975 
13 6 13 25 16975 
13 6 28 25 16975 
13 6 43 25 16975 
13 6 58 25 16975 
13 7 13 25 16975 
13 7 28 25 16975 
13 7 43 25 16975 
13 7 58 25 16975 
13 8 13 25 16975 
13 8 28 25 16975 
13 8 43 25 16975 
13 8 58 25 16975 
13 9 13 25 16975 
13 9 28 25 16975 
13 9 43 25 16975 
13 9 58 25 16975 
13 10 13 25 16975 
13 10 28 25 16975 
13 10 43 25 16975 
13 10 58 25 16975 
13 11 13 25 16975 
13 11 28 25 16975 
13 11 43 25 16975 
13 11 58 25 16975 
13 12 13 25 16975 
13 12 28 25 16975 
13 12 43 25 16975 
13 12 58 25 16975 
13 13 13 25 16975 
13 13 28 25 16975 
13 13 43 25 16975 
13 13 58 25 16975 
13 14 13 25 16975 
13 14 28 25 16975 
13 14 43 25 16975 
13 14 58 25 16975 
13 15 13 25 16975 
13 15 28 25 16975 
13 15 43 25 16975 
13 15 58 25 16975 
13 16 13 25 16975 
13 16 28 25 16975 
13 16 43 25 16975 
13 16 58 25 16975 
13 17 13 25 16975 
13 18 43 25 16975 
13 18 58 25 16975 
13 19 13 25 16975 
13 19 28 25 16975 
13 19 43 25 16975 
13 19 58 25 16975 
13 20 13 25 16975 
13 20 28 25 16975 
13 20 43 25 16975 
13 20 58 25 16975 
13 21 13 25 16975 
13 21 28 25 16975 
13 21 43 25 16975 
13 21 58 25 16975 
13 22 13 25 16975 
13 22 28 25 16975 
13 22 43 25 16975 
13 22 58 25 16975 
13 23 13 25 16975 
13 23 28 25 16975 
13 23 43 25 16975 
13 23 58 25 16975 
13 24 13 25 16975 
13 24 28 25 16975 
13 24 43 25 16975 
13 24 58 25 16975 
13 25 13 25 16975 
13 25 28 25 16975 
13 25 43 25 16975 
13 25 58 25 16975 
13 26 13 25 16915 
13 26 28 25 16975 
13 26 43 25 16975 
13 26 58 25 16975 
13 27 13 25 16975 
13 27 28 25 16975 
13 27 43 25 16975 
13 27 58 25 16975 
13 28 13 25 16975 
13 28 28 25 16975 
13 28 43 25 16975 
13 28 58 25 16975 
13 29 13 25 16975 
13 29 28 25 16975 
13 29 43 25 16975 
13 29 58 25 16975 
13 30 13 25 16975 
13 30 28 25 16975 
13 30 43 25 16975 
13 30 58 25 16975 
13 31 13 25 16975 
13 31 28 25 16975 
13 31 43 25 16975 
13 31 58 25 16975 
13 32 13 25 16975 
13 32 28 25 16975 
13 32 43 25 16975 
13 32 58 25 16915 
13 33 13 25 16915 
13 34 43 25 16975 
13 34 58 25 16975 
13 35 13 25 16975 
13 35 28 25 16975 
13 35 43 25 16915 
13 35 58 25 16915 
13 36 13 25 16975 
13 36 28 25 16975 
13 36 43 25 16915 
13 36 58 25 16915 
13 37 13 25 16975 
13 37 28 25 16975 
13 37 43 25 16975 
13 37 58 25 16975 
13 38 13 25 16975 
13 38 28 25 16915 
13 38 43 25 16975 
13 38 58 25 16975 
13 39 13 25 16915 
13 39 28 25 16975 
13 39 43 25 16975 
13 39 58 25 16975 
13 40 13 25 16915 
13 40 28 25 16915 
13 40 43 25 16975 
13 40 58 25 16975 
13 41 13 25 16975 
13 41 28 25 16975 
13 41 43 25 16975 
13 41 58 25 16975 
13 42 13 25 16975 
13 42 28 25 16975 
13 42 43 25 16975 
13 42 58 25 16975 
13 43 13 25 16975 
13 43 28 25 16975 
13 43 43 25 16975 
13 43 58 25 16975 
13 44 13 25 16915 
13 44 28 25 16975 
13 44 43 25 16975 
13 44 58 25 16975 
13 45 13 25 16915 
13 45 28 25 16975 
13 45 43 25 16975 
13 45 58 25 16915 
13 46 13 25 16975 
13 46 28 25 16975 
13 46 43 25 16975 
13 46 58 25 16975 
13 47 13 25 16975 
13 47 28 25 16975 
13 47 43 25 16975 
13 47 58 25 16975 
13 48 13 25 16975 
13 48 28 25 16975 
13 48 43 25 16915 
13 48 58 25 16975 
13 49 13 25 16975 
13 50 43 25 16975 
13 50 58 25 16975 
13 51 13 25 16975 
13 51 28 25 16975 
13 51 43 25 16975 
13 51 58 25 16975 
13 52 13 25 16975 
13 52 28 25 16975 
13 52 43 25 16975 
13 52 58 25 16975 
13 53 13 25 16975 
13 53 28 25 16975 
13 53 43 25 16975 
13 53 58 25 16975 
13 54 13 25 16975 
13 54 28 25 16915 
13 54 43 25 16915 
13 54 58 25 16975 
13 55 13 25 16975 
13 55 28 25 16975 
13 55 43 25 16975 
13 55 58 25 16915 
13 56 13 25 16975 
13 56 28 25 16915 
13 56 43 25 16975 
13 56 58 25 16975 
13 57 13 25 16975 
13 57 28 25 16915 
13 57 43 25 16915 
13 57 58 25 16975 
13 58 13 25 16975 
13 58 28 25 16975 
13 58 43 25 16975 
13 58 58 25 16975 
13 59 13 25 16915 
13 59 28 25 16975 
13 59 43 25 16915 
13 59 58 25 16975 
14 0 13 25 16975 
14 0 28 25 16975 
14 0 43 25 16975 
14 0 58 25 16975 
14 1 13 25 16915 
14 1 28 25 16915 
14 1 43 25 16915 
14 1 58 25 16915 
14 2 13 25 16915 
14 2 28 25 16915 
14 2 43 25 16915 
14 2 58 25 16975 
14 3 13 25 16975 
14 3 28 25 16975 
14 3 43 25 16975 
14 3 58 25 16915 
14 4 13 25 16915 
14 4 28 25 16975 
14 4 43 25 16915 
14 4 58 25 16975 
14 5 13 25 16975 
14 6 43 25 16915 
14 6 58 25 16975 
14 7 13 25 16915 
14 7 28 25 16975 
14 7 43 25 16975 
14 7 58 25 16975 
14 8 13 25 16975 
14 8 28 25 16975 
14 8 43 25 16975 
14 8 58 25 16915 
14 9 13 25 16975 
14 9 28 25 16915 
14 9 43 25 16975 
14 9 58 25 16975 
14 10 13 25 16915 
14 10 28 25 16975 
14 10 43 25 16975 
14 10 58 25 16975 
14 11 13 25 16975 
14 11 28 25 16975 
14 11 43 25 16975 
14 11 58 25 16975 
14 12 13 25 16975 
14 12 28 25 16975 
14 12 43 25 16975 
14 12 58 25 16975 
14 13 13 25 16915 
14 13 28 25 16915 
14 13 43 25 16975 
14 13 58 25 16975 
14 14 13 25 16915 
14 14 28 25 16975 
14 14 43 25 16975 
14 14 58 25 16975 
14 15 13 25 16975 
14 15 28 25 16975 
14 15 43 25 16975 
14 15 58 25 16915 
14 16 13 25 16975 
14 16 28 25 16915 
14 16 43 25 16975 
14 16 58 25 16975 
14 17 13 25 16975 
14 17 28 25 16975 
14 17 43 25 16975 
14 17 58 25 16975 
14 18 13 25 16975 
14 18 28 25 16975 
14 18 43 25 16915 
14 18 58 25 16975 
14 19 13 25 16915 
14 19 28 25 16975 
14 19 43 25 16975 
14 19 58 25 16975 
14 20 13 25 16975 
14 20 28 25 16975 
14 20 43 25 16975 
14 20 58 25 16915 
14 21 13 25 16975 
14 22 43 25 16975 
14 22 58 25 16975 
14 23 13 25 16975 
14 23 28 25 16975 
14 23 43 25 16975 
14 23 58 25 16975 
14 24 13 25 16975 
14 24 28 25 16975 
14 24 43 25 16975 
14 24 58 25 16975 
14 25 13 25 16975 
14 25 28 25 16975 
14 25 43 25 16975 
14 25 58 25 16975 
14 26 13 25 16975 
14 26 28 25 16975 
14 26 43 25 16975 
14 26 58 25 16975 
14 27 13 25 16975 
14 27 28 25 16975 
14 27 43 25 16975 
14 27 58 25 16975 
14 28 13 25 16975 
14 28 28 25 16975 
14 28 43 25 16975 
14 28 58 25 16975 
14 29 13 25 16975 
14 29 28 25 16975 
14 29 43 25 16915 
14 29 58 25 16975 
14 30 13 25 16975 
14 30 28 25 16975 
14 30 43 25 16975 
14 30 58 25 16975 
14 31 13 25 16975 
14 31 28 25 16975 
14 31 43 25 16975 
14 31 58 25 16975 
14 32 13 25 16975 
14 32 28 25 16975 
14 32 43 25 16975 
14 32 58 25 16975 
14 33 13 25 16975 
14 33 28 25 16975 
14 33 43 25 16975 
14 33 58 25 16975 
14 34 13 25 16975 
14 34 28 25 16975 
14 34 43 25 16975 
14 34 58 25 16975 
14 35 13 25 16975 
14 35 28 25 16975 
14 35 43 25 16975 
14 35 58 25 16975 
14 36 13 25 16975 
14 36 28 25 16975 
14 36 43 25 16975 
14 36 58 25 16975 
14 37 13 25 16975 
14 38 43 25 16975 
14 38 58 25 16975 
14 39 13 25 16975 
14 39 28 25 16915 
14 39 43 25 16975 
14 39 58 25 16975 
14 40 13 25 16975 
14 40 28 25 16975 
14 40 43 25 16975 
14 40 58 25 16975 
14 41 13 25 16975 
14 41 28 25 16975 
14 41 43 25 16975 
14 41 58 25 16975 
14 42 13 25 16975 
14 42 28 25 16975 
14 42 43 25 16975 
14 42 58 25 16975 
14 43 13 25 16975 
14 43 28 25 16975 
14 43 43 25 16975 
14 43 58 25 16975 
14 44 13 25 16975 
14 44 28 25 16975 
14 44 43 25 16975 
14 44 58 25 16975 
14 45 13 25 16975 
14 45 28 25 16975 
14 45 43 25 16975 
14 45 58 25 16975 
14 46 13 25 16975 
14 46 28 25 16975 
14 46 43 25 16975 
14 46 58 25 16975 
14 47 13 25 16975 
14 47 28 25 16975 
14 47 43 25 16975 
14 47 58 25 16975 
14 48 13 25 16975 
14 48 28 25 16975 
14 48 43 25 16975 
14 48 58 25 16975 
14 49 13 25 16975 
14 49 28 25 16975 
14 49 43 25 16975 
14 49 58 25 16975 
14 50 13 25 16975 
14 50 28 25 16975 
14 50 43 25 16975 

/> 
read_ramp 10061302
read_ramp 10061302
<CR>Time:2021/10/06 14:38Ramp data first polarity: /06 14:38Ramp data first polarity: 
792 793 791 792 791 792 792 792 794 791 791 791 791 792 792 792 791 792 792 791 791 792 793 792 792 792 791 792 792 791 792 792 791 791 792 791 791 791 792 792 790 792 792 792 793 791 792 791 791 793 792 793 791 792 792 792 792 792 791 792 792 791 792 792 792 792 791 787 785 785 780 778 773 771 769 766 765 762 761 759 757 756 754 752 751 750 749 748 746 744 742 740 739 738 737 734 733 731 730 729 726 725 723 721 720 718 717 716 714 712 711 709 708 706 704 702 701 699 698 696 694 692 692 689 688 686 683 683 682 681 679 676 675 673 673 670 669 667 665 664 663 660 659 658 656 655 653 652 650 649 648 645 644 643 641 640 638 636 635 633 631 631 629 627 625 624 623 621 619 618 617 615 614 612 610 608 606 606 604 602 601 599 598 596 594 593 592 590 589 587 586 584 583 582 580 578 577 576 573 572 571 569 568 566 565 564 562 560 559 557 557 554 553 551 551 549 548 547 545 543 542 540 539 538 536 534 533 531 530 528 528 526 525 523 522 520 519 517 517 516 513 511 511 510 509 509 508 509 508 509 508 508 510 509 509 510 509 508 509 510 510 510 507 509 509 509 509 509 509 509 509 509 509 509 509 508 509 509 509 510 510 509 510 509 509 509 510 508 508 510 509 509 509 508 509 509 509 509 509 509 509 509 510 509 509 508 509 509 509 509 509 509 509 509 509 509 510 509 509 508 
ramp data second polarity
230 230 230 229 230 231 229 230 230 230 229 229 229 230 230 230 230 229 230 230 230 229 229 229 229 229 229 229 229 229 229 229 229 229 230 230 230 230 230 229 229 229 230 230 229 229 229 230 229 229 229 229 230 229 229 229 229 230 230 230 230 229 228 229 230 232 234 233 235 238 242 246 248 252 252 254 257 259 260 263 264 266 267 268 270 272 273 274 276 278 280 282 282 284 286 287 289 290 292 293 296 297 298 301 301 302 305 307 308 309 311 312 314 316 317 319 321 322 323 326 327 328 331 332 334 336 337 338 340 341 343 345 346 348 349 351 352 354 355 357 359 360 361 363 366 368 369 370 372 373 375 376 378 379 381 382 384 385 387 389 389 391 393 394 396 397 399 401 403 404 405 406 408 410 411 412 414 416 417 418 419 421 423 424 426 427 429 431 432 434 436 437 439 440 441 443 445 445 447 449 450 452 453 455 456 457 459 460 461 463 464 466 468 469 471 472 473 475 476 477 478 480 482 483 483 486 487 490 490 491 493 494 495 497 499 500 502 503 504 506 507 508 509 509 510 511 510 511 511 511 511 511 511 511 511 512 512 511 511 510 512 511 511 511 511 511 511 511 511 511 513 511 511 510 511 511 511 511 511 512 511 511 511 511 509 511 511 511 511 511 511 511 511 511 511 512 511 511 511 511 511 512 512 511 512 511 511 511 511 511 511 511 510 511 511 511 512 511 511 511 
Oscillation data first polarity :
234 237 237 242 245 246 249 251 254 258 259 260 261 263 266 266 268 270 271 272 274 276 277 279 280 282 284 285 286 289 290 291 293 294 296 298 300 301 303 304 305 307 310 310 313 314 315 317 319 320 322 323 325 327 328 330 332 334 335 337 338 340 341 343 345 346 347 349 351 353 354 355 357 359 360 362 363 365 368 369 370 371 373 374 376 378 379 380 382 383 385 386 388 389 391 392 394 395 396 399 401 402 403 405 406 407 410 410 412 414 416 417 418 420 422 423 424 426 427 427 430 432 434 436 437 438 439 441 443 444 446 446 448 450 450 452 454 455 457 458 460 461 463 465 465 468 469 470 471 473 474 475 477 478 479 481 483 484 485 487 488 490 491 493 495 496 497 499 500 501 502 504 505 508 508 509 510 510 511 511 511 512 512 513 512 512 513 513 513 512 512 511 512 512 511 512 511 511 512 511 511 511 511 511 511 511 511 512 512 512 512 511 511 512 512 511 511 511 512 511 511 511 511 511 511 511 511 511 511 512 512 512 512 511 511 511 511 511 511 511 511 511 511 511 511 511 511 511 511 511 512 511 511 511 511 510 511 512 512 511 511 511 511 511 511 511 511 511 511 512 511 511 512 512 512 512 511 512 512 512 511 511 511 512 511 512 511 512 511 512 511 511 511 512 512 513 512 511 511 511 511 512 513 511 512 511 511 511 511 511 511 511 511 511 511 511 511 511 512 512 
Oscillation data second polarity :
786 785 783 780 776 774 774 770 767 763 762 761 759 758 757 755 753 752 750 749 747 746 743 742 741 739 738 738 735 734 732 730 728 727 725 723 722 721 718 718 714 713 712 710 709 707 705 703 702 701 699 698 696 694 693 691 690 688 685 684 683 682 680 678 677 675 674 672 670 669 667 666 664 663 661 660 658 656 654 653 652 650 649 647 645 644 642 640 639 637 636 635 633 631 630 629 626 625 623 622 621 620 618 616 615 613 611 610 609 607 605 603 602 601 598 597 597 596 594 592 590 589 587 586 585 584 581 580 578 577 576 574 574 571 569 568 566 566 564 561 562 560 558 556 554 553 552 550 549 547 547 544 543 541 540 539 537 536 534 532 531 531 528 528 525 525 523 521 521 520 518 517 515 513 512 512 511 510 510 509 509 509 508 509 509 510 510 509 509 509 509 509 509 510 509 509 509 509 509 509 509 509 509 509 509 509 510 509 510 510 510 509 509 510 509 508 509 509 510 509 510 509 509 509 509 508 509 509 509 510 510 510 510 510 509 510 509 509 509 509 509 509 509 509 509 509 509 509 509 509 510 509 510 510 510 510 509 508 509 510 509 510 510 509 509 509 509 509 508 509 509 509 509 509 509 509 510 510 510 509 509 508 509 509 509 509 509 509 509 509 509 509 509 509 509 509 509 509 509 510 510 509 509 509 510 509 509 509 509 510 509 508 509 509 509 509 509 509 509 509 
/> 