ls
ls
<CR>
         TIME          Size       File name 
----A 2020/03/10 14:15     10736  0310
----A 2020/03/10 08:54    128640  03100837
----A 2020/03/10 09:08    128000  03100853
----A 2020/03/10 09:23    128640  03100908
----A 2020/03/10 09:38    128000  03100923
----A 2020/03/10 09:54    128640  03100939
----A 2020/03/10 10:09    128000  03100954
----A 2020/03/10 10:26    128640  03101009
----A 2020/03/10 10:40    128000  03101025
----A 2020/03/10 10:55    128640  03101040
----A 2020/03/10 11:10    128000  03101055
----A 2020/03/10 11:26    128640  03101111
----A 2020/03/10 11:41    128000  03101126
----A 2020/03/10 11:58    128640  03101141
----A 2020/03/10 12:12    128000  03101157
----A 2020/03/10 12:27    128640  03101212
----A 2020/03/10 12:42    128000  03101227
----A 2020/03/10 12:58    128640  03101243
----A 2020/03/10 13:13    128000  03101258
----A 2020/03/10 13:30    128640  03101313
----A 2020/03/10 13:44    128000  03101329
----A 2020/03/10 13:59    128640  03101344
----A 2020/03/10 13:59      2560  03101359
----A 2020/03/12 14:11     10280  0312
----A 2020/03/12 08:47    128640  03120830
----A 2020/03/12 09:01    128000  03120846
----A 2020/03/12 09:18    128640  03120901
----A 2020/03/12 09:31    128000  03120916
----A 2020/03/12 09:47    128640  03120932
----A 2020/03/12 10:02    128000  03120947
----A 2020/03/12 10:19    128640  03121002
----A 2020/03/12 10:49    128000  03121018
----A 2020/03/12 11:03    131200  03121049
----A 2020/03/12 11:19    128640  03121103
----A 2020/03/12 11:34    128000  03121119
----A 2020/03/12 11:51    128640  03121134
----A 2020/03/12 12:07    128000  03121149
----A 2020/03/12 12:20    128640  03121205
----A 2020/03/12 12:35    128000  03121220
----A 2020/03/12 12:51    128640  03121235
----A 2020/03/12 13:06    128000  03121251
----A 2020/03/12 13:23    128640  03121306
----A 2020/03/12 13:39    128000  03121321
----A 2020/03/12 13:52    128640  03121337
----A 2020/03/12 14:07    128000  03121352
----A 2020/03/12 14:07      2560  03121407
----A 2020/03/14 14:23     11224  0314
----A 2020/03/14 08:45    128640  03140829
----A 2020/03/14 08:59    128000  03140844
----A 2020/03/14 09:15    128640  03140900
----A 2020/03/14 09:31    128000  03140915
----A 2020/03/14 09:47    128640  03140930
----A 2020/03/14 10:01    128000  03140946
----A 2020/03/14 10:17    128640  03141001
----A 2020/03/14 10:31    128000  03141016
----A 2020/03/14 10:47    128640  03141032
----A 2020/03/14 11:03    128000  03141047
----A 2020/03/14 11:19    128640  03141102
----A 2020/03/14 11:33    128000  03141118
----A 2020/03/14 11:49    128640  03141133
----A 2020/03/14 12:03    128000  03141148
----A 2020/03/14 12:19    128640  03141204
----A 2020/03/14 12:35    128000  03141219
----A 2020/03/14 12:51    128640  03141234
----A 2020/03/14 13:05    128000  03141250
----A 2020/03/14 13:21    128640  03141305
----A 2020/03/14 13:35    128000  03141320
----A 2020/03/14 13:51    128640  03141336
----A 2020/03/14 14:07    128000  03141351
----A 2020/03/14 14:23     77440  03141406

  70 File(s),   8330480 bytes total
   0 Dir(s),     992208K bytes free

/> 
read 0314
read 0314
<CR>Time:2020/03/14 14:23
Hours Minutes Seconds  Nb_Samples    Aver. Current 
8 14 48 74 11227 
8 15 3 73 14846 
8 15 18 75 17178 
8 15 33 75 17975 
8 15 48 75 18036 
8 16 3 75 18036 
8 16 18 75 18036 
8 16 33 75 18036 
8 16 48 75 18036 
8 17 3 75 18036 
8 17 18 75 18036 
8 17 33 75 18036 
8 17 48 74 18036 
8 18 3 75 18036 
8 18 18 75 18036 
8 18 33 75 18036 
8 18 48 75 18036 
8 19 3 75 18036 
8 19 18 75 18036 
8 19 33 75 18036 
8 19 48 75 18036 
8 20 3 75 18036 
8 20 18 75 18036 
8 20 33 75 18036 
8 20 48 75 18036 
8 21 3 75 18036 
8 21 18 75 18036 
8 21 33 75 18036 
8 21 48 75 18036 
8 22 3 75 18036 
8 22 18 75 18036 
8 22 33 75 18036 
8 22 48 75 18036 
8 23 3 75 18036 
8 23 18 75 18036 
8 23 33 75 18036 
8 23 48 75 18036 
8 24 3 75 18036 
8 24 18 75 18036 
8 24 33 74 18036 
8 24 48 75 18036 
8 25 3 75 18036 
8 25 18 75 18036 
8 25 33 75 18036 
8 25 48 75 18036 
8 26 3 75 18036 
8 26 18 75 18036 
8 26 33 75 18036 
8 26 48 75 18036 
8 27 3 75 18036 
8 27 18 75 18036 
8 27 33 75 18036 
8 27 48 75 18036 
8 28 3 75 18036 
8 28 18 75 18036 
8 28 33 75 18036 
8 28 48 75 18036 
8 29 3 75 18036 
8 30 8 75 18036 
8 30 23 75 18036 
8 30 38 75 18036 
8 30 53 75 18036 
8 31 8 75 18036 
8 31 23 75 18036 
8 31 38 75 18036 
8 31 53 75 18036 
8 32 8 75 18036 
8 32 23 75 18036 
8 32 38 75 18036 
8 32 53 75 18036 
8 33 8 74 18036 
8 33 23 75 18036 
8 33 38 75 18036 
8 33 53 75 18036 
8 34 8 75 18036 
8 34 23 75 18036 
8 34 38 75 18036 
8 34 53 75 18036 
8 35 8 75 18036 
8 35 23 75 18036 
8 35 38 75 18036 
8 35 53 75 18036 
8 36 8 75 18036 
8 36 23 75 18036 
8 36 38 75 18036 
8 36 53 75 18036 
8 37 8 75 18036 
8 37 23 75 18036 
8 37 38 75 18036 
8 37 53 75 18036 
8 38 8 75 18036 
8 38 23 75 18036 
8 38 38 75 18036 
8 38 53 75 18036 
8 39 8 74 18036 
8 39 23 75 18036 
8 39 38 75 18036 
8 39 53 75 18036 
8 40 8 75 18036 
8 40 23 75 18036 
8 40 38 75 18036 
8 40 53 75 18036 
8 41 8 75 18036 
8 41 23 75 18036 
8 41 38 75 18036 
8 41 53 75 18036 
8 42 8 75 18036 
8 42 23 75 18036 
8 42 38 75 18036 
8 42 53 75 18036 
8 43 8 75 18036 
8 43 23 75 18036 
8 43 38 75 18036 
8 43 53 75 18036 
8 44 8 75 18036 
8 44 23 75 18036 
8 45 13 75 18036 
8 45 28 75 18036 
8 45 43 75 18036 
8 45 58 75 18036 
8 46 13 75 18036 
8 46 28 75 18036 
8 46 43 75 18036 
8 46 58 75 18036 
8 47 13 75 18036 
8 47 28 75 18036 
8 47 43 75 18036 
8 47 58 75 18036 
8 48 13 75 18036 
8 48 28 75 18036 
8 48 43 75 18036 
8 48 58 75 18036 
8 49 13 75 18036 
8 49 28 75 18036 
8 49 43 75 18036 
8 49 58 75 18036 
8 50 13 75 18036 
8 50 28 75 18036 
8 50 43 75 18036 
8 50 58 75 18036 
8 51 13 75 18036 
8 51 28 75 18036 
8 51 43 75 18036 
8 51 58 75 18036 
8 52 13 75 18036 
8 52 28 75 18036 
8 52 43 75 18036 
8 52 58 75 18036 
8 53 13 75 18036 
8 53 28 75 18036 
8 53 43 74 18036 
8 53 58 75 18036 
8 54 13 75 18036 
8 54 28 75 18036 
8 54 43 75 18036 
8 54 58 75 18036 
8 55 13 75 18036 
8 55 28 75 18036 
8 55 43 75 18036 
8 55 58 75 18036 
8 56 13 75 18036 
8 56 28 75 18036 
8 56 43 75 18036 
8 56 58 75 18036 
8 57 13 75 18036 
8 57 28 75 18036 
8 57 43 75 18036 
8 57 58 75 18036 
8 58 13 75 18036 
8 58 28 75 18036 
8 58 43 75 18036 
8 58 58 75 18036 
8 59 13 75 18036 
8 59 28 75 18036 
8 59 43 75 18036 
9 0 48 75 18036 
9 1 3 74 18036 
9 1 18 75 18036 
9 1 33 75 18036 
9 1 48 75 18036 
9 2 3 75 18036 
9 2 18 75 18036 
9 2 33 75 18036 
9 2 48 75 18036 
9 3 3 75 18036 
9 3 18 75 18036 
9 3 33 75 18036 
9 3 48 75 18036 
9 4 3 75 18036 
9 4 18 75 18036 
9 4 33 75 18036 
9 4 48 75 18036 
9 5 3 75 18036 
9 5 18 75 18036 
9 5 33 75 18036 
9 5 48 75 18036 
9 6 3 75 18036 
9 6 18 75 18036 
9 6 33 75 18036 
9 6 48 75 18036 
9 7 3 75 18036 
9 7 18 75 18036 
9 7 33 75 18036 
9 7 48 75 18036 
9 8 3 75 18036 
9 8 18 75 18036 
9 8 33 75 18036 
9 8 48 75 18036 
9 9 3 75 18036 
9 9 18 75 18036 
9 9 33 74 18036 
9 9 48 75 18036 
9 10 3 75 18036 
9 10 18 75 18036 
9 10 33 75 18036 
9 10 48 75 18036 
9 11 3 75 18036 
9 11 18 75 18036 
9 11 33 75 18036 
9 11 48 75 18036 
9 12 3 75 18036 
9 12 18 75 18036 
9 12 33 75 18036 
9 12 48 75 18036 
9 13 3 75 18036 
9 13 18 75 18036 
9 13 33 75 18036 
9 13 48 75 18036 
9 14 3 75 18036 
9 14 18 75 18036 
9 14 33 75 18036 
9 14 48 75 18036 
9 15 3 75 18036 
9 15 53 75 18036 
9 16 8 74 18036 
9 16 23 75 18036 
9 16 38 75 18036 
9 16 53 75 18036 
9 17 8 75 18036 
9 17 23 75 18036 
9 17 38 75 18036 
9 17 53 75 18036 
9 18 8 75 18036 
9 18 23 75 18036 
9 18 38 75 18036 
9 18 53 75 18036 
9 19 8 75 18036 
9 19 23 75 18036 
9 19 38 75 18036 
9 19 53 75 18036 
9 20 8 75 18036 
9 20 23 75 18036 
9 20 38 75 18036 
9 20 53 75 18036 
9 21 8 75 18036 
9 21 23 75 18036 
9 21 38 75 18036 
9 21 53 75 18036 
9 22 8 75 18036 
9 22 23 75 18036 
9 22 38 75 18036 
9 22 53 75 18036 
9 23 8 75 18036 
9 23 23 75 18036 
9 23 38 75 18036 
9 23 53 75 18036 
9 24 8 75 18036 
9 24 23 74 18036 
9 24 38 75 18036 
9 24 53 75 18036 
9 25 8 75 18036 
9 25 23 75 18036 
9 25 38 75 18036 
9 25 53 75 18036 
9 26 8 75 18036 
9 26 23 75 18036 
9 26 38 75 18036 
9 26 53 75 18036 
9 27 8 75 18036 
9 27 23 75 18036 
9 27 38 75 18036 
9 27 53 75 18036 
9 28 8 75 18036 
9 28 23 75 18036 
9 28 38 75 18036 
9 28 53 75 18036 
9 29 8 75 18036 
9 29 23 75 18036 
9 29 38 75 18036 
9 29 53 75 18036 
9 30 8 75 18036 
9 30 23 75 18036 
9 31 28 75 18036 
9 31 43 74 18036 
9 31 58 75 18036 
9 32 13 75 18036 
9 32 28 75 18036 
9 32 43 75 18036 
9 32 58 75 18036 
9 33 13 75 18036 
9 33 28 75 18036 
9 33 43 75 18036 
9 33 58 75 18036 
9 34 13 75 18036 
9 34 28 75 18036 
9 34 43 75 18036 
9 34 58 75 18036 
9 35 13 75 18036 
9 35 28 75 18036 
9 35 43 75 18036 
9 35 58 75 18036 
9 36 13 75 18036 
9 36 28 75 18036 
9 36 43 75 18036 
9 36 58 75 18036 
9 37 13 75 18036 
9 37 28 75 18036 
9 37 43 75 18036 
9 37 58 75 18036 
9 38 13 75 18036 
9 38 28 75 18036 
9 38 43 75 18036 
9 38 58 75 18036 
9 39 13 75 18036 
9 39 28 75 18036 
9 39 43 75 18036 
9 39 58 75 18036 
9 40 13 74 18036 
9 40 28 75 18036 
9 40 43 75 18036 
9 40 58 75 18036 
9 41 13 75 18036 
9 41 28 75 18036 
9 41 43 75 18036 
9 41 58 75 18036 
9 42 13 75 18036 
9 42 28 75 18036 
9 42 43 75 18036 
9 42 58 75 18036 
9 43 13 75 18036 
9 43 28 75 18036 
9 43 43 75 18036 
9 43 58 75 18036 
9 44 13 75 18036 
9 44 28 75 18036 
9 44 43 75 18036 
9 44 58 75 18036 
9 45 13 75 18036 
9 45 28 75 18036 
9 45 43 75 18036 
9 46 33 75 18036 
9 46 48 74 18036 
9 47 3 75 18036 
9 47 18 75 18036 
9 47 33 75 18036 
9 47 48 75 18036 
9 48 3 75 18036 
9 48 18 75 18036 
9 48 33 75 18036 
9 48 48 75 18036 
9 49 3 75 18036 
9 49 18 75 18036 
9 49 33 75 18036 
9 49 48 75 18036 
9 50 3 75 18036 
9 50 18 75 18036 
9 50 33 75 18036 
9 50 48 75 18036 
9 51 3 75 18036 
9 51 18 75 18036 
9 51 33 75 18036 
9 51 48 75 18036 
9 52 3 75 18036 
9 52 18 75 18036 
9 52 33 75 18036 
9 52 48 75 18036 
9 53 3 75 18036 
9 53 18 75 18036 
9 53 33 75 18036 
9 53 48 75 18036 
9 54 3 75 18036 
9 54 18 75 18036 
9 54 33 75 18036 
9 54 48 75 18036 
9 55 3 75 18036 
9 55 18 75 18036 
9 55 33 75 18036 
9 55 48 75 18036 
9 56 3 75 18036 
9 56 18 75 18036 
9 56 33 75 18036 
9 56 48 75 18036 
9 57 3 75 18036 
9 57 18 75 18036 
9 57 33 75 18036 
9 57 48 75 18036 
9 58 3 75 18036 
9 58 18 75 18036 
9 58 33 75 18036 
9 58 48 75 18036 
9 59 3 75 18036 
9 59 18 75 18036 
9 59 33 75 18036 
9 59 48 75 18036 
10 0 3 75 18036 
10 0 18 75 18036 
10 0 33 75 18036 
10 0 48 75 18036 
10 1 3 75 18036 
10 2 8 75 18036 
10 2 23 75 18036 
10 2 38 75 18036 
10 2 53 75 18036 
10 3 8 75 18036 
10 3 23 75 18036 
10 3 38 75 18036 
10 3 53 75 18036 
10 4 8 75 18036 
10 4 23 75 18036 
10 4 38 75 18036 
10 4 53 75 18036 
10 5 8 75 18036 
10 5 23 75 18036 
10 5 38 75 18036 
10 5 53 75 18036 
10 6 8 75 18036 
10 6 23 75 18036 
10 6 38 75 18036 
10 6 53 75 18036 
10 7 8 75 18036 
10 7 23 75 18036 
10 7 38 75 18036 
10 7 53 75 18036 
10 8 8 75 18036 
10 8 23 75 18036 
10 8 38 75 18036 
10 8 53 75 18036 
10 9 8 75 18036 
10 9 23 75 18036 
10 9 38 75 18036 
10 9 53 75 18036 
10 10 8 75 18036 
10 10 23 75 18036 
10 10 38 75 18036 
10 10 53 74 18036 
10 11 8 75 18036 
10 11 23 75 18036 
10 11 38 75 18036 
10 11 53 75 18036 
10 12 8 75 18036 
10 12 23 75 18036 
10 12 38 75 18036 
10 12 53 75 18036 
10 13 8 75 18036 
10 13 23 75 18036 
10 13 38 75 18036 
10 13 53 75 18036 
10 14 8 75 18036 
10 14 23 75 18036 
10 14 38 75 18036 
10 14 53 75 18036 
10 15 8 75 18036 
10 15 23 75 18036 
10 15 38 75 18036 
10 15 53 75 18036 
10 16 8 75 18036 
10 16 23 75 18036 
10 17 13 75 18036 
10 17 28 74 18036 
10 17 43 75 18036 
10 17 58 75 18036 
10 18 13 75 18036 
10 18 28 75 18036 
10 18 43 75 18036 
10 18 58 75 18036 
10 19 13 75 18036 
10 19 28 75 18036 
10 19 44 75 18036 
10 19 59 75 18036 
10 20 14 75 18036 
10 20 29 75 18036 
10 20 44 75 18036 
10 20 59 75 18036 
10 21 14 75 18036 
10 21 29 75 18036 
10 21 44 75 18036 
10 21 59 75 18036 
10 22 14 75 18036 
10 22 29 75 18036 
10 22 44 75 18036 
10 22 59 75 18036 
10 23 14 75 18036 
10 23 29 75 18036 
10 23 44 75 18036 
10 23 59 75 18036 
10 24 14 75 18036 
10 24 29 75 18036 
10 24 44 75 18036 
10 24 59 75 18036 
10 25 14 75 18036 
10 25 29 75 18036 
10 25 43 74 18036 
10 25 59 75 18036 
10 26 14 75 18036 
10 26 29 75 18036 
10 26 44 75 18036 
10 26 59 75 18036 
10 27 14 75 18036 
10 27 29 75 18036 
10 27 44 75 18036 
10 27 59 75 18036 
10 28 14 75 18036 
10 28 29 75 18036 
10 28 44 75 18036 
10 28 59 75 18036 
10 29 14 75 18036 
10 29 29 75 18036 
10 29 44 75 18036 
10 29 59 75 18036 
10 30 14 75 18036 
10 30 29 75 18036 
10 30 44 75 18036 
10 30 59 75 18036 
10 31 14 75 18036 
10 31 29 75 18036 
10 31 44 75 18036 
10 32 48 75 18036 
10 33 4 75 18036 
10 33 19 75 18036 
10 33 34 75 18036 
10 33 49 75 18036 
10 34 4 75 18036 
10 34 19 75 18036 
10 34 34 75 18036 
10 34 49 75 18036 
10 35 4 75 18036 
10 35 19 75 18036 
10 35 34 75 18036 
10 35 49 75 18036 
10 36 4 75 18036 
10 36 19 75 18036 
10 36 34 75 18036 
10 36 49 75 18036 
10 37 4 75 18036 
10 37 19 75 18036 
10 37 34 75 18036 
10 37 49 75 18036 
10 38 4 75 18036 
10 38 19 75 18036 
10 38 34 75 18036 
10 38 49 75 18036 
10 39 4 75 18036 
10 39 19 75 18036 
10 39 34 75 18036 
10 39 49 75 18036 
10 40 4 75 18036 
10 40 19 75 18036 
10 40 34 75 18036 
10 40 49 75 18036 
10 41 4 75 18036 
10 41 19 75 18036 
10 41 33 74 18036 
10 41 49 75 18036 
10 42 4 75 18036 
10 42 19 75 18036 
10 42 34 75 18036 
10 42 49 75 18036 
10 43 4 75 18036 
10 43 19 75 18036 
10 43 34 75 18036 
10 43 49 75 18036 
10 44 4 75 18036 
10 44 19 75 18036 
10 44 34 75 18036 
10 44 49 75 18036 
10 45 4 75 18036 
10 45 19 75 18036 
10 45 34 75 18036 
10 45 49 75 18036 
10 46 4 75 18036 
10 46 19 75 18036 
10 46 34 75 18036 
10 46 49 75 18036 
10 47 4 75 18036 
10 47 54 75 18036 
10 48 9 74 18036 
10 48 24 75 18036 
10 48 39 75 18036 
10 48 54 75 18036 
10 49 9 75 18036 
10 49 24 75 18036 
10 49 39 75 18036 
10 49 54 75 18036 
10 50 9 75 18036 
10 50 24 75 18036 
10 50 39 75 18036 
10 50 54 75 18036 
10 51 9 75 18036 
10 51 24 75 18036 
10 51 39 75 18036 
10 51 54 75 18036 
10 52 9 75 18036 
10 52 24 75 18036 
10 52 39 75 18036 
10 52 54 75 18036 
10 53 9 75 18036 
10 53 24 75 18036 
10 53 39 75 18036 
10 53 54 75 18036 
10 54 9 75 18036 
10 54 24 75 18036 
10 54 39 75 18036 
10 54 54 75 18036 
10 55 9 75 18036 
10 55 24 75 18036 
10 55 39 75 18036 
10 55 54 75 18036 
10 56 9 75 18036 
10 56 24 74 18036 
10 56 39 75 18036 
10 56 54 75 18036 
10 57 9 75 18036 
10 57 24 75 18036 
10 57 39 75 18036 
10 57 54 75 18036 
10 58 9 75 18036 
10 58 24 75 18036 
10 58 39 75 18036 
10 58 54 75 18036 
10 59 9 75 18036 
10 59 24 75 18036 
10 59 39 75 18036 
10 59 54 75 18036 
11 0 9 75 18036 
11 0 24 75 18036 
11 0 39 75 18036 
11 0 54 75 18036 
11 1 9 75 18036 
11 1 24 75 18036 
11 1 39 75 18036 
11 1 54 75 18036 
11 2 9 75 18036 
11 2 24 75 18036 
11 3 29 75 18036 
11 3 44 75 18036 
11 3 59 75 18036 
11 4 14 75 18036 
11 4 29 75 18036 
11 4 44 75 18036 
11 4 59 75 18036 
11 5 14 75 18036 
11 5 29 75 18036 
11 5 44 75 18036 
11 5 59 75 18036 
11 6 14 75 18036 
11 6 29 75 18036 
11 6 44 75 18036 
11 6 59 75 18036 
11 7 14 75 18036 
11 7 29 75 18036 
11 7 44 75 18036 
11 7 59 75 18036 
11 8 14 75 18036 
11 8 29 75 18036 
11 8 44 75 18036 
11 8 59 75 18036 
11 9 14 75 18036 
11 9 29 75 18036 
11 9 44 75 18036 
11 9 59 75 18036 
11 10 14 75 18036 
11 10 29 75 18036 
11 10 44 75 18036 
11 10 59 75 18036 
11 11 14 75 18036 
11 11 29 75 18036 
11 11 44 75 18036 
11 11 59 75 18036 
11 12 14 74 18036 
11 12 29 75 18036 
11 12 44 75 18036 
11 12 59 75 18036 
11 13 14 75 18036 
11 13 29 75 18036 
11 13 44 75 18036 
11 13 59 75 18036 
11 14 14 75 18036 
11 14 29 75 18036 
11 14 44 75 18036 
11 14 59 75 18036 
11 15 14 75 18036 
11 15 29 75 18036 
11 15 44 75 17975 
11 15 59 75 18036 
11 16 14 75 18036 
11 16 29 75 18036 
11 16 44 75 18036 
11 16 59 75 18036 
11 17 14 75 18036 
11 17 29 75 18036 
11 17 44 75 18036 
11 18 34 75 18036 
11 18 49 74 18036 
11 19 4 75 18036 
11 19 19 75 18036 
11 19 34 75 18036 
11 19 49 75 18036 
11 20 4 75 18036 
11 20 19 75 18036 
11 20 34 75 18036 
11 20 49 75 18036 
11 21 4 75 18036 
11 21 19 75 18036 
11 21 34 75 18036 
11 21 49 75 18036 
11 22 4 75 18036 
11 22 19 75 18036 
11 22 34 75 18036 
11 22 49 75 18036 
11 23 4 75 18036 
11 23 19 75 18036 
11 23 34 75 18036 
11 23 49 75 18036 
11 24 4 75 18036 
11 24 19 75 18036 
11 24 34 75 18036 
11 24 49 75 18036 
11 25 4 75 18036 
11 25 19 75 18036 
11 25 34 75 18036 
11 25 49 75 18036 
11 26 4 75 18036 
11 26 19 75 18036 
11 26 34 75 18036 
11 26 49 75 18036 
11 27 4 74 18036 
11 27 19 75 18036 
11 27 34 75 18036 
11 27 49 75 18036 
11 28 4 75 18036 
11 28 19 75 18036 
11 28 34 75 18036 
11 28 49 75 18036 
11 29 4 75 18036 
11 29 19 75 18036 
11 29 34 75 18036 
11 29 49 75 18036 
11 30 4 75 18036 
11 30 19 75 18036 
11 30 34 75 18036 
11 30 49 75 18036 
11 31 4 75 18036 
11 31 19 75 18036 
11 31 34 75 18036 
11 31 49 75 18036 
11 32 4 75 18036 
11 32 19 75 18036 
11 32 34 75 18036 
11 32 49 75 18036 
11 33 4 75 18036 
11 34 9 75 18036 
11 34 24 75 18036 
11 34 39 75 18036 
11 34 54 75 18036 
11 35 9 75 18036 
11 35 24 75 18036 
11 35 39 75 18036 
11 35 54 75 18036 
11 36 9 75 18036 
11 36 24 75 18036 
11 36 39 75 18036 
11 36 54 75 18036 
11 37 9 75 18036 
11 37 24 75 18036 
11 37 39 75 18036 
11 37 54 75 18036 
11 38 9 75 18036 
11 38 24 75 18036 
11 38 39 75 18036 
11 38 54 75 18036 
11 39 9 75 18036 
11 39 24 75 18036 
11 39 39 75 18036 
11 39 54 75 18036 
11 40 9 75 18036 
11 40 24 75 18036 
11 40 39 75 18036 
11 40 54 75 18036 
11 41 9 75 18036 
11 41 24 75 18036 
11 41 39 75 18036 
11 41 54 75 18036 
11 42 9 75 18036 
11 42 24 75 18036 
11 42 39 75 17975 
11 42 54 74 18036 
11 43 9 75 18036 
11 43 24 75 18036 
11 43 39 75 18036 
11 43 54 75 18036 
11 44 9 75 18036 
11 44 24 75 18036 
11 44 39 75 18036 
11 44 54 75 18036 
11 45 9 75 18036 
11 45 24 75 18036 
11 45 39 75 18036 
11 45 54 75 18036 
11 46 9 75 18036 
11 46 24 75 18036 
11 46 39 75 18036 
11 46 54 75 18036 
11 47 9 75 17975 
11 47 24 75 18036 
11 47 39 75 18036 
11 47 54 75 18036 
11 48 9 75 18036 
11 48 24 75 18036 
11 49 14 75 18036 
11 49 29 74 18036 
11 49 44 75 18036 
11 49 59 75 18036 
11 50 14 75 18036 
11 50 29 75 18036 
11 50 44 75 18036 
11 50 59 75 18036 
11 51 14 75 18036 
11 51 29 75 18036 
11 51 44 75 18036 
11 51 59 75 18036 
11 52 14 75 17975 
11 52 29 75 18036 
11 52 44 75 17975 
11 52 59 75 17975 
11 53 14 75 17975 
11 53 29 75 18036 
11 53 44 75 17975 
11 53 59 75 17975 
11 54 14 75 17975 
11 54 29 75 17975 
11 54 44 75 17975 
11 54 59 75 17975 
11 55 14 75 17975 
11 55 29 75 17975 
11 55 44 75 17975 
11 55 59 75 17975 
11 56 14 75 17975 
11 56 29 75 17975 
11 56 44 75 17975 
11 56 59 75 17975 
11 57 14 75 17975 
11 57 29 75 17975 
11 57 44 74 17975 
11 57 59 75 17975 
11 58 14 75 17975 
11 58 29 75 18036 
11 58 44 75 17975 
11 58 59 75 17975 
11 59 14 75 17975 
11 59 29 75 17975 
11 59 44 75 18036 
11 59 59 75 17975 
12 0 14 75 18036 
12 0 29 75 18036 
12 0 44 75 17975 
12 0 59 75 18036 
12 1 14 75 18036 
12 1 29 75 18036 
12 1 44 75 17975 
12 1 59 75 18036 
12 2 14 75 17975 
12 2 29 75 18036 
12 2 44 75 18036 
12 2 59 75 18036 
12 3 14 75 17975 
12 3 29 75 18036 
12 3 44 75 18036 
12 4 49 75 18036 
12 5 4 74 18036 
12 5 19 75 18036 
12 5 34 75 18036 
12 5 49 75 18036 
12 6 4 75 18036 
12 6 19 75 18036 
12 6 34 75 17975 
12 6 49 75 18036 
12 7 4 75 18036 
12 7 19 75 18036 
12 7 34 75 17975 
12 7 49 75 17975 
12 8 4 75 17975 
12 8 19 75 18036 
12 8 34 75 17975 
12 8 49 75 17975 
12 9 4 75 18036 
12 9 19 75 18036 
12 9 34 75 18036 
12 9 49 75 18036 
12 10 4 75 18036 
12 10 19 75 18036 
12 10 34 75 17975 
12 10 49 75 18036 
12 11 4 75 18036 
12 11 19 75 17975 
12 11 34 75 18036 
12 11 49 75 18036 
12 12 4 75 18036 
12 12 19 75 18036 
12 12 34 75 18036 
12 12 49 75 17975 
12 13 4 75 17975 
12 13 19 75 18036 
12 13 34 74 18036 
12 13 49 75 18036 
12 14 4 75 17975 
12 14 19 75 17975 
12 14 34 75 18036 
12 14 49 75 18036 
12 15 4 75 18036 
12 15 19 75 17975 
12 15 34 75 18036 
12 15 49 75 17975 
12 16 4 75 17975 
12 16 19 75 17975 
12 16 34 75 17975 
12 16 49 75 18036 
12 17 4 75 17975 
12 17 19 75 17975 
12 17 34 75 17975 
12 17 49 75 17975 
12 18 4 75 17975 
12 18 19 75 17975 
12 18 34 75 17975 
12 18 49 75 17975 
12 19 4 75 17975 
12 19 54 75 17975 
12 20 9 74 18036 
12 20 24 75 18036 
12 20 39 75 17975 
12 20 54 75 18036 
12 21 9 75 17975 
12 21 24 75 18036 
12 21 39 75 18036 
12 21 54 75 18036 
12 22 9 75 17975 
12 22 24 75 17975 
12 22 39 75 17975 
12 22 54 75 17975 
12 23 9 75 17975 
12 23 24 75 17975 
12 23 39 75 18036 
12 23 54 75 18036 
12 24 9 75 17975 
12 24 24 75 18036 
12 24 39 75 18036 
12 24 54 75 18036 
12 25 9 75 18036 
12 25 24 75 18036 
12 25 39 75 17975 
12 25 54 75 18036 
12 26 9 75 17975 
12 26 24 75 17975 
12 26 39 75 17975 
12 26 54 75 17975 
12 27 9 75 17975 
12 27 24 75 17975 
12 27 39 75 17975 
12 27 54 75 17975 
12 28 9 75 17975 
12 28 24 74 17975 
12 28 39 75 17975 
12 28 54 75 17975 
12 29 9 75 17975 
12 29 24 75 17975 
12 29 39 75 17975 
12 29 54 75 17975 
12 30 9 75 17975 
12 30 24 75 18036 
12 30 39 75 17975 
12 30 54 75 17975 
12 31 9 75 17975 
12 31 24 75 17975 
12 31 39 75 17975 
12 31 54 75 17975 
12 32 9 75 17975 
12 32 24 75 17975 
12 32 39 75 17975 
12 32 54 75 17975 
12 33 9 75 17975 
12 33 24 75 17975 
12 33 39 75 17975 
12 33 54 75 17975 
12 34 9 75 17975 
12 34 24 75 17975 
12 35 29 75 17975 
12 35 44 75 17975 
12 35 59 75 17975 
12 36 14 75 17975 
12 36 29 75 17975 
12 36 44 75 17975 
12 36 59 75 17975 
12 37 14 75 17975 
12 37 29 75 17975 
12 37 44 75 17975 
12 37 59 75 17975 
12 38 14 75 17975 
12 38 29 75 17975 
12 38 44 75 17975 
12 38 59 75 17975 
12 39 14 75 17975 
12 39 29 75 17975 
12 39 44 75 17975 
12 39 59 75 17975 
12 40 14 75 17975 
12 40 29 75 17975 
12 40 44 75 17975 
12 40 59 75 17975 
12 41 14 75 17975 
12 41 29 75 17975 
12 41 44 75 17975 
12 41 59 75 17975 
12 42 14 75 17975 
12 42 29 75 17975 
12 42 44 75 17975 
12 42 59 75 17975 
12 43 14 75 17975 
12 43 29 75 17975 
12 43 44 75 17975 
12 43 59 75 17975 
12 44 14 74 17975 
12 44 29 75 17975 
12 44 44 75 17975 
12 44 59 75 17975 
12 45 14 75 17975 
12 45 29 75 17975 
12 45 44 75 17975 
12 45 59 75 17975 
12 46 14 75 17975 
12 46 29 75 17975 
12 46 44 75 17975 
12 46 59 75 17975 
12 47 14 75 17975 
12 47 29 75 17975 
12 47 44 75 17975 
12 47 59 75 17975 
12 48 14 75 17975 
12 48 29 75 17975 
12 48 44 75 17975 
12 48 59 75 17975 
12 49 14 75 17975 
12 49 29 75 17975 
12 49 44 75 17975 
12 50 34 75 18036 
12 50 49 74 18036 
12 51 4 75 18036 
12 51 19 75 17975 
12 51 34 75 17975 
12 51 49 75 17975 
12 52 4 75 18036 
12 52 19 75 17975 
12 52 34 75 17975 
12 52 49 75 17975 
12 53 4 75 17975 
12 53 19 75 17975 
12 53 34 75 17975 
12 53 49 75 17975 
12 54 4 75 17975 
12 54 19 75 17975 
12 54 34 75 17975 
12 54 49 75 17975 
12 55 4 75 17975 
12 55 19 75 17975 
12 55 34 75 17975 
12 55 49 75 17975 
12 56 4 75 17975 
12 56 19 75 17975 
12 56 34 75 17975 
12 56 49 75 17975 
12 57 4 75 17975 
12 57 19 75 17975 
12 57 34 75 17975 
12 57 49 75 17975 
12 58 4 75 17975 
12 58 19 75 17975 
12 58 34 75 17975 
12 58 49 75 17975 
12 59 4 74 17975 
12 59 19 75 17975 
12 59 34 75 17975 
12 59 49 75 17975 
13 0 4 75 17975 
13 0 19 75 17975 
13 0 34 75 17975 
13 0 49 75 17975 
13 1 4 75 17975 
13 1 19 75 17975 
13 1 34 75 17975 
13 1 49 75 17975 
13 2 4 75 17975 
13 2 19 75 17975 
13 2 34 75 17975 
13 2 49 75 17975 
13 3 4 75 17975 
13 3 19 75 17975 
13 3 34 75 17975 
13 3 49 75 17975 
13 4 4 75 17975 
13 4 19 75 17975 
13 4 34 75 17975 
13 4 49 75 17975 
13 5 4 75 17975 
13 6 9 75 17975 
13 6 24 74 17975 
13 6 39 75 17975 
13 6 54 75 17975 
13 7 9 75 17975 
13 7 24 75 17975 
13 7 39 75 17975 
13 7 54 75 17975 
13 8 9 75 17975 
13 8 24 75 17975 
13 8 39 75 17975 
13 8 54 75 17975 
13 9 9 75 17975 
13 9 24 75 17975 
13 9 39 75 17975 
13 9 54 75 17975 
13 10 9 75 17975 
13 10 24 75 17975 
13 10 39 75 17975 
13 10 54 75 17975 
13 11 9 75 17975 
13 11 24 75 17975 
13 11 39 75 17975 
13 11 54 75 17975 
13 12 9 75 17975 
13 12 24 75 17975 
13 12 39 75 17975 
13 12 54 75 17975 
13 13 9 75 17975 
13 13 24 75 17975 
13 13 39 75 17975 
13 13 54 75 17975 
13 14 9 75 17975 
13 14 24 75 17975 
13 14 39 75 17975 
13 14 54 74 17975 
13 15 9 75 17975 
13 15 24 75 17975 
13 15 39 75 17975 
13 15 54 75 17975 
13 16 9 75 17975 
13 16 24 75 17975 
13 16 39 75 17975 
13 16 54 75 17975 
13 17 9 75 17975 
13 17 24 75 18036 
13 17 39 75 17975 
13 17 54 75 17975 
13 18 9 75 17975 
13 18 24 75 18036 
13 18 39 75 18036 
13 18 54 75 17975 
13 19 9 75 17975 
13 19 24 75 17975 
13 19 39 75 17975 
13 19 54 75 17975 
13 20 9 75 17975 
13 20 24 75 18036 
13 21 14 75 17975 
13 21 29 74 17975 
13 21 44 75 17975 
13 21 59 75 18036 
13 22 14 75 18036 
13 22 29 75 17975 
13 22 44 75 17975 
13 22 59 75 17975 
13 23 14 75 17975 
13 23 29 75 17975 
13 23 44 75 17975 
13 23 59 75 17975 
13 24 14 75 17975 
13 24 29 75 17975 
13 24 44 75 17975 
13 24 59 75 17975 
13 25 14 75 17975 
13 25 29 75 17975 
13 25 44 75 17975 
13 25 59 75 17975 
13 26 14 75 17975 
13 26 29 75 17975 
13 26 44 75 17975 
13 26 59 75 17975 
13 27 14 75 17975 
13 27 29 75 17975 
13 27 44 75 17975 
13 27 59 75 17975 
13 28 14 75 17975 
13 28 29 75 17975 
13 28 44 75 18036 
13 28 59 75 18036 
13 29 14 75 17975 
13 29 29 75 18036 
13 29 44 74 17975 
13 29 59 75 18036 
13 30 14 75 18036 
13 30 29 75 18036 
13 30 44 75 17975 
13 30 59 75 17975 
13 31 14 75 18036 
13 31 29 75 17975 
13 31 44 75 17975 
13 31 59 75 17975 
13 32 14 75 17975 
13 32 29 75 17975 
13 32 44 75 17975 
13 32 59 75 17975 
13 33 14 75 17975 
13 33 29 75 17975 
13 33 44 75 17975 
13 33 59 75 18036 
13 34 14 75 17975 
13 34 29 75 17975 
13 34 44 75 17975 
13 34 59 75 17975 
13 35 14 75 17975 
13 35 29 75 17975 
13 35 44 75 17975 
13 36 49 75 17975 
13 37 4 74 18036 
13 37 19 75 18036 
13 37 34 75 18036 
13 37 49 75 17975 
13 38 4 75 17975 
13 38 19 75 17975 
13 38 34 75 17975 
13 38 49 75 18036 
13 39 4 75 17975 
13 39 19 75 18036 
13 39 34 75 18036 
13 39 49 75 18036 
13 40 4 75 18036 
13 40 19 75 18036 
13 40 34 75 18036 
13 40 49 75 18036 
13 41 4 75 18036 
13 41 19 75 18036 
13 41 34 75 18036 
13 41 49 75 18036 
13 42 4 75 18036 
13 42 19 75 18036 
13 42 34 75 18036 
13 42 49 75 18036 
13 43 4 75 18036 
13 43 19 75 18036 
13 43 34 75 18036 
13 43 49 75 17975 
13 44 4 75 18036 
13 44 19 75 17975 
13 44 34 75 17975 
13 44 49 75 17975 
13 45 4 75 17975 
13 45 19 75 18036 
13 45 34 74 17975 
13 45 49 75 18036 
13 46 4 75 17975 
13 46 19 75 18036 
13 46 34 75 17975 
13 46 49 75 17975 
13 47 4 75 18036 
13 47 19 75 18036 
13 47 34 75 17975 
13 47 49 75 17975 
13 48 4 75 17975 
13 48 19 75 17975 
13 48 34 75 18036 
13 48 49 75 17975 
13 49 4 75 17975 
13 49 19 75 17975 
13 49 34 75 17975 
13 49 49 75 17975 
13 50 4 75 17975 
13 50 19 75 17975 
13 50 34 75 18036 
13 50 49 75 17975 
13 51 4 75 18036 
13 51 54 75 17975 
13 52 9 74 17975 
13 52 24 75 17975 
13 52 39 75 17975 
13 52 54 75 17975 
13 53 9 75 18036 
13 53 24 75 17975 
13 53 39 75 17914 
13 53 54 75 17975 
13 54 9 75 17975 
13 54 24 75 17975 
13 54 39 75 17975 
13 54 54 75 17975 
13 55 9 75 17975 
13 55 24 75 18036 
13 55 39 75 18036 
13 55 54 75 17975 
13 56 9 75 18036 
13 56 24 75 18036 
13 56 39 75 18036 
13 56 54 75 18036 
13 57 9 75 17975 
13 57 24 75 17975 
13 57 39 75 17975 
13 57 54 75 17975 
13 58 9 75 17975 
13 58 24 75 17975 
13 58 39 75 18036 
13 58 54 75 17975 
13 59 9 75 18036 
13 59 24 75 18036 
13 59 39 75 18036 
13 59 54 75 17975 
14 0 9 75 17975 
14 0 24 74 17975 
14 0 39 75 18036 
14 0 54 75 17975 
14 1 9 75 18036 
14 1 24 75 18036 
14 1 39 75 17975 
14 1 54 75 17975 
14 2 9 75 17975 
14 2 24 75 17975 
14 2 39 75 17975 
14 2 54 75 18036 
14 3 9 75 18036 
14 3 24 75 18036 
14 3 39 75 18036 
14 3 54 75 18036 
14 4 9 75 17975 
14 4 24 75 17975 
14 4 39 75 17975 
14 4 54 75 17975 
14 5 9 75 17975 
14 5 24 75 17975 
14 5 39 75 18036 
14 5 54 75 17975 
14 6 9 75 18036 
14 6 24 75 17975 
14 7 29 75 17975 
14 7 44 75 18036 
14 7 59 75 18036 
14 8 14 75 18036 
14 8 29 75 17975 
14 8 44 75 17975 
14 8 59 75 17975 
14 9 14 75 18036 
14 9 29 75 18036 
14 9 44 75 18036 
14 9 59 75 18036 
14 10 14 75 18036 
14 10 29 75 17975 
14 10 44 75 17975 
14 10 59 75 18036 
14 11 14 75 18036 
14 11 29 75 18036 
14 11 44 75 17975 
14 11 59 75 18036 
14 12 14 75 17975 
14 12 29 75 18036 
14 12 45 75 18036 
14 13 0 75 18036 
14 13 15 75 17975 
14 13 30 75 18036 
14 13 45 75 18036 
14 14 0 75 18036 
14 14 15 75 17975 
14 14 30 75 17975 
14 14 45 75 17975 
14 15 0 75 18036 
14 15 15 75 18036 
14 15 30 75 17975 
14 15 45 75 18036 
14 16 0 75 17975 
14 16 14 74 18036 
14 16 30 75 17975 
14 16 45 75 18036 
14 17 0 75 18036 
14 17 15 75 18036 
14 17 30 75 18036 
14 17 45 75 18036 
14 18 0 75 18036 
14 18 15 75 18036 
14 18 30 75 18036 
14 18 45 75 18036 
14 19 0 75 18036 
14 19 15 75 18036 
14 19 30 75 18036 
14 19 45 75 18036 
14 20 0 75 18036 
14 20 15 75 18036 
14 20 30 75 18036 
14 20 45 75 18036 
14 21 0 75 18036 
14 21 15 75 18036 
14 21 30 75 18036 
14 21 45 75 18036 

/> 
read_ramp 03141204
read_ramp 03141204
<CR>Time:2020/03/14 14:23Ramp data first polarity: Ramp data first polarity: 
800 800 799 801 800 800 801 799 800 800 800 800 799 800 800 800 800 801 800 801 801 800 800 799 800 800 799 801 801 800 800 801 800 799 801 801 800 800 800 801 800 800 801 801 800 799 800 801 800 800 801 801 800 801 801 801 800 801 801 801 800 801 801 802 801 799 796 796 795 792 787 785 783 780 778 776 775 773 772 770 770 767 766 765 762 761 758 756 755 754 752 751 748 746 746 743 742 742 739 737 735 733 732 730 728 728 725 724 722 720 719 717 715 714 712 710 709 706 705 702 701 699 698 697 696 693 692 691 688 687 685 683 682 680 678 677 674 674 672 670 669 667 665 664 661 662 659 657 654 655 652 650 649 647 646 644 642 642 640 637 637 634 633 631 629 628 626 624 624 621 621 618 617 615 613 611 610 609 607 606 604 602 601 598 598 596 595 594 591 589 589 586 585 584 582 581 578 577 576 573 572 571 570 569 566 565 563 561 560 560 557 555 555 553 551 549 548 546 545 543 542 540 539 538 535 534 533 531 530 529 527 526 524 522 522 519 518 517 515 514 512 511 510 508 506 507 505 504 505 505 505 505 503 502 505 505 506 505 505 503 505 505 504 505 506 505 505 505 504 505 505 505 505 505 504 505 505 505 505 505 505 505 506 504 505 506 505 504 505 506 505 505 504 505 503 504 505 505 505 505 506 505 505 504 505 505 505 504 505 505 505 505 505 505 505 505 505 505 505 505 
ramp data second polarity
212 212 213 212 212 213 212 213 212 213 213 212 212 212 212 213 213 213 212 212 212 213 212 212 213 212 213 212 212 213 213 212 213 212 212 212 212 213 212 212 212 212 212 213 212 212 213 212 212 212 212 212 213 213 213 212 212 213 212 212 212 212 213 212 219 217 217 221 224 226 228 231 232 235 236 238 240 241 243 244 246 247 249 250 254 254 256 259 259 261 262 264 267 268 269 272 272 275 277 278 280 281 283 285 286 288 291 291 294 296 297 299 299 302 304 305 307 309 310 312 314 315 317 319 320 322 323 325 328 328 330 332 334 335 337 338 341 342 343 346 346 349 350 351 354 355 356 359 359 362 363 365 367 367 370 371 373 375 377 377 379 381 382 385 386 388 388 390 392 394 395 397 399 400 402 402 405 406 407 410 412 412 414 416 418 419 420 422 424 425 426 429 430 431 434 435 436 437 439 442 442 443 446 447 449 451 451 453 454 456 458 460 461 463 464 466 467 469 470 472 473 475 476 477 479 480 482 484 485 486 488 489 491 492 494 496 497 498 499 501 503 503 505 507 506 507 508 507 507 508 507 507 506 506 508 507 508 508 507 508 507 507 507 507 507 508 507 507 507 507 507 508 507 507 507 507 507 507 508 508 506 507 507 508 508 506 507 507 507 507 507 507 507 506 507 508 507 507 508 507 507 506 506 507 507 507 509 507 507 507 507 507 507 507 507 507 507 508 507 507 
Oscillation data first polarity :
216 219 222 223 228 230 230 234 236 237 239 240 242 245 245 247 248 250 252 253 255 258 259 261 263 264 265 267 269 271 272 273 276 277 279 282 283 284 285 288 290 291 292 295 295 297 299 300 302 304 306 308 310 311 313 314 316 318 319 321 322 324 326 327 329 331 332 334 336 337 340 341 342 345 346 348 349 350 352 353 356 358 359 361 363 363 365 367 368 371 372 373 376 377 378 381 381 383 385 386 388 389 391 394 394 396 398 400 401 402 404 405 407 409 411 412 413 416 416 419 420 421 423 424 426 428 429 431 433 434 435 437 438 440 442 443 445 447 447 450 451 453 453 455 456 458 460 462 463 465 467 468 469 471 473 474 475 477 478 479 481 483 485 486 487 488 490 491 493 495 496 498 499 499 501 503 504 506 506 507 507 507 507 508 508 508 504 508 508 507 507 507 507 507 507 507 507 507 507 508 507 507 508 507 507 507 507 506 507 507 508 507 507 507 507 507 506 507 507 508 507 508 507 507 507 507 507 507 507 507 507 507 508 507 508 507 507 507 507 507 507 507 507 507 507 507 507 507 507 507 507 508 507 507 508 507 507 508 507 507 506 507 507 507 507 508 507 507 507 507 507 507 506 507 506 507 508 507 507 507 507 508 507 507 507 506 507 508 507 508 508 506 507 507 507 507 507 507 508 507 507 507 507 507 507 507 508 506 507 508 507 508 507 507 507 506 507 507 507 506 
Oscillation data second polarity :
797 795 790 788 786 782 779 779 777 776 773 772 771 769 767 765 764 762 761 758 757 755 754 754 751 749 747 745 744 743 740 739 737 735 733 732 730 728 727 725 724 721 720 719 717 716 714 712 710 708 706 706 703 702 700 698 697 694 694 692 690 688 687 685 683 682 679 678 676 675 673 672 670 669 667 665 664 661 661 658 658 655 654 652 651 649 647 646 644 642 641 639 637 636 635 634 630 629 629 626 625 622 621 620 618 617 616 613 611 611 609 607 605 604 602 601 598 598 596 594 593 592 590 587 585 584 583 582 581 579 577 576 573 572 570 569 568 566 564 563 561 561 559 557 555 554 552 552 549 548 547 544 544 542 540 539 537 535 535 532 531 530 529 528 525 524 522 521 519 519 516 515 514 513 510 509 507 507 506 505 506 504 505 505 504 505 503 505 505 505 505 505 505 504 505 504 504 505 505 505 505 505 505 503 505 505 505 506 504 505 505 505 504 506 505 505 504 505 505 505 506 506 505 505 505 505 505 504 505 505 505 505 506 505 505 506 504 505 504 504 504 505 505 505 505 505 505 505 505 505 504 503 505 505 505 505 505 506 505 505 504 506 505 505 505 506 505 505 506 506 505 505 505 504 505 505 506 506 505 505 505 505 504 505 504 505 505 505 505 505 505 505 505 505 505 505 506 505 506 505 505 505 505 504 505 505 505 505 505 506 505 506 505 505 505 504 505 506 505 505 
/> 