549945.823 1368084.254 323.388 0  1950e
549908.843 1368118.363 320.302 0  1900e
549873.595 1368153.111 331.553 0  1850e
549837.507 1368190.809 333.987 0  1800e
549803.328 1368224.393 325.161 0  1750e
549769.132 1368261.242 328.196 0  1700e
549732.492 1368294.611 325.804 0  1650e
549696.265 1368329.864 325.911 0  1600e
549660.507 1368366.263 331.939 0  1550e
549627.446 1368399.470 332.201 0  1500e
549593.123 1368438.145 338.133 0  1450e
549556.977 1368472.673 336.217 0  1400e
549520.457 1368505.280 335.072 0  1350e
549486.718 1368541.000 345.372 0  1300e
549451.746 1368577.818 346.733 0  1250e
549417.527 1368613.901 337.273 0  1200e
549383.037 1368646.516 334.126 0  1150e
549346.092 1368682.162 331.405 0  1100e
549311.067 1368718.042 325.901 0  1050
549278.372 1368749.606 335.497 0  1000e
549243.539 1368784.665 337.303 0  950e
549207.822 1368818.899 333.023 0  900e
549171.879 1368854.716 329.031 0  850e
549137.895 1368888.812 325.268 0  800e
549103.956 1368923.936 331.523 0  750e
549070.343 1368959.669 337.879 0  700e
549034.711 1368995.474 332.773 0  650e
548999.781 1369030.512 332.214 0  600e
548965.166 1369064.651 338.711 0  550e
548928.999 1369100.623 335.224 0  500e
548894.763 1369135.539 333.377 0  450e
548859.151 1369169.487 328.673 0  400e
548824.220 1369205.314 319.654 0  350e
548786.298 1369240.945 318.125 0  300e
548751.531 1369276.858 316.372 0  250e
548717.253 1369310.991 318.289 0  200e
548679.903 1369346.302 316.472 0  150e
548644.094 1369382.647 315.746 0  100e
548610.564 1369417.263 316.885 0  50e
