548748.439 1369559.211 316.653 0  50e
548784.876 1369522.968 317.437 0  100e
548818.724 1369488.225 317.065 0  150e
548855.139 1369453.115 315.479 0  200e
548890.068 1369417.176 317.506 0  250e
548925.736 1369380.326 316.802 0  300e
548961.418 1369346.341 316.939 0  350e
548995.317 1369311.776 317.569 0  400e
549031.973 1369276.308 317.511 0  450e
549067.055 1369241.276 321.310 0  500e
549101.546 1369206.940 324.791 0  550e
549137.252 1369170.422 321.958 0  600e
549171.791 1369135.456 325.153 0  650e
549206.714 1369100.426 319.264 0  700e
549243.091 1369066.449 319.615 0  750e
549278.577 1369029.729 321.565 0  800e
549313.473 1368995.985 322.389 0  850e
549348.341 1368958.114 322.307 0  900e
549383.880 1368925.799 324.194 0  950e
549418.597 1368889.934 323.882 0  1000e
549457.569 1368850.956 323.357 0  1050e
549492.966 1368816.712 323.808 0  1100e
549527.551 1368778.310 324.368 0  1150e
549561.373 1368741.568 324.038 0  1200e
549596.374 1368707.781 326.565 0  1250e
549634.211 1368672.596 338.651 0  1300e
549670.609 1368637.266 348.925 0  1350e
549705.488 1368603.085 337.269 0  1400e
549741.112 1368566.513 332.315 0  1450e
549776.452 1368531.897 331.763 0  1500
549811.708 1368497.462 329.932 0  1550e
549847.096 1368463.588 328.729 0  1600e
549879.980 1368430.388 330.925 0  1650e
549916.573 1368390.868 327.721 0  1700e
549953.330 1368355.786 327.197 0  1750e
549988.179 1368321.679 327.408 0  1800e
550024.140 1368286.139 323.626 0  1850e
550058.009 1368251.201 318.215 0  1900e
550093.909 1368215.427 318.053 0  1950e
