550228.318 1368366.844 320.888 0  50e
550192.929 1368401.372 321.513 0  100e
550158.663 1368435.140 326.851 0  150e
550124.523 1368472.539 328.446 0  200e
550089.376 1368507.979 329.598 0  250e
550054.014 1368543.319 330.434 0  300e
550018.541 1368577.709 331.795 0  350e
549981.416 1368612.952 334.051 0  400e
549945.747 1368648.904 337.195 0  450e
549911.357 1368683.672 338.221 0  500e
549876.295 1368719.122 339.588 0  550e
549840.250 1368753.423 339.757 0  600e
549804.210 1368789.783 340.262 0  650e
549770.654 1368824.014 337.398 0  700e
549735.202 1368859.175 325.500 0  750e
549699.277 1368894.408 323.373 0  800e
549665.362 1368929.287 321.782 0  850e
549629.152 1368965.352 320.177 0  900e
549594.295 1369000.520 320.202 0  950e
549557.572 1369035.430 320.854 0  1000e
549520.641 1369073.448 317.909 0  1050e
549487.168 1369106.393 316.823 0  1100e
549453.049 1369140.545 316.805 0  1150e
549417.323 1369175.897 316.203 0  1200e
549381.921 1369211.514 315.601 0  1250e
549346.927 1369245.599 314.358 0  1300e
549309.032 1369283.205 313.679 0  1350e
549274.592 1369317.124 313.692 0  1400e
549240.509 1369351.496 313.562 0  1450e
549205.280 1369385.804 313.314 0  1500e
549169.691 1369421.564 312.971 0  1550e
549135.423 1369456.582 312.313 0  1600e
549099.314 1369491.043 312.210 0  1650e
549063.951 1369527.187 312.200 0  1700e
549029.285 1369562.113 311.566 0  1750e
548993.873 1369596.999 313.069 0  1800e
548959.582 1369630.689 312.902 0  1850e
548923.856 1369666.404 312.794 0  1900e
548887.806 1369702.478 313.285 0  1950e
