550656.917 1368789.794 318.881 0  50e
550621.354 1368825.427 316.365 0  100e
550583.800 1368860.393 313.503 0  150e
550549.109 1368897.261 314.926 0  200e
550512.976 1368931.678 313.663 0  250e
550478.511 1368966.365 312.812 0  300e
550442.931 1369001.210 313.374 0  350e
550406.289 1369036.154 313.605 0  400e
550370.263 1369067.408 308.886 0  450e
550335.874 1369107.324 313.244 0  500e
550300.407 1369141.712 315.671 0  550e
550264.975 1369178.052 313.431 0  600e
550230.549 1369211.122 313.502 0  650e
550194.878 1369246.629 310.771 0  700e
550158.310 1369280.978 311.899 0  750e
550125.838 1369317.706 312.583 0  800e
550087.729 1369351.903 312.582 0  850e
550052.676 1369386.559 309.574 0  900e
550018.164 1369420.918 309.926 0  950e
549981.589 1369457.112 314.281 0  1000e
549948.896 1369491.437 317.943 0  1050e
549913.342 1369524.687 319.841 0  1100e
549875.341 1369561.825 318.460 0  1150e
549842.294 1369595.250 318.873 0  1200e
549804.685 1369633.271 312.372 0  1250e
549767.050 1369670.832 313.888 0  1300e
549733.217 1369702.324 310.304 0  1350e
549700.249 1369735.216 308.186 0  1400e
549665.399 1369769.990 307.412 0  1450e
549630.972 1369804.506 309.329 0  1500e
549592.887 1369842.526 309.200 0  1550e
549559.599 1369874.556 307.037 0  1600e
549521.627 1369912.014 303.604 0  1650e
549488.258 1369944.635 305.108 0  1700e
549449.937 1369982.882 305.030 0  1750e
549411.129 1370019.549 303.749 0  1800e
549382.480 1370049.643 304.018 0  1850e
549346.782 1370084.481 301.507 0  1900e
549311.904 1370120.146 304.960 0  1950e
549275.040 1370155.378 305.747 0  2000e
549240.396 1370191.771 305.855 0  2050e
549204.458 1370228.270 307.447 0  2100e
549169.644 1370260.865 306.701 0  2150e
549134.204 1370293.887 310.750 0  2200e
549096.091 1370330.998 311.473 0  2250e
549062.156 1370365.290 308.810 0  2300e
549027.960 1370399.469 308.379 0  2350e
548992.992 1370436.067 307.298 0  2400e
548957.203 1370470.513 307.868 0  2450e
548921.251 1370506.058 308.398 0  2500e
