549838.410 1367902.967 320.028 0  45
549907.919 1367971.573 319.766 0  2
549977.563 1368042.279 320.770 0  3
550049.391 1368112.650 319.883 0  4
550119.222 1368184.302 318.418 0  5
550190.731 1368253.917 319.797 0  6
550261.575 1368325.883 321.357 0  7
550329.643 1368396.324 321.436 0  8
550397.657 1368468.328 325.522 0  9
550471.335 1368536.085 325.084 0  10
550541.631 1368606.723 328.064 0  11
550611.240 1368673.794 325.958 0  12
550681.716 1368743.602 321.748 0  13
550753.451 1368813.415 319.379 0  14
550822.523 1368885.064 314.473 0  15
550894.942 1368954.177 309.581 0  16
550966.430 1369025.998 307.184 0  17
551035.499 1369095.457 304.633 0  18
551108.827 1369167.428 304.790 0  19
551190.970 1369219.575 302.889 0  20
551216.981 1369277.855 300.796 0  21
551144.796 1369350.732 299.337 0  22
551080.310 1369426.296 301.177 0  23
551010.064 1369498.380 300.849 0  24
550945.055 1369573.796 300.282 0  25
550867.980 1369638.149 299.024 0  26
550798.624 1369706.547 299.148 0  27
550729.067 1369776.894 300.558 0  28
550659.203 1369848.019 300.344 0  29
550582.445 1369911.597 300.888 0  30
550505.280 1369976.677 300.299 0  31
550444.788 1370048.312 296.263 0  32
550373.949 1370119.484 296.336 0  33
550302.065 1370190.955 297.076 0  34
550234.559 1370265.112 299.138 0  35
550163.392 1370333.472 294.659 0  36
550094.946 1370405.863 297.444 0  37
550026.335 1370478.278 297.079 0  38
549954.410 1370548.232 296.319 0  39
549886.107 1370619.034 296.604 0  40
549815.617 1370690.627 295.495 0  41
549806.281 1370700.243 296.800 0  42corniere
549738.335 1370626.745 298.047 0  43
549693.017 1370581.635 298.316 0  44
549659.406 1370557.759 300.676 0  45
549622.163 1370522.076 301.083 0  46
549593.931 1370480.921 301.719 0  
549521.696 1370410.313 301.721 0  
549448.621 1370336.113 302.342 0  
549383.155 1370265.932 301.914 0  
549310.341 1370195.593 306.339 0  
549239.578 1370128.904 307.585 0  
549172.453 1370052.911 307.526 0  
549097.010 1369984.940 308.951 0  
549028.456 1369917.702 310.529 0  
548960.065 1369845.785 311.321 0  
548887.975 1369771.335 311.626 0  
548819.425 1369706.012 312.234 0  
548750.092 1369634.889 313.656 0  
548674.437 1369559.903 314.692 0  
548608.319 1369495.146 316.897 0  
548537.091 1369426.252 318.141 0  
548469.977 1369351.602 317.086 0  
548422.874 1369312.039 318.437 0  
548500.987 1369249.172 317.015 0  
548571.005 1369177.355 318.500 0  
548640.023 1369109.949 321.695 0  
548711.468 1369037.335 328.032 0  
548778.894 1368965.465 329.846 0  
548851.113 1368895.829 339.972 0  
548924.719 1368825.831 339.194 0  
548989.229 1368751.718 365.039 0  
549020.715 1368731.109 387.945 0  
549058.809 1368679.037 414.084 0  
549133.630 1368618.789 362.346 0  
549198.395 1368544.953 344.788 0  
549270.155 1368480.694 378.526 0  
549343.491 1368403.064 358.808 0  
549418.382 1368329.112 338.401 0  
549488.690 1368263.353 333.665 0  
549554.558 1368192.107 330.766 0  
549624.111 1368123.271 326.895 0  
549696.137 1368051.327 324.907 0  
549766.992 1367981.205 322.071 0  
549835.010 1367909.107 322.866 0  
