read 0911
<CR>Time:2020/09/11 15:03
Hours Minutes Seconds  Nb_Samples    Aver. Current 
9 57 2 75 19279 
9 57 17 72 19339 
9 57 32 75 19339 
9 57 47 74 22342 
9 58 2 75 23003 
9 59 7 75 23003 
9 59 22 74 23003 
9 59 37 75 23003 
9 59 52 74 23003 
10 0 7 75 23003 
10 0 22 74 23003 
10 0 37 75 22823 
10 1 31 42 17717 
10 1 37 29 3903 
10 1 52 75 9009 
10 2 7 74 15735 
10 2 22 75 21261 
10 2 37 74 22883 
10 2 52 75 23003 
10 3 7 74 23003 
10 3 22 75 23003 
10 3 37 74 23003 
10 3 52 75 23003 
10 4 7 74 23003 
10 4 22 75 23003 
10 4 37 74 22943 
10 4 52 75 23003 
10 5 7 74 23003 
10 5 22 75 23003 
10 5 37 74 23003 
10 5 52 75 23003 
10 6 7 74 23003 
10 6 22 75 23003 
10 6 37 74 23003 
10 6 52 75 23003 
10 7 7 74 23003 
10 7 22 75 23003 
10 7 37 74 23003 
10 7 52 75 23003 
10 8 7 74 23003 
10 8 22 75 23003 
10 8 37 74 23003 
10 8 52 75 23003 
10 9 7 74 22943 
10 9 22 75 22943 
10 9 37 74 22943 
10 9 52 75 22943 
10 10 7 75 22943 
10 10 22 74 22943 
10 10 37 75 23003 
10 10 52 74 22943 
10 11 7 75 22943 
10 11 22 74 22943 
10 12 13 75 22943 
10 12 28 74 22943 
10 12 43 75 22943 
10 12 58 74 22943 
10 13 13 75 22943 
10 13 28 74 22943 
10 13 43 75 22943 
10 13 58 74 22943 
10 14 13 75 22943 
10 14 28 74 22943 
10 14 43 75 22943 
10 14 58 74 22943 
10 15 13 75 22943 
10 15 28 74 22943 
10 15 43 75 22943 
10 15 58 74 22943 
10 16 13 75 22943 
10 16 28 74 22943 
10 16 43 75 22943 
10 16 58 74 22943 
10 17 13 75 22943 
10 17 28 74 22943 
10 17 43 75 22943 
10 17 58 74 22943 
10 18 13 75 22943 
10 18 28 74 22943 
10 18 43 75 22943 
10 18 58 74 22943 
10 19 13 75 22943 
10 19 28 74 22943 
10 19 43 75 22943 
10 19 58 74 22943 
10 20 13 75 22943 
10 20 28 74 22943 
10 20 43 75 22943 
10 20 58 74 22943 
10 21 13 75 22943 
10 21 28 74 22943 
10 21 43 75 22943 
10 21 58 74 22943 
10 22 13 75 22943 
10 22 28 74 22943 
10 22 43 75 22943 
10 22 58 74 22943 
10 23 13 75 22943 
10 23 28 74 22943 
10 23 43 75 22943 
10 23 58 74 22943 
10 24 13 75 22943 
10 24 28 74 22943 
10 24 43 75 22943 
10 24 58 74 22943 
10 25 13 75 22943 
10 25 28 74 22943 
10 25 43 75 22943 
10 25 58 74 22943 
10 26 13 75 22943 
10 26 28 74 22943 
10 26 43 75 22943 
10 27 33 75 22943 
10 27 48 74 22943 
10 28 3 75 22943 
10 28 18 74 22943 
10 28 33 75 22943 
10 28 48 74 22943 
10 29 3 75 22943 
10 29 18 74 22943 
10 29 33 75 22943 
10 29 48 74 22943 
10 30 3 75 22943 
10 30 18 74 22943 
10 30 33 75 22943 
10 30 48 74 22943 
10 31 3 75 22943 
10 31 18 74 22943 
10 31 33 75 22943 
10 31 48 74 22943 
10 32 3 75 22943 
10 32 18 74 22943 
10 32 33 75 22943 
10 32 48 74 22943 
10 33 3 75 22943 
10 33 18 74 22943 
10 33 33 75 22943 
10 33 48 74 22943 
10 34 3 75 22943 
10 34 18 74 22943 
10 34 33 75 22943 
10 34 48 74 22943 
10 35 3 75 22943 
10 35 18 74 22943 
10 35 33 75 22943 
10 35 48 74 22943 
10 36 3 75 22943 
10 36 18 74 22943 
10 36 33 75 22943 
10 36 48 75 22943 
10 37 3 74 22943 
10 37 18 75 22943 
10 37 33 74 22943 
10 37 48 75 22943 
10 38 3 74 22943 
10 38 18 75 22943 
10 38 33 74 22943 
10 38 48 75 22943 
10 39 3 74 22943 
10 39 18 75 22943 
10 39 33 74 22943 
10 39 48 75 22943 
10 40 3 74 22943 
10 40 18 75 22943 
10 40 33 74 22943 
10 40 48 75 22943 
10 41 3 74 22943 
10 41 18 75 22943 
10 41 33 74 22943 
10 41 48 75 22943 
10 42 3 74 22943 
10 42 53 75 22943 
10 43 8 74 22943 
10 43 23 75 22943 
10 43 38 74 22943 
10 43 53 75 22943 
10 44 8 74 22943 
10 44 23 75 22943 
10 44 38 74 22943 
10 44 53 75 22943 
10 45 8 74 22943 
10 45 23 75 22943 
10 45 38 74 22943 
10 45 53 75 22943 
10 46 8 74 22943 
10 46 23 75 22943 
10 46 38 74 22943 
10 46 53 75 22943 
10 47 8 74 22943 
10 47 23 75 22943 
10 47 38 74 22943 
10 47 53 75 22943 
10 48 8 74 22943 
10 48 23 75 22943 
10 48 38 74 22943 
10 48 53 75 22943 
10 49 8 74 22943 
10 49 23 75 22943 
10 49 38 74 22943 
10 49 53 75 22943 
10 50 8 74 22943 
10 50 23 75 22943 
10 50 38 74 22943 
10 50 53 75 22943 
10 51 8 74 22943 
10 51 23 75 22943 
10 51 38 74 22943 
10 51 53 75 22943 
10 52 8 74 22943 
10 52 23 75 22943 
10 52 38 74 22943 
10 52 53 75 22943 
10 53 8 74 22943 
10 53 23 75 22943 
10 53 38 74 22943 
10 53 53 75 22943 
10 54 8 74 22943 
10 54 23 75 22943 
10 54 38 74 22943 
10 54 53 75 22943 
10 55 8 74 22943 
10 55 23 75 22943 
10 55 38 74 22943 
10 55 53 75 22943 
10 56 8 74 22943 
10 56 23 75 22943 
10 56 38 74 22943 
10 56 53 75 22943 
10 57 8 74 22943 
10 57 23 75 22943 
10 58 13 75 22943 
10 58 28 74 22943 
10 58 43 75 22943 
10 58 58 74 22943 
10 59 13 75 22943 
10 59 28 74 22943 
10 59 43 75 22943 
10 59 58 74 22943 
11 0 13 75 22943 
11 0 28 74 22943 
11 0 43 75 22943 
11 0 58 74 22943 
11 1 13 75 22943 
11 1 28 74 22943 
11 1 43 75 22943 
11 1 58 75 22943 
11 2 13 74 22943 
11 2 28 75 22943 
11 2 43 74 22943 
11 2 58 75 22943 
11 3 13 74 22943 
11 3 28 75 22943 
11 3 43 74 22943 
11 3 58 75 22943 
11 4 13 74 22943 
11 4 28 75 22943 
11 4 43 74 22943 
11 4 58 75 22943 
11 5 13 74 22943 
11 5 28 75 22943 
11 5 43 74 22943 
11 5 58 75 22943 
11 6 13 74 22943 
11 6 28 75 22943 
11 6 43 74 22943 
11 6 58 75 22943 
11 7 13 74 22943 
11 7 28 75 22943 
11 7 43 74 22943 
11 7 58 75 22943 
11 8 13 74 22943 
11 8 28 75 22943 
11 8 43 74 22943 
11 8 58 75 22943 
11 9 13 74 22943 
11 9 28 75 22943 
11 9 43 74 22943 
11 9 58 75 22943 
11 10 13 74 22943 
11 10 28 75 22943 
11 10 43 74 22943 
11 10 58 75 22943 
11 11 13 74 22943 
11 11 28 75 22943 
11 11 43 74 22943 
11 11 58 75 22943 
11 12 13 74 22943 
11 12 28 75 22943 
11 12 43 74 22943 
11 13 33 75 22943 
11 13 48 74 22943 
11 14 3 75 22943 
11 14 18 74 22943 
11 14 33 75 22943 
11 14 48 74 22943 
11 15 3 75 22943 
11 15 18 74 22943 
11 15 33 75 22943 
11 15 48 74 22943 
11 16 3 75 22943 
11 16 18 74 22943 
11 16 33 75 22943 
11 16 48 74 22943 
11 17 3 75 22943 
11 17 18 74 22943 
11 17 33 75 22943 
11 17 48 74 22943 
11 18 3 75 22943 
11 18 18 74 22943 
11 18 33 75 22943 
11 18 48 74 22943 
11 19 3 75 22943 
11 19 18 74 22943 
11 19 33 75 22943 
11 19 48 74 22943 
11 20 3 75 22943 
11 20 18 74 22943 
11 20 33 75 22943 
11 20 48 74 22943 
11 21 3 75 22943 
11 21 18 74 22943 
11 21 33 75 22943 
11 21 48 74 22943 
11 22 3 75 22943 
11 22 18 74 22943 
11 22 33 75 22943 
11 22 48 74 22943 
11 23 3 75 22943 
11 23 18 74 22943 
11 23 33 75 22943 
11 23 48 74 22943 
11 24 3 75 22943 
11 24 18 74 22943 
11 24 33 75 22943 
11 24 48 74 22943 
11 25 3 75 22943 
11 25 18 74 22943 
11 25 33 75 22943 
11 25 48 74 22943 
11 26 4 75 22943 
11 26 19 75 22943 
11 26 34 74 22943 
11 26 49 75 22943 
11 27 4 74 22943 
11 27 19 75 22943 
11 27 34 74 22943 
11 27 49 75 22943 
11 28 4 74 22943 
11 28 54 75 22943 
11 29 9 74 22943 
11 29 24 75 22943 
11 29 39 74 22943 
11 29 54 75 22943 
11 30 9 74 22943 
11 30 24 75 22943 
11 30 39 74 22943 
11 30 54 75 22943 
11 31 9 74 22943 
11 31 24 75 22943 
11 31 39 74 22943 
11 31 54 75 22943 
11 32 9 74 22943 
11 32 24 75 22943 
11 32 39 74 22943 
11 32 54 75 22943 
11 33 9 74 22943 
11 33 24 75 22943 
11 33 39 74 22943 
11 33 54 75 22943 
11 34 9 74 22943 
11 34 24 75 22943 
11 34 39 74 22943 
11 34 54 75 22943 
11 35 9 74 22943 
11 35 24 75 22943 
11 35 39 74 22943 
11 35 54 75 22943 
11 36 9 74 22943 
11 36 24 75 22943 
11 36 39 74 22943 
11 36 54 75 22943 
11 37 9 74 22943 
11 37 24 75 22943 
11 37 39 74 22943 
11 37 54 75 22943 
11 38 9 74 22943 
11 38 24 75 22943 
11 38 39 74 22943 
11 38 54 75 22943 
11 39 9 74 22943 
11 39 24 75 22943 
11 39 39 74 22943 
11 39 54 75 22943 
11 40 9 74 22943 
11 40 24 75 22943 
11 40 39 74 22943 
11 40 54 75 22943 
11 41 9 74 22943 
11 41 24 75 22943 
11 41 39 74 22943 
11 41 54 75 22943 
11 42 9 74 22943 
11 42 24 75 22943 
11 42 39 74 22943 
11 42 54 75 22943 
11 43 9 74 22943 
11 43 24 75 22943 
11 44 14 75 22943 
11 44 29 74 22943 
11 44 44 75 22943 
11 44 59 74 22943 
11 45 14 75 22943 
11 45 29 74 22943 
11 45 44 75 22943 
11 45 59 74 22943 
11 46 14 75 22943 
11 46 28 74 22943 
11 46 44 75 22943 
11 46 59 74 22943 
11 47 14 75 22943 
11 47 28 74 22943 
11 47 44 75 22943 
11 47 58 74 22943 
11 48 14 75 22943 
11 48 28 74 22943 
11 48 44 75 22943 
11 48 58 74 22943 
11 49 14 75 22943 
11 49 28 74 22943 
11 49 44 75 22943 
11 49 59 75 22943 
11 50 14 74 22943 
11 50 29 75 22943 
11 50 44 74 22943 
11 50 59 75 22943 
11 51 14 74 22943 
11 51 29 75 22943 
11 51 44 74 22943 
11 51 59 75 22943 
11 52 14 74 23003 
11 52 29 75 23003 
11 52 44 74 22943 
11 52 59 75 22943 
11 53 14 74 22943 
11 53 29 75 22943 
11 53 44 74 22943 
11 53 59 75 22943 
11 54 14 74 22943 
11 54 29 75 22943 
11 54 44 74 22943 
11 54 59 75 22943 
11 55 14 74 22943 
11 55 29 75 22943 
11 55 44 74 22943 
11 55 59 75 22943 
11 56 14 74 22943 
11 56 29 75 22943 
11 56 44 74 23003 
11 56 59 75 23003 
11 57 14 74 22943 
11 57 29 75 22943 
11 57 44 74 23003 
11 57 59 75 23003 
11 58 14 74 23003 
11 58 29 75 23003 
11 58 44 74 23003 
11 59 34 75 23003 
11 59 49 74 23003 
12 0 4 75 23003 
12 0 19 74 23003 
12 0 34 75 22943 
12 0 49 74 23003 
12 1 4 75 22943 
12 1 19 74 22943 
12 1 34 75 23003 
12 1 49 74 23003 
12 2 4 75 23003 
12 2 19 74 23003 
12 2 34 75 23003 
12 2 49 74 23003 
12 3 4 75 23003 
12 3 19 74 23003 
12 3 34 75 23003 
12 3 49 74 22943 
12 4 4 75 23003 
12 4 19 74 22943 
12 4 34 75 22943 
12 4 49 74 22943 
12 5 4 75 23003 
12 5 19 74 22943 
12 5 34 75 23003 
12 5 49 74 22943 
12 6 4 75 23003 
12 6 19 74 23003 
12 6 34 75 22943 
12 6 49 74 22943 
12 7 4 75 23003 
12 7 19 74 23003 
12 7 34 75 22943 
12 7 49 74 22943 
12 8 4 75 22943 
12 8 19 74 23003 
12 8 34 75 22943 
12 8 49 74 22943 
12 9 4 75 22943 
12 9 19 74 23003 
12 9 34 75 23003 
12 9 49 74 23003 
12 10 4 75 22943 
12 10 19 74 22943 
12 10 34 75 23003 
12 10 49 74 23003 
12 11 4 75 23003 
12 11 19 74 23003 
12 11 34 75 23003 
12 11 49 74 22943 
12 12 4 75 23003 
12 12 19 74 23003 
12 12 34 75 23003 
12 12 49 74 23003 
12 13 4 75 22943 
12 13 19 75 23003 
12 13 34 74 23003 
12 13 49 75 23003 
12 14 4 74 23003 
12 14 54 75 23003 
12 15 9 74 23003 
12 15 24 75 23003 
12 15 39 74 23003 
12 15 54 75 23003 
12 16 9 74 23003 
12 16 24 75 23003 
12 16 39 74 23003 
12 16 54 75 23003 
12 17 9 74 23003 
12 17 24 75 23003 
12 17 39 74 23003 
12 17 54 75 23003 
12 18 9 74 23003 
12 18 24 75 23003 
12 18 39 74 23003 
12 18 54 75 23003 
12 19 9 74 23003 
12 19 24 75 23003 
12 19 39 74 23003 
12 19 54 75 23003 
12 20 9 74 23003 
12 20 24 75 23003 
12 20 39 74 23003 
12 20 54 75 23003 
12 21 9 74 23003 
12 21 24 75 23003 
12 21 39 74 23003 
12 21 54 75 23003 
12 22 9 74 23003 
12 22 24 75 23003 
12 22 39 74 23003 
12 22 54 75 23003 
12 23 9 74 23003 
12 23 24 75 23003 
12 23 39 74 23003 
12 23 54 75 23003 
12 24 9 74 23003 
12 24 24 75 23003 
12 24 39 74 23003 
12 24 54 75 23003 
12 25 9 74 23003 
12 25 24 75 23003 
12 25 39 74 23003 
12 25 54 75 23003 
12 26 9 74 23003 
12 26 24 75 23003 
12 26 39 74 23003 
12 26 54 75 23003 
12 27 9 74 23003 
12 27 24 75 23003 
12 27 39 74 23003 
12 27 54 75 23003 
12 28 9 74 23003 
12 28 24 75 23003 
12 28 39 74 23003 
12 28 54 75 23003 
12 29 9 74 23003 
12 29 24 75 23003 
12 30 14 75 23003 
12 30 29 74 23003 
12 30 44 75 23003 
12 30 59 74 23003 
12 31 14 75 23003 
12 31 29 74 23003 
12 31 44 75 23003 
12 31 59 74 23003 
12 32 14 75 23003 
12 32 29 74 23003 
12 32 44 75 23003 
12 32 59 74 23003 
12 33 14 75 22943 
12 33 29 74 22943 
12 33 44 75 23003 
12 33 59 74 22943 
12 34 14 75 23003 
12 34 29 74 22943 
12 34 44 75 23003 
12 34 59 75 23003 
12 35 14 74 22943 
12 35 29 75 22943 
12 35 44 74 23003 
12 35 59 75 22943 
12 36 14 74 23003 
12 36 29 75 22943 
12 36 44 74 23003 
12 36 59 75 23003 
12 37 14 74 23003 
12 37 29 75 23003 
12 37 44 74 23003 
12 37 59 75 23003 
12 38 14 74 23003 
12 38 29 75 22943 
12 38 44 74 23003 
12 38 59 75 22943 
12 39 14 74 23003 
12 39 29 75 23003 
12 39 44 74 23003 
12 39 59 75 22943 
12 40 14 74 22943 
12 40 29 75 22943 
12 40 44 74 22943 
12 40 59 75 22943 
12 41 14 74 22943 
12 41 29 75 23003 
12 41 44 74 22943 
12 41 59 75 22943 
12 42 14 74 22943 
12 42 29 75 22943 
12 42 44 74 22943 
12 42 59 75 22943 
12 43 14 74 22943 
12 43 29 75 22943 
12 43 44 74 22943 
12 43 59 75 22943 
12 44 14 74 22943 
12 44 29 75 22943 
12 44 44 74 22943 
12 45 34 75 22943 
12 45 49 74 22943 
12 46 4 75 22943 
12 46 19 74 22943 
12 46 34 75 22943 
12 46 49 74 22943 
12 47 4 75 22943 
12 47 19 74 22943 
12 47 34 75 22943 
12 47 49 74 22943 
12 48 4 75 22943 
12 48 19 74 22943 
12 48 34 75 22943 
12 48 49 74 22943 
12 49 4 75 22943 
12 49 19 74 22943 
12 49 34 75 22943 
12 49 49 74 22943 
12 50 4 75 22943 
12 50 19 74 22943 
12 50 34 75 22943 
12 50 49 74 22943 
12 51 4 75 22943 
12 51 19 74 22943 
12 51 34 75 22943 
12 51 49 74 22943 
12 52 4 75 22943 
12 52 19 74 22943 
12 52 34 75 22943 
12 52 49 74 22943 
12 53 4 75 22943 
12 53 19 74 22943 
12 53 34 75 22943 
12 53 49 74 23003 
12 54 4 75 22943 
12 54 19 74 22943 
12 54 34 75 22943 
12 54 49 74 22943 
12 55 4 75 22943 
12 55 19 74 22943 
12 55 34 75 23003 
12 55 49 74 22943 
12 56 4 75 22943 
12 56 19 75 22943 
12 56 34 74 22943 
12 56 49 75 23003 
12 57 4 74 23003 
12 57 19 75 23003 
12 57 34 74 22943 
12 57 49 75 22943 
12 58 4 74 22943 
12 58 19 75 22943 
12 58 34 74 23003 
12 58 49 75 22943 
12 59 4 74 23003 
12 59 19 75 22943 
12 59 34 74 23003 
12 59 49 75 23003 
13 0 4 74 22943 
13 0 54 75 23003 
13 1 9 74 23003 
13 1 24 75 23003 
13 1 39 74 23003 
13 1 54 75 23003 
13 2 9 74 23003 
13 2 24 75 23003 
13 2 39 74 23003 
13 2 54 75 23003 
13 3 9 74 23003 
13 3 24 75 23003 
13 3 39 74 23003 
13 3 54 75 23003 
13 4 9 74 23003 
13 4 24 75 23003 
13 4 39 74 22943 
13 4 54 75 23003 
13 5 9 74 23003 
13 5 24 75 23003 
13 5 39 74 23003 
13 5 54 75 23003 
13 6 9 74 23003 
13 6 24 75 23003 
13 6 39 74 23003 
13 6 54 75 23003 
13 7 9 74 23003 
13 7 24 75 23003 
13 7 39 74 23003 
13 7 54 75 23003 
13 8 9 74 23003 
13 8 24 75 23003 
13 8 39 74 23003 
13 8 54 75 23003 
13 9 9 74 23003 
13 9 24 75 23003 
13 9 39 74 23003 
13 9 54 75 23003 
13 10 9 74 23003 
13 10 24 75 23003 
13 10 39 74 23003 
13 10 54 75 23003 
13 11 9 74 23003 
13 11 24 75 23003 
13 11 39 74 23003 
13 11 54 75 23003 
13 12 9 74 23003 
13 12 24 75 23003 
13 12 39 74 23003 
13 12 54 75 23003 
13 13 9 74 23003 
13 13 24 75 23003 
13 13 39 74 23003 
13 13 54 75 23003 
13 14 9 74 23003 
13 14 24 75 23003 
13 14 39 74 23003 
13 14 54 75 23003 
13 15 9 74 23003 
13 15 24 75 23003 
13 16 14 75 23003 
13 16 29 74 23003 
13 16 44 75 23003 
13 16 59 74 23003 
13 17 14 75 23003 
13 17 29 75 23003 
13 17 44 74 23003 
13 17 59 75 23003 
13 18 14 74 23003 
13 18 29 75 23003 
13 18 44 74 23003 
13 18 59 75 23003 
13 19 14 74 23003 
13 19 29 75 23003 
13 19 44 74 23003 
13 19 59 75 23003 
13 20 14 74 23003 
13 20 29 75 23003 
13 20 44 74 23003 
13 20 59 75 23003 
13 21 14 74 23003 
13 21 29 75 23003 
13 21 44 74 23003 
13 21 59 75 23003 
13 22 14 74 23003 
13 22 29 75 23003 
13 22 44 74 23003 
13 22 59 75 23003 
13 23 14 74 23003 
13 23 29 75 23003 
13 23 44 74 23003 
13 23 59 75 23003 
13 24 14 74 23003 
13 24 29 75 23003 
13 24 44 74 23003 
13 24 59 75 23003 
13 25 14 74 23003 
13 25 29 75 23003 
13 25 44 74 23003 
13 25 59 75 23003 
13 26 14 74 23003 
13 26 29 75 23003 
13 26 44 74 23003 
13 26 59 75 23003 
13 27 14 74 23003 
13 27 29 75 23003 
13 27 44 74 23003 
13 27 59 75 23003 
13 28 14 74 23003 
13 28 29 75 23003 
13 28 44 74 23003 
13 28 59 75 23003 
13 29 14 74 23003 
13 29 29 75 23003 
13 29 44 74 23003 
13 29 59 75 23003 
13 30 14 74 23003 
13 30 29 75 23003 
13 30 44 74 23003 
13 31 34 75 23003 
13 31 49 74 23003 
13 32 4 75 23003 
13 32 19 74 23003 
13 32 34 75 23003 
13 32 49 74 23003 
13 33 4 75 23003 
13 33 19 74 23003 
13 33 34 75 23003 
13 33 49 74 23003 
13 34 4 75 23003 
13 34 19 74 23003 
13 34 34 75 23003 
13 34 49 74 23003 
13 35 4 75 23003 
13 35 19 74 23003 
13 35 34 75 23003 
13 35 49 74 23003 
13 36 4 75 23003 
13 36 19 74 23003 
13 36 34 75 23003 
13 36 49 74 23003 
13 37 4 75 23003 
13 37 19 74 23003 
13 37 34 75 23003 
13 37 49 74 23003 
13 38 4 75 23003 
13 38 19 75 23003 
13 38 34 74 23003 
13 38 49 75 23003 
13 39 4 74 23003 
13 39 19 75 23003 
13 39 34 74 23003 
13 39 49 75 23003 
13 40 4 74 23003 
13 40 19 75 23003 
13 40 34 74 23003 
13 40 49 75 23003 
13 41 4 74 23003 
13 41 19 75 23003 
13 41 34 74 23003 
13 41 49 75 23003 
13 42 4 74 23003 
13 42 19 75 23003 
13 42 34 74 23003 
13 42 49 75 23003 
13 43 4 74 23003 
13 43 19 75 23003 
13 43 34 74 23003 
13 43 49 75 23003 
13 44 4 74 23003 
13 44 19 75 23003 
13 44 34 74 23003 
13 44 49 75 23003 
13 45 4 74 23003 
13 45 19 75 23003 
13 45 34 74 23003 
13 45 49 75 23003 
13 46 4 74 23003 
13 46 54 75 23003 
13 47 9 74 23003 
13 47 24 75 23003 
13 47 39 74 23003 
13 47 54 75 23003 
13 48 9 74 23003 
13 48 24 75 23003 
13 48 39 74 23003 
13 48 54 75 23003 
13 49 9 74 23003 
13 49 24 75 23003 
13 49 39 74 23003 
13 49 54 75 23003 
13 50 9 74 23003 
13 50 24 75 23003 
13 50 39 74 23003 
13 50 54 75 23003 
13 51 9 74 23003 
13 51 24 75 23003 
13 51 39 74 23003 
13 51 54 75 23003 
13 52 9 74 23003 
13 52 24 75 23003 
13 52 39 74 23003 
13 52 54 75 23003 
13 53 9 74 23003 
13 53 24 75 23003 
13 53 39 74 23003 
13 53 54 75 23003 
13 54 9 74 23003 
13 54 24 75 23003 
13 54 39 74 23003 
13 54 54 75 23003 
13 55 9 74 23003 
13 55 24 75 23003 
13 55 39 74 23003 
13 55 54 75 23003 
13 56 9 74 23003 
13 56 24 75 23003 
13 56 39 74 23003 
13 56 54 75 23003 
13 57 9 74 23003 
13 57 24 75 23003 
13 57 39 74 23003 
13 57 54 75 23003 
13 58 9 74 23003 
13 58 24 75 23003 
13 58 39 74 23003 
13 58 54 75 23003 
13 59 9 75 23003 
13 59 24 74 23003 
13 59 39 75 23003 
13 59 54 74 23003 
14 0 9 75 23003 
14 0 24 74 23003 
14 0 39 75 23003 
14 0 54 74 23003 
14 1 9 75 23003 
14 1 24 74 23003 
14 2 14 75 23003 
14 2 29 74 23003 
14 2 44 75 23003 
14 2 59 74 23003 
14 3 14 75 23003 
14 3 29 74 23003 
14 3 44 75 23003 
14 3 59 74 23003 
14 4 14 75 23003 
14 4 29 74 23003 
14 4 44 75 23003 
14 4 59 74 23003 
14 5 14 75 23003 
14 5 29 74 23003 
14 5 44 75 23003 
14 5 59 74 23003 
14 6 14 75 23003 
14 6 29 74 23003 
14 6 44 75 23003 
14 6 59 74 23003 
14 7 14 75 23003 
14 7 29 74 23003 
14 7 44 75 23003 
14 7 59 74 23003 
14 8 14 75 23003 
14 8 29 74 23003 
14 8 44 75 23003 
14 8 59 74 23003 
14 9 14 75 23003 
14 9 29 74 23003 
14 9 44 75 23003 
14 9 59 74 23003 
14 10 14 75 23003 
14 10 29 74 23003 
14 10 44 75 23003 
14 10 59 74 23003 
14 11 14 75 23003 
14 11 29 74 23003 
14 11 44 75 23003 
14 11 59 74 23003 
14 12 14 75 23003 
14 12 29 74 23003 
14 12 44 75 23003 
14 12 59 74 23003 
14 13 14 75 23003 
14 13 29 74 23003 
14 13 44 75 23003 
14 13 59 74 23003 
14 14 14 75 23003 
14 14 29 74 23003 
14 14 44 75 23003 
14 14 59 74 23003 
14 15 14 75 23003 
14 15 29 74 23003 
14 15 44 75 23003 
14 15 59 74 23003 
14 16 14 75 23003 
14 16 29 74 23003 
14 16 44 75 23003 
14 17 34 75 23003 
14 17 49 74 23003 
14 18 4 75 23003 
14 18 19 74 23003 
14 18 34 75 23003 
14 18 49 74 23003 
14 19 4 75 23003 
14 19 19 74 23003 
14 19 34 75 23003 
14 19 49 75 23003 
14 20 4 74 23003 
14 20 19 75 23003 
14 20 34 74 23003 
14 20 49 75 23003 
14 21 4 74 23003 
14 21 19 75 23003 
14 21 34 74 23003 
14 21 49 75 23003 
14 22 4 74 23003 
14 22 19 75 23003 
14 22 34 74 23003 
14 22 49 75 23003 
14 23 4 74 23003 
14 23 19 75 23003 
14 23 34 74 23003 
14 23 49 75 23003 
14 24 4 74 23003 
14 24 19 75 23003 
14 24 34 74 23003 
14 24 49 75 23003 
14 25 4 74 23003 
14 25 19 75 23003 
14 25 34 74 23003 
14 25 49 75 23003 
14 26 4 74 23003 
14 26 19 75 23003 
14 26 34 74 23003 
14 26 49 75 23003 
14 27 4 74 23003 
14 27 19 75 23003 
14 27 34 74 23003 
14 27 49 75 23003 
14 28 4 74 23003 
14 28 19 75 23003 
14 28 34 74 23003 
14 28 49 75 23003 
14 29 4 74 23003 
14 29 19 75 23003 
14 29 34 74 23003 
14 29 49 75 23003 
14 30 4 74 23003 
14 30 19 75 23003 
14 30 34 74 23003 
14 30 49 75 23003 
14 31 4 74 23003 
14 31 19 75 23003 
14 31 34 74 23003 
14 31 49 75 23003 
14 32 4 74 23003 
14 32 54 75 23003 
14 33 9 74 23003 
14 33 24 75 23003 
14 33 39 74 23003 
14 33 54 75 23003 
14 34 9 74 23003 
14 34 24 75 23003 
14 34 39 74 23003 
14 34 54 75 23003 
14 35 9 74 23003 
14 35 24 75 23003 
14 35 39 74 23003 
14 35 54 75 23003 
14 36 9 74 23003 
14 36 24 75 23003 
14 36 39 74 23003 
14 36 54 75 23003 
14 37 9 74 23003 
14 37 24 75 23003 
14 37 39 74 23003 
14 37 54 75 23003 
14 38 9 74 23003 
14 38 24 75 23003 
14 38 39 74 23003 
14 38 54 75 23003 
14 39 9 74 23003 
14 39 24 75 23003 
14 39 39 74 23003 
14 39 54 75 23003 
14 40 9 74 23003 
14 40 24 75 23003 
14 40 39 75 23003 
14 40 54 74 23003 
14 41 9 75 23003 
14 41 24 74 23003 
14 41 39 75 23003 
14 41 54 74 23003 
14 42 9 75 23003 
14 42 24 74 23003 
14 42 39 75 23003 
14 42 54 74 23003 
14 43 9 75 23003 
14 43 24 74 23003 
14 43 39 75 23003 
14 43 54 74 23003 
14 44 9 75 23003 
14 44 24 74 23003 
14 44 39 75 23003 
14 44 54 74 23003 
14 45 9 75 23003 
14 45 24 74 23003 
14 45 39 75 23003 
14 45 54 74 23003 
14 46 9 75 23003 
14 46 24 74 23003 
14 46 39 75 23003 
14 46 54 74 23003 
14 47 9 75 23003 
14 47 24 74 23003 
14 48 14 75 23003 
14 48 29 74 23003 
14 48 44 75 23003 
14 48 59 74 23003 
14 49 14 75 23003 
14 49 29 74 23003 
14 49 44 75 23003 
14 49 59 74 23003 
14 50 14 75 23003 
14 50 29 74 23003 
14 50 44 75 23003 
14 50 59 74 23003 
14 51 14 75 23003 
14 51 29 74 23003 
14 51 44 75 23003 
14 51 59 74 23003 
14 52 14 75 23003 
14 52 29 74 23003 
14 52 44 75 23003 
14 52 59 74 23003 
14 53 14 75 23003 
14 53 29 74 23003 
14 53 44 75 23003 
14 53 59 74 23003 
14 54 14 75 23003 
14 54 29 74 23003 
14 54 44 75 23003 
14 54 59 74 23003 
14 55 14 75 23003 
14 55 29 74 23003 
14 55 44 75 23003 
14 55 59 74 23003 
14 56 14 75 23003 
14 56 29 74 23003 
14 56 44 75 23003 
14 56 59 74 23003 
14 57 14 75 23003 
14 57 29 74 23003 
14 57 44 75 23003 
14 57 59 74 23003 
14 58 14 75 23003 
14 58 29 74 23003 
14 58 44 75 23003 
14 58 59 74 23003 
14 59 14 75 23003 
14 59 29 74 23003 
14 59 44 75 23003 
14 59 59 74 23003 
15 0 14 75 23003 
15 0 29 74 23003 
15 0 44 75 23003 
15 0 59 75 23003 
15 1 14 74 23003 
15 1 29 75 23003 
15 1 44 74 23003 
15 1 59 75 23003 
15 2 14 74 23003 
15 2 29 75 23003 
15 2 44 74 23003 
15 3 34 75 23003 
15 3 49 74 23003 
15 4 4 75 23003 
15 4 19 74 23003 
15 4 34 75 23003 
15 4 49 74 23003 
15 5 4 75 23003 
15 5 19 74 23003 
15 5 34 75 23003 
15 5 49 74 23003 
15 6 4 75 23003 
15 6 19 74 23003 
15 6 34 75 23003 
15 6 49 74 23003 
15 7 4 75 23003 
15 7 19 74 23003 
15 7 34 75 23003 
15 7 49 74 23003 
15 8 4 75 23003 
15 8 19 74 23003 
15 8 34 75 23003 
15 8 49 74 23003 
15 9 4 75 23003 
15 9 19 74 23003 
15 9 34 75 23003 
15 9 49 74 23003 
15 10 4 75 23003 
15 10 19 74 23003 
15 10 34 75 23003 
15 10 49 74 23003 
15 11 4 75 23003 
15 11 19 74 23003 
15 11 34 75 23003 
15 11 49 74 23003 
15 12 4 75 23003 
15 12 19 74 23003 
15 12 34 75 23003 
15 12 49 74 23003 
15 13 4 75 23003 
15 13 19 74 23003 
15 13 34 75 23003 
15 13 49 74 18438 

