ls

ls
<CR>
         TIME          Size       File name 
----A 2020/08/27 23:59      8472  0827
----A 2020/09/08 23:59     14104  0908
----A 2020/09/08 16:04    128000  09081549
----A 2020/09/08 16:21    128000  09081606
----A 2020/09/08 16:38    128000  09081623
----A 2020/08/27 20:31    128000  08272016
----A 2020/08/27 20:50    128000  08272033
----A 2020/08/27 21:07    128000  08272050
----A 2020/08/27 21:22    128000  08272107
----A 2020/08/27 21:39    128000  08272124
----A 2020/08/27 21:58    128000  08272141
----A 2020/08/27 22:15    128000  08272158
----A 2020/08/27 22:30    128000  08272215
----A 2020/08/27 22:47    128000  08272232
----A 2020/08/27 23:06    128000  08272249
----A 2020/08/27 23:23    128000  08272306
----A 2020/08/27 23:38    128000  08272323
----A 2020/08/27 23:55    128000  08272340
----A 2020/08/28 00:14    128000  08272357
----A 2020/08/28 02:48      4664  0828
----A 2020/08/28 00:31    128000  08280014
----A 2020/08/28 00:46    128000  08280031
----A 2020/08/28 01:03    128000  08280048
----A 2020/08/28 01:22    128000  08280105
----A 2020/08/28 01:39    128000  08280122
----A 2020/08/28 01:54    128000  08280139
----A 2020/08/28 02:11    128000  08280156
----A 2020/08/28 02:30    128000  08280213
----A 2020/08/28 02:47    128000  08280230
----A 2020/08/28 02:47      2560  08280247
----A 2020/09/08 16:55    128000  09081640
----A 2020/09/08 17:12    128000  09081657
----A 2020/09/08 17:29    128000  09081714
----A 2020/09/08 17:46    128000  09081731
----A 2020/09/08 18:03    128000  09081748
----A 2020/09/08 18:20    128000  09081805
----A 2020/09/08 18:37    128000  09081822
----A 2020/09/08 18:54    128000  09081839
----A 2020/09/08 19:11    128000  09081856
----A 2020/09/08 19:28    128000  09081913
----A 2020/09/08 19:45    128000  09081930
----A 2020/09/08 20:02    128000  09081947
----A 2020/09/08 20:19    128000  09082004
----A 2020/09/08 20:36    128000  09082021
----A 2020/09/08 20:53    128000  09082038
----A 2020/09/08 21:10    128000  09082055
----A 2020/09/08 21:27    128000  09082112
----A 2020/09/08 21:44    128000  09082129
----A 2020/09/08 22:01    128000  09082146
----A 2020/09/08 22:18    128000  09082203
----A 2020/09/08 22:35    128000  09082220
----A 2020/09/08 22:52    128000  09082237
----A 2020/09/08 23:09    128000  09082254
----A 2020/09/08 23:26    128000  09082311
----A 2020/09/08 23:43    128000  09082328
----A 2020/09/09 00:01    128000  09082345
----A 2020/09/09 02:17      3792  0909
----A 2020/09/09 00:17    128000  09090002
----A 2020/09/09 00:35    128000  09090019
----A 2020/09/09 00:51    128000  09090036
----A 2020/09/09 01:09    128000  09090053
----A 2020/09/09 01:25    128000  09090110
----A 2020/09/09 01:43    128000  09090127
----A 2020/09/09 01:59    128000  09090144
----A 2020/09/09 02:17     58880  09090201
----A 2020/09/18 02:59        40  0918
----A 2020/09/17 11:47      6720  0917
----A 2020/09/17 08:27    128000  09170810
----A 2020/09/17 08:43    128000  09170826
----A 2020/09/17 08:59    128000  09170842
----A 2020/09/17 09:15    128000  09170858
----A 2020/09/17 09:31    128000  09170914
----A 2020/09/17 09:47    128000  09170930
----A 2020/09/17 10:03    128000  09170946
----A 2020/09/17 10:19    128000  09171002
----A 2020/09/17 10:35    128000  09171018
----A 2020/09/17 10:51    128000  09171034
----A 2020/09/17 11:07    128000  09171050
----A 2020/09/17 11:23    128000  09171106
----A 2020/09/17 11:39    128000  09171122
----A 2020/09/17 11:39      2560  09171138

  81 File(s),   9317792 bytes total
   0 Dir(s),     991168K bytes free

/> 
read 0917
read 0917
<CR>Time:2020/09/17 11:39
Hours Minutes Seconds  Nb_Samples    Aver. Current 
7 57 31 25 16009 
7 57 46 25 16009 
7 58 1 25 16009 
7 58 16 25 16009 
7 58 31 25 16009 
7 58 48 9 14619 
7 59 2 23 15405 
7 59 17 25 16069 
7 59 36 20 15888 
7 59 47 17 15828 
8 0 2 25 16069 
8 0 17 25 16069 
8 0 32 25 16069 
8 0 47 25 16069 
8 1 2 25 16069 
8 1 17 25 16069 
8 1 32 25 16069 
8 1 47 25 16069 
8 2 2 25 16069 
8 2 17 25 16069 
8 2 32 25 16069 
8 2 47 25 16069 
8 3 2 25 16009 
8 3 17 25 16069 
8 3 32 25 16069 
8 3 47 25 16069 
8 4 2 25 16069 
8 4 17 25 16069 
8 4 32 25 16069 
8 4 47 25 16069 
8 5 2 25 16069 
8 5 17 25 16069 
8 5 32 25 16069 
8 5 47 25 16069 
8 6 2 25 16069 
8 6 17 25 16069 
8 6 32 25 16069 
8 6 47 25 16069 
8 7 2 25 16069 
8 7 17 25 16069 
8 7 32 25 16069 
8 7 47 25 16069 
8 8 2 25 16069 
8 8 17 25 16069 
8 8 32 25 16069 
8 8 47 25 16069 
8 9 2 25 16069 
8 9 17 25 16069 
8 9 32 25 16069 
8 9 47 25 16069 
8 11 20 25 16069 
8 11 35 25 16069 
8 11 50 25 16069 
8 12 5 25 16069 
8 12 20 25 16069 
8 12 35 25 16069 
8 12 50 25 16069 
8 13 5 25 16069 
8 13 20 25 16069 
8 13 35 25 16069 
8 13 50 25 16069 
8 14 5 25 16069 
8 14 20 25 16069 
8 14 35 25 16069 
8 14 50 25 16069 
8 15 5 25 16069 
8 15 20 25 16069 
8 15 35 25 16069 
8 15 50 25 16069 
8 16 5 25 16069 
8 16 20 25 16069 
8 16 35 25 16069 
8 16 50 25 16069 
8 17 5 25 16069 
8 17 20 25 16069 
8 17 35 25 16069 
8 17 50 25 16069 
8 18 5 25 16069 
8 18 20 25 16069 
8 18 35 25 16069 
8 18 50 25 16069 
8 19 5 25 16069 
8 19 20 25 16069 
8 19 35 25 16069 
8 19 50 25 16069 
8 20 5 25 16069 
8 20 20 25 16069 
8 20 35 25 16069 
8 20 50 25 16069 
8 21 5 25 16069 
8 21 20 25 16069 
8 21 35 25 16069 
8 21 50 25 16069 
8 22 5 25 16069 
8 22 20 25 16069 
8 22 35 25 16069 
8 22 50 25 16069 
8 23 5 25 16069 
8 23 20 25 16069 
8 23 35 25 16069 
8 23 50 25 16069 
8 24 5 25 16069 
8 24 20 25 16069 
8 24 35 25 16069 
8 24 50 25 16069 
8 25 5 25 16069 
8 25 20 25 16069 
8 25 35 25 16069 
8 25 50 25 16069 
8 27 20 25 16069 
8 27 35 25 16069 
8 27 50 25 16069 
8 28 5 25 16069 
8 28 20 25 16069 
8 28 35 25 16069 
8 28 50 25 16069 
8 29 5 25 16069 
8 29 20 25 16069 
8 29 35 25 16069 
8 29 50 25 16069 
8 30 5 25 16069 
8 30 20 25 16069 
8 30 35 25 16069 
8 30 50 25 16069 
8 31 5 25 16069 
8 31 20 25 16069 
8 31 35 25 16069 
8 31 50 25 16069 
8 32 5 25 16069 
8 32 20 25 16069 
8 32 35 25 16069 
8 32 50 25 16069 
8 33 5 25 16069 
8 33 20 25 16069 
8 33 35 25 16069 
8 33 50 25 16069 
8 34 5 25 16069 
8 34 20 25 16069 
8 34 35 25 16069 
8 34 50 25 16069 
8 35 5 25 16069 
8 35 20 25 16069 
8 35 35 25 16069 
8 35 50 25 16069 
8 36 5 25 16069 
8 36 20 25 16069 
8 36 35 25 16069 
8 36 50 25 16069 
8 37 5 25 16069 
8 37 20 25 16069 
8 37 35 25 16069 
8 37 50 25 16069 
8 38 5 25 16069 
8 38 20 25 16069 
8 38 35 25 16069 
8 38 50 25 16069 
8 39 5 25 16069 
8 39 20 25 16069 
8 39 35 25 16069 
8 39 50 25 16069 
8 40 5 25 16069 
8 40 20 25 16069 
8 40 35 25 16069 
8 40 50 25 16069 
8 41 5 25 16069 
8 41 20 25 16069 
8 41 35 25 16069 
8 41 50 25 16069 
8 43 20 25 16069 
8 43 35 25 16069 
8 43 50 25 16069 
8 44 5 25 16069 
8 44 20 25 16069 
8 44 35 25 16069 
8 44 50 25 16069 
8 45 5 25 16069 
8 45 20 25 16069 
8 45 35 25 16069 
8 45 50 25 16069 
8 46 5 25 16069 
8 46 20 25 16069 
8 46 35 25 16069 
8 46 50 25 16069 
8 47 5 25 16069 
8 47 20 25 16069 
8 47 35 25 16069 
8 47 50 25 16069 
8 48 5 25 16069 
8 48 20 25 16069 
8 48 35 25 16069 
8 48 50 25 16069 
8 49 5 25 16069 
8 49 20 25 16069 
8 49 35 25 16069 
8 49 50 25 16069 
8 50 5 25 16069 
8 50 20 25 16069 
8 50 35 25 16069 
8 50 50 25 16069 
8 51 5 25 16069 
8 51 20 25 16069 
8 51 35 25 16069 
8 51 50 25 16069 
8 52 5 25 16069 
8 52 20 25 16069 
8 52 35 25 16069 
8 52 50 25 16069 
8 53 5 25 16069 
8 53 20 25 16069 
8 53 35 25 16069 
8 53 50 25 16069 
8 54 5 25 16069 
8 54 20 25 16069 
8 54 35 25 16069 
8 54 50 25 16069 
8 55 5 25 16069 
8 55 20 25 16069 
8 55 35 25 16130 
8 55 50 25 16069 
8 56 5 25 16069 
8 56 20 25 16069 
8 56 35 25 16069 
8 56 50 25 16069 
8 57 5 25 16069 
8 57 20 25 16069 
8 57 35 25 16069 
8 57 50 25 16069 
8 59 20 25 16069 
8 59 35 25 16069 
8 59 50 25 16130 
9 0 5 25 16069 
9 0 20 25 16069 
9 0 35 25 16069 
9 0 50 25 16069 
9 1 5 25 16069 
9 1 20 25 16069 
9 1 35 25 16069 
9 1 50 25 16130 
9 2 5 25 16069 
9 2 20 25 16069 
9 2 35 25 16069 
9 2 50 25 16069 
9 3 5 25 16069 
9 3 20 25 16069 
9 3 35 25 16130 
9 3 50 25 16069 
9 4 5 25 16069 
9 4 20 25 16069 
9 4 35 25 16069 
9 4 50 25 16069 
9 5 5 25 16130 
9 5 20 25 16130 
9 5 35 25 16130 
9 5 50 25 16130 
9 6 5 25 16069 
9 6 20 25 16069 
9 6 35 25 16069 
9 6 50 25 16130 
9 7 5 25 16130 
9 7 20 25 16130 
9 7 35 25 16130 
9 7 50 25 16069 
9 8 5 25 16130 
9 8 20 25 16069 
9 8 35 25 16069 
9 8 50 25 16069 
9 9 5 25 16130 
9 9 20 25 16130 
9 9 35 25 16130 
9 9 50 25 16130 
9 10 5 25 16130 
9 10 20 25 16130 
9 10 35 25 16130 
9 10 50 25 16130 
9 11 5 25 16130 
9 11 20 25 16130 
9 11 35 25 16069 
9 11 50 25 16069 
9 12 5 25 16069 
9 12 20 25 16069 
9 12 35 25 16069 
9 12 50 25 16130 
9 13 5 25 16069 
9 13 20 25 16069 
9 13 35 25 16069 
9 13 50 25 16069 
9 15 20 25 16069 
9 15 35 25 16130 
9 15 50 25 16069 
9 16 5 25 16069 
9 16 20 25 16130 
9 16 35 25 16130 
9 16 50 25 16130 
9 17 5 25 16069 
9 17 20 25 16130 
9 17 35 25 16130 
9 17 50 25 16130 
9 18 5 25 16130 
9 18 20 25 16069 
9 18 35 25 16130 
9 18 50 25 16130 
9 19 5 25 16130 
9 19 20 25 16130 
9 19 35 25 16130 
9 19 50 25 16130 
9 20 5 25 16130 
9 20 20 25 16130 
9 20 35 25 16130 
9 20 50 25 16130 
9 21 5 25 16130 
9 21 20 25 16130 
9 21 35 25 16130 
9 21 50 25 16130 
9 22 5 25 16130 
9 22 20 25 16130 
9 22 35 25 16130 
9 22 50 25 16130 
9 23 5 25 16130 
9 23 20 25 16130 
9 23 35 25 16130 
9 23 50 25 16130 
9 24 5 25 16130 
9 24 20 25 16130 
9 24 35 25 16130 
9 24 50 25 16130 
9 25 5 25 16130 
9 25 20 25 16130 
9 25 35 25 16130 
9 25 50 25 16130 
9 26 5 25 16130 
9 26 20 25 16130 
9 26 35 25 16130 
9 26 50 25 16130 
9 27 5 25 16130 
9 27 20 25 16130 
9 27 35 25 16130 
9 27 50 25 16130 
9 28 5 25 16130 
9 28 20 25 16130 
9 28 35 25 16130 
9 28 50 25 16130 
9 29 5 25 16130 
9 29 20 25 16130 
9 29 35 25 16130 
9 29 50 25 16130 
9 31 20 25 16130 
9 31 35 25 16130 
9 31 50 25 16130 
9 32 5 25 16130 
9 32 20 25 16130 
9 32 35 25 16130 
9 32 50 25 16130 
9 33 5 25 16130 
9 33 20 25 16130 
9 33 35 25 16130 
9 33 50 25 16130 
9 34 5 25 16130 
9 34 20 25 16130 
9 34 35 25 16130 
9 34 50 25 16130 
9 35 5 25 16130 
9 35 20 25 16130 
9 35 35 25 16130 
9 35 50 25 16130 
9 36 5 25 16130 
9 36 20 25 16130 
9 36 35 25 16130 
9 36 50 25 16130 
9 37 5 25 16130 
9 37 20 25 16130 
9 37 35 25 16130 
9 37 50 25 16130 
9 38 5 25 16130 
9 38 20 25 16130 
9 38 35 25 16130 
9 38 50 25 16130 
9 39 5 25 16130 
9 39 20 25 16130 
9 39 35 25 16130 
9 39 50 25 16130 
9 40 5 25 16130 
9 40 20 25 16130 
9 40 35 25 16130 
9 40 50 25 16130 
9 41 5 25 16130 
9 41 20 25 16130 
9 41 35 25 16130 
9 41 50 25 16130 
9 42 5 25 16130 
9 42 20 25 16130 
9 42 35 25 16130 
9 42 50 25 16130 
9 43 5 25 16130 
9 43 20 25 16130 
9 43 35 25 16130 
9 43 50 25 16130 
9 44 5 25 16130 
9 44 20 25 16130 
9 44 35 25 16130 
9 44 50 25 16130 
9 45 5 25 16130 
9 45 20 25 16130 
9 45 35 25 16130 
9 45 50 25 16130 
9 47 20 25 16130 
9 47 35 25 16130 
9 47 50 25 16130 
9 48 5 25 16130 
9 48 20 25 16130 
9 48 35 25 16130 
9 48 50 25 16130 
9 49 5 25 16130 
9 49 20 25 16130 
9 49 35 25 16130 
9 49 50 25 16130 
9 50 5 25 16130 
9 50 20 25 16130 
9 50 35 25 16130 
9 50 50 25 16130 
9 51 5 25 16130 
9 51 20 25 16130 
9 51 35 25 16130 
9 51 50 25 16130 
9 52 5 25 16130 
9 52 20 25 16130 
9 52 35 25 16130 
9 52 50 25 16130 
9 53 5 25 16130 
9 53 20 25 16130 
9 53 35 25 16130 
9 53 50 25 16130 
9 54 5 25 16130 
9 54 20 25 16130 
9 54 35 25 16130 
9 54 50 25 16130 
9 55 5 25 16130 
9 55 20 25 16130 
9 55 35 25 16130 
9 55 50 25 16130 
9 56 5 25 16130 
9 56 20 25 16130 
9 56 35 25 16130 
9 56 50 25 16130 
9 57 5 25 16130 
9 57 20 25 16130 
9 57 35 25 16130 
9 57 50 25 16130 
9 58 5 25 16130 
9 58 20 25 16130 
9 58 35 25 16130 
9 58 50 25 16130 
9 59 5 25 16130 
9 59 20 25 16130 
9 59 35 25 16130 
9 59 50 25 16130 
10 0 5 25 16130 
10 0 20 25 16130 
10 0 35 25 16130 
10 0 50 25 16130 
10 1 5 25 16130 
10 1 20 25 16130 
10 1 35 25 16130 
10 1 50 25 16130 
10 3 20 25 16130 
10 3 35 25 16130 
10 3 50 25 16130 
10 4 5 25 16130 
10 4 20 25 16130 
10 4 35 25 16130 
10 4 50 25 16130 
10 5 5 25 16130 
10 5 20 25 16130 
10 5 35 25 16130 
10 5 50 25 16130 
10 6 5 25 16130 
10 6 20 25 16130 
10 6 35 25 16130 
10 6 50 25 16130 
10 7 5 25 16130 
10 7 20 25 16130 
10 7 35 25 16130 
10 7 50 25 16130 
10 8 5 25 16130 
10 8 20 25 16130 
10 8 35 25 16130 
10 8 50 25 16130 
10 9 5 25 16130 
10 9 20 25 16130 
10 9 35 25 16130 
10 9 50 25 16130 
10 10 5 25 16130 
10 10 20 25 16130 
10 10 35 25 16130 
10 10 50 25 16130 
10 11 5 25 16130 
10 11 20 25 16130 
10 11 35 25 16130 
10 11 50 25 16130 
10 12 5 25 16130 
10 12 20 25 16130 
10 12 35 25 16130 
10 12 50 25 16130 
10 13 5 25 16130 
10 13 20 25 16130 
10 13 35 25 16130 
10 13 50 25 16130 
10 14 5 25 16130 
10 14 20 25 16130 
10 14 35 25 16130 
10 14 50 25 16130 
10 15 5 25 16130 
10 15 20 25 16130 
10 15 35 25 16130 
10 15 50 25 16130 
10 16 5 25 16130 
10 16 20 25 16130 
10 16 35 25 16130 
10 16 50 25 16130 
10 17 5 25 16130 
10 17 20 25 16130 
10 17 35 25 16130 
10 17 50 25 16130 
10 19 20 25 16130 
10 19 35 25 16130 
10 19 50 25 16130 
10 20 5 25 16130 
10 20 20 25 16130 
10 20 35 25 16130 
10 20 50 25 16130 
10 21 5 25 16130 
10 21 20 25 16130 
10 21 35 25 16130 
10 21 50 25 16130 
10 22 5 25 16130 
10 22 20 25 16130 
10 22 35 25 16130 
10 22 50 25 16130 
10 23 5 25 16130 
10 23 20 25 16130 
10 23 35 25 16130 
10 23 50 25 16130 
10 24 5 25 16130 
10 24 20 25 16130 
10 24 35 25 16130 
10 24 50 25 16130 
10 25 5 25 16130 
10 25 20 25 16130 
10 25 35 25 16130 
10 25 50 25 16130 
10 26 5 25 16130 
10 26 20 25 16130 
10 26 35 25 16130 
10 26 50 25 16130 
10 27 5 25 16130 
10 27 20 25 16130 
10 27 35 25 16130 
10 27 50 25 16130 
10 28 5 25 16130 
10 28 20 25 16130 
10 28 35 25 16130 
10 28 50 25 16130 
10 29 5 25 16130 
10 29 20 25 16130 
10 29 35 25 16130 
10 29 50 25 16130 
10 30 5 25 16130 
10 30 20 25 16130 
10 30 35 25 16130 
10 30 50 25 16130 
10 31 5 25 16130 
10 31 20 25 16130 
10 31 35 25 16130 
10 31 50 25 16130 
10 32 5 25 16130 
10 32 20 25 16130 
10 32 35 25 16130 
10 32 50 25 16130 
10 33 5 25 16130 
10 33 20 25 16130 
10 33 35 25 16130 
10 33 50 25 16130 
10 35 20 25 16130 
10 35 35 25 16130 
10 35 50 25 16130 
10 36 5 25 16130 
10 36 20 25 16130 
10 36 35 25 16130 
10 36 50 25 16130 
10 37 5 25 16130 
10 37 20 25 16130 
10 37 35 25 16130 
10 37 50 25 16130 
10 38 5 25 16130 
10 38 20 25 16130 
10 38 35 25 16130 
10 38 50 25 16130 
10 39 5 25 16130 
10 39 20 25 16130 
10 39 35 25 16130 
10 39 50 25 16130 
10 40 5 25 16130 
10 40 20 25 16130 
10 40 35 25 16130 
10 40 50 25 16130 
10 41 5 25 16130 
10 41 20 25 16130 
10 41 35 25 16130 
10 41 50 25 16130 
10 42 5 25 16130 
10 42 20 25 16130 
10 42 35 25 16130 
10 42 50 25 16130 
10 43 5 25 16130 
10 43 20 25 16130 
10 43 35 25 16130 
10 43 50 25 16130 
10 44 5 25 16130 
10 44 20 25 16130 
10 44 35 25 16130 
10 44 50 25 16130 
10 45 5 25 16130 
10 45 20 25 16130 
10 45 35 25 16130 
10 45 50 25 16130 
10 46 5 25 16130 
10 46 20 25 16130 
10 46 35 25 16130 
10 46 50 25 16130 
10 47 5 25 16130 
10 47 20 25 16130 
10 47 35 25 16130 
10 47 50 25 16130 
10 48 5 25 16130 
10 48 20 25 16130 
10 48 35 25 16130 
10 48 50 25 16130 
10 49 5 25 16130 
10 49 20 25 16130 
10 49 35 25 16130 
10 49 50 25 16130 
10 51 20 25 16130 
10 51 35 25 16130 
10 51 50 25 16130 
10 52 5 25 16130 
10 52 20 25 16130 
10 52 35 25 16130 
10 52 50 25 16130 
10 53 5 25 16130 
10 53 20 25 16130 
10 53 35 25 16130 
10 53 50 25 16130 
10 54 5 25 16130 
10 54 20 25 16130 
10 54 35 25 16130 
10 54 50 25 16130 
10 55 5 25 16130 
10 55 20 25 16130 
10 55 35 25 16130 
10 55 50 25 16130 
10 56 5 25 16130 
10 56 20 25 16130 
10 56 35 25 16130 
10 56 50 25 16130 
10 57 5 25 16130 
10 57 20 25 16130 
10 57 35 25 16130 
10 57 50 25 16130 
10 58 5 25 16130 
10 58 20 25 16130 
10 58 35 25 16130 
10 58 50 25 16130 
10 59 5 25 16130 
10 59 20 25 16130 
10 59 35 25 16130 
10 59 50 25 16130 
11 0 6 26 16130 
11 0 21 25 16130 
11 0 36 25 16130 
11 0 51 25 16130 
11 1 6 25 16130 
11 1 21 25 16130 
11 1 36 25 16130 
11 1 51 25 16130 
11 2 6 25 16130 
11 2 21 25 16130 
11 2 36 25 16130 
11 2 51 25 16130 
11 3 6 25 16130 
11 3 21 25 16130 
11 3 36 25 16130 
11 3 51 25 16130 
11 4 6 25 16130 
11 4 21 25 16130 
11 4 36 25 16130 
11 4 51 25 16130 
11 5 6 25 16130 
11 5 21 25 16130 
11 5 36 25 16130 
11 5 51 25 16130 
11 7 21 25 16130 
11 7 36 25 16130 
11 7 51 25 16130 
11 8 6 25 16130 
11 8 21 25 16130 
11 8 36 25 16130 
11 8 51 25 16130 
11 9 6 25 16130 
11 9 21 25 16130 
11 9 36 25 16130 
11 9 51 25 16130 
11 10 6 25 16130 
11 10 21 25 16130 
11 10 36 25 16130 
11 10 51 25 16130 
11 11 6 25 16130 
11 11 21 25 16130 
11 11 36 25 16130 
11 11 51 25 16130 
11 12 6 25 16130 
11 12 21 25 16130 
11 12 36 25 16130 
11 12 51 25 16130 
11 13 6 25 16130 
11 13 21 25 16130 
11 13 36 25 16130 
11 13 51 25 16130 
11 14 6 25 16130 
11 14 21 25 16130 
11 14 36 25 16130 
11 14 51 25 16130 
11 15 6 25 16130 
11 15 21 25 16130 
11 15 36 25 16130 
11 15 51 25 16130 
11 16 6 25 16130 
11 16 21 25 16130 
11 16 36 25 16130 
11 16 51 25 16130 
11 17 6 25 16130 
11 17 21 25 16130 
11 17 36 25 16130 
11 17 51 25 16130 
11 18 6 25 16130 
11 18 21 25 16130 
11 18 36 25 16130 
11 18 51 25 16130 
11 19 6 25 16130 
11 19 21 25 16130 
11 19 36 25 16130 
11 19 51 25 16130 
11 20 6 25 16130 
11 20 21 25 16130 
11 20 36 25 16130 
11 20 51 25 16130 
11 21 6 25 16130 
11 21 21 25 16130 
11 21 36 25 16130 
11 21 51 25 16130 
11 23 21 25 16130 
11 23 36 25 16130 
11 23 51 25 16130 
11 24 6 25 16130 
11 24 21 25 16130 
11 24 36 25 16130 
11 24 51 25 16130 
11 25 6 25 16130 
11 25 21 25 16130 
11 25 36 25 16130 
11 25 51 25 16130 
11 26 6 25 16130 
11 26 21 25 16130 
11 26 36 25 16130 
11 26 51 25 16130 
11 27 6 25 16130 
11 27 21 25 16130 
11 27 36 25 16130 
11 27 51 25 16130 
11 28 6 25 16130 
11 28 21 25 16130 
11 28 36 25 16130 
11 28 51 25 16130 
11 29 6 25 16130 
11 29 21 25 16130 
11 29 36 25 16130 
11 29 51 25 16130 
11 30 6 25 16130 
11 30 21 25 16130 
11 30 36 25 16130 
11 30 51 25 16130 
11 31 6 25 16130 
11 31 21 25 16130 
11 31 36 25 16130 
11 31 51 25 16130 
11 32 6 25 16130 
11 32 21 25 16130 
11 32 36 25 16130 
11 32 51 25 16130 
11 33 6 25 16130 
11 33 21 25 16130 
11 33 36 25 16130 
11 33 51 25 16130 
11 34 6 25 16130 
11 34 21 25 16130 
11 34 36 25 16130 
11 34 51 25 16130 
11 35 6 25 16130 
11 35 21 25 16130 
11 35 36 25 16130 
11 35 51 25 16130 
11 36 6 25 16130 
11 36 21 25 16130 
11 36 36 25 16130 
11 36 51 25 16130 
11 37 6 25 16130 
11 37 21 25 16130 
11 37 36 25 16130 
11 37 51 25 16130 
11 39 21 25 16130 
11 39 36 25 16130 
11 39 51 25 16130 
11 40 6 25 16130 
11 40 21 25 16130 
11 40 36 25 16130 
11 40 51 25 16190 
11 41 6 25 16190 
11 41 21 25 16130 
11 41 36 25 16130 
11 41 51 25 16130 
11 42 6 25 16130 
11 42 21 25 16130 
11 42 36 25 16130 
11 42 51 25 16190 
11 43 6 25 16190 
11 43 21 25 16190 
11 43 36 25 16130 
11 43 51 25 16190 
11 44 6 25 16130 
11 44 21 25 16190 
11 44 36 25 16190 
11 44 51 25 16190 

/> 
ls

ls
<CR>
         TIME          Size       File name 
----A 2020/08/27 23:59      8472  0827
----A 2020/09/08 23:59     14104  0908
----A 2020/09/08 16:04    128000  09081549
----A 2020/09/08 16:21    128000  09081606
----A 2020/09/08 16:38    128000  09081623
----A 2020/08/27 20:31    128000  08272016
----A 2020/08/27 20:50    128000  08272033
----A 2020/08/27 21:07    128000  08272050
----A 2020/08/27 21:22    128000  08272107
----A 2020/08/27 21:39    128000  08272124
----A 2020/08/27 21:58    128000  08272141
----A 2020/08/27 22:15    128000  08272158
----A 2020/08/27 22:30    128000  08272215
----A 2020/08/27 22:47    128000  08272232
----A 2020/08/27 23:06    128000  08272249
----A 2020/08/27 23:23    128000  08272306
----A 2020/08/27 23:38    128000  08272323
----A 2020/08/27 23:55    128000  08272340
----A 2020/08/28 00:14    128000  08272357
----A 2020/08/28 02:48      4664  0828
----A 2020/08/28 00:31    128000  08280014
----A 2020/08/28 00:46    128000  08280031
----A 2020/08/28 01:03    128000  08280048
----A 2020/08/28 01:22    128000  08280105
----A 2020/08/28 01:39    128000  08280122
----A 2020/08/28 01:54    128000  08280139
----A 2020/08/28 02:11    128000  08280156
----A 2020/08/28 02:30    128000  08280213
----A 2020/08/28 02:47    128000  08280230
----A 2020/08/28 02:47      2560  08280247
----A 2020/09/08 16:55    128000  09081640
----A 2020/09/08 17:12    128000  09081657
----A 2020/09/08 17:29    128000  09081714
----A 2020/09/08 17:46    128000  09081731
----A 2020/09/08 18:03    128000  09081748
----A 2020/09/08 18:20    128000  09081805
----A 2020/09/08 18:37    128000  09081822
----A 2020/09/08 18:54    128000  09081839
----A 2020/09/08 19:11    128000  09081856
----A 2020/09/08 19:28    128000  09081913
----A 2020/09/08 19:45    128000  09081930
----A 2020/09/08 20:02    128000  09081947
----A 2020/09/08 20:19    128000  09082004
----A 2020/09/08 20:36    128000  09082021
----A 2020/09/08 20:53    128000  09082038
----A 2020/09/08 21:10    128000  09082055
----A 2020/09/08 21:27    128000  09082112
----A 2020/09/08 21:44    128000  09082129
----A 2020/09/08 22:01    128000  09082146
----A 2020/09/08 22:18    128000  09082203
----A 2020/09/08 22:35    128000  09082220
----A 2020/09/08 22:52    128000  09082237
----A 2020/09/08 23:09    128000  09082254
----A 2020/09/08 23:26    128000  09082311
----A 2020/09/08 23:43    128000  09082328
----A 2020/09/09 00:01    128000  09082345
----A 2020/09/09 02:17      3792  0909
----A 2020/09/09 00:17    128000  09090002
----A 2020/09/09 00:35    128000  09090019
----A 2020/09/09 00:51    128000  09090036
----A 2020/09/09 01:09    128000  09090053
----A 2020/09/09 01:25    128000  09090110
----A 2020/09/09 01:43    128000  09090127
----A 2020/09/09 01:59    128000  09090144
----A 2020/09/09 02:17     58880  09090201
----A 2020/09/18 02:59        40  0918
----A 2020/09/17 11:47      6720  0917
----A 2020/09/17 08:27    128000  09170810
----A 2020/09/17 08:43    128000  09170826
----A 2020/09/17 08:59    128000  09170842
----A 2020/09/17 09:15    128000  09170858
----A 2020/09/17 09:31    128000  09170914
----A 2020/09/17 09:47    128000  09170930
----A 2020/09/17 10:03    128000  09170946
----A 2020/09/17 10:19    128000  09171002
----A 2020/09/17 10:35    128000  09171018
----A 2020/09/17 10:51    128000  09171034
----A 2020/09/17 11:07    128000  09171050
----A 2020/09/17 11:23    128000  09171106
----A 2020/09/17 11:39    128000  09171122
----A 2020/09/17 11:39      2560  09171138

  81 File(s),   9317792 bytes total
   0 Dir(s),     991168K bytes free

/> 
read_ramp 09171002
read_ramp 09171002
<CR>Time:2020/09/17 11:39Ramp data first polarity: 
243 244 242 244 243 243 243 244 244 244 244 244 244 243 244 243 244 243 243 243 243 244 243 244 244 243 243 243 243 244 244 243 243 244 243 244 243 244 243 243 243 243 244 244 243 244 243 244 244 244 244 243 244 243 243 243 244 244 243 244 243 243 245 247 248 248 251 253 257 260 262 264 265 268 269 270 272 273 275 276 277 279 281 282 284 285 287 288 290 292 293 294 296 298 299 301 302 304 305 307 309 310 312 314 314 316 317 319 320 322 323 325 327 329 330 331 333 334 336 337 339 341 341 344 345 347 348 350 352 353 354 356 357 359 360 362 363 365 366 367 370 370 372 373 375 377 378 379 381 382 384 385 386 388 390 392 393 395 395 397 399 400 402 403 404 406 407 409 410 413 413 414 416 417 419 419 422 423 424 426 427 429 430 432 433 434 435 437 439 440 441 442 444 446 447 449 450 451 453 454 455 457 459 460 461 462 464 466 467 468 469 470 472 474 475 476 477 478 480 482 483 485 486 487 489 490 491 492 494 495 496 498 498 500 502 503 504 505 506 507 509 509 510 511 511 512 512 512 512 511 511 511 511 511 512 511 511 511 511 511 511 511 511 512 512 511 511 512 511 511 511 511 512 511 512 512 513 512 512 511 512 512 511 511 512 514 512 512 512 512 512 511 511 512 512 511 511 512 512 512 512 512 512 513 511 512 511 512 511 511 512 512 512 512 512 512 512 511 511 244 
ramp data second polarity
778 778 778 779 779 778 778 778 778 779 778 779 778 779 779 779 779 779 778 778 778 778 779 778 779 779 778 778 777 779 779 779 778 779 779 778 779 779 778 778 778 778 778 779 779 778 778 778 778 778 779 778 778 779 779 779 778 778 779 778 778 778 779 779 778 776 776 774 772 771 767 764 761 759 757 756 754 754 752 750 749 747 746 744 743 741 739 738 737 735 734 732 731 729 728 726 725 723 721 720 719 717 716 714 713 710 709 708 707 705 703 702 699 698 697 695 694 692 691 690 688 686 685 683 682 680 678 677 676 673 673 670 670 668 667 665 665 662 661 658 657 656 654 653 651 650 648 647 645 644 642 641 640 637 637 635 633 633 630 629 628 626 625 623 621 620 619 618 616 615 613 611 610 609 608 606 604 603 602 600 598 597 596 594 593 592 590 589 588 586 585 585 582 580 579 579 577 575 573 571 571 570 569 566 565 564 562 561 559 559 557 555 554 553 551 551 549 547 546 545 543 542 541 540 538 537 535 534 533 532 530 529 527 526 524 523 522 521 520 518 517 515 515 513 512 511 510 510 510 511 510 509 510 509 511 510 510 510 510 510 510 510 510 510 510 510 510 510 511 511 509 510 510 510 510 511 510 510 510 511 510 510 510 510 510 510 510 510 510 510 510 510 510 510 510 510 510 509 509 509 509 509 509 510 509 510 509 510 510 510 510 509 509 509 509 509 509 509 509 508 
Oscillation data first polarity :
777 774 772 770 767 765 761 759 758 755 755 752 752 750 749 748 746 745 743 742 739 738 736 735 734 732 730 729 727 726 724 723 721 720 718 716 716 714 712 710 709 708 706 704 703 701 700 698 697 695 694 692 690 689 689 686 685 684 682 680 678 677 675 675 673 671 669 668 667 665 664 662 661 659 658 656 655 653 653 651 648 648 646 644 643 641 640 638 637 635 634 632 631 629 628 627 625 624 622 620 619 618 616 615 613 612 610 609 608 606 605 604 601 601 599 599 596 595 594 591 591 589 588 585 585 583 582 580 579 578 576 574 573 571 570 569 568 567 565 563 562 561 560 558 557 555 554 553 552 550 549 547 546 545 543 541 540 539 538 536 535 533 532 531 528 528 527 525 524 523 523 520 519 517 517 516 514 513 511 511 510 510 510 509 510 510 509 511 510 511 510 510 510 510 510 510 510 510 510 510 510 510 510 510 511 510 511 510 510 510 511 510 510 510 510 510 510 511 510 510 510 510 511 511 510 510 510 509 510 511 510 511 510 509 510 510 510 509 510 509 510 511 511 511 511 510 510 510 510 510 510 510 510 510 510 510 511 510 510 511 510 510 510 510 510 510 510 510 510 511 510 510 510 510 510 510 510 511 510 510 511 510 510 510 510 509 511 509 511 510 510 509 509 510 510 509 509 510 509 510 509 510 510 510 510 510 510 510 511 510 510 510 510 510 509 509 510 509 510 510 
Oscillation data second polarity :
247 250 251 255 258 259 262 265 266 268 269 270 272 274 275 276 278 280 282 283 284 286 287 289 291 292 293 295 296 297 299 300 303 303 305 306 307 309 311 313 313 316 317 319 320 321 324 325 326 328 330 330 332 334 336 337 338 340 342 343 345 346 348 349 351 353 354 356 357 358 360 361 363 365 366 367 368 370 372 373 375 376 378 378 380 382 383 385 386 388 389 391 393 393 395 397 398 398 401 402 404 405 406 408 409 411 413 414 416 417 418 420 421 423 424 426 427 429 430 431 433 434 436 437 438 440 441 443 444 445 447 448 450 451 453 453 455 457 458 460 461 462 464 465 468 468 469 470 472 473 474 476 476 479 480 481 482 484 485 487 488 490 491 492 493 495 497 497 499 499 501 503 504 506 506 508 509 510 510 511 512 512 511 511 511 512 512 512 511 511 511 512 511 512 512 511 511 512 511 513 511 513 511 513 511 511 512 511 511 510 512 510 511 511 511 511 512 511 511 512 512 512 512 511 511 512 511 512 511 511 511 511 511 511 511 511 511 511 511 512 511 511 511 511 511 511 511 511 511 511 511 511 512 512 511 511 513 511 511 511 512 511 511 511 511 511 512 511 510 511 510 511 511 511 511 511 511 511 511 511 512 511 511 511 511 512 512 511 511 511 511 511 512 511 511 511 512 512 511 511 511 511 511 511 511 512 512 511 511 512 511 513 511 511 512 511 511 512 511 511 
/> 