<CR>Time:2020/09/14 14:25
Hours Minutes Seconds  Nb_Samples    Aver. Current 
9 48 56 75 12913 
9 49 11 73 17717 
9 49 26 75 21802 
9 50 17 75 23003 
9 50 32 75 23003 
9 50 47 75 23003 
9 51 2 75 23003 
9 51 17 75 23003 
9 51 32 75 23003 
9 51 47 75 23003 
9 52 2 75 23003 
9 52 17 75 23003 
9 52 32 74 23003 
9 52 47 75 23003 
9 53 2 75 23003 
9 53 17 75 23003 
9 53 32 75 23003 
9 53 47 75 23003 
9 54 2 75 23003 
9 54 17 75 23003 
9 54 32 75 23003 
9 54 47 75 23003 
9 55 2 75 23003 
9 55 17 75 23003 
9 55 32 75 23003 
9 55 47 75 23003 
9 56 2 75 23003 
9 56 17 75 23003 
9 56 32 75 23003 
9 56 47 75 23003 
9 57 2 75 23003 
9 57 17 75 23003 
9 57 32 75 23003 
9 57 47 75 23003 
9 58 2 75 23003 
9 58 17 75 23003 
9 58 32 75 23003 
9 58 47 75 23003 
9 59 2 75 23003 
9 59 17 75 23003 
9 59 32 75 23003 
9 59 47 75 23003 
10 0 2 75 23003 
10 0 17 75 23003 
10 0 32 75 23003 
10 0 47 75 23003 
10 1 2 75 23003 
10 1 17 75 23003 
10 1 32 75 23003 
10 1 47 75 23003 
10 2 2 75 23003 
10 2 17 75 23003 
10 2 32 75 23003 
10 2 47 75 23003 
10 3 2 75 23003 
10 3 17 75 23003 
10 4 22 75 23003 
10 4 37 75 23003 
10 4 52 75 23003 
10 5 7 75 23003 
10 5 22 75 23003 
10 5 37 75 23003 
10 5 52 75 23003 
10 6 7 75 23003 
10 6 22 75 23003 
10 6 37 75 23003 
10 6 52 75 23003 
10 7 7 75 23003 
10 7 22 75 23003 
10 7 37 75 23003 
10 7 52 75 23003 
10 8 7 75 23003 
10 8 22 75 23003 
10 8 37 75 23003 
10 8 52 75 23003 
10 9 7 75 23003 
10 9 22 75 23003 
10 9 37 75 23003 
10 9 52 75 23003 
10 10 7 75 23003 
10 10 22 75 23003 
10 10 37 75 23003 
10 10 52 75 23003 
10 11 7 75 23003 
10 11 22 75 23003 
10 11 37 75 23003 
10 11 52 75 23003 
10 12 7 75 23003 
10 12 22 75 23003 
10 12 37 75 23003 
10 12 52 75 23003 
10 13 7 75 23003 
10 13 22 75 23003 
10 13 37 75 23003 
10 13 52 75 23003 
10 14 7 75 23003 
10 14 22 75 23003 
10 14 37 75 23003 
10 14 52 75 23003 
10 15 7 75 23003 
10 15 22 75 23003 
10 15 37 75 23003 
10 15 52 75 23003 
10 16 7 75 23003 
10 16 22 75 23003 
10 16 37 75 23003 
10 16 52 75 23003 
10 17 7 75 23003 
10 17 22 75 23003 
10 17 37 75 23003 
10 17 52 75 23003 
10 18 7 75 23003 
10 18 22 75 23003 
10 18 37 75 23003 
10 19 27 75 23003 
10 19 43 75 23003 
10 19 58 75 23003 
10 20 13 75 23003 
10 20 28 75 23003 
10 20 43 75 23003 
10 20 58 75 23003 
10 21 13 75 23003 
10 21 28 75 23003 
10 21 43 75 23003 
10 21 58 75 23003 
10 22 13 75 23003 
10 22 28 75 23003 
10 22 43 75 23003 
10 22 58 75 23003 
10 23 13 75 23003 
10 23 28 75 23003 
10 23 43 75 23003 
10 23 58 75 23003 
10 24 13 75 23003 
10 24 28 75 23003 
10 24 43 75 23003 
10 24 58 75 23003 
10 25 13 75 23003 
10 25 28 75 23003 
10 25 43 75 23003 
10 25 58 75 23003 
10 26 13 75 23003 
10 26 28 75 23003 
10 26 43 75 23003 
10 26 58 75 23003 
10 27 13 75 23003 
10 27 28 75 23003 
10 27 43 75 23003 
10 27 58 75 23003 
10 28 13 75 23003 
10 28 27 74 23003 
10 28 42 75 23003 
10 28 57 75 23003 
10 29 12 75 23003 
10 29 27 75 23003 
10 29 42 75 23003 
10 29 57 75 23003 
10 30 12 75 23003 
10 30 27 75 23003 
10 30 42 75 23003 
10 30 57 75 23003 
10 31 12 75 23003 
10 31 27 75 23003 
10 31 42 75 23003 
10 31 57 75 23003 
10 32 12 75 23003 
10 32 27 75 23003 
10 32 42 75 23003 
10 32 57 75 23003 
10 33 12 75 23003 
10 33 27 75 23003 
10 33 42 75 23003 
10 33 57 75 23003 
10 35 3 75 23003 
10 35 17 74 23003 
10 35 32 75 23003 
10 35 47 75 23003 
10 36 2 75 23003 
10 36 17 75 23003 
10 36 32 75 23003 
10 36 47 75 23003 
10 37 2 75 23003 
10 37 17 75 23003 
10 37 32 75 23003 
10 37 47 75 23003 
10 38 2 75 23003 
10 38 17 75 23003 
10 38 32 75 23003 
10 38 47 75 23003 
10 39 2 75 23003 
10 39 17 75 23003 
10 39 32 75 23003 
10 39 47 75 23003 
10 40 2 75 23003 
10 40 17 75 23003 
10 40 32 75 23003 
10 40 47 75 23003 
10 41 2 75 23003 
10 41 17 75 23003 
10 41 32 75 23003 
10 41 47 75 23003 
10 42 2 75 23003 
10 42 17 75 23003 
10 42 32 75 23003 
10 42 47 75 23003 
10 43 2 75 23003 
10 43 17 75 23003 
10 43 33 76 23003 
10 43 48 75 23003 
10 44 3 75 23003 
10 44 18 74 23003 
10 44 33 75 23003 
10 44 48 75 23003 
10 45 3 75 23003 
10 45 18 75 23003 
10 45 33 75 23003 
10 45 48 75 23003 
10 46 3 75 23003 
10 46 18 75 23003 
10 46 33 75 23003 
10 46 48 75 23003 
10 47 3 75 23003 
10 47 18 75 23003 
10 47 33 75 23003 
10 47 48 75 23003 
10 48 3 75 23003 
10 48 18 75 23003 
10 48 33 75 23003 
10 48 48 75 23003 
10 49 3 75 23003 
10 49 18 75 23003 
10 50 8 75 23003 
10 50 23 75 23003 
10 50 38 75 23003 
10 50 53 75 23003 
10 51 8 75 23003 
10 51 23 75 23003 
10 51 38 75 23003 
10 51 53 75 23003 
10 52 8 75 23003 
10 52 23 75 23003 
10 52 38 75 23003 
10 52 53 75 23003 
10 53 8 75 23003 
10 53 23 75 23003 
10 53 38 75 23003 
10 53 53 75 23003 
10 54 8 75 23003 
10 54 23 75 23003 
10 54 38 75 23003 
10 54 53 75 23003 
10 55 8 75 23003 
10 55 23 75 23003 
10 55 38 75 23003 
10 55 53 75 23003 
10 56 8 75 23003 
10 56 23 75 23003 
10 56 38 75 23003 
10 56 53 75 23003 
10 57 8 75 23003 
10 57 23 75 23003 
10 57 38 75 23003 
10 57 53 75 23003 
10 58 8 75 23003 
10 58 23 75 23003 
10 58 38 75 23003 
10 58 53 75 23003 
10 59 8 74 23003 
10 59 23 75 23003 
10 59 38 75 23003 
10 59 53 75 23003 
11 0 8 75 23003 
11 0 23 75 23003 
11 0 38 75 23003 
11 0 53 75 23003 
11 1 8 75 23003 
11 1 23 75 23003 
11 1 38 75 23003 
11 1 53 75 23003 
11 2 8 75 23003 
11 2 23 75 23003 
11 2 38 75 23003 
11 2 53 75 23003 
11 3 8 75 23003 
11 3 23 75 23003 
11 3 38 75 23003 
11 3 53 75 23003 
11 4 8 75 23003 
11 4 23 75 23003 
11 4 38 75 23003 
11 5 43 75 23003 
11 5 58 74 23003 
11 6 13 75 23003 
11 6 28 75 23003 
11 6 43 75 23003 
11 6 58 75 23003 
11 7 13 75 23003 
11 7 28 75 23003 
11 7 43 75 23003 
11 7 58 75 23003 
11 8 13 76 23003 
11 8 28 75 23003 
11 8 43 75 23003 
11 8 58 75 23003 
11 9 13 75 23003 
11 9 28 75 23003 
11 9 43 75 23003 
11 9 58 75 23003 
11 10 13 75 23003 
11 10 28 75 23003 
11 10 43 75 23003 
11 10 58 75 23003 
11 11 13 75 23003 
11 11 28 75 23003 
11 11 43 75 23003 
11 11 58 75 23003 
11 12 13 75 23003 
11 12 28 75 23003 
11 12 43 75 23003 
11 12 58 75 23003 
11 13 13 75 23003 
11 13 28 75 23003 
11 13 43 75 23003 
11 13 58 75 23003 
11 14 13 75 23003 
11 14 28 75 23003 
11 14 43 75 23003 
11 14 58 74 23003 
11 15 13 75 23003 
11 15 28 75 23003 
11 15 43 75 23003 
11 15 58 75 23003 
11 16 13 75 23003 
11 16 28 75 23003 
11 16 43 75 23003 
11 16 58 75 23003 
11 17 13 75 23003 
11 17 28 75 23003 
11 17 43 75 23003 
11 17 58 75 23003 
11 18 13 75 23003 
11 18 28 75 23003 
11 18 43 75 23003 
11 18 58 75 23003 
11 19 13 75 23003 
11 19 28 75 23003 
11 19 43 75 23003 
11 19 58 75 23003 
11 20 48 75 23003 
11 21 3 75 23003 
11 21 18 75 23003 
11 21 33 75 23003 
11 21 48 75 23003 
11 22 3 75 23003 
11 22 18 75 23003 
11 22 33 75 23003 
11 22 48 75 23003 
11 23 3 75 23003 
11 23 18 75 23003 
11 23 33 75 23003 
11 23 48 75 23003 
11 24 3 75 23003 
11 24 18 75 23003 
11 24 33 75 23003 
11 24 48 75 23003 
11 25 3 75 23003 
11 25 18 75 23003 
11 25 33 75 23003 
11 25 48 75 23003 
11 26 3 75 23003 
11 26 18 75 23003 
11 26 33 75 23003 
11 26 48 75 23003 
11 27 3 75 23003 
11 27 18 75 23003 
11 27 33 75 23003 
11 27 48 75 23003 
11 28 3 75 23003 
11 28 18 75 23003 
11 28 33 75 23003 
11 28 48 75 23003 
11 29 3 75 23003 
11 29 18 75 23003 
11 29 33 75 23003 
11 29 48 74 23003 
11 30 3 75 23003 
11 30 18 75 23003 
11 30 33 75 23003 
11 30 48 75 23003 
11 31 3 75 23003 
11 31 18 75 23003 
11 31 33 75 23003 
11 31 48 75 23003 
11 32 3 75 23003 
11 32 18 76 23003 
11 32 33 75 23003 
11 32 48 75 23003 
11 33 3 75 23003 
11 33 18 75 23003 
11 33 33 75 23003 
11 33 48 75 23003 
11 34 3 75 23003 
11 34 18 75 23003 
11 34 33 75 23003 
11 34 48 75 23003 
11 35 3 75 23003 
11 35 18 75 23003 
11 36 23 75 23003 
11 36 38 75 23003 
11 36 53 75 23003 
11 37 8 75 23003 
11 37 23 75 23003 
11 37 38 75 23003 
11 37 53 75 23003 
11 38 8 75 23003 
11 38 23 75 23003 
11 38 38 75 23003 
11 38 53 75 23003 
11 39 8 75 23003 
11 39 23 75 23003 
11 39 38 75 23003 
11 39 53 75 23003 
11 40 8 75 23003 
11 40 23 75 23003 
11 40 38 75 23003 
11 40 53 75 23003 
11 41 8 75 23003 
11 41 23 75 23003 
11 41 38 75 23003 
11 41 53 75 23003 
11 42 8 75 23003 
11 42 23 75 23003 
11 42 38 75 23003 
11 42 53 75 23003 
11 43 8 75 23003 
11 43 23 75 23003 
11 43 38 75 23003 
11 43 53 75 23003 
11 44 8 75 23003 
11 44 23 75 23003 
11 44 38 75 23003 
11 44 53 75 23003 
11 45 8 75 23003 
11 45 23 75 23003 
11 45 38 74 23003 
11 45 53 75 23003 
11 46 8 75 23003 
11 46 23 75 23003 
11 46 38 75 23003 
11 46 53 75 23003 
11 47 8 75 23003 
11 47 23 75 23003 
11 47 38 75 23003 
11 47 53 75 23003 
11 48 8 75 23003 
11 48 23 75 23003 
11 48 38 75 23003 
11 48 53 75 23003 
11 49 8 75 23003 
11 49 23 75 23003 
11 49 38 75 23003 
11 49 53 75 23003 
11 50 8 75 23003 
11 50 23 75 23003 
11 50 38 75 23003 
11 51 28 75 23003 
11 51 43 75 23003 
11 51 58 75 23003 
11 52 13 75 23003 
11 52 28 75 23003 
11 52 43 75 23003 
11 52 58 75 23003 
11 53 13 75 23003 
11 53 28 75 23003 
11 53 43 75 23003 
11 53 58 75 23003 
11 54 13 75 23003 
11 54 28 75 23003 
11 54 43 75 23003 
11 54 58 75 23003 
11 55 13 75 23003 
11 55 28 75 23003 
11 55 43 75 23003 
11 55 58 75 23003 
11 56 13 75 23003 
11 56 28 75 23003 
11 56 43 75 23003 
11 56 58 75 23003 
11 57 13 75 23003 
11 57 28 75 23003 
11 57 43 75 23003 
11 57 58 75 23003 
11 58 13 75 23003 
11 58 28 75 23003 
11 58 43 75 23003 
11 58 58 75 23003 
11 59 13 75 23003 
11 59 28 75 23003 
11 59 43 75 23003 
11 59 58 75 23003 
12 0 13 75 23003 
12 0 28 75 23003 
12 0 43 75 23003 
12 0 58 75 23003 
12 1 13 75 23003 
12 1 28 75 23003 
12 1 43 75 23003 
12 1 58 75 23003 
12 2 13 75 23003 
12 2 28 75 23003 
12 2 43 75 23003 
12 2 58 75 23003 
12 3 13 75 23003 
12 3 28 75 23003 
12 3 43 75 23003 
12 3 58 75 23003 
12 4 13 75 23003 
12 4 28 75 23003 
12 4 43 75 23003 
12 4 58 75 23003 
12 5 13 75 23003 
12 5 28 75 23003 
12 5 43 75 23003 
12 5 58 75 23003 
12 7 3 75 23003 
12 7 18 75 23003 
12 7 33 75 23003 
12 7 48 75 23003 
12 8 3 75 23003 
12 8 18 75 23003 
12 8 33 75 23003 
12 8 48 75 23003 
12 9 3 75 23003 
12 9 18 75 23003 
12 9 33 75 23003 
12 9 48 75 23003 
12 10 3 75 23003 
12 10 18 75 23003 
12 10 33 75 23003 
12 10 48 75 23003 
12 11 3 75 23003 
12 11 18 75 23003 
12 11 33 75 23003 
12 11 48 75 23003 
12 12 3 75 23003 
12 12 18 75 23003 
12 12 33 75 23003 
12 12 48 75 23003 
12 13 3 75 23003 
12 13 18 75 23003 
12 13 33 75 23003 
12 13 48 75 23003 
12 14 3 75 23003 
12 14 18 75 23003 
12 14 33 75 23003 
12 14 48 75 23003 
12 15 3 75 23003 
12 15 18 75 23003 
12 15 33 75 23003 
12 15 48 75 23003 
12 16 3 75 23003 
12 16 18 74 23003 
12 16 33 75 23003 
12 16 48 75 23003 
12 17 3 75 23003 
12 17 18 75 23003 
12 17 33 75 23003 
12 17 48 75 23003 
12 18 3 75 23003 
12 18 18 75 23003 
12 18 33 75 23003 
12 18 48 75 23003 
12 19 3 76 23003 
12 19 18 75 23003 
12 19 33 75 23003 
12 19 48 75 23003 
12 20 3 75 23003 
12 20 18 75 23003 
12 20 33 75 23003 
12 20 48 75 23003 
12 21 3 75 23003 
12 21 18 75 23003 
12 22 8 75 23003 
12 22 23 74 23003 
12 22 38 75 23003 
12 22 53 75 23003 
12 23 8 75 23003 
12 23 23 75 23003 
12 23 38 75 23003 
12 23 53 75 23003 
12 24 8 75 23003 
12 24 23 75 23003 
12 24 38 75 23003 
12 24 53 75 23003 
12 25 8 75 23003 
12 25 23 75 23003 
12 25 38 75 23003 
12 25 53 75 23003 
12 26 8 75 23003 
12 26 23 75 23003 
12 26 38 75 23003 
12 26 53 75 23003 
12 27 8 75 23003 
12 27 23 75 23003 
12 27 38 75 23003 
12 27 53 75 23003 
12 28 8 75 23003 
12 28 23 75 23003 
12 28 38 75 23003 
12 28 53 75 23003 
12 29 8 75 23003 
12 29 23 75 23003 
12 29 38 75 23003 
12 29 53 75 23003 
12 30 8 75 23003 
12 30 23 75 23003 
12 30 38 75 23003 
12 30 53 75 23003 
12 31 8 75 23003 
12 31 23 75 23003 
12 31 38 75 23003 
12 31 53 75 23003 
12 32 8 75 23003 
12 32 23 75 23003 
12 32 38 75 23003 
12 32 53 75 23003 
12 33 8 75 23003 
12 33 23 75 23003 
12 33 38 75 23003 
12 33 53 75 23003 
12 34 8 75 23003 
12 34 23 75 23003 
12 34 38 75 23003 
12 34 53 75 23003 
12 35 8 75 23003 
12 35 23 75 23003 
12 35 38 75 23003 
12 35 53 75 23003 
12 36 8 75 23003 
12 36 23 75 23003 
12 36 38 75 23003 
12 37 43 75 23003 
12 37 58 75 23003 
12 38 13 75 23003 
12 38 28 75 23003 
12 38 43 75 23003 
12 38 58 75 23003 
12 39 13 75 23003 
12 39 28 75 23003 
12 39 43 75 23003 
12 39 58 75 23003 
12 40 13 75 23003 
12 40 28 75 23003 
12 40 43 75 23003 
12 40 58 75 23003 
12 41 13 75 23003 
12 41 28 75 23003 
12 41 43 75 23003 
12 41 58 75 23003 
12 42 13 75 23003 
12 42 28 75 23003 
12 42 43 75 23003 
12 42 58 75 23003 
12 43 13 75 23003 
12 43 28 75 23003 
12 43 43 75 23003 
12 43 58 75 23003 
12 44 13 75 23003 
12 44 28 75 23003 
12 44 43 75 23003 
12 44 58 75 23003 
12 45 13 75 23003 
12 45 28 75 23003 
12 45 43 75 23003 
12 45 58 75 23003 
12 46 13 75 23003 
12 46 28 75 23003 
12 46 43 75 23003 
12 46 58 75 23003 
12 47 13 75 23003 
12 47 28 75 23003 
12 47 43 75 23003 
12 47 58 75 23003 
12 48 13 75 23003 
12 48 28 75 23003 
12 48 43 75 23003 
12 48 58 75 23003 
12 49 13 75 23003 
12 49 28 75 23003 
12 49 43 75 23003 
12 49 58 75 23003 
12 50 13 75 23003 
12 50 28 75 23003 
12 50 43 75 23003 
12 50 58 75 23003 
12 51 13 75 23003 
12 51 28 75 23003 
12 51 43 75 23003 
12 51 58 75 23003 
12 52 48 75 23003 
12 53 3 74 23003 
12 53 18 75 23003 
12 53 33 75 23003 
12 53 48 75 23003 
12 54 3 75 23003 
12 54 18 75 23003 
12 54 33 75 23003 
12 54 48 75 23003 
12 55 3 75 23003 
12 55 18 75 23003 
12 55 33 75 23003 
12 55 48 75 23003 
12 56 3 75 23003 
12 56 18 75 23003 
12 56 33 75 23003 
12 56 48 75 23003 
12 57 3 75 23003 
12 57 18 75 23003 
12 57 33 75 23003 
12 57 48 75 23003 
12 58 3 75 23003 
12 58 18 75 23003 
12 58 33 75 23003 
12 58 48 75 23003 
12 59 3 75 23003 
12 59 18 75 23003 
12 59 33 75 23003 
12 59 48 75 23003 
13 0 3 75 23003 
13 0 18 75 23003 
13 0 33 75 23003 
13 0 48 75 23003 
13 1 3 75 23003 
13 1 18 75 23003 
13 1 33 75 23003 
13 1 48 75 23003 
13 2 3 75 23003 
13 2 18 75 23003 
13 2 33 75 23003 
13 2 48 75 23003 
13 3 3 75 23003 
13 3 18 75 23003 
13 3 33 75 23003 
13 3 48 75 23003 
13 4 3 75 23003 
13 4 18 75 23003 
13 4 33 75 23003 
13 4 48 75 23003 
13 5 3 75 23003 
13 5 18 75 23003 
13 5 33 75 23003 
13 5 48 75 23003 
13 6 3 75 23003 
13 6 18 75 23003 
13 6 33 75 23003 
13 6 48 75 23003 
13 7 3 75 23003 
13 7 18 75 23003 
13 8 23 75 23003 
13 8 38 74 23003 
13 8 53 75 23003 
13 9 8 75 23003 
13 9 23 75 23003 
13 9 38 75 23003 
13 9 53 75 23003 
13 10 8 75 23003 
13 10 23 75 23003 
13 10 38 75 23003 
13 10 53 75 23003 
13 11 8 75 23003 
13 11 23 75 23003 
13 11 38 75 23003 
13 11 53 75 23003 
13 12 8 75 23003 
13 12 23 75 23003 
13 12 38 75 23003 
13 12 53 75 23003 
13 13 8 75 23003 
13 13 23 75 23003 
13 13 38 75 23003 
13 13 53 75 23003 
13 14 8 75 23003 
13 14 23 75 23003 
13 14 38 75 23003 
13 14 53 75 23003 
13 15 8 75 23003 
13 15 23 75 23003 
13 15 38 75 23003 
13 15 53 75 23003 
13 16 8 75 23003 
13 16 23 75 23003 
13 16 38 75 23003 
13 16 53 75 23003 
13 17 8 75 23003 
13 17 23 75 23003 
13 17 38 75 23003 
13 17 53 75 23003 
13 18 8 75 23003 
13 18 23 75 23003 
13 18 38 75 23003 
13 18 53 75 23003 
13 19 8 75 23003 
13 19 23 75 23003 
13 19 38 75 23003 
13 19 53 75 23003 
13 20 8 75 23003 
13 20 23 75 23003 
13 20 38 75 23003 
13 20 53 75 23003 
13 21 8 75 23003 
13 21 23 75 23003 
13 21 38 75 23003 
13 21 53 75 23003 
13 22 8 75 23003 
13 22 23 75 23003 
13 22 38 75 23003 
13 23 28 75 23003 
13 23 43 74 23003 
13 23 58 75 23003 
13 24 13 75 23003 
13 24 28 75 23003 
13 24 43 75 23003 
13 24 58 75 23003 
13 25 13 75 23003 
13 25 28 76 23003 
13 25 43 75 23003 
13 25 58 75 23003 
13 26 13 75 23003 
13 26 28 75 23003 
13 26 43 75 23003 
13 26 58 75 23003 
13 27 13 75 23003 
13 27 28 75 23003 
13 27 43 75 23003 
13 27 58 75 23003 
13 28 13 75 23003 
13 28 28 75 23003 
13 28 43 75 23003 
13 28 58 75 23003 
13 29 13 75 23003 
13 29 28 75 23003 
13 29 43 75 23003 
13 29 58 75 23003 
13 30 13 75 23003 
13 30 28 75 23003 
13 30 43 75 23003 
13 30 58 75 23003 
13 31 13 75 23003 
13 31 28 75 23003 
13 31 43 75 23003 
13 31 58 75 23003 
13 32 13 75 23003 
13 32 28 74 23003 
13 32 43 75 23003 
13 32 58 75 23003 
13 33 13 75 23003 
13 33 28 75 23003 
13 33 43 75 23003 
13 33 58 75 23003 
13 34 13 75 23003 
13 34 28 75 23003 
13 34 43 75 23003 
13 34 58 75 23003 
13 35 13 75 23003 
13 35 28 75 23003 
13 35 43 75 23003 
13 35 58 75 23003 
13 36 13 75 23003 
13 36 28 75 23003 
13 36 43 75 23003 
13 36 58 75 23003 
13 37 13 75 23003 
13 37 28 75 23003 
13 37 43 75 23003 
13 37 58 75 23003 
13 39 3 75 23003 
13 39 18 74 23003 
13 39 33 75 23003 
13 39 48 75 23003 
13 40 3 75 23003 
13 40 18 75 23003 
13 40 33 75 23003 
13 40 48 75 23003 
13 41 3 75 23003 
13 41 18 75 23003 
13 41 33 75 23003 
13 41 48 75 23003 
13 42 3 75 23003 
13 42 18 75 23003 
13 42 33 75 23003 
13 42 48 75 23003 
13 43 3 75 23003 
13 43 18 75 23003 
13 43 33 75 23003 
13 43 48 75 23003 
13 44 3 75 23003 
13 44 18 75 23003 
13 44 33 75 23003 
13 44 48 75 23003 
13 45 3 75 23003 
13 45 18 75 23003 
13 45 33 75 23003 
13 45 48 75 23003 
13 46 3 75 23003 
13 46 18 75 23003 
13 46 33 75 23003 
13 46 48 75 23003 
13 47 3 75 23003 
13 47 18 76 23003 
13 47 33 75 23003 
13 47 48 75 23003 
13 48 3 75 23003 
13 48 18 74 23003 
13 48 33 75 23003 
13 48 48 75 23003 
13 49 3 75 23003 
13 49 18 75 23003 
13 49 33 75 23003 
13 49 48 75 23003 
13 50 3 75 23003 
13 50 18 75 23003 
13 50 33 75 23003 
13 50 48 75 23003 
13 51 3 75 23003 
13 51 18 75 23003 
13 51 33 75 23003 
13 51 48 75 23003 
13 52 3 75 23003 
13 52 18 75 23003 
13 52 33 75 23003 
13 52 48 75 23003 
13 53 3 75 23003 
13 53 18 75 23003 
13 54 8 75 23003 
13 54 23 75 23003 
13 54 38 75 23003 
13 54 53 75 23003 
13 55 8 75 23003 
13 55 23 75 23003 
13 55 38 75 23003 
13 55 53 75 23003 
13 56 8 75 23003 
13 56 23 75 23003 
13 56 38 75 23003 
13 56 53 75 23003 
13 57 8 75 23003 
13 57 23 75 23003 
13 57 38 75 23003 
13 57 53 75 23003 
13 58 8 75 23003 
13 58 23 75 23003 
13 58 38 75 23003 
13 58 53 75 23003 
13 59 8 75 23003 
13 59 23 75 23003 
13 59 38 75 23003 
13 59 53 75 23003 
14 0 8 75 23003 
14 0 23 75 23003 
14 0 38 75 23003 
14 0 53 75 23003 
14 1 8 75 23003 
14 1 23 75 23003 
14 1 38 75 23003 
14 1 53 75 23003 
14 2 8 75 23003 
14 2 23 75 23003 
14 2 38 75 23003 
14 2 53 75 23003 
14 3 8 74 23003 
14 3 23 75 23003 
14 3 38 75 23003 
14 3 53 75 23003 
14 4 8 75 23003 
14 4 23 75 23003 
14 4 38 75 23003 
14 4 53 75 23003 
14 5 8 75 23003 
14 5 23 75 23003 
14 5 38 75 23003 
14 5 53 75 23003 
14 6 8 75 23003 
14 6 23 75 23003 
14 6 38 75 23003 
14 6 53 75 23003 
14 7 8 75 23003 
14 7 23 75 23003 
14 7 38 75 23003 
14 7 53 75 23003 
14 8 8 75 23003 
14 8 23 75 23003 
14 8 38 75 23003 
14 9 43 75 23003 
14 9 59 75 23003 
14 10 14 75 23003 
14 10 29 75 23003 
14 10 44 75 23003 
14 10 59 75 23003 
14 11 14 75 23003 
14 11 29 75 23003 
14 11 44 75 23003 
14 11 59 75 23003 
14 12 14 75 23003 
14 12 29 75 23003 
14 12 44 75 23003 
14 12 59 75 23003 
14 13 14 75 23003 
14 13 29 75 23003 
14 13 44 75 23003 
14 13 59 75 23003 
14 14 14 75 23003 
14 14 29 75 23003 
14 14 44 75 23003 
14 14 59 75 23003 
14 15 14 75 23003 
14 15 29 75 23003 
14 15 44 75 23003 
14 15 59 75 23003 
14 16 14 75 23003 
14 16 29 75 23003 
14 16 44 75 23003 
14 16 59 75 23003 
14 17 14 75 23003 
14 17 29 75 23003 
14 17 44 75 23003 
14 17 59 75 23003 
14 18 14 75 23003 
14 18 29 75 23003 
14 18 44 75 23003 
14 18 58 74 23003 
14 19 13 75 23003 
14 19 28 75 23003 
14 19 43 75 23003 
14 19 58 75 23003 
14 20 13 75 23003 
14 20 28 75 23003 
14 20 43 75 23003 
14 20 58 75 23003 
14 21 13 75 23003 
14 21 28 75 23003 
14 21 43 75 23003 
14 21 58 75 23003 
14 22 13 75 23003 
14 22 28 75 23003 
14 22 43 75 23003 
14 22 58 75 23003 
14 23 13 75 23003 
14 23 28 75 23003 
14 23 43 75 23003 
14 23 58 75 23003 
14 24 48 75 23003 
14 25 4 75 23003 
14 25 19 75 23003 
14 25 34 75 23003 
14 25 49 75 23003 
14 26 4 75 23003 
14 26 19 75 23003 
14 26 34 75 23003 
14 26 49 75 23003 
14 27 4 75 23003 
14 27 19 75 23003 
14 27 34 75 23003 
14 27 49 75 23003 
14 28 4 75 23003 
14 28 19 75 23003 
14 28 34 75 23003 
14 28 49 75 23003 
14 29 4 75 23003 
14 29 19 75 23003 
14 29 34 75 23003 
14 29 49 75 23003 
14 30 4 75 23003 
14 30 19 75 23003 
14 30 34 75 23003 
14 30 49 75 23003 
14 31 4 75 23003 
14 31 19 75 23003 
14 31 34 75 23003 
14 31 49 75 23003 
14 32 4 75 23003 
14 32 19 75 23003 
14 32 34 75 23003 
14 32 49 75 23003 
14 33 4 75 23003 
14 33 19 75 23003 
14 33 34 75 23003 
14 33 49 75 23003 
14 34 4 75 23003 
14 34 19 75 23003 
14 34 34 75 23003 
14 34 49 75 23003 
14 35 4 75 23003 
14 35 19 75 23003 
14 35 34 75 23003 
14 35 49 75 23003 
14 36 4 75 23003 
14 36 19 75 23003 
14 36 34 75 20300 

