/> 
read_ramp 09171800
read_ramp 09171800
<CR>Time:2020/09/17 22:23Ramp data first polarity: 
849 849 850 848 850 849 850 849 849 849 849 848 849 850 849 849 849 850 850 848 850 850 849 850 849 849 850 849 849 850 849 849 849 850 848 850 850 849 850 849 850 849 849 850 850 849 850 849 850 849 850 849 849 849 849 850 850 850 850 850 850 849 849 850 845 843 840 837 833 833 829 827 824 822 821 820 818 815 814 811 808 808 806 804 802 800 798 796 795 793 790 789 786 784 783 780 780 777 775 773 770 770 767 765 762 760 758 757 755 754 750 751 747 746 744 741 740 738 737 733 733 731 729 726 725 722 722 719 717 715 714 712 709 708 707 705 702 701 698 697 694 692 692 689 687 684 682 681 679 676 675 674 671 670 669 666 663 662 660 658 657 654 652 651 649 648 646 644 642 640 638 636 634 633 631 629 627 625 623 622 621 618 617 615 613 610 609 608 606 604 602 600 598 597 595 593 592 589 587 586 584 582 582 579 577 576 573 572 570 568 566 565 563 562 560 557 555 555 553 551 549 548 546 544 541 541 539 538 536 534 532 529 530 528 525 524 522 520 519 518 516 516 514 513 513 514 513 515 514 514 514 514 515 514 514 514 514 514 515 515 515 514 516 514 514 515 515 516 516 516 515 516 516 514 516 515 514 516 515 515 515 515 515 515 515 516 515 515 516 515 515 514 516 514 515 514 514 514 515 515 514 515 514 514 514 514 513 515 514 514 515 515 515 514 515 514 514 515 515 515 
ramp data second polarity
181 182 182 181 182 181 182 182 182 182 182 183 182 181 182 183 182 182 182 181 181 182 182 182 182 181 182 182 181 182 182 181 181 182 182 182 183 183 182 182 182 183 182 183 183 182 182 182 182 182 183 183 182 182 182 182 183 181 182 182 182 182 183 182 182 185 187 189 193 195 197 201 202 206 207 209 211 213 215 217 218 220 222 224 225 228 231 230 235 235 238 239 242 244 245 247 249 251 253 255 257 259 261 263 265 267 269 271 273 274 276 278 280 282 284 286 288 291 292 295 296 298 299 301 303 305 307 309 311 313 315 317 320 319 323 325 326 328 331 332 334 336 338 340 342 344 346 348 349 349 353 355 357 359 361 362 364 366 368 369 371 373 375 376 379 381 383 384 387 388 390 393 394 396 398 400 401 403 406 405 409 411 412 414 417 418 419 422 423 425 427 429 430 433 434 435 438 439 441 442 445 446 447 450 451 453 454 456 458 460 461 463 465 467 468 469 472 474 475 477 479 480 482 484 486 487 490 491 492 494 496 498 499 501 502 503 506 507 510 510 512 514 515 516 516 517 517 517 517 517 517 517 516 517 517 516 516 517 517 517 517 517 517 517 517 517 516 516 517 517 517 518 517 517 517 517 517 517 517 517 516 516 517 517 517 516 517 517 517 517 517 517 517 517 517 517 517 517 517 517 517 517 517 517 517 517 517 517 517 517 517 517 517 517 516 517 517 517 517 517 
Oscillation data first polarity :
186 187 190 194 198 201 204 205 208 210 210 213 215 217 219 221 222 224 226 229 230 232 234 236 238 239 242 244 245 246 249 250 253 255 257 258 260 262 264 266 268 270 272 274 275 279 280 282 283 285 287 290 292 293 296 297 299 301 304 305 306 309 310 312 315 317 318 320 322 324 326 328 330 332 334 334 338 339 341 342 344 347 349 351 353 354 356 358 360 362 362 366 367 369 371 372 374 377 378 380 382 384 386 388 390 390 393 395 396 398 401 402 404 406 407 409 411 414 415 417 418 419 422 425 425 427 429 431 433 435 437 437 440 442 444 445 447 449 450 452 454 455 458 460 460 463 464 466 467 469 471 472 475 477 478 480 482 484 485 487 489 490 493 494 495 498 500 499 504 505 506 508 510 511 513 514 517 517 517 518 518 517 518 518 518 518 519 517 517 518 518 517 518 518 517 518 518 518 517 517 517 518 518 517 516 517 516 516 517 516 517 517 517 515 518 517 517 517 517 517 517 517 517 516 516 517 516 517 516 516 517 517 516 517 517 517 517 517 517 517 516 517 517 517 515 518 517 517 517 517 517 516 517 517 517 517 516 517 517 515 518 517 517 517 517 517 517 517 517 516 517 517 516 517 516 517 517 517 516 516 517 517 517 517 517 517 517 517 517 517 517 518 517 517 517 517 517 517 517 517 517 517 517 517 517 516 517 517 516 517 517 516 517 517 516 517 517 517 517 517 
Oscillation data second polarity :
845 842 842 837 834 831 828 826 824 824 822 820 818 816 814 812 810 808 806 805 803 801 798 797 795 793 791 789 787 785 783 781 779 777 775 773 772 769 767 766 763 762 759 757 755 754 751 749 747 746 744 742 740 738 735 734 731 730 729 727 725 724 721 718 717 715 713 712 710 707 706 703 702 700 698 696 694 693 689 690 687 685 682 681 679 677 675 674 671 670 668 666 665 661 661 658 657 654 653 651 650 648 645 644 643 641 638 637 635 632 632 629 627 626 623 622 620 618 617 615 613 611 609 609 605 605 603 601 598 598 596 593 592 590 588 587 584 582 581 579 577 576 574 573 571 569 567 565 563 562 560 558 556 555 553 550 551 548 546 544 542 540 539 538 536 534 532 530 529 528 525 524 522 520 519 518 516 515 514 513 513 515 515 514 514 511 513 515 515 515 515 515 515 515 515 516 515 515 515 515 515 514 515 515 515 515 515 515 516 516 515 515 515 515 514 516 514 516 515 515 516 516 515 515 515 515 514 514 514 514 514 514 514 514 515 514 514 515 514 514 514 514 514 514 514 515 514 514 516 515 514 515 514 514 514 514 514 515 514 514 515 515 514 516 514 514 514 514 515 514 514 514 514 514 515 515 515 514 514 515 515 514 514 515 514 514 514 514 514 515 515 514 514 515 516 515 515 515 514 514 515 514 515 515 514 514 514 515 514 515 514 514 514 515 515 514 515 514 514 515 
